3 399
4 8855
5 588455
6 139501439
7 3512071871
8 199195047359
9 14563696180319
10 989565001538399
11 20576473996736735
12 4049149795181043839
13 409810997884396741919
14 46852073639840281125599
15 6414735508880546179805759
16 466807799396932243821123839
17 41222773167337486494297521279
18 5670586073047883755094926472159
19 247499293142007885087237709213919
20 202003815733964076599064812732611679
21 17988631465107219093106511654427868799
22 6260401580525839547593293275046894535199
23 521027978053852870937320124850878216361599
24 257685984879302905034127894788339525937551999
25 39355410745046203120019553518734961968898942399
26 1422206796849165887380738983840035626943341276799
27 438252156495754541448512765942687553061536148703999
28 333791863958043189671786617765781459382301668208175999
