0 3
1 31
2 157
3 349
4 103
5 314159
6 392699
7 8263
8 7853
9 9786893
10 28954771
11 157079632679
12 68246533
13 4304347
14 67649047
15 1002742628021
16 1170899
17 990371647
18 14523877
19 1186001
20 1023100457
21 451661057
22 1492315939
23 381315143078063
24 950007203269
25 841346597336054461
26 27765442739383319011
27 900427817022010099874647
28 17875079977683916639
29 9820913383
30 31962002946716519531
31 13792316676421
32 13792316676421
33 1570796326794896619231321691639751
34 373999125427356337912219450390417
35 12071772988002892141
36 229374624355487716489
37 31415926535897932384626433832795028841
38 7247708286803210623
39 53247333111691410821400735309822082783
40 456142508343108182574711203
41 45694525321051410599099
42 149599650170942535164887780156166804009389
43 396317014106645029
44 46854393787450199552879
45 73348151365799
46 2663817273204064208095148884843
47 160054485371853619216703427417673737124931
48 190332007663146394207470359
49 6851218613299640439836648376783398546983
50 6851218613299640439836648376783398546983
51 103378358491417482147378271
52 5001355816334096377992714749926057074106348469
53 53767054472761205995289426725187
54 53767054472761205995289426725187
55 3028451445026208114828255244321678637641902343
56 4302313928308011720549764291477113274533585406081957
57 196604103814371760310948822935147135512139
58 4310131680920695304618177764671198362549
59 46393706303299329100069865413
60 638448724789349915630438927329818557607191909
61 5416550495105091403
62 155250434765112172389517
63 14123629837416541265941645603812585522416420785524832637
64 6788731624790850055323164131743649
65 6788731624790850055323164131743649
66 186360919765542087611422673519957826229
67 105754595553067414448052355189468830139388477291
68 16219694633640318232550174935616205711173366716790261866771359349
69 8868062344290992200134175651673791
70 799727318441991331957469
71 799727318441991331957469
72 11011468394241567636763571886044133297709124708662253269921
73 14026489430228724667556949572097470083867674874469421446623
74 168686706316728204064310541590782469
75 59060511063922873861986365579167587077275215807963739381593204105787
76 282254298169080315580722731693350310840172188854277322099527
77 282254298169080315580722731693350310840172188854277322099527
78 48008682296893030180941836583912926149823
79 8459354290730277387084712673
80 165511099599983782000767163350821483189569
81 674742418672206420164230719021136256366863
82 2097947961192433540679390743
83 6593954685076951129340864218486628373768890257354039
84 1223675679605295960442329219842678949827
85 1223675679605295960442329219842678949827
86 4369994129179802084586477907893910157126723
87 492872716571245611727434352519047948178491107708459
88 2029783244060258680759265139833929
89 4025920509278046431597801978188956037835163413
90 1423890385095280122530851578016985632999280880647816400064485073
91 209835128394946013883094833690742801051247730456369393686774240372305036279
92 20214047282522247006398731350033213365080046814618610907
93 11093759742076866494662084991213333335619764378173979652094727912862723
94 607923155631108684245630327273333928094073
95 13005274528826780553870322027608522317506296170393086086817874311
96 53014681705573909269014717447040183105290190686661008939
97 53014681705573909269014717447040183105290190686661008939
98 270313152658396694305488205200268977012537136287044366732164271
99 2257273964472670855547916413253002746375718990367443254675710970626921263609977043045749
100 13284792831169045259982534129276001843307875327059949284940553259037316230601022146398363
101 13802727786313872070202356870529182122799
102 8399980357191960530648779099677815198388153474264988826136215487454054562262590905422553008936141893
103 1603241369214956083288729535993167375753383068787843721300976529752490235913
104 3019181200578319178871842984469301818766727003
105 21963281675389589627589631004587797229246159
106 21963281675389589627589631004587797229246159
107 716735524004989154781329432243888761
108 808204937107808648579053964093069899649656151847648436706031176099461501693
109 38517994535476835053559421617735537708886844119692821738824483923383736038898637822446933
110 47797001652652062349046992714552777635328163097392813138028519274196389891970946628652610953
111 2584255511395974781222544726762221278238062155282351848420786629580529
112 217782735631255094295375354893770616489131854569620068503691511060913863
113 126886094581589297040018829557149627614755335569481908143929
114 2907858680376911090078821782914781922782226086983784952885165460581
115 43668544043351403694685969897066723120008622231499583078195502083
116 43668544043351403694685969897066723120008622231499583078195502083
117 138878516157152315582424091706733906869905687210530911
118 318550621165705842128450139615668941210970900653
119 15830679186587315255188145235277630221538452488132921029818542123
120 135570275468215576430919159557879440008734745582729292906478365044169264597856956830417791891401881320152378501
121 135570275468215576430919159557879440008734745582729292906478365044169264597856956830417791891401881320152378501
122 12634525328585003769416217070459010536534581067433046681397
123 30787954557977816497685128000340596766066878761190154558102760840141619907926833408135307721
124 23712359735879038507778477734368560666007593932359400668090624054936971456342678870041437108530390077
125 253822469680412348251198675435958669434219988379646150451048380232285775743
126 45467025035198721271124188763961255858975497699450941564069095687294628780992414772835334498948870259623862916675407733
127 2085307902105414980679521014376958440653017110805937151
128 2085307902105414980679521014376958440653017110805937151
129 128495808233677881108095597469943022610206003555063421624970650949026441596891
130 32654343702003719463488886754105759447
131 1367796845918610240048347435605564570335668940406626975998006383429
132 1367796845918610240048347435605564570335668940406626975998006383429
133 897597901025655210989326680937000824056334114107173091707127026373661830367488285322295664383462019423470881860937801899169669888443
134 535558412384609582539301885621300554539828295070269245784195978184738369778236035277
135 181987836361820277339615029374352723198856892235017983984140350748028229
136 1220018134356565338838657058361422544297337859505768062442729863157259399571
137 5845457147553620835821196883577732322349901235284945267724904531
138 24402320415753839522038936745039592429894413102757236423786737329071974933
139 94915196157349145657926077013357930835832363471576060111658869583903662073490786706172286974242677666695982318096921
140 916874055494699722268649960415379234756271621094568387
141 2371013323463994896952938402475096516375222188207627034698071390420993514178270942360781000258201560741243838877948910677051958195887231873
142 1161273018041043794206595258614377747481681723672765177
143 253829537080943107817373378397933126845987962118958148263421147616078426560948804344821536011387158072181378213914542729367823501
144 5661526311202224431186163832029359287700684130038956598108043482255087785695468690840870049
145 8028184578818982149898519794473635593692131104839178195337483021684609180219800724932491243
146 8028184578818982149898519794473635593692131104839178195337483021684609180219800724932491243
147 20091583717836980552191013332870375426959406710396052032627138591013008410032329661535325680548517190920765973822631305017785499329
148 4623168541928275054553248847281240626071804023042631287874649821556991395300718145399040102590327383757
149 8195878150882451442411275530077576034278876386853299457257470477282087761163969880910561278737543
150 32310021332806722634264553621366368622835472603552953822832751455882896033039807194226425508294581869157700760393204384369066952923
151 190416200877994482320322544982206373920894620404465023135341797762967793626490038110446504756581594757
152 15506544386826684153288191271946947540722092963502685116472832255828367553839961651266453593380773921043037369
153 249189099714380420698937789850842663897905224827
154 52534340926224154858301028796087331808920451927923056676637799277
155 69833779874851808158971138966537527611703272650713319909541981
156 7496600567677241407033655869984922713719784170172396724500416010398096070578977312943210144676509900775385624176139045629691
157 24434192711933854450651117794533645172809326637935988399773613
158 25084747844403021118591433473785821314151569
159 25084747844403021118591433473785821314151569
160 90229038022816617652814372359006809358122140644520797791447679884698341145599374402308735233
161 20342160442335063733742077236518001174173671789847306412587431043
162 659370524836910566863061902720870438602058595219046377124900438319992383837703103419677220656825257620983
163 35872011615213920177923032254365901554725242399272730220066769
164 35872011615213920177923032254365901554725242399272730220066769
165 4850567797166191462160540841262712717455199776365414785885813863103706969748246367
166 89950888547907143533114884058452512399732205543161
167 89950888547907143533114884058452512399732205543161
168 25680644654377700466554055665360428763671714958613761792254951216224357149474252092171283431682095034809534583
169 937949005515067198803766194296331263001117098031212028101841349392700657381768660957175305752620552280530701
170 172623838383966084802575542324913134370136319055664323552991115887566284095150606775892067841295451639460901635383
171 10870534558722047991065335471744534053381515402392875072029
172 43474278679041477538899218700670509977329296298541087623181614414615754039955911869750178854083303792944582282672179902180292222917335753002750061
173 234596849306428508952149122893967074722524754469950527414482652111596480777787724064779813755330880634620612917007431574402677567266697009
174 446706397161008084329385394003141796283260897031236599915807835115965700312971
175 553983422187739718373043300232867664716649801646533939677843237546352208434749452634521
176 553983422187739718373043300232867664716649801646533939677843237546352208434749452634521
177 3681797983424517622532284957923677314606201056836281623968129396829428943885958179388892705515812037415825855073453215663878090889161236148741492860754343
178 14145017175835962830452697638426074511151431970214588210113
