1 3
2 13
3 11
4 29
5 15797
6 53
7 10949
8 109912203092239643840221
9 461
10 59
11 568972471024107865287021434301977158534824481
12 149
13 83
14 173
15 1693
16 107
17 709
18 977
19 269
20 105649
21 293
22 317
23 2657
24 179
25 389
26 607
27 1237
28 137122213
29 2617
30 227
31 509
32 1049
33 1097
34 557
35 1193
36 2417
37 86351
38 653
39 16033
40 347
41 618311908211315583991314548081149
42 1087
43 236077
44 773
45 111191923
46 797
47 25321
48 409989521094963541
49 2950093
50 633818873
51 467
52 1379509
53 1447
54 17694497
55 21589
56 3093592597970782253540981763792599633
57 108677
58 4337
59 1109
60 563
61 14717
62 587
63 1229
64 5825653
65 5009
66 32704891
67 29129
68 333810307133
69 152681
70 3491
71 4943
72 4056508097535047114496121
