3 945
4 3465
5 15015
6 692835
7 22309287
8 1542773001
9 33426748355
10 1635754104985
11 114761064312895
12 9316511857401385
13 879315530560980695
14 88452776289145528645
15 2792580508557308832935
16 428525983200229616718445
17 42163230434005200984080045
18 1357656019974967471687377449
19 189407457935656632167109232619
20 25557786985317796527581223227267
21 3791929072764979008305867397500527
22 456592871291171295882477091922563457
23 82493607122950800851160328361943800977
24 6580451583576921575588712347025824739473
25 847681808538954352055382308703235786893931
26 166644953895103204196531390578084065448147997
27 33906929661678126419817652938259955699588070113
