00101101001011010010110100101101001011010100001001000101010001110100100101001110001000000101000001000111010100000010000001010011010010010100011101001110010001010100010000100000010011010100010101010011010100110100000101000111010001010010110100101101001011010010110100101101
01001000011000010111001101101000001110100010000001010011010010000100000100110001

00110001001101100011001000110110001101100011011100110010001100010011001000111000001101010011100000100000
001101000011000100110100001110010011011100110100001100100011010100110011001110000011011000110011
001101010011100100111000001110000011010100110010001100010011010000110010001101110011001100110101
001110000011011100110110001110000011011100110011001110000011100100110010001100110011100000110101
001110010011001100110101001101100011100100110001001100110011100100110110001101000011010000110001
001100110011000100110110001101110011010000110100001100100011001000110011001100010011001000110111
001101000011001000110111001101010011011000110110001110000011010000110100001101100011011000110011
001101100011010000110100001100010011011000111001001101110011011000111001001101000011100000110010
001110000011100000111001001100100011100100110110001101110011010100111001001100100011011000110011
001110010011011000110011001110000011010000110110001100100011010000110100001100100011100000110001
0010110100101101001011010010110100101101010000100100010101000111010010010100111000100000010100000100011101010000001000000101001101001001010001110100111001000001010101000101010101010010010001010010110100101101001011010010110100101101
01010110011001010111001001110011011010010110111101101110001110100010000001000111011011100111010101010000010001110010000001110110001100010010111000110100001011100011000100110001001000000010100001000111010011100101010100101111010011000110100101101110011101010111100000101001

01101001010100010100100101100011010000100100000101000101010000100100000101100111010000010100011101000010010100010100101001010000010001000101001001101011011101100100000101000001011011110100101001000101010000100110011101100110010000010110010101010110001101100100111001010001011010110101000001010110011101010100110101010000001011110011001101011010011110010100000101100111011101110111001101101011011011110010111101000010001100100101010000111001010001010111011100110001011110010111000101000001010010110101011001111001
01001011001110010010111100101111011101110100100101010111010000110101001001110110010011010111100101011010001101000110101100110111001110010100000101110000011100010111011001001111010010100100000101101100011001010111101001100111010010000101010001110011010000010100110100111000010110000100011100101111010010010011011100110001011000100100000101000111001010110011001001110111010011010100111101011000010011100100101001100110010101000110101000101111010100110100011001001111010011100100010101000101011000100101001100110101
01000010010011110111000000111001010101010101000000110111010011000100100001101110001100010110101000110011010011100100101101101111010001010101001101110010010001000111101001110011010010110110010000101011011101010011001101101111010010000110111101001110011011100110100001110011001101100011001000111000011000010100110001110010011000110011100001110101010001000111000101100010011011100010111100110110010001000100111001010101011011100100111101100010011101010011010101010100011011100011001101110101011011100111010100110000
01111010010110100011001101001110011010100101001101110011001011110100000100110101010100010101000101011000001110000100111100110101001101100101001001110011010010110011100000110001011001010101001101001010001100100110011001101001011001100110001001110010001101000100111001011001011001100100100001000010011001010101010101010100011001010101011001100101001100010011011101101110011100110111001000110100001110000101011101010001010010010011011101110001011000110011100101010101010101100101011101101100010100000111001101001101
00111001001100010100011001010111011100110111011001101000010110000010101101010111011011110110100001011000001110000100010001111001010001100101011101001010011011010111010001111010001100000110110001001100011101100110110101101000001100110110101001001110001010110110111101000101001110000101011101000110010100000101010001010110011000100110001101010110010000110100110100101011011001010110100101000100011101000011000001010100011100010110101101010101010011100110110001101101011100010010111101100110011110000110001001100100
01011000001100100101001101100010011100110011100001111010010011010111100001000100010110000100111001010001010101110111001001110111001101010011100001010100011000110101001101000011001101100110111101001100011001100101100001010011010110000101101001101110011010100110100000111000011101010101010001001101011101110111001001010001001100000111010001001110011001000101001001011000010010000100010001101110011001000110011101010000011010010111010101110010010110000111101000110110001100100101100001101010010101100110101001100110
00110100010000010110100001010011010110000100001001101111010110000100011000111001010000110100100001010100010011110111100101000111010001110100010101110001011101100110011001001110011101100100011001001101010010110111100101111010001110010011011000111000011010010100110101011010010001000101100001000100010011100100001001110010010011010011100001110000011010110111100001111000001100010111100001000010010010000110100001000001011011100110111101000101011110100110111001010110011100000110010101001101011010000100100101001001
00101011010010010110011001000010010101000110111001010110001110000111100000111001011011000101001101001110011001110100011001101000011011010110100001100001011011010011010101100101010001010101101001101100010101110111011001110001010100100110100101100100011100010110010101110011001110000100010101000001011100100110100101110001010001110100000100110110011101010101101001101111011010110100001101110001001101110101100000110001010010010110010101001101010010000110111100110101001100100100000101000011010101110110110101010000
00110010011000100100101001110011010000110101011000110101011101110101101001000100011000110011010100110010011000110011001101001010011011100111011101001011011001010010101101100011010000010110001101100010011100110100000100110100010011110101011101000011010011100100010101001000001100100011100101101100010000010111001101100111010001100111011100110101001100000011011100111001010000100101000000111000011011000110101101110000010110010011001101000001010010000011001000101011001110000110101101110001011100110011000001011000
01010001011101100111000101110011011000010100110101110101010101010111000100110101010110100100100001000101011000010101101001001101011001110110010001000100001100000101011001001011010110010110110001010010011100100100101101100100011010000100111101101001010001000110101001110100010010100101011001111000011011110101100001101011001100010110001000110111010110010100001001001111010101100011100001100100010110100101101001000010010110000100101001100010010001010100100101100010010101000111011001100001011011110110011000110100
01111001011010000110011101010101010011110110001001101111011101100111100000101111010101100100011001000111011011010111001101100101011011100111000000101011011010100011001101101110010000100100001101111000011001110100010101001111001100100011001001010011011001110100111001010111001100110100001000110011011100000100111000110000011110010111010101001001010011010100001101110001011000110110001101010111010001010101101000110001011011100100110101000101001011110101000101001111011101110100110001100001001110000011010101101110
0100100001001111011011010100010101101100010010010101100001110110010010110011000100110011010100010011100101101101001101010011010000110101010100100111010001010000
0011110101010001001100010100011001111001
001011010010110100101101001011010010110101000101010011100100010000100000010100000100011101010000001000000101001101001001010001110100111001000001010101000101010101010010010001010010110100101101001011010010110100101101
