1 1
2 36
3 3136
4 24336
5 5973136
6 71526293136
7 318723477136
8 264779654424693136
9 24987377153764853136
10 31872399155963477136
11 58396845218255516736
12 517177921565478376336
13 252815272791521979771662766736
14 518364744896318875336864648336
15 554692513628187865132829886736
16 658424734191428581711475835136
17 672475429414871757619952152336
18 694688876763154697414122245136
19 711197579293752874333735845136
20 975321699545235187287523246336
21 23871973274358556957126877486736
22 25347159162241162461433882565136
23 34589996454813135961785697637136
24 2858541763747552538199941619545257144336
25 214785886789716796533667464535274377236736
26 233292528132679183463629157143235636286736
27 244671849793441155421899813243325528686736
28 271571567929448516411695557685613529966736
29 322388381596588665613523969581347191316736
30 385414415625146742626881165526237149942336
31 494827714874767379344736911473964125592336
32 729191918879671448289782722539515523333136
33 739265858539339252384919139328667324488336
34 451616391374794616993675837721511769881724292768597136
35 225155131198959884498111695266319246921397575282262981916736
36 235533149167838594417145126422746861139269181233838789763136
37 247165591495471317848341556972927924777146487462821199752336
38 253185584977741571193838716134142968698828866536879387589136
39 255118517389891411837338761327472341665993165261943933973136
40 258794681328961385589665886866946129315831982462313647221136
41 264638279877394985436962113298797369525794994152638329716736
42 274993879679611537524346229892753979256782689558714439941136
43 317227344555757949695298635797266762327152673658761948316736
44 322778753177461749385975279423679631448585894831889496126736
45 359789363125538627844318913392816245152758765579763311486736
46 393441389391373434369197686452869535953373734343532842366736
47 414994447929493177987216182314238968483589993433234743387136
48 425694769821125433165871546269244331365369797668913817432336
49 432644594437123781553749497955531461492791463379194125966736
50 437562512527813432113133967677338524499138828662399714286736
51 449852946468284983783199424761436133724851432965597753717136
52 482134751872773928421842374421611988974497596294794558126736
53 521975939684451673253113662113934173792645168416634454516736
54 527522135343484614696922441512961219362733539657782899395136
55 562641631377938237248318531478861249592277376289475543144336
56 571185124453583434863858314331338695842867554344647955413136
57 572684988569547784165849427621699664494716729842793127896336
58 614898423328697552174926774454594881158921253578236236792336
59 633696482563387284528138567949516822355885534948846913486736
60 643289923123766413527889349998824883237881684711852761436736
61 667191497411655246112479559487494956367164427966476793774336
62 687676275633214498821343918455779943946116536644394167797136
63 738581581372137137454777164721328295342861142971169656536336
64 762742925841272953426291121719451613531524131158969765243136
65 775543441492587483465982446818139435456241975693619925238336
66 848683965199869214645864196533185358672353998728624638126736
67 947138642349237674483499271295327433171899196661387174341136
68 964891172337149147689484881922848848795484622547192848916736
69 5569531161785335471834187656758668584186145889911322362616238336
70 392218699139394917429267256144352916588419663779199636243639414336
71 848357125461439331518387328465823399571373158999455173816177975229891136
72 416423361382974375988119796395668527245964353555414577638838888367828457388415992336
73 479474784622574743882185337518915188918922331343493318921536469363248612788886766736
74 241835624857156131887688175431621247512542273949817527242228179562863761282638896774325136
75 398574359223975871554875716496874244751857937743666637999272258371878627497383572366715136
76 917299545663587142783558195917968989124276866721326391286476151415422729817578418459766336
77 689912968699291934123339418659749956627118749536638166817937181829315824413919788889194395285136
78 687456133698838375228242644785645488125169111111519837855821266462921514747842383688463315788579398193612616749312663199632869193338448734266171898575393554947122127262495178453136