1   1
2   12
3   123
4   1234
5   12345
6   123456
7   1234567
8   12345678
9   123456789
10  1234567890
11  12345678901
12  123456789012
13  1234567890123
14  12345678901234
15  123456789012345
16  1234567890123456
17  12345678901234567
18  123456789012345678
19  1234567890123456789
20  12345678901234567890
21  123456789012345678901
22  1234567890123456789012
23  12345678901234567890123
24  123456789012345678901234
25  1234567890123456789012345
26  12345678901234567890123456
27  123456789012345678901234567
28  1234567890123456789012345678
29  12345678901234567890123456789
30  123456789012345678901234567890
31  1234567890123456789012345678901
32  12345678901234567890123456789012
33  123456789012345678901234567890123
34  1234567890123456789012345678901234
35  12345678901234567890123456789012345
36  123456789012345678901234567890123456
37  1234567890123456789012345678901234567
38  12345678901234567890123456789012345678
39  123456789012345678901234567890123456789
40  1234567890123456789012345678901234567890
41  12345678901234567890123456789012345678901
42  123456789012345678901234567890123456789012
43  1234567890123456789012345678901234567890123
44  12345678901234567890123456789012345678901234
45  123456789012345678901234567890123456789012345
46  1234567890123456789012345678901234567890123456
47  12345678901234567890123456789012345678901234567
48  123456789012345678901234567890123456789012345678
49  1234567890123456789012345678901234567890123456789
50  12345678901234567890123456789012345678901234567890
51  123456789012345678901234567890123456789012345678901
52  1234567890123456789012345678901234567890123456789012
53  12345678901234567890123456789012345678901234567890123
54  123456789012345678901234567890123456789012345678901234
55  1234567890123456789012345678901234567890123456789012345
56  12345678901234567890123456789012345678901234567890123456
57  123456789012345678901234567890123456789012345678901234567
58  1234567890123456789012345678901234567890123456789012345678
59  12345678901234567890123456789012345678901234567890123456789
60  123456789012345678901234567890123456789012345678901234567890
61  1234567890123456789012345678901234567890123456789012345678901
62  12345678901234567890123456789012345678901234567890123456789012
63  123456789012345678901234567890123456789012345678901234567890123
64  1234567890123456789012345678901234567890123456789012345678901234
65  12345678901234567890123456789012345678901234567890123456789012345
66  123456789012345678901234567890123456789012345678901234567890123456
67  1234567890123456789012345678901234567890123456789012345678901234567
68  12345678901234567890123456789012345678901234567890123456789012345678
69  123456789012345678901234567890123456789012345678901234567890123456789
70  1234567890123456789012345678901234567890123456789012345678901234567890
71  12345678901234567890123456789012345678901234567890123456789012345678901
72  123456789012345678901234567890123456789012345678901234567890123456789012
73  1234567890123456789012345678901234567890123456789012345678901234567890123
74  12345678901234567890123456789012345678901234567890123456789012345678901234
75  123456789012345678901234567890123456789012345678901234567890123456789012345
76  1234567890123456789012345678901234567890123456789012345678901234567890123456
77  12345678901234567890123456789012345678901234567890123456789012345678901234567
78  123456789012345678901234567890123456789012345678901234567890123456789012345678
79  1234567890123456789012345678901234567890123456789012345678901234567890123456789
80  12345678901234567890123456789012345678901234567890123456789012345678901234567890
81  123456789012345678901234567890123456789012345678901234567890123456789012345678901
82  1234567890123456789012345678901234567890123456789012345678901234567890123456789012
83  12345678901234567890123456789012345678901234567890123456789012345678901234567890123
84  123456789012345678901234567890123456789012345678901234567890123456789012345678901234
85  1234567890123456789012345678901234567890123456789012345678901234567890123456789012345
86  12345678901234567890123456789012345678901234567890123456789012345678901234567890123456
87  123456789012345678901234567890123456789012345678901234567890123456789012345678901234567
88  1234567890123456789012345678901234567890123456789012345678901234567890123456789012345678
89  12345678901234567890123456789012345678901234567890123456789012345678901234567890123456789
90  123456789012345678901234567890123456789012345678901234567890123456789012345678901234567890
91  1234567890123456789012345678901234567890123456789012345678901234567890123456789012345678901
92  12345678901234567890123456789012345678901234567890123456789012345678901234567890123456789012
93  123456789012345678901234567890123456789012345678901234567890123456789012345678901234567890123
94  1234567890123456789012345678901234567890123456789012345678901234567890123456789012345678901234
95  12345678901234567890123456789012345678901234567890123456789012345678901234567890123456789012345
96  123456789012345678901234567890123456789012345678901234567890123456789012345678901234567890123456
97  1234567890123456789012345678901234567890123456789012345678901234567890123456789012345678901234567
98  12345678901234567890123456789012345678901234567890123456789012345678901234567890123456789012345678
99  123456789012345678901234567890123456789012345678901234567890123456789012345678901234567890123456789
100 1234567890123456789012345678901234567890123456789012345678901234567890123456789012345678901234567890
101 12345678901234567890123456789012345678901234567890123456789012345678901234567890123456789012345678901
102 123456789012345678901234567890123456789012345678901234567890123456789012345678901234567890123456789012
103 1234567890123456789012345678901234567890123456789012345678901234567890123456789012345678901234567890123
104 12345678901234567890123456789012345678901234567890123456789012345678901234567890123456789012345678901234
105 123456789012345678901234567890123456789012345678901234567890123456789012345678901234567890123456789012345
106 1234567890123456789012345678901234567890123456789012345678901234567890123456789012345678901234567890123456
107 12345678901234567890123456789012345678901234567890123456789012345678901234567890123456789012345678901234567
108 123456789012345678901234567890123456789012345678901234567890123456789012345678901234567890123456789012345678
109 1234567890123456789012345678901234567890123456789012345678901234567890123456789012345678901234567890123456789
110 12345678901234567890123456789012345678901234567890123456789012345678901234567890123456789012345678901234567890
111 123456789012345678901234567890123456789012345678901234567890123456789012345678901234567890123456789012345678901
112 1234567890123456789012345678901234567890123456789012345678901234567890123456789012345678901234567890123456789012
113 12345678901234567890123456789012345678901234567890123456789012345678901234567890123456789012345678901234567890123
114 123456789012345678901234567890123456789012345678901234567890123456789012345678901234567890123456789012345678901234
115 1234567890123456789012345678901234567890123456789012345678901234567890123456789012345678901234567890123456789012345
116 12345678901234567890123456789012345678901234567890123456789012345678901234567890123456789012345678901234567890123456
117 123456789012345678901234567890123456789012345678901234567890123456789012345678901234567890123456789012345678901234567
118 1234567890123456789012345678901234567890123456789012345678901234567890123456789012345678901234567890123456789012345678
119 12345678901234567890123456789012345678901234567890123456789012345678901234567890123456789012345678901234567890123456789
120 123456789012345678901234567890123456789012345678901234567890123456789012345678901234567890123456789012345678901234567890
121 1234567890123456789012345678901234567890123456789012345678901234567890123456789012345678901234567890123456789012345678901
122 12345678901234567890123456789012345678901234567890123456789012345678901234567890123456789012345678901234567890123456789012
123 123456789012345678901234567890123456789012345678901234567890123456789012345678901234567890123456789012345678901234567890123
124 1234567890123456789012345678901234567890123456789012345678901234567890123456789012345678901234567890123456789012345678901234
125 12345678901234567890123456789012345678901234567890123456789012345678901234567890123456789012345678901234567890123456789012345
126 123456789012345678901234567890123456789012345678901234567890123456789012345678901234567890123456789012345678901234567890123456
127 1234567890123456789012345678901234567890123456789012345678901234567890123456789012345678901234567890123456789012345678901234567
128 12345678901234567890123456789012345678901234567890123456789012345678901234567890123456789012345678901234567890123456789012345678
129 123456789012345678901234567890123456789012345678901234567890123456789012345678901234567890123456789012345678901234567890123456789
130 1234567890123456789012345678901234567890123456789012345678901234567890123456789012345678901234567890123456789012345678901234567890
131 12345678901234567890123456789012345678901234567890123456789012345678901234567890123456789012345678901234567890123456789012345678901
132 123456789012345678901234567890123456789012345678901234567890123456789012345678901234567890123456789012345678901234567890123456789012
133 1234567890123456789012345678901234567890123456789012345678901234567890123456789012345678901234567890123456789012345678901234567890123
134 12345678901234567890123456789012345678901234567890123456789012345678901234567890123456789012345678901234567890123456789012345678901234
135 123456789012345678901234567890123456789012345678901234567890123456789012345678901234567890123456789012345678901234567890123456789012345
136 1234567890123456789012345678901234567890123456789012345678901234567890123456789012345678901234567890123456789012345678901234567890123456
137 12345678901234567890123456789012345678901234567890123456789012345678901234567890123456789012345678901234567890123456789012345678901234567
138 123456789012345678901234567890123456789012345678901234567890123456789012345678901234567890123456789012345678901234567890123456789012345678
139 1234567890123456789012345678901234567890123456789012345678901234567890123456789012345678901234567890123456789012345678901234567890123456789
140 12345678901234567890123456789012345678901234567890123456789012345678901234567890123456789012345678901234567890123456789012345678901234567890
141 123456789012345678901234567890123456789012345678901234567890123456789012345678901234567890123456789012345678901234567890123456789012345678901
142 1234567890123456789012345678901234567890123456789012345678901234567890123456789012345678901234567890123456789012345678901234567890123456789012
143 12345678901234567890123456789012345678901234567890123456789012345678901234567890123456789012345678901234567890123456789012345678901234567890123
144 123456789012345678901234567890123456789012345678901234567890123456789012345678901234567890123456789012345678901234567890123456789012345678901234
145 1234567890123456789012345678901234567890123456789012345678901234567890123456789012345678901234567890123456789012345678901234567890123456789012345
146 12345678901234567890123456789012345678901234567890123456789012345678901234567890123456789012345678901234567890123456789012345678901234567890123456
147 123456789012345678901234567890123456789012345678901234567890123456789012345678901234567890123456789012345678901234567890123456789012345678901234567
148 1234567890123456789012345678901234567890123456789012345678901234567890123456789012345678901234567890123456789012345678901234567890123456789012345678
149 12345678901234567890123456789012345678901234567890123456789012345678901234567890123456789012345678901234567890123456789012345678901234567890123456789
150 123456789012345678901234567890123456789012345678901234567890123456789012345678901234567890123456789012345678901234567890123456789012345678901234567890
151 1234567890123456789012345678901234567890123456789012345678901234567890123456789012345678901234567890123456789012345678901234567890123456789012345678901
152 12345678901234567890123456789012345678901234567890123456789012345678901234567890123456789012345678901234567890123456789012345678901234567890123456789012
153 123456789012345678901234567890123456789012345678901234567890123456789012345678901234567890123456789012345678901234567890123456789012345678901234567890123
154 1234567890123456789012345678901234567890123456789012345678901234567890123456789012345678901234567890123456789012345678901234567890123456789012345678901234
155 12345678901234567890123456789012345678901234567890123456789012345678901234567890123456789012345678901234567890123456789012345678901234567890123456789012345
156 123456789012345678901234567890123456789012345678901234567890123456789012345678901234567890123456789012345678901234567890123456789012345678901234567890123456
157 1234567890123456789012345678901234567890123456789012345678901234567890123456789012345678901234567890123456789012345678901234567890123456789012345678901234567
158 12345678901234567890123456789012345678901234567890123456789012345678901234567890123456789012345678901234567890123456789012345678901234567890123456789012345678
159 123456789012345678901234567890123456789012345678901234567890123456789012345678901234567890123456789012345678901234567890123456789012345678901234567890123456789
160 1234567890123456789012345678901234567890123456789012345678901234567890123456789012345678901234567890123456789012345678901234567890123456789012345678901234567890
161 12345678901234567890123456789012345678901234567890123456789012345678901234567890123456789012345678901234567890123456789012345678901234567890123456789012345678901
162 123456789012345678901234567890123456789012345678901234567890123456789012345678901234567890123456789012345678901234567890123456789012345678901234567890123456789012
163 1234567890123456789012345678901234567890123456789012345678901234567890123456789012345678901234567890123456789012345678901234567890123456789012345678901234567890123
164 12345678901234567890123456789012345678901234567890123456789012345678901234567890123456789012345678901234567890123456789012345678901234567890123456789012345678901234
165 123456789012345678901234567890123456789012345678901234567890123456789012345678901234567890123456789012345678901234567890123456789012345678901234567890123456789012345
166 1234567890123456789012345678901234567890123456789012345678901234567890123456789012345678901234567890123456789012345678901234567890123456789012345678901234567890123456
167 12345678901234567890123456789012345678901234567890123456789012345678901234567890123456789012345678901234567890123456789012345678901234567890123456789012345678901234567
168 123456789012345678901234567890123456789012345678901234567890123456789012345678901234567890123456789012345678901234567890123456789012345678901234567890123456789012345678
169 1234567890123456789012345678901234567890123456789012345678901234567890123456789012345678901234567890123456789012345678901234567890123456789012345678901234567890123456789
170 12345678901234567890123456789012345678901234567890123456789012345678901234567890123456789012345678901234567890123456789012345678901234567890123456789012345678901234567890
171 123456789012345678901234567890123456789012345678901234567890123456789012345678901234567890123456789012345678901234567890123456789012345678901234567890123456789012345678901
172 1234567890123456789012345678901234567890123456789012345678901234567890123456789012345678901234567890123456789012345678901234567890123456789012345678901234567890123456789012
173 12345678901234567890123456789012345678901234567890123456789012345678901234567890123456789012345678901234567890123456789012345678901234567890123456789012345678901234567890123
174 123456789012345678901234567890123456789012345678901234567890123456789012345678901234567890123456789012345678901234567890123456789012345678901234567890123456789012345678901234
175 1234567890123456789012345678901234567890123456789012345678901234567890123456789012345678901234567890123456789012345678901234567890123456789012345678901234567890123456789012345
176 12345678901234567890123456789012345678901234567890123456789012345678901234567890123456789012345678901234567890123456789012345678901234567890123456789012345678901234567890123456
177 123456789012345678901234567890123456789012345678901234567890123456789012345678901234567890123456789012345678901234567890123456789012345678901234567890123456789012345678901234567
178 1234567890123456789012345678901234567890123456789012345678901234567890123456789012345678901234567890123456789012345678901234567890123456789012345678901234567890123456789012345678
179 12345678901234567890123456789012345678901234567890123456789012345678901234567890123456789012345678901234567890123456789012345678901234567890123456789012345678901234567890123456789
180 123456789012345678901234567890123456789012345678901234567890123456789012345678901234567890123456789012345678901234567890123456789012345678901234567890123456789012345678901234567890
181 1234567890123456789012345678901234567890123456789012345678901234567890123456789012345678901234567890123456789012345678901234567890123456789012345678901234567890123456789012345678901
182 12345678901234567890123456789012345678901234567890123456789012345678901234567890123456789012345678901234567890123456789012345678901234567890123456789012345678901234567890123456789012
183 123456789012345678901234567890123456789012345678901234567890123456789012345678901234567890123456789012345678901234567890123456789012345678901234567890123456789012345678901234567890123
184 1234567890123456789012345678901234567890123456789012345678901234567890123456789012345678901234567890123456789012345678901234567890123456789012345678901234567890123456789012345678901234
185 12345678901234567890123456789012345678901234567890123456789012345678901234567890123456789012345678901234567890123456789012345678901234567890123456789012345678901234567890123456789012345
186 123456789012345678901234567890123456789012345678901234567890123456789012345678901234567890123456789012345678901234567890123456789012345678901234567890123456789012345678901234567890123456
187 1234567890123456789012345678901234567890123456789012345678901234567890123456789012345678901234567890123456789012345678901234567890123456789012345678901234567890123456789012345678901234567
188 12345678901234567890123456789012345678901234567890123456789012345678901234567890123456789012345678901234567890123456789012345678901234567890123456789012345678901234567890123456789012345678
189 123456789012345678901234567890123456789012345678901234567890123456789012345678901234567890123456789012345678901234567890123456789012345678901234567890123456789012345678901234567890123456789
190 1234567890123456789012345678901234567890123456789012345678901234567890123456789012345678901234567890123456789012345678901234567890123456789012345678901234567890123456789012345678901234567890
191 12345678901234567890123456789012345678901234567890123456789012345678901234567890123456789012345678901234567890123456789012345678901234567890123456789012345678901234567890123456789012345678901
192 123456789012345678901234567890123456789012345678901234567890123456789012345678901234567890123456789012345678901234567890123456789012345678901234567890123456789012345678901234567890123456789012
193 1234567890123456789012345678901234567890123456789012345678901234567890123456789012345678901234567890123456789012345678901234567890123456789012345678901234567890123456789012345678901234567890123
194 12345678901234567890123456789012345678901234567890123456789012345678901234567890123456789012345678901234567890123456789012345678901234567890123456789012345678901234567890123456789012345678901234
195 123456789012345678901234567890123456789012345678901234567890123456789012345678901234567890123456789012345678901234567890123456789012345678901234567890123456789012345678901234567890123456789012345
196 1234567890123456789012345678901234567890123456789012345678901234567890123456789012345678901234567890123456789012345678901234567890123456789012345678901234567890123456789012345678901234567890123456
197 12345678901234567890123456789012345678901234567890123456789012345678901234567890123456789012345678901234567890123456789012345678901234567890123456789012345678901234567890123456789012345678901234567
198 123456789012345678901234567890123456789012345678901234567890123456789012345678901234567890123456789012345678901234567890123456789012345678901234567890123456789012345678901234567890123456789012345678
199 1234567890123456789012345678901234567890123456789012345678901234567890123456789012345678901234567890123456789012345678901234567890123456789012345678901234567890123456789012345678901234567890123456789
200 12345678901234567890123456789012345678901234567890123456789012345678901234567890123456789012345678901234567890123456789012345678901234567890123456789012345678901234567890123456789012345678901234567890
