2047
15841
703
800605
8911
341
293609485
152551
4371
781
10761055201
41341321
129921
24211
217
5478598723585
12283706701
9224391
4382191
29341
325
713808066913201
1064404682551
2592053871
381347461
3405961
58825
65
90614118359482705
19142275066201
201068525791
9075517561
557795161
1611805
15841
91
5993318051893040401
31475449738947061
15804698567581
2459465259031
333515107081
299048101
205465
1729
91
24325630440506854886701
5405254780334022901
8211666556476901
1009614375233101
17075314684351
451698887431
62338081
63973
1729
133
27146803388402594456683201
649053318057640906411
285574887575981641
97383398181018301
2805619369385521
37388680793101
10761055201
20821801
251251
50997
91
4365221464536367089854499301
512362775244582336338551
350010251220384686701
11290262679772872301
364410024106892401
5290810955703001
1387708021141
130027051
67976623
111055
1729
85
2162223198751674481689868383601
33605837615755004967981901
11685504553798274161831
5296236028339349585701
178641028756261595161
482218851605875021
713808066913201
22901108671
12776364601
191901711
188461
7107
15
548097717006566233800428685318301
27622863886685336040815257501
11748148894378297109863441
680397232543199877069001
13457798207741962152001
581914215424122120541
90614118359482705
1471186523521
308286939961
153139064761
51072931
631351
58255
1687
348613808580816298169781820233637261
29260963890615172434464808562501
1929235583739239080610899231
152415465372896525170341751
7920532476158239000176751
36483839906686425727111
5993318051893040401
665242007427361
399754683619291
29102981334805
1610596351
230707765
550551
82733
15
179594694484889004052891417528244514541
4886974207229789739994100956158661
272670556951995362266417659271
459062351282369036354924485351
1698056187052322981276757001
5881056881662381816821061
24325630440506854886701
32898937468548151
103741050994381801
1511483415263251
445188416491
4077957961
147896295
25603201
435
91
