1 242
2 2400
3 57121
4 499999
5 1012499
6 2825760
7 2829123
8 11859210
9 18279039
10 21093749
11 37218852
12 38740085
13 70799772
14 96393374
15 413428949
16 642837222
17 656356767
18 675975026
19 1065352364
20 1333564323
21 1418528255
22 2654744949
23 5547008142
24 8576868299
25 9515377949
26 10022519999
27 12153713082
28 12852449999
29 12890477970
30 14061216399
31 20337895259
32 27817361729
33 37854855252
34 42074732127
35 43086207735
36 47472784799
37 50758853105
38 51260410896
39 57019072484
40 86221833632
41 87614672354
42 110841053183
43 148826321357
44 154117253906
45 183900173963
46 189920594955
47 190670225031
48 197594960877
49 227249385299
50 241752998636
51 260453238924
52 298917419814
53 387738236339
54 465635632829
55 488775566316
56 520610223672
57 552807362124
58 565750215139
59 621097991625
60 736484909474
61 908981085375
62 934745831664
63 1049163337152
64 1324509578179
65 1366838320799
66 1377398627135
67 1416280117714
68 1444386843999
69 1615279787444
70 1650964234998
71 1653228269172
72 1666209597700
73 1675209901400
74 1717359136103
75 1734176119514
76 1994666831849
77 2049909482907
78 2055098352005
79 2123352482404
80 2157256591424
81 2178459519704
82 2240603489552
83 2306973886487
84 2337919888666
85 2494165324535
86 2704925274071
87 2736001309950
88 2827202276299
89 3040322635294
90 3074164872232
91 3247430569492
92 3358576124672
93 3616995855087
94 3765342321600
95 4039934162480
96 4114066930847
97 4689371828322
98 5421828424323
99 5539289588566
100 5797675020149
101 6238804263436
102 6839115758999
103 7206699786943
104 7230949144687
105 8147536663265
106 9614154126500
107 9991874903339
108 10204806644999
109 10466938473056
110 10868120423663
111 10899080168591
112 11094984366190
113 11513972929844
114 11553007229994
115 11606137759839
116 11645744306625
117 11817902397080
118 12158779707125
119 12921675753312
120 13600278169095
121 13616449589924
122 14426218729444
123 14438200138405
124 14910673211374
125 15742905159288
126 16006051942399
127 16435631946915
128 16487264330900
129 16985571134427
130 18389853655835
131 18838661624639
132 19106187355035
133 19854792231999
134 19885824108507
135 19991443096874
136 21482425237055
137 24769071558483
138 25267569433535
139 25989807888274
140 26893679923382
141 28523290118399
142 30697067637999
143 33271165932409
144 34637678288747
145 35227799388159
146 35915385426920
147 36561031393039
148 37359471924095
149 38102606536175
150 38750579326975
151 39604138895936
152 42521436086793
153 44688985839497
154 47164799457087
155 48109621636625
156 49174830519471
157 52412025179299
158 52717245485354
159 52856023842335
160 55741972660992
161 57220867900399
162 57343551752775
163 59626171591847
164 59828584659731
165 59859166895072
166 60593149926360
167 61936905570679
168 62348235835235
169 63769665819498
170 64462005807618
171 65726648523535
172 70362301874175
173 70900300886024
174 71659558852907
175 72018699768999
176 72175909647204
177 72182235889841
178 75259869741624
179 78748845314908
180 80352871567639
181 80852243790975
182 81397645475839
183 85576492070924
184 90330523318574
185 91587565061229
186 93042284571933
187 94726544181210
188 94814882496620
189 96847150799024
190 97277293542875
191 98115923395135
192 98861811954281
193 99031531211640
194 100137981987152
195 101647289301362
196 103662578086976
197 107115702105293
198 111940308760033
199 112288979154384
200 114602224770029
201 118521898439599
202 118611181690175
203 119127889129051
204 119287126251215
205 119804279332663
206 121815901867477
207 123986057843839
208 131379513558488
209 138904468779075
210 143746070332607
211 144655732073874
212 144821986368839
213 145955393246124
214 146111392628720
215 146999208208328
216 148595782020223
217 149835251498184
218 151253751189579
219 154588299488384
220 157112970541055
221 158183400341862
222 165028012684959
223 167477853771584
224 174258784881050
225 175594134284239
226 176239365987270
227 177897155194656
228 177949699274879
229 178711251469379
230 182802604701059
231 183823907426634
232 185882418758200
233 186808975524863
234 191381984962443
235 201633604097795
236 205160495026431
237 205249676686235
238 206698600434068
239 210078644486274
240 214571822213671
241 215152613228123
242 219099921075423
243 220953927783302
244 224893479995274
245 236248745521032
246 252171961642432
247 254626581086261
248 261977167450624
249 263413361293549
250 263766832809999
251 264598736608700
252 269621808701439
253 273636606061224
254 276125866914099
255 276632239030224
256 282652802285567
257 286008758968680
258 291238522563761
259 292363966684854
260 297598872026717
261 300539440252400
262 302754922621042
263 303032732846084
264 304095171117824
265 305660070559052
266 308107054089791
267 308700119070719
268 311563154022911
269 315639755250599
270 315959393460095
271 317051644497072
272 318716817076079
273 318941866789869
274 323572805395594
275 324837198982775
276 327273184685509
277 328790956040910
278 334918102448214
279 337419887293439
280 344089202176994
281 346412569037300
282 346999629074098
283 352627442161241
284 353253802143669
285 368675841102009
286 373125310467087
287 376528101814619
288 377290525820437
289 377782254298175
290 378162713318999
291 379600423376639
292 379698921101631
293 380806188969374
294 387123872846255
295 388811787533311
296 391148691599743
297 399284174596896
298 413968383441368
299 417185802777415
300 426204678092830
301 427115812988006
302 429941091279999
303 443450602461724
304 452344111314564
305 455945235932990
306 460099382931704
307 461245034570687
308 472277442262325
309 475473934444132
310 478651564567719
311 478979264568804
312 482603292005912
313 490300448423422
314 491203956494374
315 491403012122879
316 501933962633375
317 506067534253500
318 513128642002272
319 515711125607076
320 517477621783011
321 521031012369757
322 523393219600703
323 527797590799895
324 530137590670649
325 533391749177012
326 539381945240325
327 542121186330943
328 548086915861127
329 552580969444567
330 553470782530717
331 556904246450857
332 559974689151722
333 563853539974824
334 568008905287045
335 571276492033389
336 582148152703519
337 585896796822141
338 593570826436279
339 594991735667057
340 602301652803522
341 607742551429224
342 610866160076232
343 614397647680640
344 615228931281663
345 618044993737308
346 622671263297751
347 644755401011519
348 645550082266642
349 645890613770436
350 646266034028168
351 648001046474119
352 660521586005414
353 660968159910840
354 669328637523182
355 692060778660360
356 709410060264244
357 710955782110989
358 713607243641851
359 719822302804127
360 720948375797165
361 729304031304575
362 739416358140418
363 742552755523424
364 746231790701177
365 746243863102535
366 758760307156079
367 762941220677619
368 768363211657599
369 774169117809152
370 774470521448694
371 777312318914102
372 781283875367204
373 782294170070035
374 789117244967232
375 789434404362416
376 801530834456080
377 805519444253467
378 807007107610623
379 811679811981269
380 824292760092489
381 824564226115749
382 828303583557900
383 831894165812996
384 856193245352019
385 896884977559375
386 899087200414829
387 904914129841721
388 908143797711084
389 914703884398303
390 946191487236764
391 956914434340624
392 961495449801831
393 975891329779352
394 980465222624749
395 983463243905193
396 986262467993855
397 1000211845767875
398 1009453818229999
399 1011684639999291
400 1026139511476390
401 1027960294385299
402 1035218537949969
403 1035531576704485
404 1051774176928807
405 1064594792509820
406 1065630777285239
407 1065950770524723
408 1066357827122839
409 1069252891816329
410 1070736896464718
411 1073896711460446
412 1076987688605639
413 1081153114833924
414 1093765704406431
415 1097075908650240
416 1133864587405439
417 1137503009975555
418 1143532666373499
419 1147847591344733
420 1154867156334744
421 1155603142312023
422 1171950876462239
423 1182068151865567
424 1185251569816819
425 1213922076040933
426 1214809446106079
427 1217840759101620
428 1227899114161299
429 1231155955846349
430 1235657731968950
431 1235891524025270
432 1236041870453999
433 1236222180819053
434 1246186812881087
435 1254803523318435
436 1263776381850995
437 1269497592289273
438 1271917144945394
439 1277315577160703
440 1278572796594792
441 1289199509868647
442 1298056110794701
443 1300015354987959
444 1303448315913883
445 1316871662796414
446 1322166870668799
447 1331634186771111
448 1375037473417382
449 1375048294130874
450 1375506134962434
451 1381215718205204
452 1409248985133924
453 1411958819557467
454 1427152329772649
455 1428860049273375
456 1432153255105052
457 1445403737750224
458 1462779562258860
459 1466751088980859
460 1484525632201337
461 1517250774708049
462 1520234677794460
463 1523920133607735
464 1537214606163911
465 1544257503127945
466 1551161829999325
467 1555580135886074
468 1560084946202463
469 1570842794247440
470 1578139413604980
471 1584536226060738
472 1589419125376140
473 1600239953533374
474 1609784538134912
475 1627513929196804
476 1633140602769203
477 1633757222615935
478 1652184571430816
479 1661739396677223
480 1667640582034671
481 1670558967669244
482 1679512429104575
483 1682719835557474
484 1688042400296447
485 1705634511992109
486 1710847498182074
487 1726479205126298
488 1748486966466018
489 1754429662993535
490 1764087055815577
491 1800875093696279
492 1802268678888575
493 1814496529495474
494 1837756469575747
495 1838370245542908
496 1841617295784735
497 1860771474728975
498 1885309449582653
499 1887050789873850
500 1889596191259062
501 1896064367010969
502 1896064934924991
503 1896549350192639
504 1908181344089024
505 1908966814204103
506 1936160835155156
507 1958414200665164
508 1966767106058950
509 1967685615641115
510 1982772914391632
511 1992712424919097
512 2000305107255839
513 2005837697196053
514 2012538358205024
515 2016842009581948
516 2018805598025215
517 2022516913340474
518 2031792025283999
519 2040991169450255
520 2049386571892769
521 2050121469726475
522 2062029973852575
523 2077016058837647
524 2089580204891592
525 2108243954807054
526 2137771140227743
527 2147558896854023
528 2158412812549949
529 2165389654978053
530 2174872787801064
531 2189179874196315
532 2219497854159155
533 2266892135237631
534 2275098562163249
535 2279472468014577
536 2287381730199831
537 2288518605992229
538 2294204377114649
539 2303210158046874
540 2339535822887375
541 2358151386670331
542 2358725821632074
543 2390522163600863
544 2399670936355770
545 2400360894722914
546 2409555804029776
547 2454714646722304
548 2458905261213844
549 2487482154177474
550 2499186959474599
551 2514777290879277
552 2524689924923749
553 2537194250639075
554 2546713085277062
555 2565147668091371
556 2565392322659381
557 2566278525651615
558 2624187761126583
559 2625248367399757
560 2636894612057181
561 2641836824599679
562 2656609649955189
563 2660592614213249
564 2663354210551649
565 2666338007995364
566 2668893621838388
567 2670146967663125
568 2677085218337464
569 2717274018407948
570 2727821144323914
571 2729426001353540
572 2738527939497324
573 2751335436267725
574 2752625968714126
575 2765995763264229
576 2768667382301249
577 2778526285564249
578 2781417918371534
579 2797464323720681
580 2833960095392087
581 2857035969979316
582 2878467436190924
583 2895139882270671
584 2905732091371290
585 2906054679935063
586 2912805044352839
587 2918267252538120
588 2928992166568740
589 2942426123299074
590 2945784883405364
591 2948674836887999
592 2967650082423872
593 3010099909714299
594 3094522974856639
595 3112699961679615
596 3115861662997979
597 3139266790303167
598 3142421816780455
599 3175093769530954
600 3222854917296475
601 3268609508177359
602 3286097444320378
603 3322777460025815
604 3329490034924608
605 3334081950754803
606 3337270360405409
607 3339259101898691
608 3343175586275699
609 3354083267712941
610 3356160271094223
611 3383052288782165
612 3404827918325924
613 3461994417606731
614 3467000368049999
615 3473420685981124
616 3496880553558951
617 3504809692889075
618 3516882346464839
619 3520151762149749
620 3575037525552584
621 3575698947243318
622 3580455466696449
623 3588662330508799
624 3649724711576631
625 3681844439920210
626 3693347776183295
627 3701014105498269
628 3732445371816743
629 3742488398643175
630 3746445194481649
631 3752535604259624
632 3765842619907419
633 3766449944567219
634 3776640449916467
635 3781107858831611
636 3781905373566996
637 3784768420624399
638 3785190640353408
639 3791017932597984
640 3800110690976301
641 3805648690926410
642 3831897501144944
643 3864030917551076
644 3879014218240199
645 3902860138233104
646 3909709876954649
647 3935997067408559
648 3960565434279299
649 3960806158520210
650 3976924704759863
651 3984462124211711
652 4085935353644799
653 4095321630574929
654 4151779144492758
655 4193417800109979
656 4196716591060223
657 4199629837672840
658 4199752351750031
659 4222003887335402
660 4276697246444400
661 4278699909637284
662 4282884781519014
663 4309306061781435
664 4345203949621920
665 4347621537580530
666 4423340451386874
667 4429665335147425
668 4445322945001847
669 4447490586645088
670 4456578317124999
671 4462929827609980
672 4469458415151399
673 4470270843129224
674 4487981441568711
675 4506574906288306
676 4543245807147375
677 4681157552532839
678 4690400290733663
679 4696266741402300
680 4714679282393968
681 4717355897709783
682 4728024755108969
683 4734057307766499
684 4790076862710429
685 4853396231305023
686 4866810824579076
687 4874097941458304
688 4941375275788343
689 4946483288365524
690 5015862966802154
691 5036677106781879
692 5065689912731854
693 5082686953361489
694 5120945953834139
695 5146720698137291
696 5172750833849612
697 5174072347845512
698 5181767744195471
699 5181769175748787
700 5187091096352564
701 5194628878799574
702 5195013555551024
703 5229993442482808
704 5238003888643591
705 5238975507140204
706 5245718950591534
707 5248342457582267
708 5263573528039319
709 5315396150913554
710 5341588010931825
711 5343551875295375
712 5350769182040204
713 5422591215302975
714 5478042714767699
715 5480994424786400
716 5498398757908496
717 5519477906280463
718 5541815689225647
719 5570980663609486
720 5594709031959509
721 5635108201850577
722 5679518059374676
723 5714796490065797
724 5730722555225964
725 5741169652731239
726 5742996876067349
727 5750587023859809
728 5761700165413471
729 5783932399225265
730 5800381459797077
731 5820932976011520
732 5850571837065881
733 5880249336031069
734 5898722915385935
735 5922750421389311
736 5927016097000361
737 5958010594615589
738 5967492187433000
739 5971553774519255
740 6074956312151199
741 6090506360096168
742 6094514905614134
743 6097088047106478
744 6114805813255800
745 6117645924764324
746 6137771815783775
747 6156036785586687
748 6214952824521999
749 6298541305276879
750 6302115350373392
751 6352065403882099
752 6486024146615296
753 6521014517301890
754 6528433823751399
755 6531323795045972
756 6582360614667504
757 6582782115292799
758 6603828756963024
759 6642049923182330
760 6696815299015842
761 6697851567871949
762 6730798437956735
763 6749177957387099
764 6754954729333264
765 6790757507297343
766 6791146803828992
767 6809023351962468
768 6855385803481831
769 6896785711504091
770 6928405353207099
771 6957850160191202
772 6987369435532640
773 7012153888588715
774 7076688515837793
775 7128720931394039
776 7135119173634794
777 7137003108705854
778 7192462964263245
779 7246611934898543
780 7249080413637204
781 7337341547248258
782 7347335854747657
783 7350067973474180
784 7370055873919439
785 7375172964872336
786 7392997249572354
787 7483701041573624
788 7489820240149759
789 7505325164444145
790 7576879444947840
791 7666871615089252
792 7685035154692832
793 7689928536452307
794 7690664090610836
795 7690991915031937
796 7692900736672863
797 7777754105854655
798 7782745966692137
799 7814415270768799
800 7818532311801903
801 7856337003635791
802 7920428667616779
803 7925372981669087
804 7928164249828913
805 7928412713137279
806 7935485984188707
807 7949272572694262
808 7955650336683716
809 8000867542257323
810 8105090088979727
811 8106554014283625
812 8160146110343947
813 8172217609693869
814 8207734649466374
815 8210643430527929
816 8221107369719463
817 8240363576243050
818 8310655603801403
819 8323227737586110
820 8359867466492314
821 8419640864076636
822 8422199691509735
823 8452998827305743
824 8479406833638632
825 8482095709313274
826 8484331544878860
827 8505423718583549
828 8506140909448319
829 8553272405556073
830 8563190990861110
831 8599629113107430
832 8621565916854888
833 8637051956660955
834 8640021219836354
835 8658749389286684
836 8676396557298349
837 8683208975275652
838 8702125881727655
839 8702283109387019
840 8790537578004324
841 8869174837655231
842 8937007387234739
843 8980158932367714
844 9053814836636639
845 9084474036361086
846 9084515191261829
847 9099778069060121
848 9112334199963794
849 9113128949451864
850 9114023048545791
851 9117685888465633
852 9127228065530623
853 9146207298191969
854 9150410816269645
855 9224248425745249
856 9242408068236887
857 9248584787582975
858 9263734811782940
859 9271692769615099
860 9300616872497324
861 9340836878807940
862 9370582437170624
863 9374001070910583
864 9396334992074965
865 9442971881705914
866 9477117948540419
867 9482248665576092
868 9532266515968160
869 9548327379726479
870 9636111557969308
871 9643617844427567
872 9753158298411390
873 9765890764735754
874 9792534610238399
875 9837462572324934
876 9886539498839264
877 9886670712844211
878 9900103279319240
879 10005623638822935
880 10016738661729433
881 10060616921235284
882 10063544528385710
883 10113787615452685
884 10149676037658716
885 10210250986191684
886 10213934174184047
887 10217299239198575
888 10259935343038359
889 10266159283163653
890 10270408056703235
891 10296498428004799
892 10301476215037149
893 10344641859769525
894 10388393523581375
895 10421352231505712
896 10426081187225178
897 10587307967315624
898 10591044004063175
899 10606852594143959
900 10606882068592802
901 10650732865453394
902 10717856418039964
903 10721165064444755
904 10785368319599454
905 10803465224829591
906 10835409351791335
907 10858276055477951
908 10866430107565504
909 10867031536834899
910 10910356048370141
911 10926729732167374
912 10928956028837703
913 10931559179386925
914 10949967169518495
915 10973763124945984
916 10974827798553131
917 10984668407884446
918 10995056505872925
919 11063346228948581
920 11114089971239247
921 11158616708591615
922 11158658532220059
923 11169366982046831
924 11174425684772069
925 11193295966665518
926 11249734040478284
927 11254618699185014
928 11287012038961285
929 11410424413362719
930 11411784934801999
931 11459723501806059
932 11460222477002999
933 11473312876396874
934 11526798713962674
935 11546571850899360
936 11547941474967300
937 11575248507857375
938 11587447230150089
939 11734516657573282
940 11768516969956479
941 11793282537747754
942 11821925191824999
943 11822363169009610
944 11848315560153863
945 11853785562034472
946 11854703928317480
947 11878512446921006
948 11911086869866304
949 11914408492489359
950 11919152528256064
951 11991825398283775
952 12073934965849119
953 12229082157371228
954 12266977692717764
955 12280425077351455
956 12290069923018354
957 12357067806079500
958 12359963380493049
959 12370114889689150
960 12378536882919049
961 12433981196493947
962 12541662353659977
963 12575028726529139
964 12630950935400070
965 12652560671432496
966 12664648558909490
967 12668226090553559
968 12697179949198589
969 12731650686147700
970 12778373827625026
971 12920124215909161
972 12938622985784696
973 13006276253418139
974 13039679733008787
975 13047331899154529
976 13060746072957439
977 13066300491367031
978 13072377955407263
979 13226244072528959
980 13249433862612735
981 13294627848849640
982 13357833288113615
983 13358094068441582
984 13398029321729619
985 13412615786946447
986 13452498033478820
987 13453623693547344
988 13485887716565439
989 13522623197351476
990 13599692513953227
991 13624865688365568
992 13639961305688574
993 13659712094042159
994 13689729372645689
995 13705421827638903
996 13766104946100095
997 13782601226580510
998 13787934733420622
999 13847053072944003
1000 13856601415700016
1001 13888521711160217
1002 13964986720553188
1003 14064553172122419
1004 14098580504960795
1005 14140396651311364
1006 14202168812114215
1007 14224489200055175
1008 14293162637120366
1009 14370378850965125
1010 14475078259335539
1011 14497417669960144
1012 14501049175650095
1013 14584743407622959
1014 14642640050207575
1015 14668860989294874
1016 14712299486751266
1017 14741950118717587
1018 14850280578090824
1019 14897610590443775
1020 14948822168421375
1021 15027333076832946
1022 15048747611336174
1023 15057675411427439
1024 15073013768468479
1025 15129759903541920
1026 15143489358204752
1027 15394952583327111
1028 15411330691078959
1029 15459554381723997
1030 15460600143458430
1031 15533012417011935
1032 15555638833291775
1033 15597457846847624
1034 15615009698006249
1035 15626658173907802
1036 15681774709592705
1037 15692070048938611
1038 15772984038840659
1039 15780451920598260
1040 15799718895293871
1041 15852814963762490
1042 15898339224482769
1043 15904544980455944
1044 16007297884234845
1045 16026206623037962
1046 16045101123448319
1047 16056899985145200
1048 16079104791693866
1049 16107555564807175
1050 16150329288155479
1051 16216637029580799
1052 16232107684708460
1053 16239681157191749
1054 16273165764966681
1055 16335627805684724
1056 16366890016464063
1057 16385325466697174
1058 16448953159324028
1059 16509366425297092
1060 16533791647371418
1061 16537638965320538
1062 16580980132923959
1063 16604402265010724
1064 16610095415509585
1065 16616993419782027
1066 16619492924972783
1067 16653891615467035
1068 16719949243854289
1069 16744029981861636
1070 16821247377430789
1071 16928194189259235
1072 16973535131275773
1073 16989973463367004
1074 17016169457663999
1075 17019765807652699
1076 17105001330156924
1077 17132953657132994
1078 17160831938046303
1079 17211228900828192
1080 17239822725534551
1081 17310736361280335
1082 17338200434841389
1083 17409589328524119
1084 17420876603891199
1085 17485795809083645
1086 17502650045970495
1087 17574068040566399
1088 17576639722171957
1089 17577928514122855
1090 17606702957033471
1091 17724604608019776
1092 17792536632343352
1093 18072737382471687
1094 18153466674696584
1095 18163177256957031
1096 18208885218607831
1097 18285780707324764
1098 18318684619470592
1099 18338710939781292
1100 18416899271816198
1101 18476934467537471
1102 18539567472834169
1103 18692171244914999
1104 18747255097134591
1105 18805315190199999
1106 18818697331767365
1107 18824957393520107
1108 18843713399834589
1109 18863800478935543
1110 18869412474569344
1111 18900203818688749
1112 18905094752162464
1113 18913973605500455
1114 18960795772629245
1115 18991272316391088
1116 19007712561125430
1117 19031695098025599
1118 19052271963409871
1119 19065203794794640
1120 19099573236222034
1121 19120305487004930
1122 19151689410921780
1123 19243783375575549
1124 19374994477921457
1125 19383051594860442
1126 19395065577569967
1127 19405303888801831
1128 19466262422993054
1129 19544551100478870
1130 19561639933376711
1131 19581430339389203
1132 19625511650306715
1133 19655375457616899
1134 19743288930590840
1135 19755191963921525
1136 19819382687429051
1137 19868279588577760
1138 20025020021051396
1139 20117572843075999
1140 20182857098636127
1141 20286887717648720
1142 20294793510389865
1143 20406249499625900
1144 20495818120539839
1145 20511089040749059
1146 20683736509812895
1147 20708149172050724
1148 20808880432245520
1149 20851812465503453
1150 20880524281003802
1151 20901485635152803
1152 20957609466103709
1153 21123340681395024
1154 21132149533548910
1155 21274407447575105
1156 21324905673308951
1157 21485240885194631
1158 21596432849559260
1159 21604766813358981
1160 21646944309974879
1161 21648620815714151
1162 21663186517945175
1163 21764780863830719
1164 21920236719482374
1165 21936984894592975
1166 21946095670763519
1167 22045002537977297
1168 22056182237554101
1169 22136342363304939
1170 22331086441572499
1171 22365565734233343
1172 22412981174241410
1173 22472504202897080
1174 22494313766198289
1175 22550102929075124
1176 22555585085992316
1177 22662907895484467
1178 22737400956488504
1179 22744613419061624
1180 22770045554470199
1181 22796475487588095
1182 22842524011940624
1183 22901841665509168
1184 22971054401767300
1185 22974570786794381
1186 23009516941390874
1187 23151559675103999
1188 23151889304872249
1189 23262323218613184
1190 23276369225112533
1191 23302780247604415
1192 23330195532678040
1193 23430195342355024
1194 23437012730197275
1195 23539081309728975
1196 23591566589905908
1197 23648261295499180
1198 23649856317112999
1199 23833307646228950
1200 23888545046692773
1201 23935792030244219
1202 23947449718539023
1203 23964501731865831
1204 23986410239862449
1205 24009198524012399
1206 24011842925105199
1207 24097647709871999
1208 24149416182183616
1209 24162295863812625
1210 24177654208747076
1211 24190681575951331
1212 24276579516356607
1213 24281165622184533
1214 24379972022379695
1215 24432756644650199
1216 24451063485775223
1217 24500698585084308
1218 24723509941018899
1219 24762502744975204
1220 24854833028113087
1221 24856689090160630
1222 24867281601830911
1223 24890066969834545
1224 24894248849433599
1225 24903323890042857
1226 24956545645932977
1227 24972647650309314
1228 24991972509157343
1229 25021283410190339
1230 25085966927021000
1231 25098373533198419
1232 25118428939891384
1233 25196315250391635
1234 25225219320048946
1235 25286063620773007
1236 25335783834535503
1237 25336837198017352
1238 25463367620505034
1239 25508878959428864
1240 25587293258931688
1241 25635540247815814
1242 25651581362041337
1243 25701766751364703
1244 25754078046017243
1245 25810075775165031
1246 25893226571548175
1247 25904061100094111
1248 26340745352554709
1249 26350611268536504
1250 26377695680737499
1251 26399531046098464
1252 26470908135511748
1253 26618409655074215
1254 26689638766487801
1255 26736309914448896
1256 26751579644955374
1257 26794554713664374
1258 26940438305940704
1259 26971221202022503
1260 26986523044270635
1261 27021378688005337
1262 27068580903771120
1263 27232860730208902
1264 27429376669530719
1265 27590632157776751
1266 27701428215371455
1267 27786811967886653
1268 27796700995259300
1269 27805179373527716
1270 27854865327048602
1271 27867781923732373
1272 27895945230970319
1273 27909324360146249
1274 27970174803815432
1275 27976804906146095
1276 28097396458617144
1277 28367457852629102
1278 28498649228668519
1279 28537569190812753
1280 28687512742835583
1281 28707067732403519
1282 28911805835169627
1283 28920193781809329
1284 28963501072546442
1285 28963553580066215
1286 29011999839606015
1287 29188401672400322
1288 29269500000307324
1289 29342857943515236
1290 29396344432999999
1291 29407115459320209
1292 29498152905990565
1293 29590786586743910
1294 29649102559650781
1295 29719962511195444
1296 29801722467753413
1297 29831804077417380
1298 29946143813166992
1299 30162955328713777
1300 30230818454608181
1301 30268529930128964
1302 30433903233882219
1303 30463117834722761
1304 30514111678748763
1305 30516469598077631
1306 30575703480905752
1307 30651653536913694
1308 30672015606676565
1309 30748480570235537
1310 31017408648388086
1311 31150753265674764
1312 31197436361388517
1313 31454291740445131
1314 31506703964772416
1315 31550279350018229
1316 31686141363277999
1317 31706368221265919
1318 31729586601423710
1319 31833172107931700
1320 31856667541906074
1321 31866851924137944
1322 31938930979996464
1323 31984306799627951
1324 31986040411236948
1325 32047152740400771
1326 32090537610409319
1327 32365485889013159
1328 32390551996378939
1329 32405302911919938
1330 32429516872555335
1331 32452375693623339
1332 32496964239953422
1333 32523315476090672
1334 32620592590875374
1335 32634511713138111
1336 32740741903849871
1337 32768918611122761
1338 32861913472243961
1339 32897057647153424
1340 32951729981330729
1341 32958138811849393
1342 32983267907419700
1343 33118625154141656
1344 33329966178294123
1345 33408945982057479
1346 33633997824169599
1347 33652999253900159
1348 33689492479736729
1349 34016354525015680
1350 34138324991220735
1351 34344830794697149
1352 34354540405348111
1353 34443160003537999
1354 34539486073009560
1355 34593377725714170
1356 34759865643824451
1357 34767885049044029
1358 34809144031733883
1359 34872301717450623
1360 34880931930312575
1361 35036561062424472
1362 35135483585027319
1363 35201655470076989
1364 35349836129085157
1365 35389723851675029
1366 35451667349667054
1367 35708555717212202
1368 35712231254675293
1369 35759471946074359
1370 35786481043057856
1371 35826740779497398
1372 35889282701024960
1373 35934995827188555
1374 35955084040135679
1375 35968369565564994
1376 36021899279430775
1377 36066949787559599
1378 36197344999788070
1379 36544963433308966
1380 36605574180801989
1381 36644499376010304
1382 36792505414304831
1383 36845723678831885
1384 36901682237398439
1385 36910415913222852
1386 36929783189550250
1387 36951614673022848
1388 37073232916349174
1389 37150557321879407
1390 37205596457196299
1391 37260200684901039
1392 37337818136731515
1393 37385880493091171
1394 37388150408002800
1395 37462416759696004
1396 37531309034992878
1397 37617600795062399
1398 37632311926064711
1399 37936918224936002
1400 38403313978219319
1401 38576045838548624
1402 38673655346061791
1403 38776292384469282
1404 38793066976986650
1405 38886034421592425
1406 38978840751539849
1407 39036737456335576
1408 39049053258053295
1409 39113046169948739
1410 39187737466821349
1411 39382937629274303
1412 39400940201534911
1413 39441542037122249
1414 39490102636155380
1415 40160131863609680
1416 40168826819039126
1417 40247276700806624
1418 40373985199531199
1419 40508237687681785
1420 40534480826911427
1421 40661286060893549
1422 40673901715568099
1423 40764414014891099
1424 40802757904605299
1425 40971848007536624
1426 41005092657063249
1427 41035736070133199
1428 41069755022554747
1429 41273812865645038
1430 41420111849707382
1431 41511038314933901
1432 41562778082568749
1433 41736152624962704
1434 41779787524695170
1435 41783469676773120
1436 41791410815125517
1437 42113471499437200
1438 42187795886324799
1439 42457642454292911
1440 42468150096505271
1441 42536522162417481
1442 42778048310233599
1443 42910562252483452
1444 42929153979693695
1445 42987069726543436
1446 43053148436640432
1447 43056671343365420
1448 43076049997292927
1449 43228866429385224
1450 43329055823164028
1451 43362643637448596
1452 43437613271431742
1453 43614704267442197
1454 43706240398692399
1455 43740439324906800
1456 43832161289919554
1457 43851527892142793
1458 44000836662956219
1459 44024784357621759
1460 44046502273399911
1461 44118555640800654
1462 44188687269507303
1463 44387912912942312
1464 44560228526171279
1465 44591184673228224
1466 44627508543879679
1467 44689237534384412
1468 44735672262083720
1469 44809073011695609
1470 44830770411789152
1471 44881993241012627
1472 44919721317224325
1473 44995867854609951
1474 45213382301180744
1475 45242387625202415
1476 45329249678914042
1477 45342149855492819
1478 45368353956393215
1479 45429454253114559
1480 45437776339260059
1481 45467208621015533
1482 45619403509853900
1483 45650852418333590
1484 45755559103175674
1485 46010422686188517
1486 46034363866267149
1487 46090638056095258
1488 46130441308835936
1489 46212932681871929
1490 46213979403998249
1491 46234748547537614
1492 46447233717422663
1493 46464109933084469
1494 46526876546684694
1495 47019793542613751
1496 47021785616455623
1497 47220619392044175
1498 47267451725788287
1499 47378285010220545
1500 47451772428777903
1501 47582563853097363
1502 47826339198869791
1503 47893364819243704
1504 47944027858546814
1505 48072168082955160
1506 48075940313519999
1507 48082413581303124
1508 48179182371604976
1509 48197363970175874
1510 48500291624459264
1511 48556815764896620
1512 48579571555821943
1513 48623081387821550
1514 48624665206652084
1515 48740577722774454
1516 48777185074771031
1517 49037983683974165
1518 49125808432698736
1519 49179328261388063
1520 49183355975799807
1521 49270826935436846
1522 49393954880859775
1523 49427320165266999
1524 49546016114164349
1525 49597850792690499
1526 49621590690252208
1527 49660005887136612
1528 49744459970574628
1529 49763691789476021
1530 49881151978191270
1531 49889294753666640
1532 49931385325209123
1533 49958475595259384
1534 50061278802802841
1535 50143634831417764
1536 50146428127257039
1537 50269406365119677
1538 50352136656471602
1539 50688155648692319
1540 50851604493435240
1541 50882445233878544
1542 50902056934173751
1543 51154042289604968
1544 51210059734409695
1545 51224930762576804
1546 51685345141341999
1547 51831963328859999
1548 51858660534506154
1549 51860376214896821
1550 51900431172460883
1551 51906261981171059
1552 52010283768826021
1553 52185210343618999
1554 52404707353990651
1555 52500761254600163
1556 52566623170164125
1557 53000800231464462
1558 53142977139440811
1559 53185568073756480
1560 53211620019341790
1561 53271758151881124
1562 53310509946741905
1563 53403237357493659
1564 53411586187945740
1565 53456480768868885
1566 53492705326909124
1567 54053015423858979
1568 54070762076601254
1569 54172005718090737
1570 54191947188306320
1571 54253719730378856
1572 54402743621087189
1573 54796332721485392
1574 54960252189596049
1575 55454590759566291
1576 55515326549854270
1577 55856334300005299
1578 55863785249563038
1579 55884203411086322
1580 55965370141717139
1581 56074823043563519
1582 56161893458987224
1583 56549139354106055
1584 56614819130363571
1585 56639479498674687
1586 56746993163855994
1587 56752401051539940
1588 56784267225059191
1589 56792985203549924
1590 56798891400171183
1591 56888395529000999
1592 56922776561503299
1593 57175020752710624
1594 57294229597322639
1595 57383368040767999
1596 57545962227074243
1597 57801709287505330
1598 58042845264254025
1599 58079240308665652
1600 58163724943667199
1601 58349738738730741
1602 58458943020599999
1603 58464906471618029
1604 58949129168816795
1605 58959714593261712
1606 59127410216566064
1607 59165266939236554
1608 59200842564643259
1609 59400555495523722
1610 59538847208132843
1611 59555895168688151
1612 59564060314218019
1613 59599873762763159
1614 59605745797955909
1615 59688749957315750
1616 59719113861441174
1617 59796577000830679
1618 60018551218646948
1619 60261141933147935
1620 60512588037149984
1621 60540631259681159
1622 60919332626123775
1623 61022031946156511
1624 61193052860209555
1625 61327166679675977
1626 61348342230003828
1627 61372045830953402
1628 61374078142231931
1629 61375734196605321
1630 61449957687848426
1631 61472529850663935
1632 61481927011715039
1633 61546364550680542
1634 61785982219607694
1635 62078970564669317
1636 62107956340293181
1637 62185889978724049
1638 62189252534064978
1639 62211875817447719
1640 62299723111339049
1641 62521005702100040
1642 62788743641358335
1643 62883248136332714
1644 62912154600349439
1645 62974023584484683
1646 62983651575433049
1647 63006314979244896
1648 63068429604729795
1649 63215318915178100
1650 63390182719318509
1651 63427254356231223
1652 63473919945251492
1653 63580440315173964
1654 63594633875098815
1655 63656227760492312
1656 63699761952634049
1657 63855622631766335
1658 64057943135131414
1659 64137799254378816
1660 64491892052114384
1661 64513470828816095
1662 64859171504768640
1663 64860880387210653
1664 64972165195593239
1665 64979189102983679
1666 65500596340914591
1667 65772632309798088
1668 66022700618210751
1669 66112681663797495
1670 66233454221366784
1671 66501295301702095
1672 66501372795623446
1673 66525514801977627
1674 66530269866625499
1675 66750447818936051
1676 66825344436372113
1677 66838220499948749
1678 66907415860027056
1679 67033230053232823
1680 67252353753231451
1681 67261935612492563
1682 67336961962646064
1683 67631060612624264
1684 67734550150487639
1685 67874337895475524
1686 67878869728410999
1687 68178081715489151
1688 68189609790578363
1689 68275245212227049
1690 68293688949881147
1691 68344924139705824
1692 68590556980474199
1693 68672613767842268
1694 68723369217708938
1695 68938102967358630
1696 68984368307302049
1697 69033651589550955
1698 69063969814111710
1699 69189954038119732
1700 69383630373074621
1701 69396177174963533
1702 69414860131526255
1703 69508010652882632
1704 69533151715015624
1705 69628795569913095
1706 69646139783679115
1707 69669327511046335
1708 69919215789285149
1709 70343217611480474
1710 70440799300147759
1711 70466379142743499
1712 70688182376393868
1713 70824353029511284
1714 70857575235071743
1715 71017226017119440
1716 71027608540225624
1717 71116803125577971
1718 71771327969608400
1719 71892006339222662
1720 72026451729759160
1721 72191364973172522
1722 72276590350220827
1723 72329662871798912
1724 72334654729191524
1725 72368324415614560
1726 72529813981315455
1727 72690376345485843
1728 72718171300555651
1729 72729812140840107
1730 72822609977393087
1731 72926394307344017
1732 73099548681755946
1733 73167030530964083
1734 73258397565517823
1735 73311932232626850
1736 73394630145799962
1737 73432153329718407
1738 73656970532150939
1739 73769381705453292
1740 73904034055143140
1741 74050054627981614
1742 74060198023202405
1743 74179532436240629
1744 74286860760094234
1745 74365959538663064
1746 74472581936152575
1747 74792955398202008
1748 74901628377714060
1749 75193082117521680
1750 75313596707641709
1751 75368674653708799
1752 75593363010261173
1753 75772420215410753
1754 75847386789877759
1755 75985610629257724
1756 76052364303513324
1757 76103702610112517
1758 76158435709797335
1759 76559816585214990
1760 76583943440993627
1761 76702085926392016
1762 76731743266240644
1763 76866364671404088
1764 76952363088997734
1765 77240206239700548
1766 77632341208664267
1767 77685674979951252
1768 77793072865997488
1769 77866016778151874
1770 77934959161151699
1771 77993384355288575
1772 78029017745008199
1773 78089455483813916
1774 78149603364784224
1775 78277996980725183
1776 78386809194885135
1777 78511918998209135
1778 78588319846582974
1779 78609233028657624
1780 78747145326972099
1781 78827498589817251
1782 78955719595759214
1783 79115780522558794
1784 79146965979101097
1785 79210885948477425
1786 79378606115289642
1787 79670942061479999
1788 79849391949741608
1789 79994847486856795
1790 80070710764889335
1791 80218107315327975
1792 80245828238708183
1793 80275486964512511
1794 80278173141033219
1795 80356420239876065
1796 80596629759845639
1797 80661772341561929
1798 80697377773106144
1799 80743731580682180
1800 81038698753968955
1801 81054645400888550
1802 81059238151906790
1803 81787936284350659
1804 81861367967066540
1805 81952493705987903
1806 82162399348705585
1807 82184358367445245
1808 82192890668842278
1809 82285332184593440
1810 82773409082703377
1811 83052821816081237
1812 83395899506259647
1813 83510523135434238
1814 83556578038851433
1815 83599986439570145
1816 83700364117127653
1817 84173947209767949
1818 84331633819178199
1819 84569953209157856
1820 84680905789793279
1821 84921955365854384
1822 85016290983680466
1823 85462855286558399
1824 85515306970099244
1825 85857138728193874
1826 85883823824902515
1827 85997732780162078
1828 86448000273220736
1829 86785218760267622
1830 87117630636908090
1831 87208479182460139
1832 87265164272564329
1833 87336922710217740
1834 87775212355298594
1835 87780256887112383
1836 88001245280009879
1837 88324575461501924
1838 88406730028357684
1839 88536505579055650
1840 88819239958293415
1841 89114224993237982
1842 89212944006670975
1843 89231383280951225
1844 89322594684093809
1845 89968667770091516
1846 90186358345914501
1847 90815898008536687
1848 91511248569873375
1849 91603138600185676
1850 91651209749371436
1851 91729248121073408
1852 91745846668495746
1853 91797803724935354
1854 91843775376038503
1855 92000607735928301
1856 92099538986674764
1857 92125732864467191
1858 92129412570841249
1859 92317703895958299
1860 92367126746702723
1861 92373015211390287
1862 92393387902601979
1863 92414865503237885
1864 92537712463221749
1865 92545633380806045
1866 92699278024362015
1867 92744082978834088
1868 93006193559150482
1869 93593147924311629
1870 93601079147902508
1871 94107197628089831
1872 94296933907304875
1873 94378777244766035
1874 94867775574585507
1875 94906168183034354
1876 95167859001838065
1877 95392892089701459
1878 95560290145263644
1879 95604773574446655
1880 95666221759343199
1881 95830538826610049
1882 95907454956448635
1883 95954659774961023
1884 95990935392626768
1885 96170768756747775
1886 96204064454362149
1887 96315710729757792
1888 96642665093289952
1889 96717001088124045
1890 96900048827363772
1891 97011656409141165
1892 97039910799735121
1893 97186340388527624
1894 97441483689370983
1895 97597154985212399
1896 97628600214836075
1897 97807294989873013
1898 97832639628762804
1899 97950053249855309
1900 98343971620282639
1901 98564355425560618
1902 98750555746468559
1903 98941941439019769
1904 99028471350060264
1905 99550435663902799
1906 99658340306031779
1907 99775120051845275
1908 99870264628203212
