1 8
2 6859
3 12167
4 101250
5 328509
6 453962
7 482447
8 536238
9 598950
10 5619712
11 7170366
12 11449008
13 11667159
14 11859210
15 13428095
16 15054335
17 16541965
18 18085704
19 18253460
20 19450850
21 22173969
22 23049600
23 24039994
24 29911714
25 30959144
26 32580250
27 33229625
28 44126385
29 44321375
30 52707444
31 62849017
32 66577824
33 66732414
34 69466929
35 87688553
36 89636187
37 96569928
38 100216924
39 119338468
40 120762852
41 124587600
42 131545575
43 133128246
44 133612635
45 147911700
46 162364824
47 188210960
48 224225820
49 253496061
50 264849359
51 359425431
52 359900049
53 370629831
54 383507152
55 400445311
56 446573115
57 467505469
58 592192224
59 666017209
60 696681362
61 712591839
62 803739495
63 821801040
64 921023499
65 969697050
66 1152056430
67 1157310665
68 1165558646
69 1176565754
70 1187412324
71 1271688417
72 1414477813
73 1415172825
74 1455091394
75 1476784727
76 1496930344
77 1509225420
78 1542452405
79 1553545279
80 1612089680
81 1635823810
82 1862719859
83 1912143350
84 1965626920
85 2015643024
86 2034345105
87 2121366225
88 2343350152
89 2409451520
90 2441023914
91 2444980401
92 2463817500
93 2658370000
94 2851293601
95 2889998944
96 3182903731
97 3219783680
98 3242225140
99 3270948629
100 3443925212
101 3497873329
102 3550133888
103 3597263250
104 3697778084
105 3726652104
106 3895045245
107 3942697239
108 3974690915
109 4010283270
110 4016879063
111 4203122533
112 4220199952
113 4297301744
114 4329049374
115 4329214629
116 4449965463
117 4539353962
118 4656872560
119 4809802547
120 4822609414
121 4884215525
122 4905617375
123 5035942912
124 5055055060
125 5107500405
126 5247869750
127 5642915406
128 5731578375
129 6162297075
130 6559599881
131 6579406196
132 6666661950
133 6736222647
134 6891087385
135 6932744126
136 6939207032
137 6956000285
138 6980322555
139 6997251195
140 7142063672
141 7370885466
142 7440673995
143 7529802191
144 7552792775
145 7657072884
146 7739389944
147 7987711875
148 8559411498
149 8577856260
150 8927101435
151 9059062311
152 9137724624
153 9149291216
154 9188994752
155 9337897263
156 10103353842
157 10137928192
158 10364172819
159 10467237130
160 10568855544
161 10713796912
162 10753427454
163 10902536720
164 11085752040
165 11245735415
166 11696817473
167 11717364285
168 11722895909
169 12061472085
170 12188211692
171 12236318729
172 12276397420
173 12291328000
174 12535880720
175 12646810324
176 13081342986
177 13419355950
178 14037944913
179 14040438159
180 14252317415
181 14280285895
182 15012359097
183 15443431857
184 15460222535
185 15506230467
186 15846892356
187 15933699535
188 16180594320
189 16766510201
190 17215909025
191 17306002674
192 17492638240
193 17590251917
194 17635307661
195 18020045474
196 18792225000
197 18993876537
198 19216688064
199 19286554283
200 19517166370
201 19542189876
202 19803206025
203 20076201783
204 20082129899
205 20344941371
206 20504609383
207 20722192953
208 21216076726
209 21656143068
210 22322170749
211 22421724325
212 22723761977
213 22921572001
214 23146326528
215 24000999874
216 24825705930
217 25115672652
218 25234030177
219 25521437357
220 26139671974
221 26293381311
222 26443180502
223 26648433232
224 26917412577
225 27190354016
226 28362125928
227 28745244164
228 29449907465
229 30155263084
230 30954204512
231 32653412352
232 32754774352
233 32819240639
234 32892197396
235 33415633287
236 33554627756
237 34220356352
238 35622067750
239 35929530614
240 36230824575
241 36354512970
242 36447770375
243 36800932625
244 37842636398
245 38145210193
246 38331320423
247 38880358464
248 39487151550
249 40081199544
250 40630240173
251 41288497655
252 41807225999
253 42646123674
254 42695686628
255 43776044802
256 43910053340
257 44336416607
258 45018505311
259 45701473113
260 47780071737
261 48480718130
262 48696968991
263 48999080687
264 49220102464
265 49335445119
266 49658557376
267 50788425848
268 50997060135
269 51829645102
270 52371527936
271 52753228674
272 52971351680
273 54703663128
274 55510992330
275 56708222585
276 57022945749
277 57167760176
278 58384553951
279 58806614326
280 60089057730
281 60226982864
282 60759432980
283 61362080719
284 61403992192
285 62558237181
286 63828582810
287 64797456570
288 65255337231
289 65360348306
290 67479324240
291 68719742714
292 70259721504
293 70416930180
294 71140576696
295 72698731200
296 72863662134
297 73857208119
298 74266830199
299 75138962624
300 75169036800
301 75867891499
302 76979027925
303 78001118236
304 79069650335
305 79754527762
306 79797653727
307 80813350436
308 81324432192
309 82355527254
310 82609213391
311 82700038549
312 82779567129
313 83281698863
314 83779595024
315 84347077815
316 84593635400
317 85276490442
318 87684464431
319 87930876978
320 88054877550
321 89181515843
322 89408199671
323 90745724587
324 91794041562
325 91939461858
326 92191901201
327 93968599269
328 94249982551
329 95247700314
330 95275074222
331 96693146498
332 98099748928
333 100757773824
334 101532789377
335 102248482010
336 102284801905
337 105053844342
338 105456000000
339 106171191588
340 106605067712
341 107837949449
342 110386258130
343 114262460718
344 114692793879
345 118062491030
346 119379553359
347 120251257121
348 122981109572
349 124636919264
350 126944368506
351 129558316089
352 131618519440
353 138498623739
354 139218057420
355 140445417552
356 142298013119
357 142980992421
358 143305298565
359 146831320568
360 147951334960
361 149505772655
362 149556176874
363 151854836991
364 158104627184
365 160060354103
366 163217193517
367 163462596153
368 164524568208
369 167651903154
370 172101881496
371 174621181839
372 178063203725
373 179992330645
374 181033328393
375 184273244878
376 186035854896
377 186183677315
378 186217384260
379 186315460188
380 187421946087
381 187750868925
382 191289183981
383 191531608135
384 191847494398
385 192040156672
386 193532617025
387 195052464116
388 197356409520
389 197863274312
390 199983282912
391 200239474072
392 201539677653
393 203534609200
394 205468580048
395 206895657215
396 209388819596
397 210385131675
398 211085538086
399 212166926150
400 213443978685
401 214938750026
402 217792958424
403 220775339460
404 222162817344
405 223531556625
406 224453794000
407 224460505907
408 224864855424
409 225448618270
410 227817288335
411 229074862565
412 230343685416
413 231522719805
414 232047645060
415 232749268675
416 236713868671
417 236978346682
418 239505644895
419 239565793443
420 241230645643
421 244672365938
422 245934780371
423 246384022268
424 248364390367
425 250089457095
426 250355343420
427 252326692576
428 254963332250
429 255415340285
430 256985917440
431 258656180000
432 258936641504
433 262748135793
434 263799305000
435 267953136308
436 270546817135
437 271337320070
438 272660926250
439 274751223186
440 281246994664
441 282428023409
442 284918257140
443 285599728731
444 287272969218
445 287628301758
446 288762706000
447 294528721500
448 294532354522
449 299774650411
450 300102433400
451 301332681045
452 302497403901
453 303001487096
454 305853490214
455 307601515055
456 308493223005
457 312181769312
458 320117067885
459 321286825167
460 324241462217
461 325798852799
462 328699180950
463 330873807791
464 335382236637
465 338838022665
466 339325824646
467 340538441033
468 341116920774
469 341815142781
470 346531018141
471 346977608232
472 347242479843
473 347669067510
474 354154693760
475 354865624950
476 357398866349
477 361832325624
478 363589314200
479 367533168158
480 367621248627
481 368827326545
482 373970490885
483 376117801875
484 376152351600
485 378417704847
486 379417353942
487 380176525124
488 382944927644
489 383449924297
490 383714502642
491 384112403405
492 386509554459
493 388166310000
494 393284766952
495 394841221929
496 395226212803
497 397718016219
498 408606185682
499 410335918668
500 412635090270
501 413039550376
502 413536200308
503 423536634282
504 431673966360
505 433629522139
506 434647793439
507 435116946122
508 438237278674
509 438364973501
510 441766865000
511 443827384123
512 449036914047
513 451290894768
514 454695445592
515 456422191875
516 458751927321
517 459894925750
518 462607322904
519 464073811234
520 466627281798
521 466956433125
522 469258962340
523 475146091361
524 479628339200
525 481860818489
526 482185241874
527 486699093809
528 487484194347
529 489654517486
530 491704352886
531 492024067009
532 493293311522
533 497200237942
534 502242599539
535 502650459948
536 503828335467
537 506622640128
538 509942642304
539 511030590840
540 511612595946
541 516266327605
542 522263058867
543 526035742908
544 526158077095
545 526832507992
546 527018297493
547 534823383386
548 535534204799
549 535858873451
550 536119378494
551 537925992765
552 538809072283
553 542663422925
554 549263566644
555 558039915264
556 559783759598
557 560100192624
558 560314364636
559 563396491881
560 570021321744
561 571452746422
562 574511361440
563 575052946665
564 577607704065
565 578741301048
566 579043855266
567 581146348824
568 586687968016
569 589042910727
570 594671891352
571 601345821660
572 601981086615
573 607873468796
574 610197504336
575 610458059574
576 612866854862
577 614224570495
578 615076306944
579 615580375033
580 616298750000
581 618138489360
582 622575201599
583 623383109856
584 626480279175
585 631202673075
586 631437571655
587 631990675082
588 643832184576
589 644220107769
590 647303933178
591 648081580300
592 649412072904
593 651881260684
594 661552557134
595 665010152906
596 666103122625
597 669042809776
598 669997403817
599 670527749834
600 671869624000
601 675044617650
602 679376760552
603 689167946435
604 692407107348
605 696247889473
606 696842643757
607 697013365664
608 700873264676
609 719977689760
610 720409761814
611 722872873580
612 723196882251
613 724423846224
614 727094271830
615 728294597730
616 730028455000
617 738015564860
618 743247957932
619 747158280000
620 749795998680
621 753234032657
622 754441991113
623 755277139669
624 760044703125
625 760613807811
626 761370859622
627 762696924248
628 764883179775
629 765633114527
630 766837579785
631 769073088487
632 770502647277
633 772399201392
634 773247781863
635 774101661623
636 779369813871
637 783510935248
638 788637789195
639 790896755740
640 794023739805
641 794981434025
642 797242759421
643 803390512097
644 811494037464
645 824608612511
646 834064253918
647 834262861916
648 839013941598
649 840135131216
650 841553922153
651 848344561680
652 852794173777
653 853538994580
654 862362413549
655 864505387620
656 865128854239
657 868766435250
658 869192294992
659 871432506933
660 882834328064
661 884864992589
662 885294996309
663 886229353125
664 890453515140
665 890811273625
666 891210209993
667 894743347024
668 896977989998
669 900305428608
670 902354107775
671 907524347175
672 909042368418
673 911649565769
674 914944095333
675 918548468712
676 928860445831
677 931022361024
678 931440580120
679 932198234420
680 952508253992
681 958813888955
682 962760657034
683 964596165959
684 966105005292
685 969078263949
686 971327601061
687 972347849928
688 972886399375
689 974784362496
690 976176051795
691 978770499972
692 982103288308
693 983695029750
694 984103023475
695 985517397876
696 987691421893
697 991525163562
698 994015893798
699 994112714616
700 1001721592520
701 1002292972414
702 1006849277189
703 1011685817765
704 1014668171790
705 1016674171711
706 1018666582016
707 1023704233815
708 1024767638278
709 1037378776434
710 1037403895094
711 1039887639864
712 1061914038887
713 1063208210738
714 1064761788167
715 1066426927670
716 1071613706545
717 1078100488927
718 1078845285420
719 1081390448046
720 1082241549587
721 1083247109269
722 1085960794732
723 1087616189439
724 1089612108929
725 1092160927615
726 1094961947456
727 1095452262965
728 1104198720975
729 1109474033856
730 1117186683810
731 1118425537125
732 1132678169440
733 1152633982310
734 1153919777093
735 1158617876688
736 1159052051852
737 1162060349719
738 1182169074029
739 1186351936000
740 1190565351656
741 1192497116111
742 1206973535580
743 1207817084808
744 1217999337984
745 1219027686272
746 1222427917398
747 1233054975999
748 1251398230845
749 1286408349833
750 1288007089215
751 1288559035116
752 1290587823308
753 1296250157370
754 1300499323200
755 1301758029665
756 1306383764840
757 1306746386670
758 1325220643656
759 1331713362924
760 1337522183809
761 1337612827235
762 1337850066618
763 1343179444607
764 1347293831939
765 1358570752000
766 1362456466118
767 1371975819192
768 1375324818815
769 1376076317088
770 1378570381405
771 1378677994836
772 1379821245998
773 1386043862796
774 1391425514060
775 1403000409370
776 1405273776246
777 1407420281099
778 1408222046216
779 1414471967975
780 1416618931889
781 1418564671020
782 1423316592368
783 1423428839826
784 1427282548655
785 1433948043803
786 1437951148383
787 1443215907069
788 1444862008279
789 1445061367568
790 1448381932791
791 1450081575518
792 1456190968024
793 1475695461919
794 1481616842810
795 1488313879183
796 1493028727960
797 1498614538134
798 1504188061622
799 1506868788152
800 1506878616474
801 1510156006768
802 1513485466256
803 1514516660172
804 1515037180000
805 1518793809741
806 1532873795059
807 1534107534960
808 1534127048619
809 1553770889216
810 1560633792324
811 1561449608144
812 1562586851424
813 1568960210700
814 1574520948464
815 1580867824400
816 1583283732480
817 1583616616050
818 1583994656191
819 1585761968735
820 1595271729687
821 1595704025695
822 1604996211665
823 1608031918189
824 1608269446376
825 1608856934400
826 1625455980002
827 1635445162728
828 1637092849777
829 1637356769586
830 1640577411720
831 1646842214105
832 1653757499651
833 1656950987328
834 1660381391025
835 1661471647495
836 1664153447067
837 1666460865134
838 1673022960399
839 1676861195008
840 1682183421230
841 1685646441117
842 1702190821823
843 1705237318055
844 1711289591480
845 1715107706604
846 1732393895246
847 1736736168750
848 1740744211648
849 1742456463390
850 1749893617554
851 1750994534718
852 1788821448700
853 1809337765625
854 1809560443185
855 1824170934241
856 1827095459912
857 1828402462986
858 1867784015149
859 1872601853213
860 1873850458424
861 1880874552452
862 1882950620383
863 1883533819167
864 1883704423912
865 1902972767520
866 1904832233301
867 1913895683204
868 1933102251250
869 1946093371794
870 1947275196425
871 1947510134554
872 1950875240373
873 1951021704302
874 1959564953600
875 1962070942578
876 1962646496622
877 1965169802175
878 1967351462032
879 1970747499831
880 1982796869240
881 1988384079374
882 2010391169584
883 2012854667850
884 2015344198104
885 2018677302407
886 2038597936684
887 2047974969195
888 2048782614008
889 2057989770643
890 2067562011339
891 2080068051202
892 2081948866815
893 2087222390063
894 2088093832111
895 2096339119875
896 2103123298364
897 2105718199171
898 2107056393749
899 2111256990679
900 2111691677712
901 2118097667022
902 2120024600649
903 2122444502049
904 2136548863449
905 2139954081675
906 2151324076867
907 2152196307260
908 2154406414719
909 2157772972095
910 2171075387040
911 2174575147227
912 2178777125700
913 2182646527424
914 2182981263950
915 2187696216075
916 2190275295250
917 2203945385249
918 2219706572096
919 2221128204075
920 2222446340660
921 2228667058125
922 2231107183340
923 2232917251250
924 2246129535815
925 2252246670176
926 2263451297643
927 2275732446207
928 2280984475951
929 2281195814248
930 2283218576400
931 2287931702252
932 2290693984830
933 2297342243977
934 2303567227411
935 2311014769920
936 2319618109312
937 2323575351680
938 2330999737632
939 2333041023845
940 2338676430334
941 2345247769632
942 2353536186624
943 2366220780000
944 2368230740480
945 2372762265104
946 2374430898545
947 2375948859894
948 2385943466764
949 2390164356226
950 2398781584388
951 2400801053913
952 2401364351568
953 2406010303312
954 2411777832715
955 2414079652868
956 2418695498168
957 2419083937500
958 2419354868392
959 2421720465957
960 2428765858794
961 2435862642975
962 2438670961712
963 2446407074474
964 2447869038318
965 2453408270495
966 2474296232765
967 2477854707216
968 2496034589450
969 2503453616657
970 2504162556181
971 2529934143026
972 2545995222029
973 2554368446259
974 2566465633405
975 2571748595130
976 2572545688580
977 2575830340992
978 2587123923175
979 2587644870176
980 2590000374533
981 2614617097087
982 2630354616882
983 2644485352552
984 2649468389490
985 2658827576171
986 2663761290210
987 2676252735494
988 2688885504000
989 2689070155485
990 2695803186519
991 2696682246724
992 2700185149683
993 2704365589600
994 2727067299881
995 2727778564055
996 2729345577237
997 2729837774125
998 2730426690524
999 2732790071803
1000 2746625711071
1001 2749637760255
1002 2755653295264
1003 2761400566308
1004 2767451572872
1005 2774881183750
1006 2776098360741
1007 2787325768354
1008 2791551626722
1009 2791845973926
1010 2796231187279
1011 2798578811589
1012 2803052476124
1013 2805393999105
1014 2821365259440
1015 2821485602711
1016 2839427349560
1017 2842490811535
1018 2853769407683
1019 2868052511232
1020 2868639670088
1021 2869099970995
1022 2870160116560
1023 2876740854239
1024 2893658872819
1025 2901540071403
1026 2903773828384
1027 2905195160574
1028 2911103684910
1029 2918413382578
1030 2928019674368
1031 2946202780625
1032 2955902360648
1033 2959104660500
1034 2963688420209
1035 2964093397689
1036 2966718804530
1037 2973378432355
1038 2974170471840
1039 2979677167600
1040 2985565838640
1041 2986987378125
1042 2988589550610
1043 2999493793548
1044 3002396057289
1045 3022650277239
1046 3024186748799
1047 3042759704009
1048 3046415367455
1049 3047338816500
1050 3051274932579
1051 3060142271004
1052 3090596917105
1053 3095959284287
1054 3099309020800
1055 3101949887322
1056 3109890509286
1057 3118372324144
1058 3122843293477
1059 3127681508094
1060 3145614954713
1061 3168208971704
1062 3169459935542
1063 3171035379631
1064 3197352201599
1065 3208701462459
1066 3223676643624
1067 3225283935543
1068 3225963511232
1069 3226800959515
1070 3234526011404
1071 3243398591520
1072 3250545259019
1073 3251696017014
1074 3256116434518
1075 3265839623391
1076 3271498658855
1077 3276372567968
1078 3277883854167
1079 3278147591250
1080 3294110000925
1081 3296768344235
1082 3317041941842
1083 3325934233819
1084 3327107438542
1085 3333204950670
1086 3351876701903
1087 3354200203860
1088 3359096168891
1089 3363108849936
1090 3368375230341
1091 3377904152804
1092 3403105834106
1093 3412855074109
1094 3428675988650
1095 3444781313175
1096 3451910309259
1097 3455890763335
1098 3475021315925
1099 3485032141150
1100 3488273335040
1101 3501880889264
1102 3503657112032
1103 3527605976967
1104 3532124926736
1105 3532817367507
1106 3533501778770
1107 3534811159054
1108 3537740619765
1109 3538693682784
1110 3544743499264
1111 3553824668888
1112 3565173805263
1113 3581084634711
1114 3591136632138
1115 3595735644990
1116 3611036745811
1117 3613085434595
1118 3613544383554
1119 3616995855087
1120 3626472860407
1121 3632106255584
1122 3638125811944
1123 3646598108699
1124 3650438984625
1125 3651313937948
1126 3654105941850
1127 3654564605451
1128 3660315560607
1129 3678623116740
1130 3687588221370
1131 3706900506881
1132 3711135139425
1133 3729884721471
1134 3743546777817
1135 3744608729225
1136 3764754426580
1137 3775599436279
1138 3790736367176
1139 3793146478208
1140 3828574829790
1141 3828859306737
1142 3842560286855
1143 3846208736815
1144 3852037771191
1145 3853096190625
1146 3872411430309
1147 3895300230569
1148 3898731474077
1149 3920418242559
1150 3921157724009
1151 3925948575529
1152 3929153393570
1153 3932365898096
1154 3933135041724
1155 3953900440671
1156 3961869298247
1157 3979329628156
1158 3988236548653
1159 3994004049515
1160 3996823811176
1161 3999196506476
1162 4003773191055
1163 4004430711750
1164 4008531511250
1165 4026458122592
1166 4027153036725
1167 4031842719141
1168 4036235476910
1169 4040264908267
1170 4042913705974
1171 4072423590773
1172 4084380307839
1173 4104071168598
1174 4110032268680
1175 4113264634655
1176 4143970592289
1177 4145296123800
1178 4154280497874
1179 4171402371552
1180 4177420190735
1181 4185731802932
1182 4187157233270
1183 4207611280960
1184 4243746361555
1185 4246084723608
1186 4250732934720
1187 4251744902222
1188 4264882419651
1189 4290180415110
1190 4306155603525
1191 4310803334700
1192 4341295098300
1193 4341480689084
1194 4341838271900
1195 4347396353195
1196 4356207926533
1197 4357489083714
1198 4364609600726
1199 4369249044342
1200 4378027783436
1201 4387994267183
1202 4399606399355
1203 4404664320829
1204 4405310016141
1205 4408457886320
1206 4421395670471
1207 4430047715500
1208 4432582338639
1209 4471548398100
1210 4498773523112
1211 4518323781048
1212 4523083602262
1213 4528182414755
1214 4532075356817
1215 4545164350935
1216 4554458221867
1217 4555706049062
1218 4559515028488
1219 4561049548599
1220 4583313209969
1221 4593467085515
1222 4595933317673
1223 4596326726556
1224 4614593390630
1225 4639156766245
1226 4640951748492
1227 4670464390174
1228 4671616894475
1229 4677851539305
1230 4684793571920
1231 4686757192063
1232 4713323847148
1233 4725394829947
1234 4727424042774
1235 4729846301019
1236 4734711990843
1237 4763145634831
1238 4776213557024
1239 4780057981560
1240 4788354226375
1241 4805618448124
1242 4832172425784
1243 4833260742660
1244 4858031258419
1245 4860302544019
1246 4870713422223
1247 4873383133698
1248 4879962162251
1249 4881672876357
1250 4885908335208
1251 4887044747568
1252 4892861317500
1253 4908402364580
1254 4916521856987
1255 4922942257298
1256 4935122435997
1257 4936917912875
1258 4963395269898
1259 4964119792268
1260 4967299544812
1261 4972254746984
1262 4978568374416
1263 5014211963776
1264 5035397113264
1265 5041599486763
1266 5053774488867
1267 5058222224192
1268 5058478302944
1269 5061603198636
1270 5068806670227
1271 5095458610021
1272 5099858496964
1273 5102528609375
1274 5113175405450
1275 5131493854695
1276 5135676457379
1277 5140717931273
1278 5163702802454
1279 5169625324235
1280 5173228207611
1281 5195748912064
1282 5200465625657
1283 5216985282417
1284 5228637549464
1285 5235123838604
1286 5249443247091
1287 5268988900527
1288 5274022947336
1289 5274870682499
1290 5304622609377
1291 5310971495126
1292 5318862549003
1293 5329140922175
1294 5336051818654
1295 5351430383565
1296 5363522027477
1297 5376335505538
1298 5396972225337
1299 5400427275999
1300 5402284256040
1301 5437329383903
1302 5449285477988
1303 5453623082160
1304 5472630804112
1305 5473549133744
1306 5479219245148
1307 5482872557624
1308 5504984621147
1309 5510735726335
1310 5516683850613
1311 5524036345421
1312 5527003902000
1313 5529814983264
1314 5538920858750
1315 5565489502701
1316 5574901014144
1317 5595824817349
1318 5610996143639
1319 5613475189875
1320 5622147307636
1321 5652258769905
1322 5667172136262
1323 5685839033489
1324 5712356187824
1325 5735357784030
1326 5736105492480
1327 5767945879956
1328 5791416946315
1329 5796694471104
1330 5805307601575
1331 5812303804425
1332 5829741282570
1333 5837078462852
1334 5850964388940
1335 5854399486914
1336 5868626844838
1337 5892695191119
1338 5897212493501
1339 5912745430218
1340 5925626981624
1341 5925724458480
1342 5943026151495
1343 5948512923183
1344 5950475649800
1345 5974818504731
1346 6021568868934
1347 6022034887905
1348 6032993291633
1349 6034261834678
1350 6049788839936
1351 6104359364853
1352 6110407473120
1353 6120518281689
1354 6128571580550
1355 6149158350480
1356 6155385787749
1357 6156755300876
1358 6162531720084
1359 6171122255401
1360 6188546807040
1361 6196841993388
1362 6213312123347
1363 6214944431035
1364 6219920984584
1365 6222867293055
1366 6228884327996
1367 6235371076494
1368 6251117862548
1369 6251352863969
1370 6256701008613
1371 6257874589837
1372 6261951828000
1373 6266876624955
1374 6298355597445
1375 6306464343662
1376 6323155034687
1377 6325126898896
1378 6325239805325
1379 6335743760764
1380 6350333538747
1381 6352038614965
1382 6354342606150
1383 6371699408179
1384 6377099543936
1385 6405082146397
1386 6456713132789
1387 6463036885304
1388 6474860952156
1389 6507343411020
1390 6517275096503
1391 6517330184255
1392 6532632118044
1393 6560546089383
1394 6609457651502
1395 6609474250659
1396 6644976341822
1397 6656989698537
1398 6659838491250
1399 6678699884493
1400 6679516703808
1401 6684576250968
1402 6702085881960
1403 6718275607494
1404 6720955659824
1405 6721684106813
1406 6724529935109
1407 6734125362879
1408 6764243934714
1409 6794283316265
1410 6812781325134
1411 6813742047750
1412 6824442859884
1413 6845759173935
1414 6853889917160
1415 6877169936289
1416 6885964112352
1417 6887887739829
1418 6894571454019
1419 6897739735656
1420 6917391828204
1421 6946644171665
1422 7001082126544
1423 7023973882963
1424 7031822781895
1425 7055421902328
1426 7067337203175
1427 7081857812820
1428 7090408736384
1429 7137064719928
1430 7142772729984
1431 7155845406052
1432 7161526146000
1433 7193752194926
1434 7194934215369
1435 7209870653823
1436 7223574253433
1437 7229089115094
1438 7232447083464
1439 7236899920634
1440 7240818431132
1441 7244098209182
1442 7248115010499
1443 7250518984840
1444 7258430658830
1445 7262689772470
1446 7275239000952
1447 7276642995072
1448 7347913575000
1449 7392304276336
1450 7433735532608
1451 7441548560775
1452 7449702998956
1453 7453508593758
1454 7474475977331
1455 7479430040625
1456 7481801446715
1457 7512715862168
1458 7543227037148
1459 7590343800480
1460 7613480246692
1461 7617397785426
1462 7627815917806
1463 7632123869756
1464 7634762877492
1465 7652660275310
1466 7675524960558
1467 7681982525100
1468 7717216784024
1469 7736158801845
1470 7745217767880
1471 7752356276074
1472 7756512884875
1473 7756717921064
1474 7758975785694
1475 7771561168594
1476 7780009943712
1477 7815910705134
1478 7828621960430
1479 7835660364108
1480 7843470135255
1481 7852125913632
1482 7859499868386
1483 7888091477952
1484 7905543314174
1485 7908163606166
1486 7925413140149
1487 7956160407734
1488 7957415159940
1489 7996475171855
1490 8064550084074
1491 8086880371311
1492 8125943273005
1493 8129139468268
1494 8143124968825
1495 8173711052906
1496 8208987095144
1497 8239508740149
1498 8244964007125
1499 8250198458030
1500 8256282266375
1501 8261886412582
1502 8268585302835
1503 8270926000231
1504 8285683867950
1505 8293093721796
1506 8298414165768
1507 8299696017423
1508 8329144176682
1509 8330031893735
1510 8349822784330
1511 8358508815419
1512 8375253306875
1513 8394896941431
1514 8401232364778
1515 8402540873552
1516 8404640225761
1517 8412470942127
1518 8432668018467
1519 8450742049749
1520 8454280747657
1521 8502482221883
1522 8524624463891
1523 8538672848375
1524 8557262205612
1525 8559787237749
1526 8573985349731
1527 8616324204880
1528 8621119259919
1529 8627303366604
1530 8666294759198
1531 8716516441750
1532 8731548961696
1533 8743384470589
1534 8772215639040
1535 8773464652101
1536 8774497685567
1537 8788380301250
1538 8814040288584
1539 8817143116903
1540 8828658056439
1541 8847534525680
1542 8883773960212
1543 8987991116009
1544 9000825888009
1545 9001500807168
1546 9003174985350
1547 9014310874568
1548 9014874142567
1549 9021724585497
1550 9022445900756
1551 9072764110192
1552 9081008825670
1553 9092981356250
1554 9093126693285
1555 9099299246375
1556 9105432462977
1557 9135371187964
1558 9136644448177
1559 9173668663525
1560 9176438836224
1561 9195811272816
1562 9246756771437
1563 9253757448180
1564 9281268751689
1565 9295896438009
1566 9299918199365
1567 9300923193528
1568 9309638817499
1569 9339861361687
1570 9367371689670
1571 9386673743169
1572 9398927796695
1573 9408279678141
1574 9416436964284
1575 9419189504660
1576 9424691120354
1577 9454402769364
1578 9457070863464
1579 9497129309597
1580 9515225004780
1581 9517687692795
1582 9535188039264
1583 9540498068435
1584 9554472935189
1585 9590754605040
1586 9592880908338
1587 9631769158473
1588 9649279943791
1589 9650275498125
1590 9659519801159
1591 9691757057565
1592 9743809589774
1593 9744267427595
1594 9753174994329
1595 9774934522236
1596 9836607991899
1597 9839361284445
1598 9844117984063
1599 9868341088995
1600 9872663227679
1601 9873999229500
1602 9908025621767
1603 9915527689900
1604 9935023400400
1605 9939798985479
1606 9985034913894
1607 9985936015439
1608 9994072419600
1609 9995262479179
1610 10009272948951
1611 10015937216339
1612 10054780530928
1613 10059251732128
1614 10066266677609
1615 10076150966763
1616 10085423855625
1617 10110956218960
1618 10115429572976
1619 10126379783585
1620 10126661759165
1621 10129045087674
1622 10143276584880
1623 10162295503294
1624 10175129317411
1625 10180032059824
1626 10182361844382
1627 10193442586206
1628 10224674345654
1629 10224752548296
1630 10243133679864
1631 10289100624225
1632 10301452990130
1633 10328736894720
1634 10348987279824
1635 10354659060656
1636 10422448872103
1637 10428466373170
1638 10462550429696
1639 10466199890615
1640 10467914062500
1641 10494600520460
1642 10500554441711
1643 10539445017585
1644 10546359824000
1645 10548387297973
1646 10580976302953
1647 10598515303950
1648 10624193320845
1649 10669114346009
1650 10676768194442
1651 10682320842764
1652 10687865378775
1653 10706094892559
1654 10715067110863
1655 10719003689940
1656 10724992092398
1657 10755241044504
1658 10761943520655
1659 10835997526244
1660 10837142765624
1661 10864246788754
1662 10876488946036
1663 10889468816128
1664 10935777521984
1665 10936482091510
1666 10944877366800
1667 10957578579804
1668 10993220202087
1669 10996311099392
1670 11002576475184
1671 11038757616656
1672 11091237494089
1673 11118848246130
1674 11125333131288
1675 11150485865225
1676 11161405472139
1677 11163137013360
1678 11195207044801
1679 11211707240370
1680 11217031229140
1681 11218413589767
1682 11231424385207
1683 11291689327538
1684 11292731564814
1685 11295915678320
1686 11315870444691
1687 11319472930590
1688 11327543549189
1689 11338396056767
1690 11343799155941
1691 11403365162406
1692 11410310270589
1693 11412835805474
1694 11415224778096
1695 11428357067764
1696 11441937023924
1697 11446330067027
1698 11448990099519
1699 11454448297545
1700 11465771069759
1701 11467859030694
1702 11472391801871
1703 11483520144481
1704 11504126769564
1705 11512656074647
1706 11553821472468
1707 11569963706691
1708 11585260816584
1709 11602379371230
1710 11610681391494
1711 11615644058928
1712 11670946913624
1713 11714129932175
1714 11770493759430
1715 11777068249650
1716 11785087057419
1717 11795090942481
1718 11805721302879
1719 11810228275439
1720 11823522813693
1721 11826641028920
1722 11876762246428
1723 11877903756540
1724 11886298723628
1725 11905710066470
1726 11933753056000
1727 11933995014192
1728 11940188197624
1729 11956152813227
1730 11984673173888
1731 12068608718062
1732 12094002615695
1733 12116897921249
1734 12135336871077
1735 12159779031504
1736 12172469531856
1737 12206458306558
1738 12241985096592
1739 12255670535714
1740 12264262642709
1741 12267523620884
1742 12274919054475
1743 12290821243499
1744 12292304371776
1745 12303364466418
1746 12325750808196
1747 12351059284853
1748 12352136242210
1749 12382675892444
1750 12434832397955
1751 12440609927615
1752 12476324827230
1753 12479375027435
1754 12494316727470
1755 12506930774505
1756 12507567716322
1757 12530640210605
1758 12570979738365
1759 12613273311710
1760 12626922342400
1761 12641218704875
1762 12662221818311
1763 12695288815595
1764 12697003343949
1765 12703823615973
1766 12720959770131
1767 12774337555968
1768 12777522829315
1769 12799578231400
1770 12801349543120
1771 12804766247692
1772 12805844907180
1773 12825859488708
1774 12828529642613
1775 12832697165499
1776 12957374155903
1777 12984432513460
1778 13012564286604
1779 13016149348950
1780 13055150026656
1781 13055650403328
1782 13084069838203
1783 13085692047615
1784 13142497299788
1785 13143525965824
1786 13153382803869
1787 13155653489040
1788 13179442059750
1789 13189223099808
1790 13194197559647
1791 13216962548041
1792 13227181327359
1793 13244060163600
1794 13248605009211
1795 13258441506387
1796 13284119875455
1797 13348867511889
1798 13351351542740
1799 13361454050134
1800 13363896251255
1801 13365521197375
1802 13372694437095
1803 13377429952799
1804 13447273953471
1805 13461554095479
1806 13464716497046
1807 13468681043497
1808 13470494010029
1809 13494625599000
1810 13494871883097
1811 13504543010948
1812 13505998765352
1813 13508465130654
1814 13519166103624
1815 13519459386000
1816 13521705663620
1817 13559044463079
1818 13615551768865
1819 13616568709551
1820 13616868123199
1821 13617211099570
1822 13666334921226
1823 13672019924045
1824 13706893315080
1825 13707158334408
1826 13723134549075
1827 13742491860779
1828 13743675962124
1829 13745104805600
1830 13793813237087
1831 13826411685113
1832 13837828608512
1833 13847674982698
1834 13906596915419
1835 13916925940080
1836 13943879049987
1837 13966256315529
1838 13986847850448
1839 13988746010056
1840 14019393657880
1841 14046532214175
1842 14052073760424
1843 14067708937640
1844 14085126148760
1845 14086868154119
1846 14097646873453
1847 14156960040052
1848 14188206440694
1849 14198950670800
1850 14203535328809
1851 14209364379600
1852 14226837183216
1853 14244447863199
1854 14256208323032
1855 14260769269824
1856 14277201969152
1857 14290357294080
1858 14311683881624
1859 14328825708176
1860 14343108522974
1861 14349581805448
1862 14382721570743
1863 14385768916406
1864 14400869629089
1865 14402261376593
1866 14407237142424
1867 14408836531795
1868 14441169688335
1869 14453396109944
1870 14548193144576
1871 14548640365599
1872 14564935432337
1873 14590949545375
1874 14607765998924
1875 14617252762192
1876 14642760111616
1877 14670530224493
1878 14675351180390
1879 14687640078460
1880 14688709674625
1881 14706409826263
1882 14740027041689
1883 14752290897102
1884 14773831652814
1885 14876551104765
1886 14876858487095
1887 14900477318804
1888 14920741596928
1889 14934781299459
1890 14937020433236
1891 15001164981725
1892 15017813752455
1893 15036618763904
1894 15037395987159
1895 15047884309224
1896 15074251566479
1897 15138545419161
1898 15145780153845
1899 15162819075294
1900 15185871911385
1901 15227278051479
1902 15233698365184
1903 15242780018466
1904 15278392494335
1905 15290713481814
1906 15318240424464
1907 15350666582348
1908 15389313723343
1909 15403495786140
1910 15413993723082
1911 15469670449050
1912 15506534266893
1913 15576326778960
1914 15583533017514
1915 15647989660026
1916 15653227023784
1917 15664359669325
1918 15667835638973
1919 15671486547365
1920 15696119765095
1921 15729619402562
1922 15764161105224
1923 15775351459376
1924 15784501493956
1925 15788558520670
1926 15796456020057
1927 15811747590834
1928 15815174704493
1929 15815402332095
1930 15816507287746
1931 15819543319524
1932 15833203998770
1933 15877375760896
1934 15905569798195
1935 15942175438280
1936 15948417634565
1937 15953535289406
1938 15997452557414
1939 16011077601113
1940 16013839860551
1941 16072961051975
1942 16075835307519
1943 16098269036024
1944 16131075109174
1945 16142377288988
1946 16188516873073
1947 16197611478312
1948 16206785236729
1949 16217665589102
1950 16271530266617
1951 16278764906250
1952 16279766177740
1953 16292143976460
1954 16295865119754
1955 16299927126572
1956 16327047621555
1957 16382271212956
1958 16396737588672
1959 16404006853478
1960 16430751553317
1961 16441371231791
1962 16444452997440
1963 16464231891118
1964 16482454819280
1965 16482935585739
1966 16493220628750
1967 16543852071679
1968 16559228667080
1969 16571096075516
1970 16577793454898
1971 16577908861909
1972 16593578054637
1973 16649130024254
1974 16705458150345
1975 16733308873982
1976 16753723440383
1977 16766335078514
1978 16793161608981
1979 16820131520825
1980 16855635052256
1981 16871534564247
1982 16874333508483
1983 16884508741170
1984 16894684092416
1985 16940622161406
1986 16952233055852
1987 16957080334061
1988 16968711226544
1989 17019968678369
1990 17056004229432
1991 17100170419115
1992 17100384957386
1993 17111728999025
1994 17123183003024
1995 17161583659766
1996 17180057006794
1997 17181016143225
1998 17181178748409
1999 17191490224531
2000 17203012152997
2001 17267232081918
2002 17278751631434
2003 17279421396665
2004 17302974106327
2005 17317388202075
2006 17331194856358
2007 17333247335999
2008 17363320155505
2009 17370557643075
2010 17374800299868
2011 17440810183576
2012 17445283007294
2013 17536411693119
2014 17546391301824
2015 17548786923752
2016 17601444872478
2017 17628013876464
2018 17662969636656
2019 17676070884000
2020 17709493117932
2021 17709933984624
2022 17723274614463
2023 17727864380604
2024 17742298370500
2025 17742479099675
2026 17749470529601
2027 17753429280125
2028 17754390186651
2029 17756118152080
2030 17778545561205
2031 17787726515789
2032 17822954329856
2033 17876089733150
2034 17887740158809
2035 17909520284825
2036 17937758528000
2037 17946912860273
2038 17956266413625
2039 18016023831048
2040 18037962699119
2041 18047013811920
2042 18057862913195
2043 18092874773646
2044 18107359590319
2045 18216998547430
2046 18220681857924
2047 18242747108999
2048 18262609677950
2049 18265895031922
2050 18272460991025
2051 18335161865625
2052 18354014079323
2053 18386515712509
2054 18402405323072
2055 18417991631463
2056 18455992897509
2057 18471800812850
2058 18485746465830
2059 18487407704832
2060 18539617517465
2061 18613549411468
2062 18617272391376
2063 18642481967680
2064 18646342363259
2065 18655695312500
2066 18700407088353
2067 18711586051785
2068 18712955161440
2069 18758887350924
2070 18770640736144
2071 18770943873066
2072 18806719498000
2073 18818197817169
2074 18933818326016
2075 18939445860352
2076 18943130740981
2077 18960311247570
2078 18997850385900
2079 19028007424647
2080 19064575867505
2081 19067132813589
2082 19086741435818
2083 19087671296000
2084 19096539627519
2085 19101041554356
2086 19104150511908
2087 19110778378125
2088 19169715745431
2089 19225376888425
2090 19259080862889
2091 19274830520839
2092 19284951943550
2093 19306777518035
2094 19367537653599
2095 19385515986095
2096 19418394861524
2097 19437055295217
2098 19441761948050
2099 19534781818628
2100 19551637162612
2101 19566292714272
2102 19621428704415
2103 19641857557504
2104 19671267707741
2105 19704998655588
2106 19800670214479
2107 19811265478735
2108 19855281322016
2109 19937569821192
2110 19953506655835
2111 19963571903748
2112 19994629653999
2113 20004808695093
2114 20016718665878
2115 20028542480934
2116 20071102196231
2117 20074986483739
2118 20092526768204
2119 20092573420072
2120 20095065280511
2121 20118806411913
2122 20141462826796
2123 20195853167923
2124 20198911626678
2125 20231363257567
2126 20251088150712
2127 20259032291679
2128 20267708849514
2129 20295222154560
2130 20366596309004
2131 20406897746057
2132 20434681937517
2133 20515003944656
2134 20544740156160
2135 20607901399534
2136 20613408329881
2137 20633952306752
2138 20654202121355
2139 20684934115076
2140 20697991017821
2141 20723244854400
2142 20777457891906
2143 20806519440725
2144 20904718333830
2145 20904759213803
2146 20915301805328
2147 21016478738178
2148 21027614564719
2149 21035462427624
2150 21047813090345
2151 21068333570564
2152 21113592838586
2153 21115518404973
2154 21131108498870
2155 21141627380181
2156 21159080139869
2157 21218966977923
2158 21246009515015
2159 21276525211695
2160 21284276624910
2161 21302173813529
2162 21312190269566
2163 21322377982290
2164 21323071731070
2165 21370013949025
2166 21383697037849
2167 21442629880619
2168 21459035061311
2169 21465102755999
2170 21465341370278
2171 21477902036409
2172 21529773054636
2173 21558996152590
2174 21564195206925
2175 21649615267925
2176 21679213067799
2177 21716410627039
2178 21720953070080
2179 21727937836990
2180 21738338149500
2181 21747390413814
2182 21758632805006
2183 21794464767998
2184 21830548956383
2185 21843413524200
2186 21852246829424
2187 21883256203810
2188 21902206726400
2189 21959158957104
2190 21973414056704
2191 21980761663314
2192 21988417583428
2193 22056733639326
2194 22083100786340
2195 22114758961438
2196 22170664077128
2197 22191102071895
2198 22220702981035
2199 22262062162289
2200 22268763302071
2201 22271757162533
2202 22279288936805
2203 22304743709183
2204 22313511743523
2205 22412573016356
2206 22447355520339
2207 22453706456860
2208 22461705602181
2209 22487654111132
2210 22489881948647
2211 22498254134459
2212 22576960324334
2213 22592419426315
2214 22608265593968
2215 22615759800832
2216 22628553025056
2217 22652878800112
2218 22680778807658
2219 22730717520633
2220 22739268786479
2221 22744386053312
2222 22757239133238
2223 22759395438250
2224 22784947154012
2225 22826113466247
2226 22834804648875
2227 22837597261251
2228 22931431874067
2229 22966322539776
2230 23048538221797
2231 23052833170016
2232 23070576765129
2233 23099767217280
2234 23122400048184
2235 23149039264351
2236 23209989260733
2237 23215302866576
2238 23217843539795
2239 23223838108198
2240 23255073794925
2241 23321692115952
2242 23371179803969
2243 23422396971164
2244 23437825816671
2245 23470364931024
2246 23483406809901
2247 23500885046160
2248 23502005044752
2249 23512231819104
2250 23523707243169
2251 23550832057424
2252 23560853880025
2253 23582053317511
2254 23663359396864
2255 23675760595250
2256 23683377989751
2257 23764017302784
2258 23792349097034
2259 23861691634560
2260 23919756918455
2261 23944442364465
2262 23958647619750
2263 23973753024298
2264 23976710134075
2265 23996820392201
2266 24078026363235
2267 24119906750550
2268 24188522621270
2269 24215024418750
2270 24230594415023
2271 24303098315292
2272 24349212826587
2273 24393201839838
2274 24429624729344
2275 24432264035244
2276 24450327025963
2277 24468258032732
2278 24477169004109
2279 24506134274709
2280 24560992237215
2281 24573582860346
2282 24613098914271
2283 24642665643449
2284 24646144256000
2285 24650173579712
2286 24669814780731
2287 24677834338664
2288 24680521706958
2289 24728804459776
2290 24755184693875
2291 24802935016917
2292 24846881201652
2293 24885647837560
2294 24899447772935
2295 24915293304640
2296 24925957593642
2297 24940997112016
2298 24954786412908
2299 24969791795344
2300 25012065189369
2301 25020319398655
2302 25036648000000
2303 25056294221511
2304 25069226817901
2305 25157745460782
2306 25174445393479
2307 25201551016152
2308 25209655380179
2309 25238386277005
2310 25244462615413
2311 25305807743799
2312 25374857441856
2313 25406522195813
2314 25451652223431
2315 25462627092780
2316 25517853591012
2317 25572389512141
2318 25586256972810
2319 25653319794095
2320 25666309330344
2321 25724463889140
2322 25727124373183
2323 25742604315285
2324 25778123556254
2325 25878959722426
2326 25881892792650
2327 25910474833325
2328 25930147764135
2329 25938594965660
2330 25941075333090
2331 25976464080169
2332 26004298022270
2333 26006213301646
2334 26039526992673
2335 26060654040259
2336 26111709557010
2337 26126119688998
2338 26148964156217
2339 26158189273116
2340 26180339148725
2341 26191133133253
2342 26194967922446
2343 26219865689094
2344 26228019371481
2345 26241476875600
2346 26256385761671
2347 26285474834944
2348 26286913111315
2349 26318016184108
2350 26318849800788
2351 26344306367500
2352 26344446755418
2353 26392265459560
2354 26418653783848
2355 26447414717024
2356 26584908236859
2357 26658662297390
2358 26675716403200
2359 26685735040041
2360 26688596500995
2361 26702826989300
2362 26716944420396
2363 26730846222250
2364 26790551818900
2365 26816297291225
2366 27017614873600
2367 27055042924247
2368 27077361864469
2369 27085230330796
2370 27138611485215
2371 27156220331431
2372 27169741131359
2373 27169998666300
2374 27178151633765
2375 27202736218144
2376 27234426621440
2377 27236835181164
2378 27238259259560
2379 27298038079620
2380 27309866720004
2381 27397686216101
2382 27403615834484
2383 27453701418829
2384 27486338593406
2385 27492577886714
2386 27505720617564
2387 27563351474343
2388 27575173781792
2389 27618965226272
2390 27629345398347
2391 27708596079633
2392 27734965197218
2393 27765464965420
2394 27768717732216
2395 27783058335835
2396 27784409724414
2397 27832398739704
2398 27841939704150
2399 27851826909783
2400 27902980700555
2401 27908918895704
2402 27921529660128
2403 27921934772095
2404 28007442388662
2405 28008612236475
2406 28044886798019
2407 28052260929230
2408 28077096244967
2409 28107886900744
2410 28115868997047
2411 28124509295788
2412 28164064061925
2413 28174949190192
2414 28186953183389
2415 28329613163171
2416 28332749360114
2417 28373267258512
2418 28379046636654
2419 28398991789116
2420 28433168724399
2421 28473719268624
2422 28523315706544
2423 28566790311648
2424 28580164033432
2425 28604824227217
2426 28721799914612
2427 28745605726980
2428 28773462963699
2429 28848265647454
2430 28898040102181
2431 28907818195594
2432 28942733489766
2433 28952728317019
2434 28971382168649
2435 29012589693555
2436 29014613614964
2437 29058384668255
2438 29125990651128
2439 29207595536704
2440 29215962663905
2441 29260507405745
2442 29282861616020
2443 29297009476928
2444 29326796716178
2445 29328414315331
2446 29334916908864
2447 29404460803374
2448 29416340993490
2449 29419190973794
2450 29427340335084
2451 29441154638709
2452 29487600374535
2453 29525647640256
2454 29535421570242
2455 29544246656175
2456 29545218726750
2457 29548588627444
2458 29553657374534
2459 29558741129580
2460 29559911246709
2461 29578492282375
2462 29808742677544
2463 29809437518459
2464 29837036286988
2465 29840659107049
2466 29886734410676
2467 29961629651408
2468 30023454437648
2469 30093716672000
2470 30159825825283
2471 30162677446575
2472 30184003414224
2473 30319814250000
2474 30342645149069
2475 30346117126676
2476 30415029148394
2477 30423525174552
2478 30441434652625
2479 30444765790956
2480 30467169341985
2481 30531435388620
2482 30557468212005
2483 30564326287656
2484 30591733883787
2485 30599013273998
2486 30605521137310
2487 30628438102665
2488 30670931560104
2489 30711957774784
2490 30761197728117
2491 30765804522354
2492 30806081564160
2493 30833526765060
2494 30846452453179
2495 30918532563996
2496 31094759702864
2497 31096671157728
2498 31103977993920
2499 31121260027740
2500 31157995791650
2501 31287345633845
2502 31324654737153
2503 31325571217944
2504 31347467077871
2505 31438477680427
2506 31507296008395
2507 31515568861399
2508 31518139501458
2509 31528181724480
2510 31554318522094
2511 31602651912674
2512 31632446156960
2513 31701971503125
2514 31744032488000
2515 31811123364668
2516 31860374143499
2517 31939132318949
2518 31939689613440
2519 31949734110879
2520 31984463690421
2521 32001484077549
2522 32014892594839
2523 32020621605609
2524 32032789313824
2525 32041826283648
2526 32053966680736
2527 32070932884151
2528 32112516610942
2529 32133452313199
2530 32163080926126
2531 32228235635127
2532 32315625572944
2533 32331748996359
2534 32341038232885
2535 32344563815125
2536 32367647283455
2537 32389442330656
2538 32413764865405
2539 32468006123775
2540 32491829673332
2541 32500409575311
2542 32518519772928
2543 32528827268894
2544 32538438574122
2545 32631139052424
2546 32771624595975
2547 32828219151220
2548 32836185021000
2549 32897707785728
2550 32912893998371
2551 32983535996069
2552 32993802174660
2553 33150608689505
2554 33181835994952
2555 33187811785320
2556 33244381800664
2557 33290105366299
2558 33328228210833
2559 33369983514750
2560 33413697317501
2561 33461618653344
2562 33473943657441
2563 33487628256224
2564 33489265004065
2565 33511141757831
2566 33571240983791
2567 33586207353864
2568 33600946060942
2569 33608924114895
2570 33645193473500
2571 33702816042035
2572 33708163132963
2573 33711387826360
2574 33717235587243
2575 33741444452994
2576 33766905732075
2577 33774391941749
2578 33831776457423
2579 33856977579768
2580 33955059730006
2581 33962898532848
2582 33976475638611
2583 33981089917126
2584 33999138446150
2585 34050186499975
2586 34077851546266
2587 34111925849430
2588 34128177665148
2589 34128874486550
2590 34144960399004
2591 34201500842390
2592 34221590417624
2593 34229161301755
2594 34286763541651
2595 34388151605504
2596 34395988246641
2597 34413096676667
2598 34429025686211
2599 34458410427675
2600 34480084259673
2601 34498723863175
2602 34517692758367
2603 34531812679707
2604 34546298498187
2605 34561667820106
2606 34570145170481
2607 34579968066521
2608 34583577773984
2609 34586633191175
2610 34598712892304
2611 34613321811700
2612 34661915853965
2613 34669215921249
2614 34686847939655
2615 34720734078440
2616 34783273642754
2617 34793560734884
2618 34893664257375
2619 34961342206208
2620 34997948254346
2621 35065365582164
2622 35130694747135
2623 35202477514326
2624 35343562384735
2625 35440107785607
2626 35444705387805
2627 35452732466580
2628 35462567001378
2629 35507235945600
2630 35542639394304
2631 35587544560323
2632 35600831922071
2633 35607419209246
2634 35615043613312
2635 35623506854884
2636 35632295127083
2637 35662135406625
2638 35723923027956
2639 35735867769590
2640 35898338632826
2641 35912440765840
2642 35931948695120
2643 35954159832476
2644 35982736301853
2645 36268719134171
2646 36322848028763
2647 36348390670634
2648 36426904936367
2649 36426966582204
2650 36444089770704
2651 36494371751278
2652 36525820847214
2653 36532668561693
2654 36538812568696
2655 36583957153080
2656 36683719571600
2657 36721405456384
2658 36778139646500
2659 36809001087768
2660 36812927223320
2661 36843058346068
2662 36949428772560
2663 36955248276436
2664 37002315771239
2665 37131783371851
2666 37181248003653
2667 37217829801789
2668 37250036136299
2669 37292366479158
2670 37441539708165
2671 37528477105583
2672 37579945516181
2673 37669591281951
2674 37701170967382
2675 37734784115340
2676 37767117338209
2677 37801778662361
2678 37945376119790
2679 38014970337669
2680 38091749671350
2681 38194129646694
2682 38274183248962
2683 38304064838532
2684 38387601321952
2685 38390321342163
2686 38406155186234
2687 38426271705042
2688 38492899042149
2689 38579311783424
2690 38625303789225
2691 38647551786859
2692 38705354346260
2693 38743226831384
2694 38744278166318
2695 38794323519545
2696 38816637529455
2697 38880109684395
2698 38974454356249
2699 39015658639980
2700 39029507869739
2701 39064569907796
2702 39075844775940
2703 39078249172074
2704 39129493991050
2705 39132182520895
2706 39170748739968
2707 39244555818933
2708 39405628564488
2709 39461157212316
2710 39692235455019
2711 39731150384640
2712 39759094679353
2713 39880313428856
2714 39933527838371
2715 39947781538665
2716 39964848066475
2717 39967936216271
2718 39990631236101
2719 40052880653754
2720 40116562325146
2721 40129541225926
2722 40142135731488
2723 40169256613134
2724 40206635115760
2725 40241967891748
2726 40249085560319
2727 40316532098798
2728 40381123302448
2729 40448728620050
2730 40486013159584
2731 40493584398299
2732 40537849827199
2733 40599023445375
2734 40621789548931
2735 40713243738209
2736 40714136412207
2737 40729076103240
2738 40797685346671
2739 40799253185790
2740 40932482922443
2741 40956774178271
2742 41004376536009
2743 41027657887386
2744 41077135447040
2745 41084722904393
2746 41107691930799
2747 41108179360181
2748 41160958020005
2749 41198600613809
2750 41203410494142
2751 41287675483091
2752 41362237052928
2753 41368635971126
2754 41393962938150
2755 41456345382363
2756 41593773609765
2757 41602404042240
2758 41610691225065
2759 41640711646820
2760 41667719693600
2761 41710208832018
2762 41731641242393
2763 41861737627138
2764 41874839976255
2765 41908972638950
2766 41918198773248
2767 41936819747922
2768 41941853626192
2769 41963527704684
2770 41984356390040
2771 41986441496053
2772 42053353478057
2773 42064124180013
2774 42107263449215
2775 42145678446872
2776 42161861247687
2777 42292743866721
2778 42295512862971
2779 42299877999743
2780 42368828542584
2781 42372027966269
2782 42427691648580
2783 42470917763560
2784 42516757932803
2785 42640263305936
2786 42651312251742
2787 42691379151190
2788 42701907303278
2789 42721463557920
2790 42726366113750
2791 42746760680140
2792 42761233721481
2793 42911000688644
2794 43000685305854
2795 43009594137754
2796 43040388710823
2797 43049051682956
2798 43129230948500
2799 43130218864238
2800 43138873633632
2801 43209755316461
2802 43237786891791
2803 43239642095871
2804 43240045320647
2805 43273955470330
2806 43302995343560
2807 43340233095040
2808 43361821089145
2809 43379164685192
2810 43422451332850
2811 43452536968603
2812 43533517378427
2813 43555342014599
2814 43593328152279
2815 43617631443750
2816 43734021730399
2817 43741247792094
2818 43770093114608
2819 43783642490825
2820 43851325308597
2821 43905344170499
2822 43911051730852
2823 43959636147790
2824 43960777665441
2825 43961456104470
2826 43989902748090
2827 43996691574216
2828 44016231229404
2829 44139806737539
2830 44191958104700
2831 44200325159679
2832 44234085289614
2833 44260425246583
2834 44328749245550
2835 44337637803549
2836 44568115533409
2837 44570664242168
2838 44604119342360
2839 44620144138053
2840 44622366435500
2841 44624800953207
2842 44627651832924
2843 44641891465897
2844 44650112601379
2845 44668314774063
2846 44703475904219
2847 44749676888730
2848 44766283916444
2849 44834036036184
2850 44849779788574
2851 44900154651988
2852 44903676677184
2853 44910453900690
2854 44963901383246
2855 44973347240871
2856 44990865192124
2857 45024433036622
2858 45093736211999
2859 45105874876208
2860 45155893590382
2861 45167050193045
2862 45173632322280
2863 45182224320110
2864 45304947093559
2865 45360521225194
2866 45437978453949
2867 45482270463440
2868 45488222787161
2869 45620328512612
2870 45626880667750
2871 45686158976728
2872 45766487777625
2873 45779707307909
2874 45806480018733
2875 45861062628745
2876 45885865856011
2877 45919321096700
2878 45945634759871
2879 46021069801629
2880 46030435782700
2881 46108012688320
2882 46128492943675
2883 46143111408880
2884 46177763259266
2885 46203612617546
2886 46240946656050
2887 46264457764850
2888 46273572150000
2889 46293479640909
2890 46300889847421
2891 46306014557301
2892 46308059281776
2893 46310528746090
2894 46328710837450
2895 46386902002623
2896 46505367470087
2897 46605449425059
2898 46606508280045
2899 46610987265813
2900 46731325721619
2901 46752787435200
2902 46805520225734
2903 46818306942064
2904 46854991769902
2905 46878695500000
2906 46980114883191
2907 47088746992625
2908 47103363243750
2909 47106767191561
2910 47180405954896
2911 47217543245994
2912 47264296244522
2913 47293771527287
2914 47306483658969
2915 47320909488308
2916 47342287079780
2917 47367082523646
2918 47372283118719
2919 47441178666308
2920 47488814315495
2921 47555479040000
2922 47593879746479
2923 47646188956400
2924 47656377147500
2925 47719021387360
2926 47731636588428
2927 47751103144884
2928 47751845385510
2929 47766699389100
2930 47870240077847
2931 47877956976199
2932 47893666847839
2933 47944685922750
2934 48043212336730
2935 48060632674560
2936 48137573036272
2937 48183218237856
2938 48208497297919
2939 48266977187974
2940 48323641670039
2941 48415624237440
2942 48494095579629
2943 48508260639369
2944 48537515976172
2945 48552973361855
2946 48595701480768
2947 48595924237710
2948 48666926038652
2949 48668779762442
2950 48682188756810
2951 48731228331356
2952 48739999620591
2953 48763664078720
2954 48766378603529
2955 48806088123971
2956 48814201940809
2957 48818559324600
2958 49032275313024
2959 49115434801700
2960 49164825082208
2961 49189502090574
2962 49226326194915
2963 49242474125680
2964 49247402008959
2965 49262586430995
2966 49309608412376
2967 49335313971450
2968 49374063269244
2969 49402420618887
2970 49407438362345
2971 49408103202470
2972 49426394437252
2973 49456273033216
2974 49475649528584
2975 49531747850675
2976 49672044381519
2977 49672848202791
2978 49689534706079
2979 49718596483600
2980 49800388316070
2981 49808997463865
2982 49818637474464
2983 49946368697974
2984 49986269335877
2985 49997535128624
2986 50053223391338
2987 50170110680846
2988 50208976147720
2989 50224716541469
2990 50241999241070
2991 50345796579975
2992 50369669894533
2993 50375307307499
2994 50478243599765
2995 50478288739095
2996 50517110690508
2997 50594497728346
2998 50623338718492
2999 50635854945735
3000 50717172953475
3001 50738876625929
3002 50754985311086
3003 50791297460585
3004 50823167864526
3005 50952973171039
3006 50956793990977
3007 50971966529360
3008 50986913384701
3009 51000790864020
3010 51038976283877
3011 51126127127854
3012 51146239777875
3013 51170748160225
3014 51172901647116
3015 51187869289004
3016 51208303473162
3017 51244951430036
3018 51270471378207
3019 51274807477247
3020 51345703918743
3021 51376588804692
3022 51377906966312
3023 51440145146285
3024 51466702450625
3025 51543933531524
3026 51554842830311
3027 51562491198775
3028 51589257742534
3029 51631473135424
3030 51652447665602
3031 51713610616304
3032 51750542935608
3033 51787150058896
3034 51814798890530
3035 51836676503820
3036 51846008256350
3037 51918912316799
3038 51924286327246
3039 51980878028079
3040 52129808164574
3041 52148811856021
3042 52168144505424
3043 52180739595561
3044 52228937730375
3045 52341595561008
3046 52366615820288
3047 52367820565896
3048 52423994710815
3049 52505216720370
3050 52535910160600
3051 52633171302712
3052 52671801302432
3053 52719851263841
3054 52759545250554
3055 52763636716335
3056 52788153848286
3057 52854527453535
3058 52896834002271
3059 52905417354271
3060 52915452557535
3061 52935405094585
3062 52981927488468
3063 53125792458284
3064 53132205449829
3065 53145921713808
3066 53162280733627
3067 53274103900402
3068 53478306818206
3069 53536914404494
3070 53536987431016
3071 53613553629090
3072 53738828073489
3073 53814512407605
3074 53824227016359
3075 53850053986792
3076 53935475138952
3077 53988178371610
3078 54083867905088
3079 54248790354884
3080 54252079506499
3081 54270857500415
3082 54304696130695
3083 54415896689375
3084 54425546674876
3085 54471928349664
3086 54496990959819
3087 54554040827389
3088 54613413949184
3089 54637302733642
3090 54691151672952
3091 54745787327231
3092 54820821247745
3093 54860720131468
3094 54978078514710
3095 55181207375602
3096 55192941920754
3097 55330241873619
3098 55389583522560
3099 55566098120322
3100 55579639002020
3101 55644044465230
3102 55653285345714
3103 55700393481221
3104 55856256233940
3105 55879163708465
3106 55882484115535
3107 55892392482975
3108 55931807574934
3109 55946121635376
3110 55974025051776
3111 55985884460450
3112 56002094013914
3113 56018330988300
3114 56024050085745
3115 56160711051263
3116 56197652650605
3117 56364669367653
3118 56369569437000
3119 56371893465950
3120 56406122227520
3121 56510573082944
3122 56546614730309
3123 56575934928549
3124 56622609972224
3125 56641298400466
3126 56707635883040
3127 56744639181146
3128 56881963348749
3129 56885437946414
3130 57000852921195
3131 57232158016734
3132 57309853605983
3133 57315189480046
3134 57332088950954
3135 57354074539250
3136 57358467709374
3137 57389385675258
3138 57682179253764
3139 57744062098827
3140 57744633280529
3141 57845611828074
3142 57892925674125
3143 58003304604138
3144 58035659031315
3145 58076422195792
3146 58078462791335
3147 58088911742970
3148 58110783813277
3149 58177116562732
3150 58243842063810
3151 58304394648255
3152 58317707916715
3153 58322384898447
3154 58328726334440
3155 58408608256075
3156 58474791371171
3157 58486837864530
3158 58615509737560
3159 58622026666944
3160 58703071811120
3161 58741657459786
3162 58793174433863
3163 58874790667072
3164 58956354066043
3165 59045545072832
3166 59187057467219
3167 59208150155220
3168 59294829151999
3169 59342568329646
3170 59349328766675
3171 59424440306296
3172 59444609116743
3173 59569255090674
3174 59596816135989
3175 59655415727075
3176 59666972343550
3177 59697928302606
3178 59822694424268
3179 59901184376670
3180 59901823665326
3181 59937399847430
3182 59942599775289
3183 59957811296578
3184 59982034281890
3185 60028129564031
3186 60166710314327
3187 60184656492622
3188 60231694718845
3189 60318310205130
3190 60384276643584
3191 60402726745107
3192 60426809747540
3193 60512634158639
3194 60546651553674
3195 60553952603214
3196 60644737337335
3197 60734941916011
3198 60753595440890
3199 60815957109907
3200 60816873619523
3201 60817470640927
3202 60882868827696
3203 61011926442585
3204 61034478211784
3205 61140713192016
3206 61306589491200
3207 61309648147618
3208 61322386904583
3209 61476638578553
3210 61503457123002
3211 61556625104592
3212 61613263334187
3213 61667233145136
3214 61734348421624
3215 61753150284138
3216 61793114986820
3217 61858972011984
3218 61888195887765
3219 61891154436540
3220 61971135044601
3221 61981321018348
3222 62018410020405
3223 62020865978085
3224 62068522855957
3225 62083830708718
3226 62122661370125
3227 62145792774715
3228 62287304035566
3229 62354323348086
3230 62415230248060
3231 62526785746581
3232 62530703045408
3233 62644238181520
3234 62714786333386
3235 62780441982020
3236 62801283020314
3237 62905071214908
3238 62919031827500
3239 62930225268960
3240 62935084729659
3241 62961265479056
3242 62994257666046
3243 63006962057155
3244 63095077642935
3245 63208288563639
3246 63261693577719
3247 63348233574977
3248 63350329660110
3249 63453140922560
3250 63472447890200
3251 63525860222469
3252 63538599372482
3253 63581005387934
3254 63610849626184
3255 63673772607093
3256 63697301145147
3257 63706987551655
3258 63709601791247
3259 63724918819041
3260 63726132928750
3261 63744928768087
3262 63753825871021
3263 63780871548912
3264 63785422425087
3265 63799682013375
3266 63827488319264
3267 63832006650419
3268 63923539693617
3269 63923769702331
3270 63982670052860
3271 64015543190527
3272 64045424775592
3273 64075427848760
3274 64075759814339
3275 64091916575035
3276 64102509506911
3277 64175841855099
3278 64208712837434
3279 64226037064750
3280 64436037279363
3281 64459304407890
3282 64617869468230
3283 64641647532657
3284 64698861374576
3285 64788657228181
3286 64805880833231
3287 64852096512873
3288 64883639406653
3289 64888714961000
3290 64892779882450
3291 64960737791074
3292 64996276758569
3293 65008271488124
3294 65077088517581
3295 65146252583204
3296 65176715899750
3297 65242339916490
3298 65267372968484
3299 65292110163302
3300 65302773058775
3301 65343137175954
3302 65405000944800
3303 65414722806159
3304 65424477096960
3305 65497734536351
3306 65512631655380
3307 65553588083334
3308 65847553128581
3309 65869545500325
3310 65882215781452
3311 65945067620004
3312 65953021087359
3313 65988202695000
3314 66004744200934
3315 66029614905033
3316 66040398274994
3317 66047531970552
3318 66159152847774
3319 66175506133339
3320 66182845768704
3321 66186188934849
3322 66242292614316
3323 66276307552007
3324 66281852424195
3325 66303845969445
3326 66355520550634
3327 66390290264486
3328 66412312392546
3329 66501714234187
3330 66575826619379
3331 66591902204316
3332 66648549454616
3333 66696677229727
3334 66709878241157
3335 66728783661711
3336 66770119207774
3337 66802366251432
3338 66814926886008
3339 66863186398305
3340 66886328519660
3341 66891112016447
3342 66964224986045
3343 67007366900716
3344 67033687722274
3345 67139983898910
3346 67149738537267
3347 67260193136730
3348 67497139968960
3349 67570426596610
3350 67585386498674
3351 67587184173739
3352 67657895426224
3353 67687819517604
3354 67762450291275
3355 67792213406250
3356 67806511835789
3357 67891731778353
3358 67901547197172
3359 67932778093498
3360 67943309195787
3361 67961857165654
3362 68004126294635
3363 68136754560164
3364 68195588706700
3365 68247473361249
3366 68277963956438
3367 68319984410720
3368 68352117179675
3369 68397875673750
3370 68483490347593
3371 68531228592579
3372 68538760465994
3373 68584964825625
3374 68728614428160
3375 68834430556385
3376 68838205870590
3377 68862370364326
3378 68894844331994
3379 68914167568012
3380 68915728766079
3381 68916321602492
3382 69065696917224
3383 69070330957263
3384 69118943182549
3385 69235005490000
3386 69317366640898
3387 69326435792925
3388 69379524135000
3389 69419440918048
3390 69619331730374
3391 69707736248759
3392 69759604029999
3393 69773009822100
3394 69774619245329
3395 69809439815399
3396 69813811000625
3397 69825302581455
3398 69861071344489
3399 69888174963867
3400 69958060769175
3401 69973947976032
3402 70003505350660
3403 70015808947668
3404 70121886622186
3405 70134840769916
3406 70147880366267
3407 70258303347920
3408 70259745112062
3409 70290836888885
3410 70322365299303
3411 70342420518776
3412 70378426495147
3413 70463254616784
3414 70485732096615
3415 70538606172108
3416 70603709991386
3417 70619232518226
3418 70788819017419
3419 70789289897095
3420 70857960760424
3421 70901502884113
3422 71064374512305
3423 71246030135436
3424 71349935705552
3425 71367827914804
3426 71374640125222
3427 71414507726287
3428 71429296400490
3429 71448471750728
3430 71507409001924
3431 71549349879369
3432 71666076166894
3433 71804030588400
3434 71819831554353
3435 71891071789842
3436 72000528734160
3437 72017888190534
3438 72049744255950
3439 72068891453416
3440 72288227692128
3441 72300594522065
3442 72427851643785
3443 72568451000500
3444 72571877172249
3445 72616209735032
3446 72683386732384
3447 72761603771807
3448 72788609139961
3449 72819366954333
3450 72832531271807
3451 72857431045052
3452 72956142164035
3453 73037065359950
3454 73130310017375
3455 73150241514623
3456 73189333343054
3457 73238377347894
3458 73285361206587
3459 73496281559838
3460 73564814235598
3461 73591739626443
3462 73637179294562
3463 73797408803979
3464 73803590387163
3465 73858727489850
3466 73886829903464
3467 73914516156822
3468 73960881069257
3469 73961629485845
3470 74016483474388
3471 74018357811034
3472 74055236051357
3473 74058141073049
3474 74073959754506
3475 74129128179425
3476 74164555088503
3477 74223406337563
3478 74249771919590
3479 74254380538806
3480 74260484312104
3481 74317465149450
3482 74325100915359
3483 74482112276480
3484 74487608271153
3485 74559986750969
3486 74589224000000
3487 74633958649665
3488 74635241944268
3489 74661907606154
3490 74672513620419
3491 74766756321908
3492 74778572676600
3493 74786291832549
3494 74885510206485
3495 75021460989048
3496 75041467595500
3497 75082104342062
3498 75166370564008
3499 75169899445895
3500 75214706775120
3501 75242862763649
3502 75307121625722
3503 75341367900656
3504 75345860836961
3505 75346051243359
3506 75353711294268
3507 75357275449520
3508 75357722986139
3509 75360473655803
3510 75383415112673
3511 75395165438016
3512 75601766368503
3513 75670564715240
3514 75743901597330
3515 75814626216887
3516 75839169340674
3517 75847387216230
3518 75851563675090
3519 75979662094775
3520 75992552182475
3521 76036039529289
3522 76104801910755
3523 76161425826095
3524 76177931618417
3525 76210691169042
3526 76273546405265
3527 76302507621705
3528 76312875858784
3529 76374623310318
3530 76458471630463
3531 76508662968842
3532 76637431611400
3533 76748766133119
3534 76763701794911
3535 76861111863928
3536 76915192431528
3537 76997688940749
3538 77065746019224
3539 77134466993165
3540 77392269870951
3541 77395750495521
3542 77533100298360
3543 77684944851564
3544 77747427434690
3545 77848272239367
3546 77966830427850
3547 78070801632305
3548 78088279757892
3549 78166998350349
3550 78220964600033
3551 78453568364916
3552 78568178507500
3553 78801600909605
3554 78908602257590
3555 79032698091060
3556 79169935178750
3557 79234889817940
3558 79237783273734
3559 79260274663292
3560 79268787752926
3561 79384236832224
3562 79385990226960
3563 79481103808689
3564 79600158837990
3565 79651985861679
3566 79676521546149
3567 79717341315672
3568 80010393993900
3569 80074627206709
3570 80077189184658
3571 80098103252125
3572 80101954461876
3573 80571803698529
3574 80595556117153
3575 80657101257557
3576 80657133492320
3577 80755725101176
3578 80779422005970
3579 80810354059574
3580 80847371905638
3581 80861689867315
3582 80871903361820
3583 80938983422192
3584 81083163532756
3585 81092810297408
3586 81107614196649
3587 81134486028978
3588 81275054134603
3589 81328083234125
3590 81343355537238
3591 81343745425874
3592 81379455889248
3593 81380227570152
3594 81405606854240
3595 81416208611664
3596 81625471829769
3597 81775648191384
3598 81783561061456
3599 81808789776024
3600 81913930477275
3601 82006205876850
3602 82037075606406
3603 82115189362638
3604 82238497991298
3605 82245128328513
3606 82254993863075
3607 82335029859180
3608 82344992011449
3609 82349697171692
3610 82379184324723
3611 82383911110623
3612 82575389844700
3613 82594328728284
3614 82773272953362
3615 82816575641356
3616 82846368316064
3617 82886703329375
3618 82928049967404
3619 82937200604542
3620 82986540087880
3621 83024555866350
3622 83036497620987
3623 83067342654283
3624 83074252614353
3625 83079687439455
3626 83250260024678
3627 83279858619468
3628 83334480018152
3629 83351334530893
3630 83450599526021
3631 83515102132229
3632 83536772516799
3633 83545941292483
3634 83562971862173
3635 83654136398314
3636 83685282510249
3637 83735156671353
3638 83778801310728
3639 83908072309515
3640 83973846116979
3641 83980527032635
3642 83986343825288
3643 84053197684152
3644 84058226703176
3645 84071097438227
3646 84108287511962
3647 84179985331335
3648 84240160598064
3649 84270712570560
3650 84315593772774
3651 84387115897908
3652 84597026016192
3653 84622069195584
3654 84761701370485
3655 84813288288175
3656 84869422171301
3657 84951673133379
3658 85095734701059
3659 85106025410511
3660 85149399064160
3661 85260990317931
3662 85272903023000
3663 85379193316954
3664 85421410654216
3665 85429500606912
3666 85501651476825
3667 85535174078783
3668 85703100752190
3669 85802275579734
3670 85822705335883
3671 85855207700779
3672 85874494862422
3673 85887749968290
3674 85911085929697
3675 85986082554890
3676 86078045234961
3677 86104751230147
3678 86142873330136
3679 86250624991630
3680 86298126422529
3681 86310216909476
3682 86314142204927
3683 86346334533680
3684 86377870221621
3685 86609904656184
3686 86711381364454
3687 86730867024032
3688 86749326018662
3689 86785538895301
3690 86825566901472
3691 86899263282656
3692 86953986080856
3693 86959062439392
3694 86998160870061
3695 87072891669387
3696 87151195567295
3697 87157770124810
3698 87349512043945
3699 87412394270500
3700 87591533314040
3701 87630030284720
3702 87724634246084
3703 87750174521279
3704 87822860450149
3705 87836459347620
3706 87872562653750
3707 87919869405120
3708 87926319662270
3709 87988861697703
3710 88060216429238
3711 88069973904549
3712 88094369683916
3713 88156743470614
3714 88300707655433
3715 88338240903809
3716 88338914192330
3717 88398428229540
3718 88507390273600
3719 88547192284264
3720 88716052218269
3721 88793535759748
3722 88797857847075
3723 88802951718472
3724 88908066089138
3725 88914720785352
3726 89007031533960
3727 89072978747445
3728 89096378723786
3729 89107237715261
3730 89108886229535
3731 89141679290064
3732 89234080513494
3733 89300156453330
3734 89305614758646
3735 89320145608539
3736 89361777881075
3737 89507562720300
3738 89765344501344
3739 89792918824960
3740 89804097931470
3741 89921690307009
3742 89943670902119
3743 90034388487292
3744 90160638654639
3745 90193247938489
3746 90210749692049
3747 90244872413120
3748 90254362467528
3749 90375378669198
3750 90407234570105
3751 90528802372501
3752 90533724616582
3753 90538333474874
3754 90587581562880
3755 90591505853715
3756 90629204670734
3757 90669514537126
3758 90771053124348
3759 90833548455119
3760 90881276255126
3761 90949821661224
3762 90972959018347
3763 90975561354964
3764 90979157189192
3765 91003496501850
3766 91109206981259
3767 91281063749484
3768 91281868657343
3769 91311616767690
3770 91336357789326
3771 91371987216824
3772 91414321886744
3773 91476813458029
3774 91538852030635
3775 91651562319320
3776 92005718596168
3777 92015041547355
3778 92031972563135
3779 92097578172865
3780 92166901904914
3781 92174382611061
3782 92275257265571
3783 92297218306985
3784 92312431572277
3785 92313652566737
3786 92348541724460
3787 92377296501776
3788 92395247962635
3789 92546438039029
3790 92733249814480
3791 92842465133621
3792 92899995982017
3793 92929512471705
3794 92945309322165
3795 92957336401280
3796 92964598105239
3797 93041143953472
3798 93096677181369
3799 93218756928342
3800 93271807720647
3801 93460553216024
3802 93505240138493
3803 93542974459792
3804 93600007751250
3805 93646918133390
3806 93797588057229
3807 93827396710866
3808 94056904873984
3809 94116703647648
3810 94122055438298
3811 94183011633600
3812 94186449602399
3813 94309847449405
3814 94327068649120
3815 94348903678084
3816 94534602180057
3817 94721612216890
3818 94769465345139
3819 94816821357076
3820 94850091561153
3821 94986318972948
3822 95043715149906
3823 95095178134776
3824 95245127128320
3825 95274156170368
3826 95281738211900
3827 95283595531757
3828 95325640690055
3829 95331659494302
3830 95441140726965
3831 95456470714284
3832 95477933634525
3833 95488630967570
3834 95513094885386
3835 95524940486624
3836 95540638417696
3837 95557688466918
3838 95638077320843
3839 95703738433065
3840 95773623054725
3841 95806565535072
3842 95826541410940
3843 95866496750493
3844 95984152989749
3845 96016797558604
3846 96032616281616
3847 96229457320105
3848 96278814700050
3849 96336437566710
3850 96341357751125
3851 96560439517349
3852 96579237614496
3853 96584623534229
3854 96691156092029
3855 96710245972659
3856 96803530050427
3857 96817843819719
3858 96830231195425
3859 96833048192426
3860 96932722957875
3861 96951095958674
3862 97026870203637
3863 97035300189324
3864 97098878616350
3865 97126633091644
3866 97157765261072
3867 97169364046674
3868 97189751035124
3869 97223908413617
3870 97240457726207
3871 97276901248152
3872 97330995344417
3873 97400420687856
3874 97679318949980
3875 97737019696448
3876 97901755887949
3877 97938866906000
3878 98114692652404
3879 98145565910796
3880 98253553735643
3881 98497451361855
3882 98620814394027
3883 98712007005614
3884 98797575702159
3885 98847579617505
3886 98853349894089
3887 98990302128080
3888 99127784306719
3889 99193303680432
3890 99319679372358
3891 99407500555569
3892 99416553051240
3893 99481854706080
3894 99613340016443
3895 99627981939824
3896 99768449102580
3897 99893482892034
