1 67
2 104743
3 8609
4 281
5 521
6 1163
7 1436471
8 12391
9 136343
10 1483
11 23663
12 727
13 10453
14 2029
15 135481883
16 7429021
17 2059324621
18 6864415403
19 3716857
20 9629
21 451358821
22 51782483
23 62504399
24 439322585771
25 63337
26 128110399
27 42209
28 59569669
29 111486983
30 10936129
31 31585821557
32 524640139
33 13122371
34 40277
35 93755653
36 163587755574241
37 4191472039
38 130130893
39 39490356709
40 19712801
41 1354901677
42 385592203
43 2020979761
44 354083873710271
45 1812445061103197
46 2301707
47 36541471
48 286440879323
49 1263533128311943051
50 1547778355933
51 4469632310778281
52 18260607198941
53 248709508560523061
54 14121786571
55 574330792709437
56 4876434999803
57 421058491691
58 295371889067
59 17995235177216317
60 30190018212466692631211
61 5175431693565718736779
62 86310816288839
63 591457033571
64 2676175150151
65 115929669935872099703849
66 231060223333
67 32158166431
68 179735922381197053804417
69 3415778017576798681
70 38932120663
71 14268267069030412271242949
72 52728327129133958903
73 1251857
74 24792404310212735806213
75 29683850038783
76 8488679947881264156269
77 5359457427283658243645207
78 297057210253
79 929430934382383198123
80 78943961439290460579711611
81 8460363619
82 55579966258866665336647
83 180758870549851826987
84 911568966217498436357
85 319854623675972495320531
86 693822133231783
87 128551566202598492035571
88 349168654160567
89 9724885566614161825525050166477
90 5542520771413337
91 1923263468760526026268439353
92 129665140888188824340334002219691
93 6520714287391928087
94 16224733806642664669
95 10809214519
96 2068320286404884325756881
97 21232837952803
98 4551414934223
99 8502737327199217
100 123468944432669999417
101 838756167059
102 1343932954686115710967
103 57368073789747989
104 106520954076596812447
105 4681238026210367723
106 136628252014577
107 980507846913270322150168750323420869
108 9795250083876376119989
109 208139952632663232677
110 1740476481023657441
111 10694198158637548117084909
112 292623527249328960084457
113 318698599620118001
114 239952791084553721
115 2250936490893538031257
116 83199605168913288512786976226115033
117 833788607642025940456606883911
118 5421309242886442790499611831
119 204722850464268302225914952635247
120 57746459135503851098063
121 164994133832579809
122 2137937065868963
123 52911010162064528343913
124 21854611628955626524704470489527
125 114122946143307970898149
126 214223538935603749859
127 3435275970948592549841927184251683
128 39558779979294700363
129 879181718042313957059015251859659663
130 35572802128051391072581
131 130885384078430488057810512944863801
132 6045865786264785307
133 109966978939081599554020343
134 136548822697659877
135 138142307873488082602811
136 5473209972177161195013511
137 771311094523164014461
138 43178586640326456683293907
139 5984727243123684898209442974630344377
140 36497492511686878377700446257175777808860490411
141 6966208721490398317668054811
142 78408167280143976690121871328031884903641
143 67379986175421929312677746936324512877896289989
144 4952109206620976857
145 4566116831837452608340249
146 14342939736868905486827857
147 60364307881790352549051216921865015878581
148 27586254387024345792483350906533070707
149 1507408659149004144685488901
150 18797247338429002640158384261
151 5633579862686644044091402747932834282599
152 69826635531183199536958069037100277545704533
153 32082392657976182084987
154 17803823856584464429912667
155 36348583293687281269
156 37906270215120150758212977048390961
157 58577134757042724768023912961067880191383210601309
158 1586694944199223637593020487
159 51005402649853470527
160 1822399747996884770560743958788778494843033218707391
161 1929950546315315928125339
162 112980087599063813553118096140027583128452481301
163 131212781855775703480373565032792051628698391746932151
164 25063013915581925407836011
165 531449279345777970568167572287541650116983
166 238495887758224957573
167 158807695453289925614123572118440711697
168 51686467731427693304245955209205271469
169 2043650770362056220183591164349437
170 1334180586962162096225766773694471163879
171 433021877863156699016712047
172 16133295005734927569023515192780527188064261749
173 11148381678921356516888730091329976009891662087856453
174 2395003686744349
175 30393914856423338583773445744389284689769
176 76883182426105559795449660451
177 64632932848448291211022897726032942204899
178 47857567762366753931339697769
179 1317606994348249359329383107091510703
180 18599004825831537913315030283006967511372113141398401
181 10964135207519675543987082991720905286904771
182 383662700277167266514269
183 31820073543663585879597969854986136153689
184 970806981346772164467400356002162942765683
185 25257656584308488401729640106075062010825722046117499141
186 233480246698281951119625051950248414133405651823277064029153
187 20573693300516166587310084684534573208017053431690635815653
188 34498549252340547266687233
189 1246694674600440237025943829369068465319130336090249709
190 13693935928789263992829389016765339874999631
191 3773811230944693771271
192 2923249145924195669563898252410278968401
193 6390167688368050766104246017232606813343539
194 5147850411226807112093
195 42582679369459438268119030388333667783898609711142231
196 3019894508041008688360645183507
197 136763875880023191024613659247
198 1931377644697171646183205525078608437944990520327
199 1475591885664388918725687492964841
200 2968970256801610507854487440542333
201 691705380508786296305478992263258688034721647027917023357644901
202 10222721884965327867686027105927381562585527800956100133
203 208153501970321105182663837
204 8587385621566890044945195918821
205 1278257894054554582500121812832702845786649252362066017
206 194457333726686016820660808954554154962946755175730397689780067
207 1787338388675679542166413154077
208 21050943091410970821717632179
209 24928014796550363264036243388152237
210 71974565891196494675603582327514747329565113228177
211 37681636243421556615001
212 17559577868634285236723132761109372909
213 42265048353757339917730441343941
214 611039739026247575444546435038181574504756644856580783
215 318192988331032573670321019259465313525978538822343712800188748549829
216 65170814876600307328618832510312819228778863155921
217 17196706601725140809774148285016269393137
218 1528798885240957313739443288997767627
219 23269052083784009811706424678266520226390944157083166102593032483
220 2573712801363257613841
221 2316652171956225529312716205499730431491483567106665921294453
222 176480997428243898164409078713212457
223 49543763003580812685877891
224 2038045891310225105602481596679056133
225 335145084314248264914857
226 13892882364316363809256807453
227 50329516911683546328869149052834395553744802431
228 15706285255564883325821
229 49910221190395052547904628038716239300587
230 618471629508081267813538334835859931611
231 152832138312129168956494427105626635100524537174050769113
232 556694605465416849197524162972488499063474084830977519202504439
233 10825115588812817206441630162069
234 5445690358510049224511381423489234264534607706146574051
235 112077065198253018632530415055347600675534818793
236 36482112358973376859196104391376523807944390662607859937
237 35217009043228994750315828443302142275503274491
238 928813705317296620486864622753964572444790093999156819596074696558689551
239 128702886904633472900462174292778630548191352833
240 328845087687939268467611821951721776676344432931
241 90584581758310237199812801933
242 7308836622095500056448638417548965113212259851806701941671
243 65098530746459770313220426459922119879397151896280939669653054279155458401
244 68608259415431141288558963579081157738886879060648043161
245 6661231383554358230183200114742703903312974960938031497553280472960471847
246 6281869672104759351368205765160271914918019493310443519625210949227476203
247 5548827835501606503969805224838271003953283
248 251618198115214093820525375724179285559324836862781343669723
249 431809886660375676078184093
250 1039685837654419601236922301192012811
251 10158754481266242378133849111123
252 8219986796013233321348791
253 394612987513270233917778018815663
254 56560546919900915731374670397849262953
255 1674779358925934485848472585920339880133289419251937
256 85517594630145497757398581913739415686603770186207
257 82317955640250692881745561067874678098410671101834603843115536739275413
258 129889560234637937097291512930097955563439188073
259 532120088068018453891216231512021132067231665799922378969310863224765172699
260 1553425058541837083956552042039028582718728904931676265317
261 96319576724863905676785059741820049831
262 4961982333407968465438982347459426357249278125067263865629
263 1328264625513981277249728404354061445475897001698661328219
264 33959894505587301358746174609433981
265 30210613939265119874297308889575548375464650157314765509625944467
266 940190369775315869127255160614137930728088595887
267 84785977109293843236372860397345718715327737
268 21167677188430512591823
269 14455231587068133811247818506601522220264340034650343679052746449125839591119207307
270 307743748579220366766692283189422573987283894630169757319018323
271 12258802925240926571260697864611544557485472851407
272 95143815616193517895212500145598659660191322559125782978183961659
273 195865497069337803088131021457709802687567965766522334269531563318024337252083
274 28728330492040886303730923047867546807911696239675743
275 24211067018334414569275140532192133218654768160835308983
276 934109049550538429763060319181461
277 42704671864969534532605502531906067247903
278 118964740425655082407370938258149665232410086442098170676199
279 6191559867015355575065135994355430537816859508326759691187131312014492252784409
280 333873894398728648909513267084497495082522780530927467856537558765103789
281 464323557108688508999689333383301927129349
282 18418080701992700760935010149276887
283 1426762338095856016695731283015140303283461569495545389363201891015011
284 58667100174977013865075052876044088160852251537331245539
285 20364523634874996494937941201693303730066701402610524713029504489747516283
286 2980659434899075193859303637
287 50030390176790318845529591487001391864674162741
288 1669976161930749220032787778261001717595892067024029274987999709
289 115388774070534939435520730352299474611861237
290 3607726516369504957802539003699689051221
291 2916685387434392426150717
292 647581562826732482388466613052429752590994887
293 726454996162760138621574699255393540788195383631653107472570026823155410765666339
294 67785263381099173030335462546976900021
295 3062191170972207344924874822691743173753552395068059
296 161295735958146079756106455666674246655337504839388046955609130098146309857665708738175879
297 16097246632289889746578227079037577453203277829
298 2352473463099470432663530937391606233001412066314681397
299 583111550791572079472733707765739025383536293503126063458489357656888462275270832067
300 680992448231552987471176742965340644635509
301 1226177556842859185258379239480293185031
302 2570657593460373067935586954929727232091890804838794442429289723372403723140697857472275464521
303 268253124748757763897998381
304 108874481117688631547393522221412752599863189
305 1593689228873257360156267903529
306 552621783595284451425534768518767395560680991
307 7514166527663225951698419250691292325685383
308 48383404481066707785338374816212714084555764278941777875521725201950177915449
309 1517899127708351427170358469634907396872112291342572453
310 10269515883069708205699916402134864943738641707916028600940610302807496744213472468013007
311 2608816856338257646616997118062230255738400376624371335340342858805385527859
312 3985483830449474581421939603666032964736175785825391
313 26774358943997233684959908857854174901258115104706621294092770636737774449
314 848490929770001231241487418167267797227443
315 3168219812271043323277934710064996303449151239968025947833
316 877934195686524000131211426981629036037875826585973960192831605587693895493449498423277
317 20669428924907509470826222647961252490552214945165858100072879
318 68867522201112520283509339432828546573810789559582135932900496626609025925661971703398281
319 16129120078490298095730440893932227
320 95176919669771577282581869216242496977205513429826183080083606557258503698389797
321 481735007804198564076469658204257625490664865138190219121145930324172960009617029543889792110579
322 41064543684666561974075522258789510495420003221039370598258347079445166450362718838464557169
323 161219834300121199980112094201655039209442018353949405359534477
324 103707076279254426962308896165842919471647170266219460863427503466494361
325 246295651234480565544125500386520730773292867574287104458431228191
326 327631567973185619145627168403
327 168136747380533459610593627379713772389187250966727
328 1572199996305668479015386290983598244667524989233052142378913243
329 920974057874659750711278607206060060742496251279
330 314655313791204463451054176710988231059812963014359632530332971
331 10145245185444961696246476705231343616650624313
332 13307736434913696138128354934659860660519954157712071739577585847813147639263
333 498184454091618916555765723483494602234668933086401556808526325874174269881013185305901449277
334 5081570995907756210598602639329331313784484515151761
335 33373402644066105324915519873591822096494912218498255020337497090952964717
336 3193039549130918911907000715535066369478779806512961004519
337 9264969701584632613384437742524183660538684056547454086065952307
338 4394790825735022776627192416115984867503909901877671732997704308377490173419689
339 3174325203688028051111888946852354659352825773
340 237171036185379393620343617508789984628911304602504902808816869229983550112943476840649946793
341 70379051084504706147504397293846110862560842130504945405255377521765039209719961354514237295575056077606093
342 58447994474425081139509273740585885336763624177782686159
343 325781621918459958480435428439558006065266951588385641385169277
344 2472821231388300561798848887575640557887974551807887555147
345 2919222954458254947605413842732823730355421
346 2321304509074572868192270370442254738818745566044277729301352381670254849217727028802778389464442171184699
347 4788168630663778711998336916731214390727485648319427159309712417886240641
348 60819959105634855411574860372030250182002350782314029859157294550593682993159195271451657895496740958437
349 2821123578653641115982287508283396456231822902965500770955526419
350 1838865196536397138169499492023943159244517195391625284485104071458630235769908146777799203
351 26109755927299767804885335420947184089291465234996400295261758779178103090628664744229613430428540476584537
352 1459884526472792646432299075142598544079059621798310348015788649857
353 6115056877178541552333183289454611114947702731194423037936709622008400831
354 20958351173365957449488527427130858099923150351281
355 12207259128985840535941494920170726051321486664812533485494340481906495302871411916996733663888418926814041
356 1824587744270325913430036888061176465220112750789856444079192777851776289864318349677163891707893451122363
357 6426792718085280166843260697799161050697208677
358 161472338870008873024686142720074383573136904761242464100235222392608857571560163
359 3268512554919108827610706289940473175416353576774100628621207115661973291037953008063951426427245066153132479
360 86438298613595592324937510583655095698066859
361 67723873753359442534251033873104254227907216561245549210797297304235101124839807143239
362 412032576481827908140731502666978759407807665827677474504230153344574774873
363 27216362390022545011382623402856358741835176197106292961413
364 4012727072013865463716379322566763141107
365 7073370029535867523959724242011017155792505075611932867659717409
366 20113829937227658953172791141686760908179685711865121398446756249486495421348431
367 40187140901377968264791783889648411061626419308623206768726450713
368 269794325208454142690046854884140708823436615006822067718315623743954625800477447
369 3631956426946394457838600554957648055396244466926994900502260279522790120629141495209
370 1347268098979626304267626682855888883369406019954336986164713639777
371 1445699384680751775127277978030271810489469853949362433632662298747101
372 7017639492202947731837998948384814547099709378340560992473810352058993
373 46068971057543561054142681431862095276785634504786107
374 11192670703431156462486144208845582346396137350098761581209
375 80960379602532938624048298723864820442679296422984502077804680085283
376 1367329300520885520841209762320037357034232800282566302080405220679827644285912617397
377 12199748126769214029213968824935299344682241885439834480696259585073065832222549761183
378 12755161655315236053879159450144936576128891568326709673311663643223674273574891960854112594470271338743241
379 50873221912982849083800043939614729098744623292471683440991707211908243644121232423
380 1213602243034963703359908250757573722449949439120777328799
381 515214575886916487757908184001637925559338716623925130279426067473501119
382 86021080380663421360204400728157553960643004760864463789291
383 386907219095645822702053765570322650819941505460076843621222051581
384 117982718937187470486078275410285466124847860215910277315169171499085276281605298712781767676439142660127718341
385 141673437029559467698879374060894837871928321606084728565361837142638469519953612861905921
386 10673231259752131232292820654623155233733
387 6918453251588678952751307670244783807460022050440598533793
388 65404348091289344506210441223825066322089586121839561182206373884579472849358471293019240014352237047
389 7951833505393870180396674070886461102811026116298211789529587319138545040373036237978771
390 922372684125647209728579295750601746045557310929051990059205581037116931437
391 4711951207561870654978468224749223557697908430535263953698823752664035951604285420525156904527
392 238316965891055512457109216019521206290912428647641319187918927968567516736885300130403536669
393 213807825586406672649476396339517344028090386270028046639496644461708712053136389107231769970127210509451
394 423661161940601232868178390350753954532070673523420979848876588184023340600378748468269812958728437190841263355391
395 75767515486401068071226185536604860290648851489335613210317972853027026250861738609066543
396 459990579529254280815405672784537090114038868744876424175871613
397 43901653870261103774383199346156501116530259
398 243712201256759324990289190189126713131344025560074115542836666238528524583101867443
399 119786407679602638959153913339286688377856774762902205771959
400 89421020152040169855764787476015640290004939700343283188622264469552474574112280637455483925537
401 6227338659400507158968940176763355266627798017725463439968314339921696855557378999738071
402 41457377209027482791086597893399102124929602413
403 41501288975829594343475829708483160182007
404 2629175534654281779767125430534046090820478851384654992801115114034846230776795220944630670986145261298706164452987
405 3773334769611996076259701828842832375934911
406 48297260594809534453898963286049477098948798749179321586813
407 2589452393010144998224829431060101439543512508738070549637479310770321
408 174443519006726150410530075389514189535691331205535903256593635130809241857937203
409 15336032801881395948878983638322430460429650619306172610399081186813
410 217802041051650512198273979777983424141305387165161277
411 323679246808395532337377383663995030703201335468099972871973178150662545429422921427611
412 7785425803153255969555331568525528121289514793749379742967244118097637455210003689
