2 5
3 7
4 41
5 479
6 59
7 266681
8 63397
9 514639
10 178939
11 242101
12 18500393
13 40799043101
14 190297
15 1844659
16 78206663
17 616798327
18 38512247
19 86364397717734821
20 421950627598601
21 84786899
22 52030193
23 31411862913089
24 1422157053067
25 47961582392203
26 8408339
27 6269019298981
28 46255855177282481
29 24411224990171
30 1593520622137
31 949932031764836381561
32 57548276804876493116203
33 539136331
34 26237972510415975971
35 3532568757748095886123
36 3707026238799632467
37 3844270065797101429857091
38 169008363371247557
39 240624262981001
40 26302882946248703
41 66119091331306992730721373731
42 8944008062473011161194199
43 3871437975919823197697792923
44 387317256075298577081
45 930356887874489
46 51579188214962371
47 324253287456827611247886196325899801
48 3381178689557843
49 14849507470587524622956397261943
50 12026997637795859283740755127
51 654004683272223606482300434418881253
52 32467446968302720728759407
53 82004753852703595993987558397522316791539183
54 12106020078114529327
55 11203277600846858049614590193867
56 6771658246211857
57 106397193462773813
58 55214084573071275663983723
59 648486072699845261423
60 3170213887507002735727
61 20675738570973048555765658344119
62 13020079145558021
63 149817088578344688291809081079949088161903
64 2144519720480959
65 316152038312114974558641946451550157132091558961409
66 343655756233982121112565240795088182993
67 20049489626080841698101383
68 103500775456314185457025123860695846387
69 459480230656413281505349
70 8820842085533091787318959348015169858177121
71 4227227432872022759223982872049
72 1485377917412276822829259556163499747890908759
73 110149294476654196951877045582698737655987990840576678674787
74 4542220606451362363902481101091061043851107
75 1154176106345496866560954362134196909657482357404708111171
76 24400696954716149213535015055051725163468591233681532477267
77 3859562020286379370583102820463501
78 7294535763904005831131053607
79 31189781489887337462094804901545292243194365923198807892141
80 91148109584723090535829272027111508006489583299009655600171
81 3597670521980058663542478643464557
82 1750854679218932286970405258526339188661833643551
83 46187530683494034137490979807
84 243317498174207274986468995736541201352497495692377776169729
85 1241034174309015028001202847797210082319
86 4622803644225818648486730059757854648717703687194485222019
87 14839641547560101764773507873692737711395667
88 36382966072371467258235523
89 112414279104093620400952083576691437107557351
90 468675718800573769031073004970299
91 47942641734132625321724468636910453772647980504171600919697
92 25341393339654910669557256561688625560378379577
93 5016872875938528839783
94 2512570311470079600420557733529
95 17795803465704699751324775321812571077
96 533239250703261371895315541564789959916101482582389716640390121
97 439044920090301212088130322140893929993940459750091870393251558739
98 40337875202347294087609835253630847566718058763746345057618634298007167782662573
99 5117702096500178194583038973305073
100 3976600239028025646136778243
101 15438665439837573786383405925926115624952597
102 932769334365287446799621987272163545033279521319997
103 8112131115370173900849603010206010305926194489600243094380767320311052567424511
104 551811397920621548477731
105 40897747333727526419451477010560855776104572637
106 29395296441443175775495880361385287020771510106716992882258287126364865893824767
107 3817841287293691188127121016899085262382036472205633698929344477983851
108 1168240258983908710839947231099503321705565790476389366539804139
109 32279585330825825955838409602079534438584442841953
110 3272155779247066268931608101012222730531318692151548026103342460694148429060837
111 32648633806615173890218246057486700576342554884033614145630198919523165171872148789
112 12383613935975239993667703711065748107234183349638368262120395157035232251
113 57957832114236917003958747949472135066084742732142627
114 73650868031687316006330682041355711291120634805175580837946501234943640184067
115 1387133865987684193409063468925797848391845410919299637687324011140354330785533734207984611455307
116 51741988927408883000335095110109505822409
117 5687500241030610174507279143635021132718862577237816323310041193003
118 9285941037308357671908762676874745448892447782418910770282319142358316701
119 26282796527976741885197412475114269799409766159161729642927687
120 301167767670519338425980086358161316951380777801837520747182700526512631
121 36190908596780862323291147613117849902036356128879432564211412588793094572280300268379995976006474252029
122 1727343457084523407393661443734290541571
123 6056059217359766553299176493952498886385686762088375665996656065477873952574611980565741547
124 253113134454118597390143021893876690393666925976695495038077563520257824502346947152023
125 2724860169956536635049162030107784266665096863
126 105109779771061956545968105762807170155416537884709571112477174598558108176726771922939
127 292360090616543172844328428805663201078134060577060046956154164815045612237708043
128 300131452166426698853301957495910548298701788924086699025916587602490427661
129 872941008021127532252507304791245802526230950903475027053819942154729
130 116228376783490370111938627804648541309010519213118923040082741
131 230120002302578371282074446739755439506313677486132037246603938693769745036290384732091465817990317
132 390012405873629864160324985656935658635069
133 1415147698658344719496883060556026657490486574865572715366404549751720180437813
134 64699647803688426366616873187124588037042189553134746793774542564171675528696284088421046952324210809936603
135 163413042430002851848314692853507774076633915117260287478323127982368803973370524305450685709009535891197349
136 181422511192227708324726762322071634736531186581695017227357218348641438132046392383513735093507
137 9722063257554334522994611642788870040806641068411262195578341549897801431423869026602364049728264349
138 9232560838822537714974213885886157441880066831521388935703277701430479293176264036519911929
139 806782366131918851824419020484048297250676059
140 42201739611184657976165153464890508038403106008408601
141 1195058737632950883363638494723375764683465034705244768091373197945886322116117551186334667177109
142 76717308210338660757446226020725846537789116906128790697818907
143 77767170128411077757730798741843878765719221207511977371761
144 443681954569732636635991024984389942940201915464864751290111797062708698702511209653756475818513753614311393673265887637
145 157155992762546270846346189104176881289387699907633311891122210605186201390912069
146 13823287826814245337226670467579170103439743084200800619782442755455704550165413807981374731
147 241089860149195191129701208654634242218754183472627495164471372992623642456178791535661300829162940590351
148 1158740261210815830120173302351743969293320436367394711
149 1024634516704147611185273876002716919885344863445485759816746963979808041857210449047692482536665847
150 9541321650727988573888392561387552849881243267826486208806824394928993876134270636589869500817293319417
151 111832989570050975461668076264128900452845106333243030315761972464245372053436918729
152 216256882338675836273198174815024533430065619051882590721
153 693751469319820600991048987092870324915432107558599067909176305863054806811236220641996026283876211257491067
154 5191622357861655029809255817320795636185348770262106961113
155 385800040917037380193401849474414322127625599029
156 235584623685879727868250576915238199633176873057
157 25147977259018965436311103727131506100950244182795199847762560004834394203973701101937
158 290429351367646174764772594665985554068648106361400384347968142266757052369207578241837063449283803
159 50061512987121328727432453068774844930472807832735461677812768927906046358797901403289
160 30765290070015070804705083680886572568734406211025960089332983618722670957389296261551573519645369141521331742089
161 952101511774335383019843202095576038253849905260351832294761410591411823489880647650850007716963102933233955441430552945898689
162 50384320056591257745763890699107200282018342725366454654734857
163 8373938703142698478412095279734878631131187282265243188052285786976390407842421
164 49521227344278558559982804638744095832365155794245101
165 3064410585996321903035622864218229982198973978207687989043963394538624793197375613
166 3277306949791432650455590785360562403122717997323118253205158754468236593924147705307087851
167 667616929159651106412534030563743327116363650798866059093951596837450114952899136963074915737
168 1864290222970249801480123736469871436721215492000414497405061594210450991946423
169 188521252395937725793069921952070090164394543474962531044480949034784019203364959
170 17889851028130430500640441946590024128246109043145663854246617809881576072224457444417038176715716705793
171 822037812108118267513010614499415385694821519503759900328129838191555838866063072373645703653
172 5538698962047432369487415069442837646418900974627970003413310924035548810423928094783783
173 3495493257920060322436427138493867455509862696781196019017774189339205664181684648422871277011951091240086560602479566881223205068201301
174 1141240943727420818504681555523585148674117490033186921512395199386710012707787687
175 2124542782163127290036145721031514068056271021510537329131669242005632014651426511372902070863737137230306491424932198661634544475126272235185919
176 20377347841726909159973309450923861810747764300549154928859791083870906647723312967
177 15713175007398369959588753613445692915251179215900909349812177757
178 1250191234711289499164400828924319376101228282285084258172459070194780608800703010143235228655403207821156969881257
179 1439369493830549852178351448476785675381740766938186508819886128571133261373
180 24489071997622109910818070060109259034582203393200851319583218597261030222223047707408659733062878179420382999975608242858587964379161692780567
