1 242
2 2400
3 6859
4 10647
5 47915
6 57121
7 344604
8 499999
9 830465
10 1012499
11 1431125
12 2098853
13 2825760
14 2829123
15 3930399
16 5560691
17 11859210
18 12323584
19 13137830
20 18253460
21 18279039
22 21093749
23 30664296
24 32279841
25 33999932
26 37218852
27 38640401
28 38740085
29 41485688
30 45222737
31 45822984
32 58390359
33 70329800
34 70799772
35 80080649
36 81351434
37 83480319
38 87507731
39 96393374
40 124251498
41 139554031
42 183756449
43 196122940
44 200586035
45 218032639
46 219176980
47 225918847
48 246055509
49 276173120
50 279558743
51 296045749
52 374578934
53 389064158
54 413428949
55 432938931
56 454728434
57 486999551
58 511627544
59 589861799
60 639146199
61 642837222
62 656356767
63 665299323
64 675975026
65 692724970
66 739858730
67 796788629
68 831717524
69 1015670544
70 1065352364
71 1206261891
72 1333564323
73 1370671245
74 1418528255
75 1449477341
76 1519709515
77 1544014955
78 1548557659
79 1563070305
80 1593786872
81 1606062600
82 1676204605
83 1746913181
84 1921202914
85 1961710190
86 2078174042
87 2232194499
88 2235136176
89 2252910351
90 2268882559
91 2304231017
92 2322491885
93 2384244810
94 2434358640
95 2483637155
96 2526069665
97 2654744949
98 2771662783
99 2790320559
100 2934184175
101 2976387875
102 3191808514
103 3432437360
104 3445326543
105 3606087245
106 3616326935
107 3630401815
108 3679188499
109 3840238657
110 3843469272
111 3859972246
112 4187474675
113 4222749791
114 4275749149
115 4395708204
116 4507651658
117 4625762367
118 4753362449
119 4802232960
120 4981236805
121 5055793215
122 5105950712
123 5183301631
124 5547008142
125 5695208879
126 6386674104
127 6490926023
128 6513849495
129 6690318815
130 6751742967
131 6901477274
132 7001713536
133 7035448095
134 7420924757
135 7805373839
136 8001015671
137 8129551495
138 8261983718
139 8405268899
140 8441578444
141 8576868299
142 8714265456
143 9035739993
144 9036961621
145 9090395912
146 9242054999
147 9496004300
148 9515377949
149 9715446212
150 9958791374
151 10022519999
152 10346777999
153 10420246287
154 10565057625
155 10814262376
156 11216517804
157 11658607759
158 11810716085
159 12153713082
160 12601320874
161 12611766420
162 12852449999
163 12890477970
164 12997992271
165 13171013295
166 13505369499
167 13518182172
168 13550690559
169 14061216399
170 14307726335
171 14463263042
172 14889579650
173 15370508110
174 15802632974
175 15811147051
176 16172193894
177 16401271574
178 17132965703
179 17134949601
180 18026146295
181 18431414504
182 19489878771
183 19825461838
184 20051503823
185 20337895259
186 20728422323
187 20848774799
188 21171585624
189 21344584755
190 22141291571
191 22520456496
192 24551816372
193 25062977690
194 25308313763
195 25568697855
196 26187274136
197 26248530711
198 26486992080
199 26958469814
200 26968350263
201 27704072874
202 27817361729
203 27951905935
204 30151444512
205 30583706250
206 30792738600
207 31404959011
208 31451182125
209 31696433999
210 32645377358
211 32893500639
212 32932453124
213 33189080623
214 33572984976
215 33915238478
216 34027105375
217 34105197119
218 34167179442
219 34621800191
220 35696246536
221 36337220381
222 37854855252
223 38331320423
224 40903980000
225 41807225999
226 41863115424
227 42074732127
228 42171947666
229 42847061255
230 43086207735
231 43536327445
232 43889867331
233 44082673712
234 44569497500
235 44797643167
236 45944103660
237 46992269495
238 47472784799
239 47669534947
240 47757587450
241 47804652858
242 48451474772
243 48669956510
244 49013278118
245 49019871296
246 49335445119
247 49817789879
248 49967724999
249 50758853105
250 50788425848
251 51046891994
252 51058177059
253 51260410896
254 51964002559
255 55144361919
256 55170401230
257 55256595823
258 56639388343
259 57019072484
260 57136480037
261 57610357427
262 57955266479
263 58621340185
264 58734809249
265 60302644289
266 61549035911
267 61675922230
268 62913803848
269 63085622555
270 65216733724
271 65785698792
272 65802228311
273 67479324240
274 68796196864
275 71481469940
276 71874497852
277 71877914054
278 71921905664
279 72567171071
280 74289353124
281 74754408525
282 77897085929
283 78206460296
284 80134170688
285 82416275871
286 83224499895
287 83837697087
288 84619800832
289 84901344618
290 85120776935
291 85977468583
292 86221833632
293 86279264434
294 86418208348
295 87556796854
296 87614672354
297 87742038299
298 88349722394
299 88870155615
300 90136896940
301 92131601330
302 92602906250
303 92974179324
304 96379591671
305 97915010801
306 98035951130
307 98873719296
308 99711845375
309 100274631560
310 100544688395
311 101233694705
312 102063461651
313 102809697611
314 103106424575
315 103247704187
316 103496545077
317 103889284100
318 103924002610
319 104300697599
320 105638549221
321 107364470930
322 107446019669
323 108273772425
324 108515452220
325 110044054449
326 110841053183
327 111007626141
328 111095943854
329 112031278856
330 113222371514
331 113389811300
332 113416595747
333 113672970960
334 115775425587
335 115904741295
336 116056050872
337 118226521610
338 118338457320
339 118814998847
340 120577124800
341 120788341113
342 121727703603
343 123340163183
344 123720983911
345 126366876629
346 127656519050
347 127769371687
348 127818388593
349 128152717298
350 128329379464
351 130835268148
352 132319361705
353 133231924969
354 141388055480
355 141488397181
356 144099781825
357 144438680351
358 145039747824
359 145790236745
360 146562091003
361 146990211872
362 148826321357
363 149543038644
364 149669245269
365 150731888894
366 152806703566
367 154117253906
368 156011700568
369 156641974236
370 157427788576
371 160622671690
372 161845274249
373 162265099979
374 163085249075
375 163901468031
376 165287010480
377 166875556470
378 168918605834
379 173014790989
380 173480949206
381 174829465264
382 175287384063
383 176405590106
384 180937340415
385 182180626638
386 182899836569
387 183900173963
388 185772855788
389 185819183827
390 187000894096
391 188272634375
392 189434259184
393 189920594955
394 190670225031
395 190712109303
396 192879669543
397 193892003249
398 196534258460
399 197594960877
400 197962751173
401 200488392881
402 201886074929
403 202396599899
404 203534609200
405 210738456167
406 210956103890
407 211303422329
408 211359881250
409 211363923484
410 212024317224
411 213395266902
412 215089495292
413 216934767197
414 218384953989
415 221117853788
416 222799318079
417 222842917631
418 225852069338
419 227249385299
420 228990762923
421 230937083774
422 231988840579
423 234551387310
424 236451860080
425 238091344974
426 239280719759
427 241391894399
428 241752998636
429 245934780371
430 246105591159
431 249079647079
432 250355343420
433 252410300900
434 253598860349
435 255700262792
436 259518776910
437 260453238924
438 262507558415
439 265697881316
440 267018811129
441 268120740536
442 268952793444
443 271801576183
444 274653782339
445 274945294931
446 277211895299
447 283890698375
448 284015751491
449 285641834157
450 286099133184
451 294368604361
452 295709991191
453 297447321249
454 298917419814
455 299013156749
456 299219965440
457 302993270351
458 303647486349
459 304193585175
460 305727431074
461 306665993771
462 308299094071
463 310851914140
464 311848475743
465 315752650355
466 316724520799
467 322466230480
468 323982042761
469 324078526845
470 327340033085
471 330752636465
472 330847056287
473 334460502158
474 338760173588
475 338864276666
476 344537579764
477 347020831314
478 351400338179
479 356283621036
480 356323116725
481 356983995707
482 361272291380
483 366045439083
484 371230428750
485 371695224999
486 374089336511
487 375754828855
488 383111962089
489 383240097549
490 385041552334
491 385939649011
492 387738236339
493 405828038504
494 409098160250
495 411520443827
496 412679699717
497 415878987824
498 418910710563
499 421557606800
500 425952922100
501 426447672182
502 432361012544
503 434235810964
504 437824832565
505 438245962334
506 445817066863
507 446547892615
508 448353744486
509 449376398474
510 454317549048
511 455763446310
512 456507040625
513 462676675239
514 465635632829
515 470895840399
516 471264476480
517 474923884358
518 484046216439
519 486702787647
520 488775566316
521 488912152575
522 494742297791
523 496748956352
524 500822430884
525 501273238696
526 502033005607
527 502766455001
528 505992154410
529 507114183173
530 514588483616
531 514767968771
532 515147840669
533 515296385580
534 517392868437
535 518099106095
536 520610223672
537 525472973486
538 525992392717
539 532351250235
540 532791117209
541 536833208755
542 542350861856
543 549316539667
544 549901703582
545 550252345883
546 551516004095
547 552620640187
548 552807362124
549 553671779750
550 553865388404
551 558280184699
552 560145578299
553 560353124892
554 562814161625
555 564365294021
556 564850277375
557 565163849600
558 565750215139
559 571789696829
560 576023083216
561 581146348824
562 585401177204
563 590527333814
564 592109686745
565 597983382359
566 602493657999
567 604146248459
568 604513564597
569 610717794874
570 611463226350
571 612200141119
572 621097991625
573 621240018995
574 622252297422
575 626389376250
576 631413395002
577 631449458818
578 632390326139
579 639805611900
580 641165495238
581 648867895105
582 651023427378
583 659252814528
584 661391142719
585 667792592444
586 667936675892
587 669075355038
588 669790449977
589 669867136874
590 671275286655
591 679804092800
592 680201041750
593 687991736162
594 690709747855
595 692762548442
596 696430135507
597 698066622470
598 699196375179
599 701305576145
600 701474322315
601 704462168331
602 704525550599
603 708019346925
604 711761654759
605 713961596351
606 719397056308
607 721914203418
608 726484800203
609 729915008562
610 736484909474
611 741956641695
612 753990126130
613 756127389699
614 765966205360
615 767013996952
616 768354103040
617 769904278541
618 774138901808
619 777705825896
620 779369813871
621 780540301341
622 788761040600
623 793631695199
624 794021306517
625 794816798775
626 797848190160
627 805954190271
628 807070489055
629 809438742134
630 813427440000
631 825828586244
632 830731329791
633 831663692586
634 833950155836
635 834160261395
636 842378652674
637 846857525383
638 852909434331
639 862957108255
640 863762210874
641 876455022935
642 878248439760
643 881049389194
644 884041446811
645 888941503184
646 891985060143
647 898628827131
648 898936647410
649 902315468196
650 908981085375
651 910269342144
652 919859261440
653 922824661778
654 925372365224
655 932824253117
656 932883362792
657 932965045055
658 934745831664
659 938997895119
660 947801152780
661 958711431694
662 963125827923
663 965055867740
664 971942356089
665 972038908112
666 973583107584
667 976649641249
668 990702107475
669 999187819223
670 1003019318664
671 1003931503695
672 1004397148503
673 1005495690880
674 1007374245632
675 1014216970898
676 1016361529236
677 1019983526617
678 1037328286267
679 1049163337152
680 1051971561080
681 1053389974839
682 1058283108960
683 1060293338488
684 1060715756449
685 1063209021159
686 1066128319689
687 1068309016575
688 1070313204607
689 1073007967296
690 1081519218401
691 1086653418191
692 1086721372407
693 1092987723519
694 1099085497033
695 1105817269726
696 1113720883001
697 1118834445860
698 1119492082175
699 1130286044679
700 1131598960634
701 1136710812462
702 1138542756488
703 1143147783623
704 1145654028675
705 1146338497303
706 1150177670999
707 1151731369479
708 1152243880156
709 1164318300012
710 1168656862175
711 1169054981430
712 1169133203672
713 1172679435300
714 1173798136354
715 1176013068231
716 1183069229887
717 1183405974298
718 1183462601535
719 1185573727709
720 1189804816737
721 1197968458884
722 1198222041499
723 1203745918374
724 1209579795171
725 1213651949951
726 1220660051452
727 1228868091305
728 1228935358975
729 1239658163199
730 1242740933467
731 1247538469631
732 1259186529374
733 1260092278689
734 1268692333649
735 1279065473937
736 1279664210915
737 1279785480336
738 1285155752643
739 1290860347647
740 1291171454044
741 1303930360694
742 1305918414111
743 1307693480664
744 1311694285934
745 1317789134674
746 1317796249050
747 1323501102629
748 1324509578179
749 1327814220334
750 1331503685225
751 1333802888560
752 1340728791380
753 1363836066463
754 1366838320799
755 1369383448367
756 1375316328252
757 1375961833994
758 1377398627135
759 1378677994836
760 1381563276622
761 1385429133074
762 1387430914869
763 1387795752332
764 1407332555999
765 1408843968063
766 1416280117714
767 1417995633600
768 1422396622374
769 1425523866722
770 1425779699761
771 1425876011559
772 1427889289758
773 1428648392124
774 1429983166381
775 1439323763052
776 1441517400740
777 1443288333975
778 1444386843999
779 1451554201980
780 1453245830819
781 1460632459000
782 1468214285215
783 1471964490437
784 1481801379164
785 1492900094077
786 1504774003124
787 1514347122420
788 1515285056823
789 1516441561478
790 1517770281770
791 1522187827579
792 1526035979731
793 1531887116031
794 1536152782527
795 1537067357279
796 1554393173911
797 1557640160735
798 1565345244883
799 1573238876859
800 1576445317075
801 1583565898988
802 1585279311161
803 1593358807809
804 1613198029104
805 1614540737386
806 1615279787444
807 1620200183359
808 1625209593839
809 1628966849580
810 1631482533116
811 1641998500097
812 1644315082774
813 1650964234998
814 1653228269172
815 1656008099413
816 1664732678419
817 1666209597700
818 1668122313528
819 1673399264019
820 1674897565600
821 1675209901400
822 1678820721184
823 1683853278822
824 1684221223999
825 1685847355179
826 1705036587834
827 1708523184796
828 1713051085349
829 1713772294072
830 1714086290814
831 1715573950789
832 1717359136103
833 1717785376879
834 1722264005709
835 1726038996824
836 1730268601404
837 1734176119514
838 1737277618864
839 1739900029384
840 1748504027496
841 1753145508749
842 1755222796144
843 1768416947864
844 1772107377292
845 1782826519076
846 1790781344144
847 1792447959644
848 1794391012821
849 1798032221001
850 1802851681551
851 1806106537399
852 1812462830010
853 1814812403600
854 1817080577417
855 1820752358502
856 1825763409111
857 1826188750840
858 1837373142914
859 1839901452167
860 1849421061739
861 1849903628411
862 1853524705239
863 1854783407656
864 1867041411731
865 1868276188801
866 1870045072847
867 1871604989954
868 1873417098090
869 1888456303350
870 1896362244900
871 1902346762554
872 1906715361314
873 1914527259568
874 1926253543200
875 1931577410740
876 1937776733452
877 1942380701542
878 1942561046558
879 1945165182566
880 1945712722624
881 1947652396056
882 1959894621985
883 1960196112987
884 1962247888255
885 1966769388441
886 1978583535369
887 1985097935695
888 1993729569776
889 1994666831849
890 1995695337038
891 1995920733520
892 2012929403924
893 2027548372160
894 2034138574908
895 2049909482907
896 2055098352005
897 2069390662884
898 2069575772631
899 2078277299072
900 2079548872540
901 2084481455263
902 2086573443745
903 2099751993988
904 2113922388239
905 2120920663872
906 2123352482404
907 2125119060171
908 2138860985844
909 2141473126751
910 2150047938695
911 2150936616711
912 2151363024216
913 2152196307260
914 2157256591424
915 2171434086194
916 2174935789375
917 2178459519704
918 2184977775001
919 2186882063273
920 2187510430498
921 2201914994256
922 2221678482048
923 2223567994071
924 2225955539720
925 2226346270435
926 2228261011660
927 2228570710872
928 2235661248149
929 2240603489552
930 2241030479235
931 2247069560691
932 2248352163124
933 2253342531250
934 2253685213311
935 2265377537510
936 2268142586684
937 2274300490047
938 2280161767527
939 2280786281259
940 2283226704416
941 2284473223525
942 2290509762323
943 2304398004425
944 2306069944919
945 2306973886487
946 2308510230575
947 2310265189403
948 2321421791814
949 2325731735897
950 2333881106822
951 2337919888666
952 2340570209714
953 2345313132566
954 2348872780799
955 2363294652894
956 2376970512462
957 2398269415244
958 2405916977934
959 2408538195425
960 2440212977429
961 2458354166975
962 2466040527965
963 2481440027745
964 2483275509062
965 2484391643519
966 2487696605810
967 2494165324535
968 2494500401535
969 2495464369044
970 2504643496575
971 2506720108970
972 2507996115749
973 2524480179760
974 2526755214500
975 2527011400139
976 2537549469675
977 2557696987696
978 2561148398379
979 2613585960013
980 2613670119863
981 2618994951260
982 2621210189768
983 2627728094546
984 2635627644169
985 2642443780729
986 2648429191193
987 2674665692445
988 2684595288407
989 2692361396174
990 2703449883562
991 2704925274071
992 2711319817699
993 2727542751975
994 2728289321211
995 2730426690524
996 2733503202111
997 2736001309950
998 2737333719239
999 2737819246979
1000 2750486113871
1001 2762169944157
1002 2772336916719
1003 2774928282666
1004 2775121125020
1005 2780183554875
1006 2781108417359
1007 2792711223977
1008 2822226274599
1009 2827202276299
1010 2843073820539
1011 2865291808398
1012 2865974122054
1013 2896086235508
1014 2899981723375
1015 2903139262424
1016 2908768563414
1017 2909837821000
1018 2911128677209
1019 2921736540752
1020 2926888482240
1021 2929064781824
1022 2935382418303
1023 2940257986080
1024 2946784249890
1025 2954951154565
1026 2956722054285
1027 2963842033552
1028 2967192099882
1029 2968958189225
1030 2969544632516
1031 2974423540467
1032 2980774610540
1033 2986964146049
1034 2987510694699
1035 2988183823904
1036 2993654143934
1037 2998024186487
1038 3028295123763
1039 3033401649696
1040 3040322635294
1041 3047323297064
1042 3055514628760
1043 3056069658543
1044 3069991489036
1045 3070504703069
1046 3070530433280
1047 3074164872232
1048 3076638432119
1049 3079763711047
1050 3097482849175
1051 3100677434234
1052 3129242920519
1053 3134229320574
1054 3135439668413
1055 3138697760946
1056 3140402210326
1057 3144532250624
1058 3156581810048
1059 3157095948720
1060 3175098146792
1061 3177411794063
1062 3184392876767
1063 3202728200649
1064 3231729020436
1065 3244175198880
1066 3247430569492
1067 3302404877475
1068 3306663918403
1069 3309951487247
1070 3311941234294
1071 3315922042679
1072 3322485800435
1073 3339181581527
1074 3345283807671
1075 3356812295174
1076 3357762970058
1077 3358576124672
1078 3386938176800
1079 3418906593431
1080 3427457533799
1081 3433595989841
1082 3437978199414
1083 3462627522496
1084 3467204985734
1085 3472147983067
1086 3475924974521
1087 3479096971125
1088 3486342333975
1089 3503613772099
1090 3511160888472
1091 3532715041855
1092 3542181880560
1093 3554306522403
1094 3570343629950
1095 3571105237897
1096 3583420269944
1097 3590114945220
1098 3596555594969
1099 3606155288831
1100 3608592159699
1101 3616637626497
1102 3616995855087
1103 3618952479999
1104 3646649147646
1105 3665963646707
1106 3678897872768
1107 3679612518743
1108 3679747619687
1109 3688983564140
1110 3692890786816
1111 3695479281024
1112 3696686074354
1113 3704654831250
1114 3708552920371
1115 3724221961088
1116 3726657861140
1117 3732455113855
1118 3732672852224
1119 3753770729130
1120 3755679897149
1121 3765342321600
1122 3797327096640
1123 3807394898021
1124 3810810227370
1125 3812694013183
1126 3821728320607
1127 3829384298906
1128 3831744147196
1129 3847164554169
1130 3857993060935
1131 3859655579009
1132 3885872580368
1133 3890101426995
1134 3895472636208
1135 3898194232184
1136 3902030180993
1137 3902223184248
1138 3906208202336
1139 3909571932191
1140 3920311882817
1141 3929499900500
1142 3930168254518
1143 3935060363541
1144 3944489912426
1145 3950309728610
1146 3955719400992
1147 3966869291424
1148 3967689551545
1149 3987998516825
1150 3992524229572
1151 4030167848492
1152 4039934162480
1153 4049134073604
1154 4057879164191
1155 4063788791278
1156 4079865562127
1157 4091738546550
1158 4092480009495
1159 4095672125579
1160 4114066930847
1161 4131729468474
1162 4136146163174
1163 4142336833440
1164 4152449019842
1165 4158215968949
1166 4177123075059
1167 4186198989510
1168 4187020567807
1169 4188053799305
1170 4213881700599
1171 4228961251207
1172 4242621988549
1173 4242809562750
1174 4245639633575
1175 4247162244506
1176 4265048350619
1177 4273977788656
1178 4284256579700
1179 4311795411065
1180 4314179716155
1181 4328423383844
1182 4351379696531
1183 4369451985392
1184 4373637204779
1185 4400553554529
1186 4401542182907
1187 4403086857539
1188 4406519406930
1189 4414481969984
1190 4418058431597
1191 4432622920683
1192 4440657106944
1193 4463020671959
1194 4475021676600
1195 4496375835819
1196 4504304696903
1197 4540242701224
1198 4544835666975
1199 4553182603293
1200 4566102159674
1201 4566237864406
1202 4581946449145
1203 4610298913055
1204 4623409115181
1205 4633095655586
1206 4636902456581
1207 4645014184975
1208 4645924071656
1209 4651125144137
1210 4668582336473
1211 4681033333935
1212 4689371828322
1213 4694403897600
1214 4699398360719
1215 4723796531990
1216 4729698251291
1217 4731239199531
1218 4731357608132
1219 4764075743063
1220 4766041899046
1221 4770360659231
1222 4800807186015
1223 4804289521074
1224 4831648323199
1225 4842687352874
1226 4877169422404
1227 4910884876755
1228 4917812127179
1229 4921153429939
1230 4933761109593
1231 4961929615999
1232 4968798012016
1233 4971687964999
1234 4979608553150
1235 5017492651534
1236 5027588274253
1237 5058332737199
1238 5078467207649
1239 5119613638655
1240 5134338827063
1241 5138229641215
1242 5138499272907
1243 5140209881993
1244 5164310525750
1245 5171261021674
1246 5191008657891
1247 5209180863769
1248 5218036955999
1249 5219568807012
1250 5220512622080
1251 5248448090625
1252 5253407811299
1253 5256601715904
1254 5299805131194
1255 5301176666889
1256 5319661365215
1257 5325752855006
1258 5325871747959
1259 5377429175436
1260 5380135152900
1261 5392394716513
1262 5419470545024
1263 5421828424323
1264 5435476399932
1265 5441216216176
1266 5442171877584
1267 5446093534816
1268 5473549133744
1269 5495563390212
1270 5511747627168
1271 5518754512424
1272 5527956687902
1273 5539144033214
1274 5539289588566
1275 5549155017119
1276 5553950464644
1277 5559418625725
1278 5570117516655
1279 5570607832208
1280 5573579758684
1281 5574152588949
1282 5612152980767
1283 5626110874900
1284 5635215509725
1285 5638708863402
1286 5646401238620
1287 5692342518293
1288 5703802838891
1289 5709219599475
1290 5724360213819
1291 5727822439448
1292 5736585127949
1293 5758786325650
1294 5769452930967
1295 5797675020149
1296 5802094723100
1297 5810347448975
1298 5817469091951
1299 5832324031000
1300 5832723812735
1301 5848077418274
1302 5850107444608
1303 5915650864591
1304 5921136773915
1305 5928547830750
1306 5946715442337
1307 5948291517119
1308 5977664624999
1309 5986868968124
1310 6000450756102
1311 6002129217062
1312 6089778111416
1313 6090803632165
1314 6115581740000
1315 6121823731867
1316 6135699520509
1317 6170806390773
1318 6181121503808
1319 6213312123347
1320 6234877489731
1321 6238804263436
1322 6246542247282
1323 6248550948204
1324 6254457035519
1325 6270399715007
1326 6275976344447
1327 6280935319759
1328 6281191480703
1329 6322155383556
1330 6324506987174
1331 6329049943085
1332 6359329225820
1333 6360759326843
1334 6371699408179
1335 6387294705791
1336 6391602927179
1337 6399666254240
1338 6406850553375
1339 6460623574075
1340 6491677340213
1341 6547051628655
1342 6556933650822
1343 6588291454055
1344 6623028187544
1345 6624078414623
1346 6629092867403
1347 6644676998449
1348 6663768974586
1349 6676120599344
1350 6679500833979
1351 6705476512881
1352 6732069307673
1353 6742389102578
1354 6751918705350
1355 6765094614481
1356 6813042998383
1357 6839115758999
1358 6857838045100
1359 6863390813749
1360 6883440335511
1361 6885301784884
1362 6886954945261
1363 6903994707504
1364 6904305792831
1365 6928422430775
1366 6930327960115
1367 6933453044808
1368 6941194899947
1369 6944305970150
1370 6949069067421
1371 6958780885547
1372 6967917830466
1373 6968025821959
1374 7010005929744
1375 7038483549874
1376 7090428503339
1377 7124731747314
1378 7136523321011
1379 7140962074949
1380 7167529818074
1381 7182644000726
1382 7182697521432
1383 7206699786943
1384 7207727245552
1385 7230949144687
1386 7234656077727
1387 7266668644403
1388 7285864441674
1389 7293094028559
1390 7308028012509
1391 7314950840780
1392 7327979517520
1393 7345738070000
1394 7362763773827
1395 7369323365131
1396 7406297181674
1397 7427288009008
1398 7438676345375
1399 7460714980992
1400 7467533485952
1401 7472074044318
1402 7475011032537
1403 7495779401252
1404 7542114251198
1405 7579752140799
1406 7618868510993
1407 7619150114517
1408 7633661346674
1409 7669612655999
1410 7677043848200
1411 7691001734249
1412 7702345763793
1413 7756198692979
1414 7756583125930
1415 7785815465493
1416 7841653722847
1417 7849650870106
1418 7854779480174
1419 7873564331424
1420 7901469555234
1421 7911139525119
1422 7922295130224
1423 7922371708849
1424 7924411103517
1425 7945105584680
1426 7959006290624
1427 7973143320297
1428 7973267108624
1429 8057260312199
1430 8058597705324
1431 8060864756762
1432 8063445957039
1433 8070234478780
1434 8089174399088
1435 8096735071977
1436 8108798482004
1437 8118608944095
1438 8146996070999
1439 8147536663265
1440 8149274790211
1441 8166976762787
1442 8193313617234
1443 8200787507112
1444 8223634752354
1445 8263141175127
1446 8264910281575
1447 8284185220967
1448 8295591343339
1449 8304621905024
1450 8315324403309
1451 8350400909384
1452 8357132182844
1453 8360120811158
1454 8366978622064
1455 8375445600664
1456 8378438914229
1457 8400392163974
1458 8404053239685
1459 8422489172502
1460 8425618398688
1461 8454387528159
1462 8455889573221
1463 8474528988821
1464 8489353638749
1465 8525255692370
1466 8540780967810
1467 8556948714884
1468 8560412757091
1469 8587827783895
1470 8598683908294
1471 8603137129391
1472 8616138606919
1473 8627370951249
1474 8631691446455
1475 8664048804863
1476 8668240327979
1477 8696466328000
1478 8697480368274
1479 8726030245389
1480 8743073220062
1481 8744728578949
1482 8770346188471
1483 8798662226303
1484 8804601795599
1485 8817143116903
1486 8857308678213
1487 8916450552631
1488 8930928820224
1489 8931489064959
1490 8932772992703
1491 8934222568265
1492 8964626725761
1493 8989186010049
1494 9000390356649
1495 9022087492432
1496 9032828895725
1497 9044223054769
1498 9060692437631
1499 9077805388310
1500 9093942159860
1501 9096650137262
1502 9124963474011
1503 9142333953336
1504 9152826452132
1505 9155199157999
1506 9189332741055
1507 9197290435836
1508 9199483547609
1509 9207523932569
1510 9258824129432
1511 9274673537157
1512 9296374952499
1513 9315946033953
1514 9372866890295
1515 9379695189101
1516 9389642843931
1517 9391221481495
1518 9401094038970
1519 9422517320938
1520 9427243637503
1521 9453534352514
1522 9458990225822
1523 9460425988192
1524 9462783912225
1525 9464124399329
1526 9509667206539
1527 9534200150957
1528 9550690391605
1529 9592422598392
1530 9614154126500
1531 9625501670880
1532 9700666458867
1533 9725991012672
1534 9764325739134
1535 9774939898408
1536 9794148396032
1537 9796136807508
1538 9822925878066
1539 9844217722151
1540 9900827819819
1541 9939504523207
1542 9941097126505
1543 9949365780044
1544 9953634492095
1545 9956656835279
1546 9964092342385
1547 9965376727595
1548 9986522749491
1549 9987624256719
1550 9991874903339
1551 10000884512915
1552 10004961706208
1553 10055751508637
1554 10080307662791
1555 10082635648811
1556 10104536107444
1557 10112184865373
1558 10118145354668
1559 10118759786582
1560 10129969936274
1561 10138074004715
1562 10163065572275
1563 10172547928010
1564 10182867564374
1565 10203122760380
1566 10204806644999
1567 10206674618867
1568 10217027595874
1569 10225508569184
1570 10228926454549
1571 10232966179407
1572 10242530045439
1573 10264644949343
1574 10270107135388
1575 10273482840901
1576 10332304520166
1577 10338833329446
1578 10339764589071
1579 10369256217181
1580 10397223897696
1581 10414050468359
1582 10421837704767
1583 10424752903264
1584 10445063534379
1585 10460439992799
1586 10466938473056
1587 10538515326202
1588 10538946922063
1589 10561811026729
1590 10580976302953
1591 10594993055399
1592 10615605225554
1593 10653333201472
1594 10663803130825
1595 10688144681823
1596 10697716193805
1597 10710164815936
1598 10715783204624
1599 10720415349424
1600 10747667429144
1601 10775857351154
1602 10797304020999
1603 10821324185723
1604 10825373207249
1605 10849774544671
1606 10857446994220
1607 10868120423663
1608 10899080168591
1609 10911098499911
1610 10927219654668
1611 10951472798239
1612 10951524069983
1613 10983175612499
1614 11002539088197
1615 11003289889184
1616 11008610541642
1617 11083397566087
1618 11089923222399
1619 11092010966039
1620 11094984366190
1621 11106086921360
1622 11114283991460
1623 11126677165955
1624 11161811645579
1625 11181214608000
1626 11196182718849
1627 11216100060740
1628 11273997588776
1629 11289528627692
1630 11290918745378
1631 11334082745432
1632 11365845412250
1633 11371821275249
1634 11418485985816
1635 11449034261777
1636 11454675413571
1637 11460451890562
1638 11472391801871
1639 11476653692624
1640 11494825763219
1641 11507979564639
1642 11511360946944
1643 11513972929844
1644 11537429272095
1645 11548212214149
1646 11553007229994
1647 11587365271500
1648 11601139160179
1649 11606137759839
1650 11610581073887
1651 11611807995801
1652 11645744306625
1653 11669364360151
1654 11704583429352
1655 11747830825139
1656 11791853123773
1657 11800954609562
1658 11817902397080
1659 11820763637437
1660 11834934045663
1661 11835032854085
1662 11884050097175
1663 11889506994893
1664 11935428649275
1665 11954994069374
1666 11961401807528
1667 11970024109687
1668 12037706271683
1669 12060861819968
1670 12077177563112
1671 12085231952434
1672 12087887875368
1673 12119505551285
1674 12155452455221
1675 12155788413470
1676 12157757193750
1677 12158779707125
1678 12175712460680
1679 12220756184144
1680 12229701993302
1681 12298977051327
1682 12302059772474
1683 12311464233904
1684 12323495963999
1685 12359932425723
1686 12372386378624
1687 12383786680611
1688 12386997627520
1689 12398951518000
1690 12408722847494
1691 12421126081839
1692 12425499714919
1693 12477095007740
1694 12557061040479
1695 12578736346509
1696 12588332896669
1697 12602603918579
1698 12605894515083
1699 12634261161473
1700 12638556266555
1701 12662724962304
1702 12675573197875
1703 12691479776429
1704 12719434534491
1705 12727341041639
1706 12737475263267
1707 12753250525916
1708 12775093307809
1709 12780639254525
1710 12781780460477
1711 12798992978716
1712 12802709696127
1713 12854766905855
1714 12877295280533
1715 12921675753312
1716 12927944958011
1717 12961211751084
1718 13031926226606
1719 13108772212619
1720 13154624836159
1721 13155638952449
1722 13160622094217
1723 13172297149444
1724 13187404623392
1725 13199721070341
1726 13216962548041
1727 13223367345947
1728 13234811755724
1729 13263701083648
1730 13285870924174
1731 13309159852385
1732 13329250521410
1733 13356650376332
1734 13356927924184
1735 13360475698349
1736 13374363483545
1737 13377168162234
1738 13378069262810
1739 13397103827702
1740 13458423621851
1741 13483824065427
1742 13503765660159
1743 13550856536364
1744 13554320779951
1745 13561911602561
1746 13600278169095
1747 13616449589924
1748 13636724142800
1749 13651605235155
1750 13670708475488
1751 13702571395967
1752 13706893315080
1753 13741678873637
1754 13786218605138
1755 13813613324456
1756 13813723226393
1757 13825702057663
1758 13825852806500
1759 13844970608777
1760 13850235881012
1761 13851353066122
1762 13885658516911
1763 13929471475160
1764 13976099721374
1765 13993445674116
1766 14023311354805
1767 14063737099751
1768 14082637044449
1769 14095292240229
1770 14117024001464
1771 14118839839743
1772 14140734744125
1773 14158501221479
1774 14165589792119
1775 14234701614524
1776 14238461377625
1777 14249528629010
1778 14283779852495
1779 14290357294080
1780 14335332985824
1781 14376195002060
1782 14402301120350
1783 14426218729444
1784 14438200138405
1785 14466649812257
1786 14481941593265
1787 14496174140304
1788 14560359636479
1789 14585375706108
1790 14672592659764
1791 14683216986679
1792 14685050556174
1793 14690875035047
1794 14697508897935
1795 14698224872954
1796 14737562489384
1797 14784554573635
1798 14827328319092
1799 14830727012008
1800 14870468189195
1801 14910673211374
1802 14943787376300
1803 15035619891499
1804 15037712877373
1805 15094281365927
1806 15120137860191
1807 15125868566646
1808 15163009437411
1809 15251898540374
1810 15295067200061
1811 15301562284283
1812 15324243989170
1813 15329899808794
1814 15333157370453
1815 15349485105044
1816 15357130301707
1817 15417440867884
1818 15427996784040
1819 15437398103171
1820 15448757102423
1821 15456596893334
1822 15499050479205
1823 15549106455295
1824 15599093561702
1825 15636710459512
1826 15646693402315
1827 15648462911146
1828 15715086256703
1829 15740316572840
1830 15742905159288
1831 15781833525550
1832 15785200062841
1833 15806609375304
1834 15821693142618
1835 15823998359708
1836 15865895633828
1837 15879850297479
1838 15893862534791
1839 15905569798195
1840 15905773266200
1841 15909921552777
1842 15975236167604
1843 15980001701564
1844 16000117496479
1845 16005523712219
1846 16006051942399
1847 16036420178843
1848 16038582692222
1849 16046292341351
1850 16052979575169
1851 16074804563415
1852 16079067901025
1853 16090659701676
1854 16135728815129
1855 16146798414809
1856 16169905611729
1857 16180698709097
1858 16268263214615
1859 16271530266617
1860 16279253539321
1861 16332274136684
1862 16399687667644
1863 16411925133759
1864 16435631946915
1865 16467098455763
1866 16487264330900
1867 16498782663404
1868 16522324763091
1869 16547498694698
1870 16579335879743
1871 16580864741786
1872 16586129005777
1873 16586850910154
1874 16614787791953
1875 16618403484838
1876 16660885310753
1877 16679571237680
1878 16708181136887
1879 16739634849097
1880 16759998163876
1881 16776439834799
1882 16782454767805
1883 16816773924550
1884 16823355181919
1885 16900852710109
1886 16903832914817
1887 16906168429695
1888 16955375374407
1889 16985571134427
1890 16992262559999
1891 17000990355491
1892 17017718117399
1893 17020362472880
1894 17022870315220
1895 17086226253451
1896 17109315850733
1897 17143740604940
1898 17147134819961
1899 17158267259396
1900 17161375695749
1901 17174028378528
1902 17234505631519
1903 17329324742148
1904 17356004959809
1905 17375980018693
1906 17425665863990
1907 17459210184895
1908 17468446600174
1909 17530939940318
1910 17600972303440
1911 17618882258259
1912 17695139745945
1913 17704969503990
1914 17742880088816
1915 17787929482349
1916 17819812675118
1917 17825250943983
1918 17852649491071
1919 17870828544080
1920 17891766867711
1921 17901558652724
1922 17951727473028
1923 17965769609649
1924 18007060609822
1925 18012953527744
1926 18034267287374
1927 18077053944644
1928 18108876460920
1929 18142982007110
1930 18145308585103
1931 18209686935255
1932 18237425848395
1933 18267852916170
1934 18294572199000
1935 18307839546989
1936 18357932249063
1937 18375564197470
1938 18389853655835
1939 18393262430330
1940 18398171160527
1941 18435801768807
1942 18439009048683
1943 18497309929355
1944 18542945553937
1945 18543109791166
1946 18638882956177
1947 18706424173264
1948 18745707705192
1949 18748144052285
1950 18759539472359
1951 18781778954999
1952 18805030519163
1953 18838661624639
1954 18873179977599
1955 18902919019472
1956 18980037729744
1957 19016614829038
1958 19023190479369
1959 19043240940353
1960 19057263903349
1961 19106187355035
1962 19132060985009
1963 19139897593275
1964 19148013618679
1965 19162100964698
1966 19204705100679
1967 19216518972354
1968 19219458965985
1969 19238006286420
1970 19293607522944
1971 19301894625812
1972 19339734584855
1973 19426012968959
1974 19467483341646
1975 19472918314975
1976 19504237288838
1977 19511710676823
1978 19513224367245
1979 19522576772124
1980 19531229286942
1981 19537330073344
1982 19606907261340
1983 19615175481518
1984 19640315633124
1985 19667734555776
1986 19685889499455
1987 19722273860383
1988 19733316005749
1989 19765766981624
1990 19787223889762
1991 19798738486032
1992 19854792231999
1993 19867922665395
1994 19871157495136
1995 19876086326425
1996 19885824108507
1997 19910671376616
1998 19974967158084
1999 19991443096874
2000 20003022179109
2001 20048646308095
2002 20064121295847
2003 20098578865679
2004 20115761993091
2005 20126707021727
2006 20213968137055
2007 20232607615499
2008 20236025904983
2009 20285812700600
2010 20298403409325
2011 20359309158194
2012 20399082584543
2013 20438747987434
2014 20447656953063
2015 20470036719159
2016 20481104822809
2017 20560337228339
2018 20569826798424
2019 20592947092983
2020 20630115763763
2021 20647472754915
2022 20653327073679
2023 20673850400650
2024 20748402963948
2025 20824531339699
2026 20825719488728
2027 20863214989554
2028 20926434332545
2029 20926473346343
2030 20944418434212
2031 20954385842943
2032 20970613712008
2033 20972851781309
2034 20994179854625
2035 21007120084951
2036 21016213766574
2037 21039753114294
2038 21040593741855
2039 21040709308415
2040 21046180682177
2041 21071910782271
2042 21078502345471
2043 21083415829731
2044 21084049270375
2045 21147805182195
2046 21149510457536
2047 21164475667004
2048 21220722145499
2049 21226380602679
2050 21286380336974
2051 21299843664527
2052 21302227801990
2053 21316722078239
2054 21335974365210
2055 21347814878715
2056 21371136069158
2057 21466980755372
2058 21482425237055
2059 21498954564515
2060 21500085570622
2061 21503883717575
2062 21529890961175
2063 21530977583345
2064 21550093662545
2065 21565634642838
2066 21584550500369
2067 21611980950234
2068 21621034013875
2069 21663863396106
2070 21679086838199
2071 21789605192061
2072 21807969427929
2073 21825381388415
2074 21840900030520
2075 21850018855524
2076 21862378111874
2077 21909360794173
2078 21986893810629
2079 22007997725514
2080 22027192191106
2081 22178173008760
2082 22274476961304
2083 22301038089605
2084 22328051496119
2085 22383055886961
2086 22383197991062
2087 22408155118297
2088 22424078259519
2089 22432573939775
2090 22461705602181
2091 22517021512999
2092 22522292079787
2093 22540099274549
2094 22560477193671
2095 22579264187424
2096 22595574281591
2097 22624224678089
2098 22706712659999
2099 22720772507004
2100 22735179130300
2101 22753651762772
2102 22765325866100
2103 22828292911147
2104 22832196478168
2105 22843717588863
2106 22853299950035
2107 22862537390889
2108 22893818836649
2109 22920808133740
2110 22979422623024
2111 23002774487865
2112 23113211074701
2113 23139419959334
2114 23167443479922
2115 23299974430680
2116 23321692115952
2117 23325170206925
2118 23343086432987
2119 23378816988664
2120 23383752728083
2121 23385524423679
2122 23404433031655
2123 23406066632655
2124 23464165761894
2125 23474489349663
2126 23477592583619
2127 23491341061375
2128 23503143925727
2129 23543485661436
2130 23546232131839
2131 23616341883199
2132 23625949194185
2133 23654760792431
2134 23678528466582
2135 23696107286126
2136 23696335696799
2137 23734710552464
2138 23759504125567
2139 23760873244989
2140 23765450009248
2141 23801406692333
2142 23811892228095
2143 23822692572200
2144 23825088017137
2145 23832720151343
2146 23890062486303
2147 23895444185588
2148 23980235239146
2149 23988321439263
2150 24078955136561
2151 24117469553457
2152 24171265357964
2153 24203024852415
2154 24235986284000
2155 24248144573173
2156 24253063062426
2157 24376284345959
2158 24422949555595
2159 24426169128295
2160 24455839559579
2161 24550192530674
2162 24557188757299
2163 24560081237296
2164 24672000546345
2165 24673364621716
2166 24689863623317
2167 24696274432871
2168 24752843250014
2169 24769071558483
2170 24779430163839
2171 24814729990849
2172 24820372349999
2173 24890926729200
2174 24907665992530
2175 24952891723767
2176 24976575456183
2177 24990034220124
2178 25018752070221
2179 25053285885060
2180 25133203831007
2181 25142421893119
2182 25166676281649
2183 25195418465975
2184 25234831350322
2185 25262475230224
2186 25267569433535
2187 25268531991242
2188 25337078630969
2189 25350706438805
2190 25395134690550
2191 25411933870198
2192 25423361813499
2193 25459370515633
2194 25475394779760
2195 25478206277695
2196 25490213561675
2197 25494729764022
2198 25495902359549
2199 25523458263324
2200 25558341932557
2201 25593113455733
2202 25623763599385
2203 25633089248789
2204 25639748143843
2205 25658836368175
2206 25722414994847
2207 25743439533591
2208 25769681908475
2209 25770892733207
2210 25771210127915
2211 25803030971431
2212 25814822203372
2213 25816375919390
2214 25858160823250
2215 25916241234301
2216 25932508255903
2217 25965343481707
2218 25989807888274
2219 25989928454840
2220 26028479524679
2221 26032312716409
2222 26179596019999
2223 26322690644879
2224 26337090722579
2225 26363615456255
2226 26389725628679
2227 26433428241232
2228 26453639700741
2229 26538899602944
2230 26547681194660
2231 26552009306856
2232 26561191853765
2233 26622113876132
2234 26715439052964
2235 26737165058475
2236 26739293128092
2237 26755255957632
2238 26766481338065
2239 26778740084964
2240 26801041017596
2241 26841739030683
2242 26893679923382
2243 26936786076409
2244 26996506579349
2245 27013183661862
2246 27025753262075
2247 27029887869123
2248 27061997624642
2249 27069367815259
2250 27072878682332
2251 27134536556798
2252 27143273522324
2253 27150638493483
2254 27174747385474
2255 27201989821884
2256 27239785637795
2257 27345131135811
2258 27367035288246
2259 27416287174253
2260 27451438896518
2261 27481197848402
2262 27523723887109
2263 27532927841705
2264 27554869020249
2265 27583228337586
2266 27597757959324
2267 27618965226272
2268 27693742240767
2269 27701951020600
2270 27710813834308
2271 27712703398463
2272 27719240086199
2273 27723224951679
2274 27724516336617
2275 27790737644899
2276 27796864824162
2277 27821938592399
2278 27827506948283
2279 27883990173105
2280 27927318292433
2281 27938704410624
2282 27949818090267
2283 27952565233875
2284 27968239585909
2285 27990976446014
2286 28004438433344
2287 28029374118459
2288 28072735920671
2289 28098290801924
2290 28170593777429
2291 28175518807043
2292 28233297242524
2293 28285569657752
2294 28290386359609
2295 28294238932874
2296 28307615854294
2297 28441472386490
2298 28520392718334
2299 28523290118399
2300 28529574934186
2301 28566526805783
2302 28570153863134
2303 28767663736025
2304 28789721244664
2305 28795639449500
2306 28855290864870
2307 28876293749919
2308 28879742661120
2309 29033791162859
2310 29034025624590
2311 29064410757493
2312 29089164056000
2313 29143102799472
2314 29175407248175
2315 29202406723471
2316 29227797334610
2317 29244099723501
2318 29246907134892
2319 29301426176358
2320 29320869898416
2321 29388726756311
2322 29440983937400
2323 29458514526714
2324 29517477543728
2325 29562159084227
2326 29674357690784
2327 29715804320531
2328 29721167456424
2329 29802551758182
2330 29842134272111
2331 29844294728479
2332 29868563224674
2333 29900494126670
2334 29948522730647
2335 29972754341754
2336 30032722301823
2337 30038502317894
2338 30100169859374
2339 30151398310788
2340 30188377588949
2341 30197665882899
2342 30290394307799
2343 30332250658653
2344 30379765406600
2345 30393014715799
2346 30447212966400
2347 30480771182454
2348 30501990102492
2349 30686997370692
2350 30697067637999
2351 30711345802898
2352 30740492826945
2353 30762035720090
2354 30930154631536
2355 30959470230424
2356 30964043820749
2357 31011055780914
2358 31038061072836
2359 31059252010275
2360 31062325502277
2361 31065365523958
2362 31100123180821
2363 31150890115881
2364 31169607076805
2365 31194756134399
2366 31224314961839
2367 31323721756544
2368 31338733780991
2369 31357105496079
2370 31365244669219
2371 31367901338175
2372 31372427610620
2373 31432873091906
2374 31447135870514
2375 31449465530028
2376 31498306424774
2377 31544842287455
2378 31553029979051
2379 31580087723633
2380 31639631996159
2381 31688006207174
2382 31698669670382
2383 31830819651591
2384 31838755358853
2385 31843080285695
2386 31876745883339
2387 31879733102490
2388 31954850062795
2389 32067452530075
2390 32068433556675
2391 32077935366584
2392 32080766741563
2393 32110053652106
2394 32136592322786
2395 32179727871999
2396 32240735171671
2397 32250754595708
2398 32256539593799
2399 32258766797165
2400 32285149305659
2401 32296131531975
2402 32357076184223
2403 32372799107777
2404 32373737729703
2405 32418836648359
2406 32427000810679
2407 32433437551360
2408 32448082358430
2409 32515095606786
2410 32589944993253
2411 32628063298767
2412 32641821617649
2413 32653669682997
2414 32674131258371
2415 32681412845018
2416 32798020985885
2417 32837483422223
2418 32899329724289
2419 32900950779449
2420 32923212536294
2421 32928588002625
2422 32954520671561
2423 32986709961183
2424 33017026225404
2425 33271165932409
2426 33273267181431
2427 33287818314004
2428 33290439572220
2429 33395584356182
2430 33489365306342
2431 33507622873549
2432 33522973525448
2433 33568845709517
2434 33592943507526
2435 33621878461656
2436 33656036431164
2437 33675888671999
2438 33745005091873
2439 33886585746563
2440 33902330929010
2441 33910766735544
2442 33980317891537
2443 33985659478175
2444 33986941477623
2445 33992237879886
2446 34100840680851
2447 34114843954749
2448 34115900558200
2449 34193480130291
2450 34209341384400
2451 34248395516489
2452 34290777007774
2453 34352456973921
2454 34450352335467
2455 34506008038788
2456 34511325233000
2457 34568405691456
2458 34577367273449
2459 34580580795894
2460 34637678288747
2461 34711735433170
2462 34737335012969
2463 34738060265675
2464 34808988314374
2465 34844150982719
2466 34928174044764
2467 35024769456024
2468 35050019566239
2469 35053016429914
2470 35103144135971
2471 35227799388159
2472 35233734129164
2473 35246258613845
2474 35271684023184
2475 35348240763093
2476 35430997268095
2477 35502285880643
2478 35537317316423
2479 35709938864654
2480 35722022954723
2481 35777439531064
2482 35820949920170
2483 35827232454598
2484 35900962663695
2485 35915385426920
2486 35972029427012
2487 35987839235919
2488 36016316083310
2489 36046598215231
2490 36068115209279
2491 36167508310140
2492 36208350942399
2493 36225311094846
2494 36312439244193
2495 36321078343263
2496 36351654333449
2497 36480691747799
2498 36495209346875
2499 36504551811399
2500 36505295609509
2501 36553970306787
2502 36557627125584
2503 36561031393039
2504 36597007114970
2505 36605398496435
2506 36650965641324
2507 36663143487872
2508 36689358644140
2509 36726099903024
2510 36902087533632
2511 36993593928336
2512 37024987367393
2513 37067623234928
2514 37076633101858
2515 37108527103853
2516 37296102957399
2517 37359471924095
2518 37406263989572
2519 37438109525529
2520 37485125971402
2521 37495974194126
2522 37516050184766
2523 37539240562986
2524 37545392229499
2525 37569315337085
2526 37622116394028
2527 37630051069160
2528 37642569955627
2529 37672535670980
2530 37680728220636
2531 37742595098730
2532 37784516256811
2533 37791505422153
2534 37809399818555
2535 37818316716634
2536 37875485898627
2537 37882797639869
2538 37899168385099
2539 37917467033900
2540 38102606536175
2541 38108854071334
2542 38119696626599
2543 38140174878713
2544 38289581772034
2545 38296222396740
2546 38326692908685
2547 38334978729674
2548 38409204297320
2549 38425232523951
2550 38460148716245
2551 38646475620752
2552 38721418258496
2553 38750579326975
2554 38856462564008
2555 38876127316471
2556 38945369647549
2557 38962648072249
2558 39075187578196
2559 39076519865471
2560 39085632885109
2561 39087378048970
2562 39142390111624
2563 39174497333432
2564 39289948157383
2565 39321846947955
2566 39322303105046
2567 39327965800811
2568 39356084559029
2569 39372726845297
2570 39604138895936
2571 39611215720617
2572 39621409090727
2573 39645989314316
2574 39657714443080
2575 39679945364802
2576 39690428887484
2577 39698998445771
2578 39716046474104
2579 39738530157398
2580 39865619407977
2581 40007114396330
2582 40037509309083
2583 40051322009046
2584 40064117969099
2585 40270239158751
2586 40311933422223
2587 40328988160625
2588 40378143966434
2589 40400458176627
2590 40437829622267
2591 40446377247315
2592 40540558094707
2593 40554690754559
2594 40572085908640
2595 40644053357399
2596 40665001242458
2597 40687175271339
2598 40694226978005
2599 40783952501544
2600 40785006912254
2601 40807810016734
2602 40942223493263
2603 40960960776098
2604 40986765955953
2605 41090582919078
2606 41163607899881
2607 41167104498659
2608 41206923600150
2609 41323872991743
2610 41349164400489
2611 41386155493072
2612 41411932353328
2613 41490157382468
2614 41506511513354
2615 41570946738668
2616 41615008983034
2617 41622049549079
2618 41623998334001
2619 41681149283381
2620 41687843736447
2621 41784997638894
2622 41802313757719
2623 41848743346167
2624 41874839976255
2625 41880060576455
2626 41896446968767
2627 41908972638950
2628 41933077619445
2629 42025090249625
2630 42027738015624
2631 42074507850815
2632 42104114449514
2633 42112767626727
2634 42146590539055
2635 42210468412904
2636 42211494881259
2637 42241048723791
2638 42322776677106
2639 42332916101865
2640 42393004080767
2641 42416236869878
2642 42453717360320
2643 42521436086793
2644 42601285339479
2645 42648042353823
2646 42671390208201
2647 42846909673799
2648 42855767327191
2649 42890915834275
2650 42892570070993
2651 42895334575952
2652 42931268093663
2653 42939744830015
2654 42942223883199
2655 42944416674719
2656 42955395965624
2657 42983218355294
2658 43120544947699
2659 43157276331747
2660 43167184986400
2661 43192715462259
2662 43240735921910
2663 43252901102124
2664 43254334530479
2665 43257464375519
2666 43390475134062
2667 43412717457225
2668 43496139565322
2669 43540677403777
2670 43553690398976
2671 43611831526098
2672 43628275761412
2673 43668648242624
2674 43738173862359
2675 43778180972000
2676 43898526279607
2677 43903628044496
2678 44101296879678
2679 44169678774936
2680 44170834375169
2681 44181956323863
2682 44294204387394
2683 44298671893359
2684 44299691285274
2685 44558087224895
2686 44617376335308
2687 44658312841856
2688 44688985839497
2689 44697986837309
2690 44767218177405
2691 44792150450463
2692 44813635080576
2693 44824913334430
2694 44879571818120
2695 44880312978703
2696 44884511077168
2697 44921916384749
2698 44970469284568
2699 44986881990400
2700 44997678682412
2701 45007819993655
2702 45049110604190
2703 45076280074137
2704 45127260206952
2705 45147814935168
2706 45194379554575
2707 45243974290787
2708 45271250599125
2709 45282361001093
2710 45307971245734
2711 45310567649684
2712 45412550990421
2713 45466535049374
2714 45467296898933
2715 45485970508754
2716 45487937956826
2717 45491123367252
2718 45514685177604
2719 45558706937788
2720 45565304640624
2721 45585536805237
2722 45628531596031
2723 45645486708843
2724 45661132409375
2725 45729146778527
2726 45747883907944
2727 45753015846576
2728 45766487777625
2729 45782935354243
2730 45848432035338
2731 45881421953135
2732 45908963442112
2733 45961281821601
2734 46011874541885
2735 46042263055988
2736 46053818104349
2737 46057611305870
2738 46060289520104
2739 46110599205663
2740 46133577568825
2741 46159406729279
2742 46227989001298
2743 46237915593863
2744 46348652884722
2745 46363161907496
2746 46395717447138
2747 46443320526070
2748 46490694292119
2749 46537607628308
2750 46547292678941
2751 46555320356250
2752 46560790087484
2753 46626564684374
2754 46640271452639
2755 46748559662249
2756 46809005940359
2757 46816801297044
2758 46841490429734
2759 46855824328624
2760 46952077600064
2761 46969515232991
2762 47164799457087
2763 47183639530689
2764 47207072284931
2765 47210673937424
2766 47286494548227
2767 47385463319922
2768 47396420915219
2769 47480278481151
2770 47495827379199
2771 47529919025264
2772 47547424663024
2773 47647260002052
2774 47668245068674
2775 47761862835063
2776 47812755993367
2777 47829474727970
2778 47983670248585
2779 48054237039632
2780 48109621636625
2781 48190625458975
2782 48266728141137
2783 48359755352479
2784 48415771980510
2785 48439658879999
2786 48446247917637
2787 48466754402434
2788 48587742128175
2789 48629637189089
2790 48658790205495
2791 48699238023323
2792 48722373700952
2793 48761975839724
2794 48837897213434
2795 48878555446053
2796 48906268989780
2797 48961424823191
2798 48968249182218
2799 48985999594805
2800 49037367664439
2801 49141178895119
2802 49159865876004
2803 49174830519471
2804 49251449401324
2805 49266934012564
2806 49293264210245
2807 49298872252378
2808 49451410836501
2809 49475964852534
2810 49504568275455
2811 49536809434359
2812 49539195256087
2813 49574514653135
2814 49643790599701
2815 49653778571230
2816 49694152317326
2817 49760204327311
2818 49859740768784
2819 49871923946207
2820 49912683960749
2821 49919934179997
2822 49981897633499
2823 50063134009991
2824 50123885382007
2825 50177241044074
2826 50284085877440
2827 50350077590526
2828 50436711261627
2829 50539769788565
2830 50789548971298
2831 50847596192733
2832 50875293611222
2833 50889329401625
2834 50893686090143
2835 50896791012665
2836 50907129259365
2837 50914997141690
2838 50948843135952
2839 51149972234855
2840 51164829876905
2841 51230884612480
2842 51247860269755
2843 51281147829253
2844 51304818827811
2845 51339707334899
2846 51377457189249
2847 51382198927766
2848 51441018867682
2849 51479148280094
2850 51491825584640
2851 51564419063912
2852 51595588897608
2853 51616943128148
2854 51734850342944
2855 51766806335000
2856 51866820260189
2857 51940658144855
2858 52043313627849
2859 52048602795799
2860 52064482669353
2861 52068860513279
2862 52097957019524
2863 52156096184345
2864 52161886110740
2865 52180739595561
2866 52219584780241
2867 52250123586660
2868 52273041652479
2869 52403905863449
2870 52412025179299
2871 52450961222722
2872 52472845924559
2873 52482756590351
2874 52547143213286
2875 52717245485354
2876 52729137263159
2877 52821570781512
2878 52829688077999
2879 52849127974625
2880 52850154747025
2881 52856023842335
2882 52869084489396
2883 52891169920224
2884 52964019052489
2885 53030596065938
2886 53156119871315
2887 53238027051224
2888 53253519540767
2889 53308424387874
2890 53331788761064
2891 53380689270389
2892 53381927255159
2893 53439005823957
2894 53469595704304
2895 53536676521824
2896 53624677459375
2897 53671936999124
2898 53769135349328
2899 53906003545935
2900 54065096042820
2901 54122291388549
2902 54230138619071
2903 54236171933495
2904 54311701763011
2905 54362196896490
2906 54381180646404
2907 54409287486770
2908 54455080822817
2909 54562710038925
2910 54682052115745
2911 54840653786112
2912 54898412557666
2913 54906166078235
2914 54917223814016
2915 54935502341355
2916 55061110839724
2917 55316091224921
2918 55422033151485
2919 55459417233534
2920 55522473396191
2921 55543264183244
2922 55555387806870
2923 55603973500850
2924 55607500928069
2925 55611770950982
2926 55638938183924
2927 55700393481221
2928 55732180012872
2929 55741972660992
2930 55836534077741
2931 55904723441500
2932 56130381627599
2933 56144193146872
2934 56168416169855
2935 56187692366574
2936 56281398383912
2937 56305999494920
2938 56406122227520
2939 56407683134803
2940 56419985390526
2941 56445371274796
2942 56461901097557
2943 56470098675563
2944 56489785268518
2945 56520266382403
2946 56531506882800
2947 56982556719647
2948 57138249388285
2949 57200049798032
2950 57215794986151
2951 57220867900399
2952 57230348376135
2953 57332088950954
2954 57339613832423
2955 57343551752775
2956 57349170196047
2957 57371229552020
2958 57416467049251
2959 57417704120087
2960 57496386600864
2961 57535783624582
2962 57607336749179
2963 57615136548558
2964 57670665902262
2965 57689925438924
2966 57760489440374
2967 57816038159581
2968 57821656080440
2969 57859665763535
2970 57883016187065
2971 57953918513407
2972 57992613237173
2973 58152014799369
2974 58165631320772
2975 58285376898995
2976 58393013277515
2977 58393887554078
2978 58411928726547
2979 58590626436743
2980 58898283874830
2981 58978618456293
2982 59039445266028
2983 59040667845341
2984 59115256258149
2985 59180741354624
2986 59192139683399
2987 59265442677310
2988 59402604463051
2989 59444582367000
2990 59446315382316
2991 59510390753811
2992 59522507871510
2993 59626171591847
2994 59670518027837
2995 59691376743735
2996 59731385395536
2997 59828584659731
2998 59859166895072
2999 59887850582346
3000 59889837729149
3001 59919582333423
3002 59934771909624
3003 59971123159854
3004 60040571981551
3005 60049132038019
3006 60061363498142
3007 60087182074139
3008 60332196874377
3009 60360657651259
3010 60365309011188
3011 60390333920808
3012 60450175324999
3013 60510591251422
3014 60518892113315
3015 60586415096504
3016 60593149926360
3017 60671210768750
3018 60704470643424
3019 60846006159056
3020 60881275459719
3021 60914984972799
3022 60936654825714
3023 60977366124135
3024 61199093759174
3025 61306557626690
3026 61360364561534
3027 61413128646092
3028 61418055256830
3029 61424385710960
3030 61441829097594
3031 61604341443105
3032 61606591832499
3033 61635348571631
3034 61773542914567
3035 61798294919399
3036 61827828120152
3037 61859593231504
3038 61936905570679
3039 61966399284299
3040 62040443001449
3041 62064960224669
3042 62090215961795
3043 62117955820863
3044 62153666790479
3045 62254582570751
3046 62328901017554
3047 62348235835235
3048 62381338166048
3049 62567300444848
3050 62579762890309
3051 62704241292365
3052 62764862454910
3053 62775208372733
3054 62813104633587
3055 62879375767475
3056 62982973985159
3057 62990855509715
3058 63055419387962
3059 63115012803053
3060 63133361765760
3061 63205676857595
3062 63274454608254
3063 63304052115815
3064 63407093861832
3065 63562879822175
3066 63640820213878
3067 63642925481524
3068 63651436540523
3069 63706987551655
3070 63730439116694
3071 63769665819498
3072 63770588302200
3073 63794194006749
3074 63819453803414
3075 63847809276901
3076 63847977792598
3077 63903989497544
3078 63904087783124
3079 64074104359389
3080 64103524160816
3081 64124472720099
3082 64170055476545
3083 64226868536415
3084 64259331006191
3085 64298342985671
3086 64314752121213
3087 64322656885156
3088 64462005807618
3089 64493262276579
3090 64514503570404
3091 64520799235217
3092 64562728465639
3093 64593337356528
3094 64594697053457
3095 64749021836799
3096 65045303869862
3097 65048976104775
3098 65065407488864
3099 65070512917695
3100 65135382071504
3101 65249305332899
3102 65252458089217
3103 65585292150905
3104 65665118021864
3105 65699007934175
3106 65726648523535
3107 65736184092060
3108 65755614212500
3109 65783849891330
3110 65814755114656
3111 65815933311050
3112 65964922479863
3113 66062401662760
3114 66191833884450
3115 66267831441824
3116 66308703168752
3117 66406785075487
3118 66471082707611
3119 66797917985458
3120 66853320422750
3121 66915146573251
3122 66986890265648
3123 67006975070399
3124 67045013277930
3125 67188089601293
3126 67200792287439
3127 67201800312024
3128 67364208273491
3129 67366740486175
3130 67386596924047
3131 67386886500911
3132 67548653406783
3133 67649768870237
3134 67656779544727
3135 67666254242521
3136 67773501331095
3137 67791032479130
3138 67848441744759
3139 67857246515105
3140 67980834620363
3141 68187689603760
3142 68269014301644
3143 68372095111305
3144 68506914067893
3145 68527942684239
3146 68596665972274
3147 68638290180621
3148 68646978477953
3149 68655248583999
3150 68734575330498
3151 68765778610879
3152 68783763413025
3153 68823437185356
3154 68928901516919
3155 69004825462104
3156 69059676267829
3157 69064818254135
3158 69101145167870
3159 69133452015599
3160 69342569770935
3161 69385334759415
3162 69386373594945
3163 69392174490023
3164 69482294800463
3165 69571096514374
3166 69647525065762
3167 69769875978630
3168 69774813928952
3169 69779706133359
3170 69862539534975
3171 69873489764764
3172 69873547683470
3173 69879731854310
3174 70064693008105
3175 70105912297660
3176 70195754867424
3177 70217051770463
3178 70258294046525
3179 70301145974275
3180 70316771339067
3181 70337030543051
3182 70359169979495
3183 70362301874175
3184 70465182001525
3185 70494497034243
3186 70561007564663
3187 70568266272063
3188 70718008987417
3189 70846583186638
3190 70884151984920
3191 70900300886024
3192 70992655761435
3193 71005210670861
3194 71045887642983
3195 71092818899311
3196 71123629528567
3197 71159268384918
3198 71177115271216
3199 71214894431176
3200 71292289700108
3201 71430788310049
3202 71659558852907
3203 71680510552887
3204 71706233610332
3205 71731180286544
3206 71770581876500
3207 71790939581049
3208 71941737701999
3209 71951883087749
3210 72018699768999
3211 72123040158697
3212 72145555899896
3213 72175909647204
3214 72182235889841
3215 72248279380648
3216 72256332566879
3217 72273680311278
3218 72288227692128
3219 72307665100826
3220 72485536721885
3221 72500304472254
3222 72525491828414
3223 72527209658012
3224 72574331027051
3225 72595609803391
3226 72607022353061
3227 72689392186892
3228 72694666225148
3229 72696690490419
3230 72696905011535
3231 72707864014850
3232 72714959250775
3233 72730204347644
3234 72801428149268
3235 72826728947312
3236 72866419594695
3237 72899100654224
3238 72924476635207
3239 72953425094417
3240 72973592857410
3241 73167807466929
3242 73179119365407
3243 73201470042549
3244 73204103207404
3245 73264818671735
3246 73289811877488
3247 73295484275167
3248 73428141131784
3249 73508845466475
3250 73626622311423
3251 73702558327398
3252 73726506484663
3253 73815054188415
3254 73848273252875
3255 74037010311049
3256 74119016773799
3257 74149702309958
3258 74349238248734
3259 74402607538743
3260 74520781283299
3261 74570386394790
3262 74658677126642
3263 74660985876729
3264 74682454812972
3265 74770072011728
3266 74814890320117
3267 74930828485151
3268 75026038906855
3269 75119296894524
3270 75138574222550
3271 75242169333984
3272 75259869741624
3273 75269531424950
3274 75300552967808
3275 75331668546854
3276 75486259845375
3277 75489625078322
3278 75523874901894
3279 75601554350079
3280 75860979097320
3281 75876841948141
3282 75932560213335
3283 75949532355761
3284 75980222152489
3285 76016159102950
3286 76086171849540
3287 76105980020034
3288 76137208619654
3289 76271343541887
3290 76321771956836
3291 76339596044673
3292 76407980013414
3293 76445697279867
3294 76447355015484
3295 76734190809513
3296 76745477433679
3297 76748496188122
3298 76774600201653
3299 76812798751743
3300 76913682467204
3301 76925624140274
3302 76997620526078
3303 77031314690752
3304 77108680018392
3305 77189191010040
3306 77192264120971
3307 77206650261552
3308 77271104386757
3309 77352305212286
3310 77370531209856
3311 77370794436019
3312 77384591117699
3313 77473529995052
3314 77511192639248
3315 77567864679324
3316 77616530187615
3317 77625022573893
3318 77641166369115
3319 77757401289399
3320 77812481071123
3321 77813641875671
3322 77820654254375
3323 77842552923111
3324 77867554928875
3325 77901125435055
3326 77922236817655
3327 77962458039234
3328 78039421994064
3329 78153553475910
3330 78425595376820
3331 78426920158650
3332 78449922732041
3333 78459934588394
3334 78515364815381
3335 78599649459855
3336 78677357708339
3337 78748845314908
3338 78791254671500
3339 78857256090365
3340 78899683383495
3341 79156545458759
3342 79225299987980
3343 79291002856103
3344 79317850369121
3345 79352593186359
3346 79416774749520
3347 79487518702063
3348 79488603626039
3349 79535042883704
3350 79551749545280
3351 79600158837990
3352 79616952395145
3353 79687312503820
3354 79705597859110
3355 79713256643559
3356 79737285348775
3357 79774852645690
3358 79812270763127
3359 79826337091532
3360 79882698697834
3361 79892760724164
3362 80127484600546
3363 80191748730869
3364 80244927746105
3365 80307858579821
3366 80352871567639
3367 80485212296349
3368 80601132507344
3369 80641379159809
3370 80657657436311
3371 80689657604971
3372 80722642843007
3373 80788938146590
3374 80793099582799
3375 80794811757347
3376 80798527351268
3377 80852243790975
3378 80898244302250
3379 80898490237292
3380 80904394142996
3381 81034446078864
3382 81118513621184
3383 81129333824275
3384 81164096008416
3385 81269010909527
3386 81343521560217
3387 81379455889248
3388 81397645475839
3389 81506728498433
3390 81621294990326
3391 81692603630000
3392 81786500305919
3393 82071327696933
3394 82094955809760
3395 82110570600876
3396 82116712596750
3397 82191364542125
3398 82253885190299
3399 82261506730335
3400 82351117616361
3401 82351195557830
3402 82379470618899
3403 82386458471718
3404 82393976489363
3405 82557576958272
3406 82596244007706
3407 82926339380159
3408 83122706867199
3409 83168200062724
3410 83197670632859
3411 83279136980949
3412 83304044140454
3413 83309613033910
3414 83366972814783
3415 83384964242810
3416 83389262724390
3417 83414535674223
3418 83419742052800
3419 83424726649221
3420 83432528699987
3421 83433840698267
3422 83486459101055
3423 83532670593163
3424 83535878534569
3425 83572551823375
3426 83706734602501
3427 83737965880109
3428 83831800653999
3429 83868762331862
3430 83909200992561
3431 84052564871534
3432 84218015633608
3433 84329731105489
3434 84415819190975
3435 84436786809980
3436 84524585835808
3437 84558256343379
3438 84734457810819
3439 84857533467524
3440 84913649858344
3441 84990320744571
3442 85122714214327
3443 85123187014200
3444 85135607918009
3445 85143666833796
3446 85200915401628
3447 85306163844599
3448 85366095633896
3449 85389126796637
3450 85400522331705
3451 85427607177189
3452 85466700114254
3453 85530601933055
3454 85532729924494
3455 85576492070924
3456 85591174789250
3457 85617922088064
3458 85785741478368
3459 85811102318644
3460 85833748779228
3461 85836565221623
3462 85859515790355
3463 85910392892479
3464 86112087779654
3465 86255880617828
3466 86256396824576
3467 86322602520244
3468 86466285171944
3469 86506073330479
3470 86607926139588
3471 86622914466935
3472 86669955937742
3473 86685829208315
3474 86721471671015
3475 86845849951440
3476 86849037673739
3477 86851341889349
3478 86885395684669
3479 86887031035787
3480 86901485193995
3481 86989144474166
3482 87144372726904
3483 87206736934021
3484 87215311769922
3485 87220602322359
3486 87410749432532
3487 87516968371391
3488 87678985931999
3489 87787920358179
3490 87840657267627
3491 87871585513167
3492 88169428599727
3493 88211110111035
3494 88294873601419
3495 88338240903809
3496 88441190686485
3497 88449517415479
3498 88558804504715
3499 88632791016335
3500 88889399521447
3501 88986943459400
3502 89018407570742
3503 89021153146068
3504 89038261634849
3505 89085638206915
3506 89105795964600
3507 89127177050066
3508 89133810776779
3509 89142577678349
3510 89172475180448
3511 89178469204022
3512 89218870843154
3513 89303086868442
3514 89390534826879
3515 89399362347888
3516 89588182291748
3517 89609919543290
3518 89681638863368
3519 89708495586284
3520 89728642184624
3521 89782291924207
3522 89811091686591
3523 89938162771320
3524 89956685550074
3525 89970769156527
3526 89988526953940
3527 90040738258653
3528 90183921360169
3529 90204715528191
3530 90223030684797
3531 90234876012624
3532 90243015610495
3533 90330523318574
3534 90438299826515
3535 90461116109663
3536 90478574805310
3537 90601172505194
3538 90702374984234
3539 90817981689336
3540 90975561354964
3541 90984903030853
3542 91062897968843
3543 91210791842729
3544 91384741268034
3545 91448565806099
3546 91587565061229
3547 91594980584822
3548 91630503021161
3549 91664278521881
3550 91743206562132
3551 91827222601093
3552 91853250822354
3553 91873718408757
3554 91978880564271
3555 92066781652415
3556 92263538901469
3557 92280138995934
3558 92424463870619
3559 92524977676287
3560 92653616686630
3561 92850542104264
3562 92887005519125
3563 92952419892355
3564 92979676062675
3565 93042284571933
3566 93130378639838
3567 93225589033836
3568 93226795213720
3569 93273347891204
3570 93277927128128
3571 93460410379751
3572 93462869304930
3573 93641491088364
3574 93799072882097
3575 93889198521263
3576 93957821867360
3577 94083577375248
3578 94237512885620
3579 94251031925081
3580 94280302537180
3581 94297932049512
3582 94342014060191
3583 94608394999249
3584 94637805284463
3585 94724091928543
3586 94726544181210
3587 94748358092799
3588 94792602095085
3589 94799552092811
3590 94814882496620
3591 94822552786809
3592 94832047320009
3593 94879877888944
3594 94896641540171
3595 94914901234152
3596 94954278499210
3597 94995860682724
3598 95155094279728
3599 95165579507669
3600 95194846885237
3601 95211056170765
3602 95225310905549
3603 95450285895327
3604 95674311601375
3605 95718960975274
3606 95740037334550
3607 95763862462499
3608 95882660977775
3609 95905898586045
3610 95910296141813
3611 95988257382625
3612 96049428717951
3613 96266787904304
3614 96276002991743
3615 96374414990829
3616 96448367370239
3617 96452071446639
3618 96502081283628
3619 96512965542980
3620 96524559421354
3621 96582323668899
3622 96735342552209
3623 96794333088431
3624 96796655539710
3625 96829509237215
3626 96847150799024
3627 96922599492239
3628 97011144485265
3629 97021378672019
3630 97067133220966
3631 97087259979899
3632 97124914827121
3633 97180056715968
3634 97190167051257
3635 97239706800404
3636 97277293542875
3637 97365488703359
3638 97463593336175
3639 97711134117023
3640 97785504203075
3641 97786526265674
3642 97816383184935
3643 97844982713642
3644 98020303952118
3645 98115923395135
3646 98148334981437
3647 98150336843300
3648 98344201261249
3649 98356700138150
3650 98590965125599
3651 98729890661063
3652 98846330945997
3653 98861811954281
3654 98908098287415
3655 99031531211640
3656 99035781966344
3657 99069427190201
3658 99105470125047
3659 99109561980446
3660 99250943209659
3661 99561436761996
3662 99567853185506
3663 99701284191577
3664 99781552299320
3665 99786806545031
3666 99808656217269
3667 99831043705299
3668 99840286505700
3669 99877765302874
3670 99935542215650
3671 99957970622094
3672 99959513441066
3673 99962566203500
