1 2
2 7
3 13
4 67
5 283
6 607
7 1093
8 12757
9 22963
10 49207
11 482233
12 1623847
13 797161
14 14614627
15 19929037
16 35872267
17 150663523
18 2044719247
19 1355971711
20 9879222469
21 37773497677
22 200490103057
23 172595827849
24 235357947067
25 1176789735337
26 5507375961379
27 10591107618037
28 52955538090187
29 80068773592363
30 1086647641610647
31 1132401226520569
32 3603094811656357
33 28310030663014237
34 118902128784659797
35 403031891075275417
36 1181300370393048637
37 525331223539496923
38 6128864274627464107
39 15634857843437408437
40 58762049718775155871
41 118199525296386807787
42 237074476451610111619
43 893588411240684266873
44 5318978638337406350437
45 21172574396947641506941
46 7385781766377084246607
47 48746159658088756027609
48 480075814814510476029487
49 757781209230288843701929
50 2193577184613994021242427
51 16870602710758535836100851
52 38886140999975348558388487
53 22613786612293356546262843
54 500733846415067180667248677
55 629955484199600646645893497
56 3227310403668723312816654379
57 17299546758404417757891075277
58 9158583577978809401236451617
59 89754119064192332132117225851
60 129528539174271732960344101447
61 1872276157155382321881337466377
62 741845269816283561500152581017
63 13289628119280279801731304808513
64 63650324150237129576713091451301
65 82980692323735718379231352990957
66 163099981463894343021247831740847
67 815499907319471715106239158704237
68 4352194242220759574303823720663667
69 3013057552306679705287262575844077
70 30455058644084439482672792497377829
71 3754733257489862401973357979128773
72 18773666287449312009866789895643867
73 214019795676922156912481404810340089
74 3413052531058284923393782403028055111
75 2331689352901204551625455305038968343
76 4224074914676095202220027726519870187
77 176566331433460779452797158968530573837
78 145071628869635813625044632239598421719
79 396894078982965905200593805183807002817
80 342150068088763711379822245848109485187
81 1404183879436286271502790496960641327209
82 8006311593277070846287840552845761953387
83 20619331703301256302593607823790470015339
84 150888180027144796718501610419016282967687
85 608602855113569339253972618024783227872117
86 2085213060962885113181643887986552370906107
87 4471734420686914391043123399978817093971853
88 5980271333689728884407068643345165029287659
89 28608325028731946284866247293840384059024749
90 62227147661366097851262741288861852331776997
91 492160167867168228459987135648271013896781707
92 989977349158097011270089065959165832550997687
93 763696812207674837265497279454213642253626787
94 8909796142422873101430801593632492492958979187
95 6873271309869073535389475515087922780282641087
96 40912329225411151996365925685047159406444292187
97 210322102081993650182917950761690437076648817277
98 1016262257959213015589729594016571439656076217937
99 662779733451660662341127996097763982384397533437
100 429481267276676109197050941471351060585089601667
101 32268359214720931671005094069214176351959732071951
102 104879325468964305865919839907303928994878880727203
103 6957596529882152968992225251835887181478451547013
104 285261457725168271728681235325271374440616513427553
105 1055235473698793200297154163195109555857565151297047
106 869699566235269121124028156479485897684806443376687
107 1314985744147726911139530572596982677299427342385551
108 60395803210782577855835288644408742894778225234492187
109 395810708988465800252998702351691785867127630058051001
110 70445664865056798811046280674838357712469321913511687
111 938336256002556560163136458588846924730091367887975677
112 8054287682904827330729624757156518898458992472111502937
113 5523503690739373481176516775152725951519294592594624393
114 26095892092611640551563984213187121231007135609641269517
115 8627621467353236263986460086808803345761542793391603391
116 412893313080476306919352018440135588690016690826598162307
117 92438801435927531399854929501522892990302244214910036337
118 3566311783793500439809217959163691859193759421871529179687
119 2828627323939382460835560842746600525503248672976247111927
120 10815339768003521173783026751678178479865362573144474251487
121 34243029603924994731762260084544140479327563346971273860863
122 49417783247646858286362445311514138592615579757290905426027
123 686358100661761920643922851548807480452994163295707019805937
124 2169889937146675686573914644132848085475756820251955210979207
125 4293956111645533377282293202613201242438361012001695218745189
126 1091683757198016960326006746427085061636871443729244547138607
127 18558623872366288325542114689260446047826814543397157301356327
128 22925358901158356166846141674968786294374300318314135489910757
129 609814546770812274038107368554169715430356388467156004031626149
130 1555649354007174168464559613658596212832541807314173479672515687
131 2139918500859552845631038424346372137820595403998065161301098421
132 20744829764531037090290975799655326592260813296609342431456102879
133 67056674785888191788024964399283699911044828431068846307988965687
134 376431118105748614208732668282748189698441100612386917010693222327
135 121763131226595217703881814476237786519791730219228749054198864727
136 3021158161845756636911608785063358726708714812145334491238887126003
137 11874054055732326582911486590512176617206513550437495304826522232073
138 13787883977129164357645440756868102297094063568942078937019577329437
139 14040005284139526220185243102136547596240926445631305523296506743461
140 65094569953737803384495218018996720673480658975199689244374713083321
141 88765322664187913706129842753177346372928171329817758060510972386347
142 811419478942047164113681033167279978020766930861981153094317947578729
143 652686196060205247839190020243951076271530671542777632797874796958437
144 11588573948288156216434386647435400149416281379376325425852826594956449
145 42717006159748313060579308444926110039819139391131710511355309711335817
146 65724977794305820293208163686549678219682121399820473400639753753877089
147 688970327071584177977066271849352804503617604635183726960374252670950957
148 1203604516132789597106896989827432910409082246329530908645692478975440291
149 2590511512162954628673745190348241821721705235353284424574765069128038437
150 6639237814797000680815464040661000892901711745882251141239142384025815801
151 24316465433141956053884501424464285004033204320057904334631286192887121031
152 153236897552048421286313574065411026800564275744743598321788874529140733127
153 208488511317294049243068890911531058999077592069608895744856412387535138311
154 420861901727456931701847140038804932762113151693309882714772261030738633237
155 804169972223848475651837150658762656139299283697062883587303304923349819201
156 3787757115547112385316624260349244394859018365239788944432950349276647699137
157 1123840023294198180258778626697028556716412042433783532963622631104060306337
158 141918518141591346203078564979300766142148512718538184542646265855820735484299
159 191367479166536066134464824553970022637670642585624659993045661624399388963149
160 515093344009840832618606870569471421828355519448817452608327039256027640404687
161 615369843154971155582496824834224956515638577955042511309561207887339261338161
162 600804876453078347166343053832231466420593877885100676722352658588230639768027
163 1081448777615541024899417496898016639557068980193181218100234785458815151582449
164 34901301459410642167208473763526900640250862542598121129598486257989034437433597
165 19171137421366409077762401081373931337602586467060939775413253014951723141688877
166 178439048306564269108403886988172745526916381731874900986538739600704500011104167
167 873319044687168265834684147722280164471403977368729887307671418111877726500627173
168 1489154966776599991286497893228568912670083985726010537324023299576788463729032961
169 9420696928859453420812443891387149859297910989913745805638072531547276751825914403
170 21429497409603372067122811928759780449172171152880718480956934220113036127779827269
171 34839855506137031881702825042112240603912392714178054014933700190633419940184594687
172 62711739911046657387065085075802033087042306885520497226880660343140155892332270437
173 234147719187873633924047580505880276680419676108566245074536134104044444914570888593
174 830160095302461065730714149066302799139669760748553050718809930005248486515296786831
175 2943294883345089233045259255780528106040647333563051725275780660927699179463324971493
176 22495596988091165242702918375048415011651890369934566933813905445946418777949475866937
177 158920507754579522198449649165664609275863354548892585758233719118137603624868877898687
178 19592939312208434243644477294397006623051646451233332490741143452921074419504382206687
179 1379917653799298551490384772859518245123778758462729451767904905960262657316080635895529
180 2975148648680226323028926588199596661697146410326879072054061151039159308452901429321083
181 3956990023493615379846438634376419457591510517291083829830081331751940189763105030462607
182 27893605609461410661569921967032064860947214780177041200438573323611805123773930754843899
183 38406079639790972804391904392477012382505837373707578348350789396415890077112490001548837
184 5141970993095981482902056621141550418153674094661675778870105687784606770654730066323067
185 182025773155597744494732804388410884802640062951023322572001741347575079681177444347836589
186 1959090948369568944985683572654930709316549830066098471749510267045935179619452155269088717
187 4283261837248952575257413165410911498322010520853175923798798037924577439955390145247115227
188 9672047438013541169338768504367256336547060972058612140054668798722845335601547254753689967
189 25406478676887244507019061765060400616097303701723340023397192203343742053805021257702276517
190 50729657423686334114015110212858308115420517883113160899176688694545373477925435888330119341
191 913383733416618478752341023783237025427891590457037453628033483638243054491711665871165449227
192 411584954565573361013708800593978489980776319967918108379034513694168621271641344374776879583
193 1788032999342244928993980855039414751555831553958988503613838461130404666180081250152719230977
194 1967960848332659513043689620326399883787864917879389862468061199357363626298831564633496008937
195 10964353297853388715529127884675656495389533113899457805179198110705311632236347288672334906937
196 103537231603421692209104287624829507028770698850945956935676796928475696613333384089031987167357
197 86534049873827514016406809305209412032843545960468028523952748166028074882111479370598581650137
198 1382176497668903892299954657260260650722492596214886173497325263864536850801220618915224082062301
199 1859723001674363239826286691208447890179532347396023420032317833392708626852395828578653728445937
200 9271895722796739633400051704397122158761204782437937498371737090336839728684344721192873290702627
201 19345552189792879033507906288272616154062503134922232456814876379997236420644842328091018913704739
202 20289957483573767102268017655510943716121999855467635109168920688402898610516138978737720065861187
203 81676301579331491571675256526002235249989286690918807512181800734770940952150421270773294956030307
204 381820109009069980924498150426433213567023088189254587963451507499945455670621888054428004875751437
205 75301565846310497107544504797143524206087683827237339608792001653032721170519168878908062178974283
206 4808542847614398886724627663474736474303027810110727257875717819843660909031724069838843399143072103
207 14361084343546359091224559129169514973589579701337406911105331743828383251806155779048894715561524067
208 38457585414365718165638800664255442719537638526053355585918772272798854026372289820299474612833294787
209 22364565056354217640940717924751626689208042096689489863811224490950718187644193157035694467155362199
210 47924067977901894944872966981610628619731518778620335422452623909180110402094699622219345286761490427
211 1476932640409885671482903255160545736553544078722935791655585409564732493300918470175668913837467750447
212 3097637484753477027800425411265923358966282713781732589578528690857005317808121039217995863535219972177
213 6799118226028517931906250206500140638541182564174081405479960442969680026682635293675955477683634723741
214 6140380128004993703209450878534729088786327506053409158582248012508949781882933604323267749741967691683
215 208142940694933002817391454322404343846152119058962411346152191569189070405461297677411747370457291379437
216 140805268452528303883940856352606718760100268673293692774386032010981089825936236099137001847531328102397
217 1137664221647270040253254467943693082553411644483619565829738571421054730277827664000997159288399738186739
218 3592122374882921316377528763942816516940001591041244357770615087317735622401516158529111633599051099634847
219 5230968657322874808199637377731051108222973139208602526302566798242538081428202575682976888185355580104857
220 19088747920001179218118676725949704535908751160456310202540186381783425851244555628639846808361641838218709
221 66630535192456946327395381024541421493266395560083346933394990200564788348683826250912672821639693208876627
222 251446660606592352665622569163655541959531177685040398813514530586996232169897960531436472648149174294810871
223 68071195412834393815555281154801776552580263572193257137360287285982405394060773845527000882648119007987473
224 2796475844204808872463526142135019922456001440220918910561352210340460858331517096960119444423891093124056819
225 11648509664012579431498592499653324416191541021486540022382979773325764678146930381525385763285805671060713577
226 26368558370020604673735812073454949402949509854363269667841543121943510954789133640039755178643754018175719071
227 35737377591738056753166522606270932690104638375401459997114150825140762831881906268901675463390262479193423587
228 89082967466285826600458824572482937172126722480956992121086294330890239712125451486620794522445114926269321187
229 610452756005811295967354682070383074726889435106347388113970290625363642658880725450422497201176524389487664137
230 2148006020164964392390937055491528573909970954238721712757157396819827940039700307488131806280785009045332722713
231 5648010171834043572071784987494698187975439892404220175410969732232051118152479309222683207745373878097982364249
232 10760284754480314318318579073360438990001622531252436679889107657336478954701469008515511759421659934515162743437
233 25347686317165909371594890882554204939364763325620445897500656522868210047738641676624446477794327200092236075811
234 70628990029384621258715861002845211821336767713136582258084353612263847414572720011565205234242445693460890813183
235 360035583320521605928575974380357299284375230537696236388771461096662051454773133717490924242845637803251858047691
236 990036330620955858271128602140927829816159639407485959666457681470862223515073354029710176506471634232728793524171
237 2454788068094465494967563461684254313302558390029747066287078143840877623555271366255619938019402075931262668506987
238 5880417131540576742080193375132356573069136113259228686609496967125591059133153814203312122202868431516543505160347
239 6837230766503111262825445178543723066314283684230221828837482914318907570449734773802495111578250413593811600915251
240 53721098879667302779342783545700681235326514661808885798008794326791416624962201794162461590971967535379948292905547
241 87209576103356011005426596665098508498906679645793645775988302478557494521042535380133866219110336908084331644327187
242 366280219634095246222791705993413735695408054512333312259150870409941476988378648596562238120263415013954192906174187
243 734653469094671036709713650306789835594789869336165672016925460079368333845262318042247689029785478113702409771812227
244 1322376244370407866077484570552221704070621764805098209630465828142863000921472172476045840253613860604664337589262009
245 2136146240906043475971321229353588906575619773915927877095367876230778693796224278615150972717376236361380853028807861
246 58460655286836822475051872827819647422814410547372638432344659633172943436341566482100356212530643529808402528808802903
247 70841584519843278539865244851011877003783308828844546944489240793367660763650294954073884299300742532392732370853321937
248 60030068851584119722704272098365141313359763850657809933884113583056780844028588401082916110853613825910641522870784189
249 1304575025696190837111056893640941796515824933355798810654671095840939845139836970154252915480969058634986163814021943987
250 5314426683625535304862937029884678686859202623249411997087975937794144421780177973154693455696158165176206793642384129717
251 3845455587022065081060291312654096405308751931374491471647047040702872608185125456987017390865857968024511095200369646021
252 58705876156328587669997560213842380843212122001010946479460199312842293031292663656941381196643607638574377371630987479437
253 45287390177739196202569546450678408079049351257922730141297868041335483195568626249640494065982211606900233972401047484137
254 840057252328547489980716365846163060177902808281173000578895821709909352497168770285436617295514245196627287433317114489969
255 177621911370796047421867505342344998423724087144231676322606164549490537249146001480168927252473389944537128190701371500943
256 4234609336303760840709739801277645252275740918148711703633146966433506286591959020795331671453894586358892403966721103174667
257 4656783154634348547625482857453653654326331502085726122718761618406208433097175604023559266662671918980690795608388131089953
258 6602901487914374806334639872508911897925395413405134054601229160426713449913905707197584034820206452286054113176072723187247
259 98626496961584187896724778727264694559538274648651423405043622933110593530819286300140755214840767955725376701019444149502149
260 34404591963343321359322597230441172520769165575110961652922194046433927975867192895397937865642128356648387221285852610291447
261 2361406084756746147844414628089371386652792728109888731632386955005237783798157330547767553505436991751775668370074429160912987
262 1735868049059594850402185587535895522638807899471507610670165245070075456964208368813259592311943748903623173437604381701068487
263 10691070568100012824585136532099455991863014706258571738365331244501859327919021705004475564757993013517774290890845581136202349
264 20014089452130355761664118152508460269127444592285003965186283609375518647052197030695582218385816304926639075364379168477724777
265 119211911152984608510052799403478662784465158717759482127375402370893560436379823382553854704449974755786661721755479294659865587
266 181140176687002586956833474418272773321849656752959213102635351654474630792940770594270142862605805797753758720070013993184471087
267 690866100455183293190608230403678115872285334217230453329911334212241004436852421553251300120735709664999300740742556866313360357
268 143645426827315338188146265727497430032851406124374648712159782360961000922513869827903735668667820821435498173817759348441391757
269 6847098678768697786968305333010710831565917025261858255279616292539141043973161128463411400206499459155092079618646528942373007107
270 7941540026024433696973229262363072203244784881447569864515119396241701051001838231914106529110635236842219684752496123978116944307
271 2327055914602508478647969504785458366532192779214869309136988474247568214944724691212040517832418697307255070415847701444750546471
272 172682323821694081550464403728127267675206368933801809844689224081069546108993459228829990807405673173197102447525206416733473091337
273 68814367760388465011447098212941411696023415042496849570193802024178088641936858725841769598758667191800257082297210599866194731371
274 789536828168708233826989653409351945787708264376473515600049660905424930070531591661228032835999200872104398891091184418754649695687
275 7504755324593089843639701652933103232066321712967953521966787829448407493196737129158830670009550298815897602091108837159320512370587
276 6806638550212337300045310801497465722106663879203492729225691287174137028713319721795218514659824689623721080966354526725895348429137
277 40316243720488459392576071670408066200170239899897610780798325316339119323917355275248601971446653930848194094954561427530303217618737
278 58567010822156704460829432500796875389115580411168514362458420635795047181126696067754462604160909142586523147215995543146989646373787
279 813430705863287561955964340288845491515494172377340477256366953274931210848981889829923091724457071424812821489111049210374856199635937
280 713225018688029715427121461447635328014484771655457673525717787301288926292644964940971241837429885268822638436924171931647960810805751
281 1847405476540554033537528678428584473480943735755879662006981546924133702048532982584105938337318387836980962556803589070660008583340891
282 8774630734501356407227246603681458485022239254953841653192546355697508717049879798035251700036637395830194111412067106058164361901747823
283 25900755648074473610694395580093790581565769612870213679259629126002464830963788864446585617184953784609384805622246304857246283267028437
284 87530376834768564250170676970504750301373970554450066961041530648893045568960657761608920202378895185697618663951694017703254786845399429
285 13250281310488625447155238159921665497516804244057814576968610268670734639840422513811621694686197409810695805823591267537496519650290337
286 419592241498806472493249208397519407421365467728497461604005991841239930261613379604034686998396251310672033851080390138687389788925860687
287 755266034697851650487848575115534933358457841911295430887210785314231874470904083287262436597113252359209660931944702249637301620066549237
288 4600792121697439391373346583306133853304445918075630061447434121066227305500146706184590866210485211739824932577635856783852958211906367187
289 33529041839312837376499500849392179241536422131333656318144450168255173762037798745849480001101741373681377094888248287027582693183880681623
290 69934454745506545565067460798540153629273792127967383024657246253633390599692156410997186839685962481084460035304681766412205130853446389711
291 420365174575251642310999930623514837908720614642734167454329160773579056448937404250673698263919612826244324439753432962627077085905460957187
292 1021970346971628801213278639846070200825575581096539934255350366524090155448540075729765520392095971063361308250723112000885539066891523208767
293 73025480369617332109379834756486679756534512222021190009172483657108899576474130175019161948622358612845099152887209137303352318957466119643
294 406856247773582278895116222214711501500692282379832344336818123232463869068927296689392473713753140842994123851800165193547248634191596952299
295 7389483132639849082496768993215914022982658974847382322356739417683638647619406029615034244801072002490277890470729496036648746561172166868687
296 68823617411841731650705201407403120802289470844166796139597082811759379561161134589551789534911945121232980352423460992498199110128564299267187
297 19435209989799584245682090307333526340917685181375068141012619579027697130138757788008671244326207727961488531689838660399449338602537054413691
298 375716096501681173702759249822123967347370065382299022597192428415825288320959399750473588225662035063088035141604691011425747681036163185565807
299 306738314186836916573156468763568263554483466123441292834242648138567567749581264219441202682191887184783492913191801466304352604900910902268261
300 1077386640738889996228028919210880264550871678532748342599612607098274514822909399117871992891996297963082516430632360522143387248618901929454637
301 4119419508707520573813051749923953952694509359095802486410283497728696674322888878980098796351750551035315503999476672584665892421189919142032437
302 67776773968051086364018159133364199649033594156063416977263211394254197419415052068689659683565126587546857651273440980559673871032398242294123437
303 73579169993991252095337739717872469831974236398618872103420602167123335982905753669167610808682805996184635386821421798012263093861561478829225537
304 226897626539610233205622890385811383714413575498996800951478415054896612821704719454223841703054420351025177960291175125963397354559140746343146657
305 105337993135583755325325378070516959136193813783697157364804006265304943328085539438929258636802640398258747777040156415944998047863202898528537769
306 600611364369556499661942945138912486302859464556168002518619333968843975116277198555298404508085230340949000483123698862844287115009490210908329387
307 2522567730352137298580160369583432442472009751135905610578201202669144695488364233932253298933957967431985802029119535223946005883039858885814983427
308 23501460679038923096002856717943231040964504033110118424705483292559350250934452720085322492705599613064149043519643318273202459204848267729603768679
309 33081673949475172001379817418251299745561499307753733578725552915003926149404548096425836120305334487179470946610453333365463334294722720816830782663
310 98346876854322117669260362189100017795628529616263361815487277217907599457732072847745585208328528317090101411416596561181490545844492432473564815429
311 610289523493259168550341699611812439197530464605031546608434747667289624032227794520941782183189360652627615607831756742674181058459658519322258375199
312 1661119166594235220358877076426853725233013383792503083815011134379179042895666381113291870710535279657151986853104980273106545794880262592327471471569
313 1650341426664994440340327995639007147940341764108529016766738556053928895009887523814908792879485577923772249712127819006127752310404153832604341080837
314 42050699551424058339871557328881902129519908149485319347216498408254108244851934106803876042569292525497716922665016828276135128869097839654758610739739
315 10148589360871349484966278196856033343211913884922080884329666565513670502946516503589965662662175394693694985372619478018906414819815910874292654173019
316 105741753663272447859487350244661250640562844671930068568983300021319857175862091311598674485157504918905273557269551335487315225380662555238597654770493
317 554898676344417334742511017537773436024006259191707325772218865436957145241753079793064251555238299806639129038922258556195044294180257062320195123331227
318 880963031293703273033685633152889862147847105300816763217133313799912494304163739069696696716900451197443006633474806946737972976778213424603920399341789
319 5206226342127002285787700714987145105067711822965027493661118948108512968011562966341652384945695977477865527496153792223698990802565562278512131590759003
320 16202059227705934108402131427116191812545188067054151775689017032059260221333098331586160987445603950283408339389558406020441850833790620809019927344416389
321 57356880702991711090791833513669922897766353173548494747651953912183600423475436483176540451464552118597401371685130658301498728892780872029312770615339853
322 106113322983420479526114341397997753796838506680297377014264402329444309305566746028746242582806587792227123357540452080892200992503904202298027401947473407
323 49719903522010845259008177456371292387106755524920678526050584181851248633387167547829872097316706066745320190434405910455529411314823918194619253307333437
324 762504440413558322892149409470910140048669202730183525875511759012870749041625601513518918484449004239606230440502049042745999051924139609432680868721265597
325 3168152252422531059904001067519978750906442462047945635679943224067561562919430316147719450041020510573011802534480344614226334088980580067361138820743286637
326 6166620418105143507108059027016853555154166988840441979686181014439301184502836906888205112588318566681435176323046148737250037403025929066707681053799305719
327 12404121530671265675217360111815510024735393368357210878679099741688249509057430559832596490838571829531622481109575586540445477534822271111193611315113545987
328 295669151394727805458362892847093338953238194653023699308150904751878092843168935708009709081624866700290128595175519890082254928148218135032269535165706523447
329 63154698764731986952106673483586396754509917092607285102303302113395601786115260736061962704783814286358146460963610557757353831334437963200420043895806682713
330 1573068139571492328811656123271148771318715795350755379614304012695918915012283239178770191338164336563328487377077994838538312832825188018192280707689399695687
331 639376082535509785258931198490854016729542549078048960746459050321567042875960284311371110027770020667675449708102668869857507796567657065458797965060852779537
332 5597802845055789752573091513317885166877015378662918452249610869141882885587489019787310330651292629927199345403592753983038180504643364920037231163491955967787
333 3875401969654008290242909509220074346299472185228174313095884447867457382329800090621984075066279513026522623740948829680564894195522329560025775420879046439237
334 125069790838833903912384806888466035721482965977818352831730816272086124611552639288254940604411747920401411948003348594236412494491856999437195479492005589629937
335 475726251886540018793847617924742571971385825206881667222067745774975478330327592493579694961138408234877566747100200051977312348636649602275891343051229746679687
336 373264625346275336667868887893498578947033162800504192839893423166055795220979690910198153441020165314667289945550951460905899463842908883841464412992084738313031
337 2523816778717476358937792388784481217284068265907996239660563787829202945668459011016660909046163870063392593485055515841171081695891961902671185985093270203089029
338 400660194179029489817804219115039759053237431629898995984105784499344293952794714096267742684397792126752962602105149733265965479537801278985792076330953342959859
339 14742240478125828663808950113591847544651172163818078441979276942475873380057959352003697711592585428253602598308227945313760524695813970137041323834228667875574317
340 13221786407907973163987539230796312048756835243786666867475490888478361700442225565176835508585127140182847765869469941197776860824747442206531138518921460317675363
341 157952576551348164255095894074198366549833987469479411878349395812241500500620993057182475481349129588431456410445299414076005621740863965754014183938164298666867687
342 188772591488196586548773141698432194169313789902548565415588302312191061573912894141510763380148959752027838149068772470481079889397617910291382805194391478894549187
343 2458974891736451372701039201699495936620196037122422414968606155098475730232594328013132450005744449602537317016073797805278850444994113464913955446928085574465568477
344 5388109111334525427492124815906678913575556460361314767147791828853682014638256607067692931907680308350737437454848677086017108843092008353745469211119916783304418237
345 34163524257272423386206823832748834408779068800020660658726269271596589206327972973461642211501129738894135211538040530929178749583496896210505056133208985874681527527
346 14941080941160062401640324489514196122509516022515429597550363287578047964915814267166089049019675665859071921158580385649333928845979461002548247055700093566676575977
347 147051691368259561531933719975744982889962078747915017617995680777741840496803014103160981692983123658718234171402870111390812878642008379340869589442943026156237879357
348 324547239391063310363450356768470019533308208940203579754308267201601357673998401637916024530961225553886156242309313790533276093504020021326029216119680979805478406007
349 45497276550149062200483694874084582177566571346757511180510504747888040795420336678212526803405779283255068632099436512691580760771591591774676992913973969131609122337
350 300282025230983810523192386168958242371939370888599573791369331336061069249774222076202676902478143269483452971856280983764433021092504505712868153232228196268620207427
351 22561189495687916963975854614161062610211711399430114644191549094382721669633036551992027791272857830980523433285468577913501067651416838529226827246181411812982331584719
352 38736381254796911557491817815795613265980178844629345019086643742351877933220874647830145320419680481763365433369460246905611859720933081236959991766957437318652006758147
353 66350194968967382375705388358040015675617916547354703804911152757336726159987990989059934921633428121413641755145011581008555276125237738004737281332878704983596636742187
354 24322844043709688652378583279685617632127089041976565477100915838220946609231711988172416829100729604828159690720358759684919074708492864962742320411810483897758236801627
355 627529376327709967231367448615888934908878897282995389309203628626100422518178169294848354190798823804566520020585255999870912127479115916038751866624710484562162509481989
356 758430500635674837069623096812015167983599231036178359876874012046344062451497928358467179307413659496005343083371186779266112965910277516565510536477363270630097747541657
357 13735331148246894906440480328795556327931550155540911766423224454896443286111413502557219896273446559933778396983338594855525482570383270779596613266734942170554055942213609
358 4597017524261131155299552239860581732472019828933570875172073093423758909144793565764586780700037895312522181546147805580449705119905151477958298557832181456676306755507597
359 19880608254272164606685076569786671648223150688764663654964939481949502814872938407787109064585878170637271252660613237120646127336732668080001472983871641884067664280312077
360 17731353307864363027583987210890815253820647911600916232806567646063070078129918039377691868414431881919728414535141535810306005462491298557839151580209842761465754628386447
361 163450838674313310090637845744029878794310336203302991455144178119163209629306699017536177768838490256969132839442122884651366268536056152160444542748479823273875229028944161
362 2550413382154817743840307687733767990417729920521360878504231939054635407056105120173034915836846738506672208861590994359915105622068521143473918693655273928835556088457548839
363 13680545047622259001373209041711849914470530802341543278893576328376115977553510400018042807930298489259339550378158746765642460760014877350943716314658266865141805411919616357
364 15595531204871610208352279660488057961883160776794442232036685634150927545991541548270833529719057132506670219147954032633155509349963937595190344685320929883380106911785352687
365 10105904220756803415012277219996261559300288183362798566359772290929801049802518923279500127257949021864322302007874213146284770058776631561683343356087962564430309278836908541
366 216611047832500476298518965219299714817560440519365411131664886700937208548092750564866805053242085623681016783347071312786646428004010746263987940927001678222091512837085675327
367 317350925680526951914145225649466295735994550690584580303072091392606083784711601272953007872190116068449684691964180896604908620493452218506780269759437526696688222042143804687
368 1329043915543714495625451806490206025996351852951549439366616565237395928758912663049897051619620970200994014368709969194005590108892601197239983876248312286089613929577272507027
369 2245625926263517596056797879931727423235215199814686983757386610228703465834024844463619156184876811718920920829889258293319790183990946850508938273660941448910037329285736304977
370 13366820989663795214623796904355520376400090475087422522365396489456568249012052645616780691576647688803100719225531299364998751095184207443505584962267508624464507912415097053437
371 2798395385036075773547701973453383404339268172076763779759204852746538165116246344639279256168846488449732224418785075719367738536973333767557292310254403959410969594956071395433
372 93946130783353972397672851965935014288532574348291355463344734342205209828902555855747232171382703540812438962630641827721631222312676205053709098987112132923082550687810968275267
373 33409414290736823010722564376943454929356568993161363493043568139933159726387839012530170711403575423328435740509985087670002592737334699061653387785690332984804432919373505435277
374 1509591534952216141269110331924352725038772971275614224293368609645902924867708971996940175067573861820240242613505018499796886382608492479139630768101115507328778761295384391744769
375 5386911116194445864079326298897763053353091231247770276036469341537085967848774213430612568125029490265734532006161270759782896683673667502547787697239727621866116470290437436209487
376 5019122008446847333841628325243889805925644557203395607839545275176112380433496122420878723028552523212341153939692375093808851047385743635954543565034863101486389037810496624238227
377 19914580872224587808468396258225756326737234856000569669814969962795542670752258808315099449435869688874772965631682649565757699317046660232980930919331876176865350053248099509074257
378 42674101869052688161003706267626620700151217548572649292460649920276162865897697446389498820219720761874513497782177106212337927107957129070673423398568306093282892971245927519444837
379 435692171765498908882832962039719595733739016239817341312781172112868335991823808562405956247414027095626130491990715528304503811887581810463021830113187632454834609701549884381453877
380 2791136061856742699513999484768737832545207586023277054844736030541691936285509789759413063811073463021296838443721888173250094606092247697587333637135041764682710661156388513981562293
381 7121162687016699557559881891264580817226697566434740290955055478647450026729240643627016415321445988014464547539660959153257893407005392333554473858739625283634704808065131387866772907
382 7408931850059521197139255176846859063352985581747651658671629149134229380611274677528913211268137412313075900999827211014857580970098270066370566251452702485309603692179523437636921899
383 15650820535332834718217243184226796956313703270319003799679121930419644312888905679750426132678846486365491696194901268238486132581805221382806462436500679214529754545018283238085095373
384 46891760298169158965052955500252879051398845932726944157409651032640627918707225485225097042641534236783486756214199985963402213650075760251653492820414122921360964651686970141256895317
385 434773117327684920501219150512053393146465027822856618158506958603609705459858255712523958016724904816778930603733601811602418582872061660585719278092189197960191468372437441600974126487
386 793517846599114991029973800358648234821244548162554016178301182037792373420453340007255768401205768686539974913411170636254466586330893690472155708601765206329438460076605718021463772217
387 1162824603432851124548915135327630132748377983314283114241317773471560114853999954702543134624417541238760989055556403923764290622378868998395857780212638376366409474886785040143673417669
388 5686286062875654653449557522225810775997882189018893960338621585707650202235310560733577738660206708002651517305500977326991129407108507385390315107044043476819249715461170819983756057229
389 10789930622551339504535282302226149371316344542846487501913623060817499670389441440146853737561455789634084526352721050362370975775096947217673191960577737492330171639065749558542457991863
390 10140912239239980737345190133671193018154459156810608554430096861670582396982557744498922685678059952663613276647294220265386255427722694753452248083249753282265198908896381164043663526187
391 28873942848454199699422850453325615029872514617391659993159148518865694606681246232518750774130621610674942529508477725337445229090570436334374946360671115709140548166057696187077049240017
392 542630994910604787454670810243533110044155878154429472285232273889027708987630317128369626617282371648891161330417943458927849994977961648352908474709164071085572370706946359377827304683087
393 677597317803762349268064977113484260758502498205072480682374653938898005616561812927882561270306733200705068939614659263187172521761470967617036576471688060224083745276258195961099335613437
394 1024527144519288672093314245395588202266855777286069590791750476755613784492241461146958432640703780599466064236697364805939004852903344103036959303625192347058814622857702392293182195447517
395 4553918613802062709835180462186920621504514046793999119886597017089238413518575310975664216921332314582932832464340531729255413407394864196764280333256467207947139282824644511050103717723863
396 51050126609268695903051993492874629635401842826811123545836173172682784812702328899308065808344805580832287183292695807283683766591752344212841607750023797094991838831664698503448329161497147
397 54727671274960090110286070749233370727620364205804152351033850102658037557503634109116040217287180200873286070430368680604593687218267205028174273332016032715104994993945757352985839129529169
398 37888387805741600845582664364853872042198713680941336243023434686455564462887131306311104765814201677527659587221024471187795629612646526557966804614472638033534227303500908936682504012750963
399 76212274321894024689390416825855489740054883840973952212978173219881882540290206650625785448476842454797016411076773361584646381404748760317749319626812777653660802047271943263441818416453087
400 3881180636763121627700437893909307347873165380790340158994258821382873647885149412763350184876135495383181391304835680451069954608575168349515011647661761824954948252407367481008611123060110937
401 6314295802246522651265552306046164261377461490344464760776974477228956656866672607013847218385518507154868233966869354112090216479928298719125985058680905504002445536476548030723673858400876089
402 3351162576611282971342052899856902820284127606607397498736383102439949063700189372437516680148738872512360235904204405813679165170911666917971891511590424708828113552878614876641055958369180047
403 27338431546039413713579905235674733533896830474955084858112598993589058151238386985674478180160764486285044029744825415848435294815332019593981220226132412098334610562957121362071772291959100387
404 96196003646515459608945034293787094641208589297035505042674912845828853649583330722495873544901167424644277508534372785830558772853432796687466822653758822957623849038947187037896416826028989363
405 914867383414880251176380441660934469937566836603819517155032586966106094390151698675442053680605712195874344401847802787134412091658885068606326382664185945510074999935861861323008276634786152967
406 366687736672360910390533051515921103335300068112462073677523182630139689654352300278820904106801479787010364760254787351928367599490808185392819076452446998402823582970244227817723965128922385197
407 9753893795484800216388179170323501348718981811791491159822116657961715744805771187416636049240919362334475702622777343561294578146455497731448987433635090157515107307008496459951457472429335446253
408 16329509727915916386092699138286928095282388747501720138184766145957779166555506982546452989379510054411149880037839815970939902579921834645610085885135594253549117740324252690739941252299673491457
409 57783320249806400188268181045245240047400830733285614410238062251916739822441297936664377743520880460254887843220513490530239308814306082596355689738424693366495854429147394954476611014043096591031
410 169652605440946200424191428055255705276883960084499498373529394561022421349822086979649281932529905420938236942650348044317507736777403137722327007774265250884423248614479878129953457892439739904687
411 105306050922544374174881264521708615039655719560660699158845066720782843601645356052799566915762352240651431116149533931340155749708314823423265042046661824359501790782091046879653636894751437712627
412 461726530968079179074479390595183927481567385765973834773397600237278621945675791923813485707573390593625505663117187237414529056413380379625085184358440306807046313429168436318481331000063996124597
413 5749710380370922829948517042885290381165202288012074174072940642954743260649836440482856353600624432339568138941764552651172503934073989358910271295747735610028797776702171159629088574453428499109461
414 9729584779632621859204029624677161467367223724418934355909203867857120795977074995832178007849963793065374753168813751515623752883489773322836569456262893262085924797117198944557712618502100417584939
415 16928352709071787165435912815189743362297886364451440700165724648699383581439881929164656533889243362501027749733022769978050575826187409076149175759162606195883603259724143828392320798665504194757611
416 73618650153405213952011992940476325784876854654707428161185825797832203016959486529157924926448569971806795097676168790369661806499931290633485950394497845549540321152753834788589860217452308939992403
417 170127132707449023838683176963285626813791050672643216338874807515998788484570241979146465166162661699553518082865095944131571401575471469951333078642747122068265448042078189637497576132767940827713537
418 400712667947297287553923185409391765635788838361184435178341488777352518331425776562452417953358335408039278129062416066756180573958755115174627499282503551978972336297456892947824869403626968065275687
419 296105571472634416697741132797255809975077646873212077363363921180738387230169363312464839371850054164677445522738753767224040803072680095634303688943492098409724821137699725104603219285627506928235297
420 10186537822028662625712889397512432779057158364655372746902049425234803492319928951561290414288004000109630070333534050539117643011688353717333951692286800821360191496403772594410495364313253977659376687
421 6218217000925322750652563788742372009476630584337453624630642344795506131833556629561761626808851137458226355977513829111704856864526282008320377467813334066604221243891694227196667604998177645492941247
422 24968532880638603660312602290180909145744624346339621477363040799871186160131665851009535147647848413486108906309709375356230271409867070833409515678450464482826180687011264512282003767761913314979348701
423 445128672389315796289021220138742414770688647829571872544713520466669077406485215343859643839101297578355803605590336105488656907548319848995611020888237590952452945351200819063786067170100316684287009609
424 1071924946082588329554799650043973513325933010730787197907482268822056095495307723603685215821433492234145020288123730079948506479492569075434305069643821664866158446735483597165210161753916623349975487357
425 1494763702145510276599173987678454809970343890465734044382365948268150512459989574413885006444435369581304412494594670459544436746280356252000090737455128381395245491320118804614583558893792703243495492187
426 5462942797505239318092533156248202363094815223362927526685120478454575040897773097401913810752606833916184862432245034021906243865365743601309771619992006798052831602037464597601010824360322068398067845207
427 5051146501523081460680086887935267960040859546951375542910679785853743852404567101002012708908641333973566672194191305013568022443295620679387332908211454309932131833859564530669384476505805389685994645933
428 56339710978526677830662507596201065708148048792919188747849889919137912199897094588099372522442537955859012882165979940535951019559835769116243328591589298072319931993048988995927749930257060115728401820027
429 75946528167870710009397046048778200511620260998836954168852291928132326206863934932817244339271346920868833810919763941061990207268722912108421378223463345571228088697261263150478733460362434882793564469331
430 427155633634718180723192752110896674135605232890611886395059952304692835644666300701107090521613406694510199349755329787883094600111044845421561929861077127294556513563567710557100314457961353220487219811437
431 276796850595297381108628903367861044839872190913116502383998849093440957497743762854317394658005487538042609178641453702548245300871957059833172130549977978486872620789191876441001003768758956886875718437811
432 1755198688177177270878331967420110123984612289317867034067631185942373418535255639090788143968402144009453862867478605839773858686287191268621426775353358901483813265937295426411595286288777642066923287470087
433 12862580179703921158864245162624889777558958749166658692415619987464593065762500979985320564005683573961694308158501838381680705103784616841635366148210201163563448112999793931758352766968656016967673691487689
434 53563822035751789128528406591958533094013168139528011212063917226172430186334525537770603703863306808564367884059260902351719480598764285266550437799576642338385335874293325943940063047088559076869900324518187
435 141386701501014247995262710661106001863207368701314141595287901917545586228796502866953266752963660154891193165963611116756735339500494147970703372561946914766284384198626193376363553537311590447379844015918041
436 230023024772107784879948903752395756151930989579253104148783230165438242227986543499218005410854886770717572238107234174695770531531317108973141547871239571457491792877931379792613659222283627732006320430890239
437 1300718434197264226009122829147179071232530480715418448268439186434230060271299866181000025481841827749505248640550114476348717762700107744091089417757827858037121110110246242254395909310662662187892517832988029
438 6539325595313900628691357842065717184341980510322377368821972809832542620884196397433248448795379643086256641845404343722702295233099985538558691584243229741752365666144658080918648714036930356452438848093296687
439 4908138352106637466121262670092679778965627227774190915379280023709082493371078599524234831567167059662651419904165357338840955356945725422411559933221871469743872194323737855779477644223816639816186013695440583
440 77169489193046646244571093221791594151482218818564004953239489045911410292215178627902613452094347243347512885763980672290838106070640720638240006501303966204441140487884012133749608052386329585027951617703394287
441 153963058404432482068328152301645129765416908475130202403790813170913063457106358787017502337801133687087638230197653102541700259789239212037007282953785113774198553979223271961393128820263607410156281652912315779
442 149388482852954451031943286123694670942303314165748432230233425964349258414741081645713361135563774097499147586403479565604528107223542225235536314472335602501427566302960370658919052569336555007997506339176759507
443 953433671796766711663199973373181565477060758405002620374243635673584714124915834745767623834366351961976218381059953314769994644985977891521857232982662896347494914123891148197938982506584445970765584052002657037
444 7151348186334015706098529079749115707070548603963220404131509219011073351385093406054364488810122295911382639243860349540063654128093492648237037446390993794386520578282863676758302014144556138062272970925662578337
445 2559046154594007299447671545359098856017389116632595871151587137021833564480650815827669739414092937913236594204984390147259959471204430022910368962075865665433545324774443631737138717745161407845132402849381025783
446 33313917587180809957063126859720033523810083658606236747977901326750294864302409036815411042055861458716659192433213078975868341170385272289199690062860929952272895472289929088270353352727734707558578837093525842439
447 6079182041456352181945826069291976920403299937701868019703996592472681544580731576061206394535741142101580144604600926820413930870508261366642279208551264589830820341658746183990940392833528231306310006768891577087
448 113072785971088150584192364888830770719501378841254745166494336619991876729201607314738438938364785243089390689645577238859699114191453661419546393279053521370853258354852679022231491306703625102297366125901383333827
449 499361381976771786374121427120412389890271066311224873047114005810255984019131522319313382408293022386915511878235076131676858607220321469402758649273853877021817385207682722256398675125611247571589750556016093832187
450 2243218173297393955138009819568739483628817677011989299270774742622419489950289951566585159583688481435483073359097741996732740491217548444291001027955416633647572706072077341892657004955571917352028392497720991945287
451 3486289317134388849302292334217562924312884448273267271939847965851233412186157944239580643138356830172414181327846539512970981075619077728542014280519979216976178849534457761595124496482171770089542662681823941628139
452 13041929769909517608164749773283619172066359497777718971300399775399892546798096910048794415614434146770895666226447708347554880779252966321059109112356822978760765914118007849066506893619746694402768556521593195679117
453 13447115937518356990165984717696314136635411443339745191767985011140471732718037784924096766390804916379311842264550938121459498434530728381519197939148491265479546991061479937581194486431233970345378841772749489137109
454 177547513819098306700666137204837774787101449395960364481140005486075042030294092109421548830820966607787863137696358996552829648822024362867855172789774147386585883153167675786029669575083580727102544368491048339623869
455 926230255018331274793448005743394895569567181808194313350120624825730232813864843660261467477860056151738852412101601811285086921361509210082984302494079224171213618075468227339043669192509194850060698941315089576628587
456 313386176509961709516580152319193761658876114145629654892897955768104214109954270411366661928599267119009386154470466778254352717753894093637099951971680940509057239198466693460578685065134689986862642498941195721415687
457 301534481107403157593044030195122433945231344737940387944221087622692272921795999821264068168390422107963213005355947307367642651337019553368642353788024643122532892697870134871524072975398687165541291655344874137769421
458 8687064812856138587799601822288051073184045884116854033631131333891848815127932375803083868660771684538940184201921339093210657336137944275620410668654995670911066670581496742727241150005533606435832450070649945397642857
459 58614610868326838287219273216500840476088337931201677452422568563390691828165446904031433659263648379149991915837048940870955025591532882568088131016957851545757669447902306829617689695728010107179200061574692370658239587
460 43845575058984642813274259492658109017546394515465821716379086720646580501383602014826662973464933826923222299248186215612131712056658455464317893280401542494858099193312749203257326937749298899071055164170045474114431187
461 666434279601804893017426313021248453652382019205810820269292063801524593481872273319253771233309745776042695486551694398897828494119289930023752265064932750535529483275535550942478419000341869876869903314262935397918674289
462 2597116485778063396348888232070589523570277572227880561363576227694248546675428946460547419134346705615887153615130774158357506155965749413164116593176256251214375804806755471648436840537108892556807145027485400948608027379
463 3198585469113524307025298915974084762219398217833723286213947025740002480458619579573411705313499355755322346250712208644523085599673510456965159524997511937312260803424915205981962613855791906507011345974289645810354624469
464 15514410585344934401770676135217919311840232122498774705221926316995103195305366123456823956347618427284464395676081890924229552639837620846663641922323135273312157940875874362815737315920449289392352835195537669603753730187
465 6123519165974699409662739158912518513926337401603130835458678387286260008171130050655970515782505779251072934968053527068406748728687716372731336257533806163297666194495104146094500656259685767716788902180792940436373159047
466 119940724404775095274733138796363432430893360786386109668884370121347685345232248143190305686623154508122867315969709397707397143902359116987259079118361587956328931872233165254699977241553674225222004850407269132478818998437
467 74491601282791123587875299438639098845235774764556767415964362359625162956543307319518234735947625248691623505600387411700288690578651670600149332275713444206269411838528354832160573917356836756730607854001514121572143813907
468 89026547874555245263558284694958923010159828377153209838591555015161780118795659967229109806376430175265598823766316662763759654593998338034324811744145335758712223904582667970143124925621585392190238654782297364805732850767
469 1594847014781318250864315557249692706496291782642144644822768714128755318128139394270075767102800620568329441785756587072939351526583913084214904484673689300591787553947809509065135409381849544025807989615671441363805557069463
470 408795372893365922128583960333995054638489007854274943136389793436967357688347418216868361355810138559893055823416760186160120862931625021586185360049646949912454089357777557005759247107446055372302116271959528715944691661687
471 93032742528910231300418407506232074545617020654125104281328174990844060224141464665754419747663369533152550770835800912588128839050728263245869428272631875867854273980288888028799565547274556734838799394247500746221990829052037
472 39823210045780134670078135079896462242663045189132047860574548117455612116568052093014448289837600457950541926093967110294974333983347183102839833034596407272671627568877258493273042816218964930148182958749209449392468082914949
473 5562887434332923468325770532225004703520558418880973426199992309090251803423031667095144661329864365523024703645055272613266924702773553293744810379555595694408675247980636995734371834638125921506287198228825266766575364132243
474 1053858119504181612610604306382625891055839122688006632407887431888764369426252110266357960840824304801861902190535471089513345179803212040648322410793587850996310144200776230858567108673111632907579963664460786648556777316163907
475 1156285888136343378059142303483911691946058928495973762160141258532330910568644439374776497462136093119428706257650774521757625063219360006056957014607627390766374640830260975541930145628353316541663981917562966163623879258916327
476 3635744287439017838227200026418485216943793538054350489266423544869700285808624268137183832226304210323976859882303981743670882930741286616983215355209550043131384179930202036497821591924203727270180561699553656493868898700716287
477 8089233027724975426298288321074046125305109163684204072184245959175667586720434191337353929668098482379838351200431088561492003792790285568146917836213772653340843621313557711368595843540211965001785341538744627202424375928872369
478 103100171613311689451891977142601569315891378067646155349722286031403402531012430475798370376804279065875658561055892256068883496616332419509140424941663601059158497613823991520228389995253895203802595666030949426280236409385230067
479 497620148456202621825555623287998902889569381134684790735825740592084060429773836306186029758318259868768570543563212189801773796537032819101522377059746447706621746200610767257710040507789785557028483764419237345365761233643939087
480 205663921938312704140766826412452870321086130859185931119061001375858816495266211469412566089837464067933025454260297039421487682636325960664955457453870055390641872971592707330153822706453399693745656495089833558979410194371993797
481 3053674739540412009932343498647997406936464776785264909657945178175075554215628734240207424956431755217112611744805706182508905845566406024408394975322110033701614964600746930527438871790748928973896775734136655463043580660661350159
482 3588980271571400569442395745422945159546841072317343220514318038094212304755420225501439005426881943382662232927162084955538355475864899510758870588525985896183172966363427667352966004694306510148603780245300053233457594800378877677
483 2893778281920766076572198022338597428884014714483475284337210427809619122236210496590748641179544036674156231391634320315240368943009713164849161999949523737116214522515790346800333364559816144986646631529503432752400433579966504277
484 36193953586186158285054668958078853727633397254725749427220664960441632564906356511412817088627029768011593704943414246585513923866773139133924203392762061156423523982817618001271436827001904636244394055016161553795038456037719190137
485 62959230187735586260557281296826241358152212031329664970039307956398470091895931074474396112149539176289074764061233185236986405381697813451447984052955854280501424070951654842547793472179783694979744280574331442315739163023595566037
486 265367289474517818859715348372834083140634106114660314588004188690757775182363843646821895662761970714470597111130141860259745184422485318063059639616992811892846374997191260721446786647336653511883568129178517495375531652346658081447
487 301969674229623724909331258493224991160031913854613461427728904372241606242000235873969743340384311502673438091975678668571434175377310879175205796805543544567721737065769365648542895150417571237660612009065209563703191190601369540957
488 3173849093476394814956118052554665466528167598066321905775360442457896043228855626004031638046137204115511730435240874397642416542602085674128211976214908723673327068600359136851468331545997269721705593354021048770950324192124884056357
489 13284553990059880093738482148118030904809515874541071928963933828012391222856108278903102484995508417226004189067265695832048198582508131055183354319606114957171590544620664890174708764973964619972887483559644988568229201259253257217927
490 7354967659732723313700704708614703805667071020668662140928529887612010591195012738105151161220689209537143950170288732885554582047826390155015676855060896263841781889511011891985139187474855948397006375018000873499148356061990000777307
491 54639617627213383790412211982602773750110669727189673527569827976445815115466825896775993768758350070850875598810284514330670344670544888102506643303100973536292307318718757595496835049070312278143135214927009073152587916481191866239687
492 788235875161278293115598779818591318708118270238327551149898648808031367622256210110881510107566111022100892334141408776300713928768991037930943662955169696493121198623951468268949994316588244082082272361425287411827333508193889618188187
493 361761781403132786243650940900467408115950121132888847164275365402311683729708184676567318743761806469094405921166527210533673047236111980880422245312878967395938806891064887245315567011844658857201592631699345289551134257467647712651287
494 4548961974664925035531866086642047621202691948713559759023122147931195852856543343486197561224749523898612636157647182583519165338649833631921905254891733398531911380268496773659180853276599859246939175432644958853717454173688931876104487
495 4622853742781309604636952236272781389668928569200277480997101797034646749958781610994602800797943424794427663750055664737160085790851252249293225543296066123787252072739863218713543181857742598077346309246779293210732153936916366302518367
496 6026797336992616417633589079256722990527424358447914198502715130000213794901308693654302352688627541814913188005816825656337574382678205979348311022978387903638725229695825674746427424899454635855081851715331645994011449438237620404382087
497 29502212067567994022319458816940841232250798687078134469636049650166563804282406281074646965092329856415347454113991605868058002047068900718216766649034894717260463227848945268517339215128502762275428264465809671217581564215593537676071763
498 120078741424632198831334061034294294618163648079696718065340303521176673472206074592877789633913413574505408276888309029801098292355567841891981176175065949335257084059249933616154681589893272020588492893831676726046200533979782657574205867
499 905640601211945649129781189296032670624841719629114499801211448052239023290376656041610992846431072473138920368680984925696133849821899517820829992273628234706097820895464452600344187318167014211354334255347318859058727391791444903386767617
500 2034156324357834800015664663838895686213863817843535244534914337967148021829165708477105434490013583599518720025119149041284773502090675422555187662943219997804551313699032053015345568690098550135688805788404647043283580260670598552514070611
