2 3
3 7
5 7
7 11
11 17
13 17
17 29
19 29
23 61
29 37
31 43
37 41
41 59
43 61
47 269
53 79
59 61
61 89
67 73
71 101
73 83
79 109
83 197
89 107
97 211
101 173
103 109
107 379
109 151
113 127
127 149
131 211
137 157
139 181
149 277
151 179
157 193
163 179
167 257
173 211
179 337
181 277
191 449
193 307
197 269
199 251
211 461
223 487
227 307
229 311
233 653
239 281
241 491
251 617
257 331
263 409
269 463
271 389
277 461
281 283
283 367
293 307
307 659
311 491
313 727
317 743
331 521
337 499
347 421
349 521
353 491
359 409
367 1151
373 1097
379 773
383 593
389 613
397 859
401 409
409 431
419 1019
421 661
431 827
433 1549
439 557
443 683
449 853
457 1049
461 643
463 613
467 601
479 859
487 733
491 523
499 719
503 619
509 761
521 983
523 557
541 557
547 617
557 1229
563 1021
569 647
571 691
577 743
587 1289
593 739
599 1021
601 881
607 1061
613 1979
617 911
619 733
631 1231
641 997
643 1171
647 673
653 877
659 1187
661 1493
673 709
677 1049
683 857
691 743
701 761
709 829
719 919
727 2141
733 1061
739 1237
743 971
751 859
757 1657
761 1531
769 1069
773 1667
787 1523
797 971
809 1213
811 2251
821 2333
823 839
827 947
829 2213
839 1291
853 1523
857 1123
859 1019
863 1289
877 991
881 1259
883 1031
887 967
907 1153
911 1063
919 929
929 2089
937 1867
941 1613
947 1321
953 1867
967 2441
971 2213
977 997
983 1619
991 2753
997 1291
1009 1129
1013 1187
1019 1279
1021 1423
1031 1249
1033 1451
1039 1951
1049 1861
1051 2161
1061 1459
1063 2473
1069 1487
1087 2311
1091 1327
1093 1321
1097 1117
1103 1231
1109 1229
1117 1373
1123 4091
1129 1213
1151 1213
1153 1583
1163 2711
1171 1181
1181 1867
1187 2939
1193 1931
1201 1999
1213 2791
1217 1289
1223 2221
1229 2371
1231 1291
1237 1663
1249 2293
1259 1471
1277 1973
1279 3391
1283 3457
1289 1597
1291 1483
1297 3217
1301 1787
1303 1489
1307 1879
1319 2089
1321 2029
1327 1997
1361 1723
1367 2447
1373 4327
1381 1553
1399 1583
1409 2311
1423 4649
1427 2749
1429 2237
1433 1543
1439 2087
1447 1657
1451 3931
1453 3167
1459 2657
1471 3847
1481 3023
1483 1979
1487 2389
1489 2087
1493 1741
1499 1609
1511 1951
1523 5167
1531 1787
1543 3617
1549 2531
1553 1979
1559 6619
1567 1613
1571 1783
1579 2137
1583 2273
1597 1723
1601 1811
1607 3677
1609 1693
1613 2269
1619 2389
1621 2833
1627 2269
1637 1741
1657 2083
1663 3307
1667 4231
1669 2213
1693 4591
1697 2423
1699 2341
1709 2377
1721 2221
1723 1777
1733 2011
1741 2633
1747 2909
1753 1997
1759 2129
1777 1871
1783 10271
1787 3019
1789 2999
1801 2113
1811 2447
1823 2579
1831 2287
1847 2593
1861 1997
1867 2357
1871 2473
1873 2339
1877 2011
1879 3373
1889 2297
1901 3037
1907 2617
1913 3167
1931 2099
1933 2371
1949 2671
1951 2063
1973 2557
1979 2801
1987 2473
1993 3449
1997 2137
1999 4373
2003 2239
2011 2927
2017 2647
2027 2477
2029 2843
2039 3499
2053 3677
2063 3299
2069 2081
2081 2281
2083 2383
2087 2593
2089 2113
2099 2137
2111 2749
2113 4073
2129 2341
2131 5273
2137 3163
2141 4483
2143 3677
2153 2269
2161 8783
2179 2399
2203 3727
2207 5227
2213 2609
2221 2267
2237 2473
2239 7243
2243 2749
2251 2377
2267 3307
2269 2423
2273 2897
2281 2879
2287 3343
2293 2939
2297 3019
2309 3323
2311 3299
2333 3919
2339 3907
2341 4561
2347 4261
2351 2383
2357 3907
2371 2927
2377 3659
2381 5807
2383 4441
2389 6199
2393 4889
2399 2441
2411 2971
2417 3559
2423 7759
2437 5297
2441 5323
2447 4789
2459 2843
2467 2887
2473 4799
2477 7559
2503 5953
2521 4993
2531 2557
2539 4639
2543 3137
2549 3329
2551 4339
2557 4201
2579 6067
2591 4877
2593 2969
2609 3079
2617 5813
2621 4363
2633 3253
2647 5903
2657 5323
2659 5009
2663 2861
2671 2749
2677 2917
2683 4523
2687 3389
2689 3449
2693 5711
2699 5651
2707 2903
2711 3373
2713 3049
2719 5167
2729 2953
2731 5827
2741 3323
2749 2971
2753 2789
2767 4799
2777 4937
2789 2837
2791 3229
2797 4637
2801 3851
2803 3851
2819 4481
2833 3967
2837 4657
2843 3761
2851 4391
2857 7873
2861 3389
2879 9803
2887 3617
2897 6491
2903 5741
2909 3347
2917 3083
2927 2957
2939 7219
2953 4013
2957 3821
2963 4463
2969 4153
2971 4409
2999 3463
3001 3769
3011 4889
3019 10867
3023 3677
3037 4463
3041 4951
3049 4159
3061 4219
3067 3643
3079 3691
3083 4211
3089 5101
3109 5521
3119 5077
3121 3323
3137 5807
3163 4201
3167 5923
3169 3533
3181 4027
3187 3527
3191 6337
3203 12547
3209 4091
3217 3607
3221 7573
3229 4483
3251 6271
3253 3527
3257 5051
3259 7411
3271 5783
3299 6637
3301 4799
3307 3989
3313 3331
3319 8377
3323 4463
3329 3547
3331 3359
3343 5501
3347 4519
3359 3989
3361 4019
3371 4241
3373 3463
3389 4783
3391 4889
3407 5651
3413 11617
3433 3823
3449 6709
3457 4793
3461 3617
3463 3793
3467 6091
3469 6373
3491 6101
3499 3517
3511 6217
3517 3803
3527 3617
3529 4073
3533 3833
3539 11443
3541 3623
3547 5903
3557 6427
3559 4643
3571 7013
3581 4093
3583 3911
3593 7193
3607 17551
3613 5081
3617 5153
3623 9679
3631 3911
3637 6301
3643 5279
3659 5209
3671 4177
3673 5297
3677 4969
3691 18077
3697 13159
3701 5651
3709 5431
3719 5507
3727 5591
3733 4003
3739 4391
3761 5113
3767 4723
3769 8093
3779 5059
3793 3851
3797 5441
3803 3919
3821 3943
3823 4987
3833 3943
3847 4603
3851 4441
3853 5743
3863 4789
3877 16883
3881 5413
3889 4391
3907 4201
3911 4073
3917 4973
3919 4051
3923 6427
3929 4889
3931 4787
3943 5717
3947 6857
3967 4549
3989 4463
4001 8713
4003 6451
4007 6781
4013 4507
4019 4099
4021 4261
4027 7789
4049 5573
4051 5209
4057 7219
4073 7561
4079 4721
4091 5557
4093 5639
4099 6203
4111 11321
4127 4651
4129 4547
4133 6577
4139 9239
4153 4793
4157 6269
4159 5779
4177 6427
4201 6653
4211 5503
4217 11003
4219 6599
4229 14149
4231 5393
4241 6917
4243 5647
4253 5701
4259 11239
4261 5653
4271 7069
4273 6991
4283 6763
4289 6079
4297 5981
4327 5297
4337 4357
4339 4751
4349 5813
4357 10079
4363 5297
4373 11311
4391 8017
4397 5573
4409 4621
4421 6353
4423 8011
4441 9787
4447 6551
4451 5717
4457 6089
4463 6829
4481 4817
4483 6689
4493 8011
4507 9091
4513 12973
4517 4969
4519 8819
4523 5099
4547 13229
4549 5009
4561 4861
4567 5051
4583 5573
4591 7681
4597 6841
4603 5039
4621 8369
4637 4799
4639 11093
4643 7451
4649 5903
4651 12211
4657 9433
4663 8807
4673 6329
4679 9623
4691 4793
4703 5077
4721 7591
4723 5147
4729 8867
4733 5279
4751 11593
4759 8237
4783 7211
4787 10613
4789 6473
4793 10487
4799 5879
4801 14867
4813 11177
4817 4933
4831 9781
4861 7159
4871 9803
4877 10627
4889 16829
4903 8929
4909 9601
4919 9187
4931 12703
4933 5101
4937 5413
4943 5393
4951 6287
4957 5657
4967 8039
4969 5923
4973 10559
4987 6793
4993 5051
4999 15271
5003 20921
5009 5987
5011 5279
5021 5653
5023 8423
5039 5077
5051 5701
5059 6121
5077 9181
5081 8837
5087 10957
5099 8053
5101 5477
5107 11351
5113 8731
5119 10789
5147 6803
5153 5197
5167 6221
5171 5503
5179 8521
5189 8093
5197 7853
5209 5347
5227 7039
5231 5851
5233 6197
5237 5867
5261 10247
5273 6673
5279 14723
5281 11833
5297 8537
5303 11467
5309 10501
5323 8849
5333 7187
5347 7723
5351 7043
5381 15187
5387 10321
5393 8731
5399 6007
5407 9629
5413 8017
5417 19973
5419 6553
5431 8167
5437 10651
5441 8681
5443 6907
5449 7873
5471 12613
5477 7457
5479 8689
5483 6793
5501 8297
5503 10781
5507 7853
5519 6983
5521 6547
5527 6211
5531 10007
5557 7603
5563 12979
5569 15901
5573 9929
5581 7459
5591 7547
5623 10357
5639 7369
5641 9887
5647 5657
5651 6133
5653 9467
5657 10103
5659 8467
5669 6323
5683 6299
5689 10253
5693 6983
5701 6247
5711 6229
5717 7559
5737 12037
5741 8039
5743 19697
5749 7159
5779 12911
5783 9601
5791 8803
5801 7043
5807 11093
5813 28909
5821 7723
5827 6863
5839 8419
5843 7691
5849 6841
5851 7589
5857 6863
5861 6563
5867 12473
5869 15647
5879 6599
5881 6991
5897 6571
5903 7727
5923 6263
5927 6361
5939 7103
5953 11257
5981 9623
5987 6067
6007 10853
6011 7187
6029 8209
6037 7573
6043 11059
6047 6871
6053 10061
6067 6689
6073 6481
6079 10253
6089 16883
6091 7717
6101 9421
6113 9539
6121 11257
6131 10883
6133 10639
6143 10193
6151 9539
6163 8039
6173 9439
6197 9739
6199 9311
6203 10177
6211 7019
6217 7687
6221 7349
6229 8581
6247 7759
6257 17839
6263 9187
6269 6659
6271 7681
6277 17393
6287 18061
6299 6311
6301 7699
6311 7793
6317 10627
6323 8069
6329 7993
6337 12263
6343 6829
6353 11069
6359 7741
6361 8447
6367 15061
6373 12983
6379 15373
6389 6719
6397 8369
6421 7393
6427 15607
6449 10067
6451 7649
6469 7573
6473 11549
6481 9431
6491 7213
6521 14159
6529 27337
6547 16427
6551 7517
6553 14683
6563 9461
6569 7549
6571 15937
6577 10433
6581 6917
6599 10007
6607 7589
6619 6689
6637 10939
6653 10093
6659 9127
6661 12251
6673 33037
6679 7129
6689 10141
6691 13477
6701 13721
6703 8951
6709 8179
6719 7129
6733 7481
6737 6841
6761 7673
6763 13711
6779 14407
6781 8597
6791 6967
6793 10271
6803 8171
6823 6959
6827 8713
6829 6857
6833 9859
6841 8629
6857 14783
6863 9601
6869 7103
6871 10601
6883 7529
6899 9067
6907 7307
6911 15809
6917 8009
6947 9629
6949 9851
6959 11351
6961 16067
6967 8087
6971 10061
6977 15451
6983 27179
6991 14683
6997 10753
7001 8263
7013 7937
7019 9221
7027 8537
7039 9479
7043 11243
7057 12917
7069 12739
7079 9539
7103 17207
7109 13841
7121 7459
7127 7309
7129 8311
7151 11273
7159 11971
7177 11987
7187 9619
7193 11927
7207 11699
7211 11213
7213 12203
