399
935
2015
2915
4991
5719
7055
12719
20705
20999
22847
46079
60059
63503
67199
76751
80189
88559
90287
104663
120581
152279
155819
196559
214199
230159
388079
482143
663679
676799
709019
741311
761039
776567
880319
966239
966779
973559
1162349
1241099
1525499
1584599
1587599
1719119
1811687
1965599
2249999
2416679
2647679
2924099
3106799
3441239
3479111
3483479
3704399
4285439
4452839
4587839
4681247
5058719
5455799
5807759
6514199
6656399
6959699
6994259
7127999
7274249
8699459
8734109
9224279
9694079
10054799
10397407
10467599
10576799
10712519
10801727
10985759
11682059
12583199
12942719
13081499
14288399
14345999
14595419
14658349
14957711
14970499
15622463
16003679
16337999
16923059
17450999
19289663
23287991
26936099
30141719
30305519
31010279
31276151
32148899
37425023
38743319
39750719
40895711
43837559
49124459
50561279
51768719
55342439
57612059
59668991
60939119
62211839
63696779
65529479
70476839
72972899
73259471
76276511
77801359
80904599
82311839
84062159
84577679
87893999
89941499
92221667
97501799
97962479
101609639
103949999
105818129
105884099
107732159
110066669
111513599
112011899
119057399
119213951
126325399
129255059
130401599
131576191
133763759
136019519
144288143
147911399
151524071
156620879
158453567
161516543
170173079
175827599
178217759
180419399
188722439
190137023
192099599
213884999
219095519
227500799
239025599
240184031
242842319
250716839
254699279
256074029
256226219
259580159
266100299
282159359
282639743
293596799
309735719
320360039
347299391
350368199
353822039
362868329
363334399
364571063
395032609
395623799
406647359
416453399
430337231
437579999
442590119
442706879
445515839
448592399
452125799
462683519
477489599
503733257
540758399
558705449
562432499
563601257
564135839
565861139
566200799
577167299
591365123
595462271
601530803
604667699
612328499
622805039
640057109
657177611
667883999
701720099
707343839
708059519
711288899
711526139
758266979
758308319
789206183
795674879
800484227
808643219
827536639
843018643
890753999
907152479
928167551
978057599
992098799
1001342159
1018533119
1083401087
1083482399
1097586299
1110046391
1111321819
1113933911
1124413919
1127206079
1133959679
1181972999
1199480099
1218027199
1248915599
1276986959
1296364607
1328473439
1364586101
1376406359
1424213279
1431883799
1449507149
1495253999
1501273409
1522079359
1527481799
1559190239
1560063119
1574154269
1576659671
1635968879
1683181439
1720188359
1728896399
1747986239
1771943039
1782867239
1785201599
1793710169
1805702399
1825456499
1877893247
1915827647
1934961599
1994967701
1999899719
2089852379
2145418879
2190172991
2275268939
2380738799
2596088939
2616594119
2645482199
2648337443
2704529519
2853981311
2857232159
2869816319
2902555499
2916124721
2930234999
2952417079
2953352063
2959408799
2997198539
3013232039
3032510909
3148965119
3169353329
3176245799
3259692071
3259800959
3306623759
3331739423
3332374499
3344702759
3344779679
3417766559
3453799859
3490255999
3496199219
3603600899
3618583919
3651321239
3695056679
3718582559
3723764399
3825835199
3936881231
3946466159
3965889311
4019075279
4032306623
4058154671
4108903679
4147835999
4208144639
4388676767
4469435207
4534549879
4553362799
4690080953
4746672839
4805504927
4829213843
4988243699
5095754399
5183999999
5199498431
5255545679
5261572859
5268236399
5269510091
5305541471
5313104999
5346826883
5373271727
5378140151
5778659039
5810412659
5880719519
5963144219
6002604299
6180125759
6244240391
6264271859
6412293557
6459336899
6539633099
6543697439
6613769399
6630003599
6652559159
6664986239
6694688279
6726784319
6809119199
6870445823
6884665919
6933149999
7013957579
7021301039
7182755999
7256319839
7369162919
7369890527
7425091799
7472077559
7480259999
7607904569
7666978799
7689464999
7707635519
7720943999
7760865599
7921387619
7947283571
7981037567
8046928343
8250757199
8254794719
8296507007
8342518799
8398143179
8507078999
8587927039
8749873439
9099306719
9122184719
9215040743
9464628599
9565533431
9578428199
9606606239
9860072039
9927477767
9958712399
10015015607
10274816999
10403866367
10695972593
10749148577
10986131951
11194977863
11302390439
11376412319
11475866999
11689772219
11764564811
12282439679
12328920719
12357907343
12361359599
12547917359
12621168559
12739103999
12812676029
12858912239
12892245599
12911629499
13105670399
13152969719
13250196959
13435017599
13477825919
13646912399
13647432707
14090565761
14138530559
14227033031
14229006329
14272399679
14324370479
14473298839
14587808399
14588753999
14640234839
14939210159
15084424879
15373029629
15685437239
15712262999
15879380399
15966112499
16015708799
16022124809
16062067199
16239820799
16279199999
16513024499
16578836999
16738666559
16790805719
16797465359
16802186939
16802670527
16944184799
17417312639
17470648259
17595580199
17677538819
17702851319
17826676811
17880962399
18079288499
18103324007
18630485999
18732717119
18809998367
18920128439
18931640111
19562262299
19576723319
19583210519
19602970379
19882147199
20271948839
20336358899
20369361347
20415870143
20484968599
20494785599
20701604159
20865700049
21149111051
21341172599
22163440529
22201631759
22245083327
22378098599
22433575319
22450015223
22507597979
22742704799
22751735759
22824172799
23004404999
23023902719
23094031589
23331016799
23732492489
23818478111
24007410719
24133932239
24405473663
24415360199
24524970479
25027872803
25082746379
25116798059
25690422869
25898019839
26017353599
26037359039
26120257307
26205928319
26219759999
26494307839
27074881679
27102666359
27124951391
27170898479
27354507599
27425699909
27771974999
27997989659
28818651599
28862979599
29095938143
29478758399
29685404839
29930536943
29969009999
30038296859
30167682859
30176815967
30279065669
30481151999
30627234299
30806802359
30946982867
30989624999
31075644599
31272500249
31636521139
32049059279
32206123883
32254844159
32370096959
32659832099
33331858559
33451746659
33490869719
33548860799
33625200599
33841281599
34249067423
34442092151
35008869059
36061725149
36145049849
36988971839
37455074999
37544466959
37593566639
37704720239
37802967263
38076497423
38631354299
38981291249
39189448349
39465795599
39642270079
39700805759
39845307419
40468332239
40727464511
40773152159
40800008429
41157646991
41253407999
41606667359
41756097599
41839310699
42784515773
42807663047
43003146383
43225263899
43363953599
44072328887
44075156999
44342398799
44503134479
44862801983
45154850399
45275040719
45576838999
45636395759
45721138459
45867967199
46115848799
46143489599
46214767871
46673881799
46983424109
47209377599
47358464399
47953473119
48140099279
48219175871
48244412231
48329625599
48372544219
48559939487
49569379679
50275046699
50282914499
50400340019
50747295743
51043713839
52050394499
52066260119
52086048059
52508132249
53374698719
53647578143
53722314491
54680210243
54685500869
54863960579
55666905839
56231710919
56561675399
56577232799
56763418139
57301504259
57521545759
57545079899
57700844099
57712636799
57778291199
57931688879
58169685599
58269981509
58525463411
58549158719
58811592839
59609209769
60037472879
60092052227
60144065279
60598521983
60684767999
61168008719
62517408029
63080385983
63158669279
63268850699
64031825519
65362471679
65660807519
65725962191
66625934399
66632129423
67901068799
67974227999
68427770399
68615454599
69319282031
69815559743
70338157889
70750961819
70824936167
71383999679
71664929279
71807648639
73411115399
73498424999
73726709759
74962770479
76769096879
76817206439
77650662599
77973292499
78345111599
78520117199
78528718349
79462361999
79833742559
80279490059
80326532519
82844442407
83406931919
84937984559
85633000991
85844310551
86566595579
87178467599
87461474879
87904647599
88128212171
88300692479
89516306879
90536434559
91617671599
92690741519
92831860799
92995244159
93747669599
93887107271
94059729119
94090814999
95399167499
95443689599
95526738719
95621641559
95800465799
95973065999
96246373439
96401880959
96692622479
97517800799
97920203999
99416737799
101277392831
101504430719
101743703819
101954623679
103264532219
103328594459
104791694879
104964909479
106308967049
108608535671
109016540159
109280703167
110650683779
111567093119
111572645183
111953782079
112734273959
113539928039
113576076899
113765005199
114062303519
114547668479
114596515703
115185901823
115398304559
115547974079
116680676699
116701321769
117232610471
117502378139
118641572927
119111610407
119136381671
119152803167
119257950239
121774161599
122578263359
124077869999
124507610849
124530770519
125122403999
125201858599
126404411531
126438213719
126751013999
127424366999
128482999919
129697509311
130198067999
130257854999
130291713551
132420387527
133808622989
134331784859
135864035999
136119689567
136565265563
136684290959
137108377979
138348290303
140274219023
143631176831
144622005263
144967642559
145330623359
147906997919
148249790639
152378042039
153065015459
155166160379
155232488111
155491155719
155528593739
155953123199
156431246399
156723577919
157588488767
157604910329
157725585233
158167307759
158244839999
159224998679
159305917679
159745877549
161077801499
162004579199
162307997039
164181382559
164407886999
165153241439
165287341799
166819625279
171394012799
171443071799
172644480479
174548067119
174694937903
175197940019
175371375409
181212049547
182063294999
182331158351
183035397599
183549143231
186532675379
187892110559
188565119999
188991600839
189027987119
189548551499
189631725821
190015975511
190394008991
190998734999
192705166499
194112116599
194332852223
195397355579
197495038079
198627644879
199000451999
199625474159
201196365299
202106276159
203725611209
205569616799
206087540819
206645131999
207590390279
208098914099
212228128397
216043352249
216170490527
216862628399
218669038559
220078504799
220187218247
220881671849
221511111527
222377007379
222385185791
223057844099
224171182619
226107463679
226743376049
227474170559
227679583559
229497380999
231298669799
231892491599
232605035879
233538148619
233622921239
233655982559
233823858839
234180359279
234725459219
237295147319
238162436591
239053871071
241254165239
241339264979
242803111319
242934534959
243303906719
243679434767
244757251199
244894121471
245754407039
246095366399
246373096199
247483034567
247507951319
247752096749
247994568359
248664988799
251597087999
255150939559
255841000127
255956293319
256137023999
256196375819
256556942333
257115658799
257132391599
257307250199
259786388479
260190160999
260197644149
263191771439
264469769999
264706181279
266344871183
266357699999
266875559999
268033123499
268103074607
269317328939
270039021719
270946047623
271591816319
271734249599
273156581879
274989915017
275394356999
278214093359
278396587871
279336893057
279751625999
279808621343
281081165039
282437210879
283261587839
284149698299
284986220399
288674940959
288880989599
288891445631
289672513439
289901178559
295290562943
295343072639
296487723167
297833150999
298850006303
299119456019
299310661229
300168560999
301058095103
301925370599
302047890143
304025938919
304808520959
305651503559
306115644743
307318078079
308218648583
308256292031
312591405239
312821347511
313469550827
316026426671
316421004479
316944929663
318043749347
320386642999
324239238119
324933245099
325409416499
326861884799
327300820439
327548676839
330113623031
330302559887
331178184479
332175362399
332577357263
334162247999
336462158999
338596805447
343801563731
346136966999
347960192579
348218009999
351204749999
351353003231
354764551679
360690342011
363415021199
364472471999
364638386279
364877472959
364885484669
365442012323
366749320079
369646935839
370868239331
371607517511
372433163519
372878811887
373600019099
376337084399
378360271799
380522677919
385115206319
387096838631
389107446839
389841003749
392604208127
393662656799
394701325919
395058652127
395548202519
396213521939
396439560479
397173222319
397714440239
399708711359
405090179999
406889738639
407868758639
408392772479
409091779319
410867951759
412359704399
416484841499
420812483519
421415915759
424201608599
425500866719
428438289239
431200422743
431682773759
434843081399
434908971899
437804205929
439313937599
440925551039
447761105999
450010625453
450744577919
455521569359
457168682879
458096504399
461914947269
462699881279
463287310919
465374294999
466436577749
467680293881
475106918399
475730307839
476577685583
477896095067
478638860699
490295541779
490690065839
490745939039
493533268799
493669128599
493997122079
494325744047
495136754999
498775384799
498823548383
498996067679
499939501829
500360333219
500482385279
501856424519
501886529351
503291085119
507112017389
509157244439
511235367551
514267277999
514382823359
518702866499
519989583959
522152334719
524200627103
524448259343
525291552899
525505037903
527813648603
527911036799
529466663879
529502297939
533462807849
533512551239
536521927679
536530175999
540496536659
545826919679
548057334263
552583025279
552929857199
553506426269
554419364729
556682447879
557940066767
558319598099
561634824607
561784021199
562047405191
567821401289
571895307647
572531110799
573006611759
574806585599
574893970559
575347827599
576660577919
579897122111
581374606679
585646410383
586736330399
588817791967
592689929999
595283349671
597321646739
597550269959
603522806039
611573729759
612236963519
613328784599
613475552759
615128078879
615472357499
616713005879
618168846419
620094688751
620979542207
623832058079
632586957599
635099572799
636424790399
637339251779
640698073487
642658371731
647186863679
652536880799
654494752799
659650342499
659769891947
666032933327
672201044159
673656976079
675421596287
675899047739
676527833519
676837035023
679219806719
683115546959
686172940991
688190418943
691055699759
693755726399
695547743399
699987190319
700914711779
701394163199
704001965939
704812933439
705166049717
706173491099
706596025211
707223855383
707799927239
710089139789
710875115999
714306687119
719123088599
719474341739
719881224119
721635980099
722266129199
723868183799
724812341471
724856275151
726368621159
726398943839
735749000999
737251362959
741734337599
745012846679
745246423949
749010423559
749819101217
753780743099
755488006811
758481207119
759079112189
759382545599
770115936983
773375854679
782585614439
787739841899
789977687953
800494133039
801368772749
801627700439
804424049279
806118582359
806224409999
808615041599
812531961779
813562757279
814321417519
815785188749
816239291279
816761860991
817303420799
824836816439
836237054267
840552627209
843224197199
846557036639
847490236319
848726592011
849197519999
851426286479
852700826039
862166209631
865845197279
866427056459
872504848151
891529510199
894170068919
895809274559
896066705663
896931406799
897552769679
898085444519
901273793759
901479050159
907219845299
907761709199
910250663111
911989487639
913518735359
914351559659
914762879999
916963287083
917195025599
918464173199
919354968899
919364627999
925156858559
927811550819
933967616399
936304453919
938844723599
938917218959
940701354479
945434724569
946744818967
952238701079
952298118407
952709099939
954414734327
955379840119
957472471463
962918614943
967008382559
968986953791
972537069503
985573830149
986264645519
988261763939
992094662159
995220374999
995255440199
1005512411903
1006228629739
1010261599619
1015085326499
1016013678749
1016210808799
1023712180217
1026684119999
1027134830591
1027664854019
1030237433783
1034101753931
1035488121407
1035897841151
1045739986199
1050034797239
1055653462499
1057604085899
1059581059379
1060544244059
1061028403343
1064817106079
1068246273599
1068973160471
1070479929599
1073124902303
1075118229569
1077915075929
1084070567159
1086126817247
1086212860991
1089588943841
1091754063359
1094994232919
1100943360719
1108282139999
1108398120749
1112411302727
1119415544399
1125260556389
1140053441591
1141310819879
1152928485323
1153374821999
1155546067199
1162334255759
1162883124899
1167366844559
1168979700599
1172565493559
1173046643999
1173821947499
1177325660879
1181059190567
1187723302919
1190653983359
1191421578047
1198315678559
1200521706383
1200788867519
1204164991259
1209466575071
1211784839999
1211957904343
1213788224879
1215996647519
1229256260621
1231630653707
1233358313039
1248471022499
1259436063059
1261414338623
1264210926299
1269962336999
1272424087199
1275034653479
1277903070079
1280688224903
1282221667999
1282289048039
1292205089999
1298195972863
1301304482399
1303192043999
1304732959919
1307450585999
1308042172799
1314368890379
1317245281343
1317958840799
1318523458559
1320584680223
1323267425999
1324703234399
1328150198759
1339467838799
1339568360063
1340188531499
1343285636003
1345062099149
1345121283659
1346655750439
1349309876399
1350197573759
1351726242047
1353952220399
1354484557199
1354825861199
1355053713089
1360025572751
1361740124111
1370873302991
1378263584339
1384579874999
1384654856549
1399169724479
1400110143011
1402821571391
1407041555519
1408414202999
1411062189569
1411634152151
1414763053199
1430588797871
1438239725999
1440476573381
1444948022699
1449881537189
1464440616209
1469615579711
1477433133791
1478371910399
1480193459099
1480927933439
1483385581259
1484865512549
1485176292599
1486882979999
1496028618809
1501321071599
1503209826359
1504790594999
1510112578259
1516539149759
1517122363259
1534812394679
1541224234799
1548972606479
1550172855419
1562756747999
1565768889719
1576072122239
1581029377199
1585576240399
1597879434527
1599496444727
1601097690719
1608832471679
1610114703359
1610136609899
1616046339599
1620298723679
1620817652999
1629040828799
1630052688959
1643495861951
1644965454599
1650683832839
1653475307327
1661762727071
1664287293239
1665250448399
1670486402843
1674317287499
1685368252999
1686080161391
1692277841519
1695143261759
1697205084299
1704502623599
1705680505619
1711539290999
1712962611359
1715497452899
1718835455999
1719279329039
1721142613889
1722577978559
1729277600399
1732468113683
1735321491679
1738881868499
1746318461999
1754682170399
1755443536703
1759658492591
1760729927483
1763011250459
1769250163679
1770716404813
1788300171899
1791372892499
1796290420679
1798041611519
1801009787999
1804582836839
1819278370799
1824369954623
1862570415449
1865367521999
1866634932959
1868465639039
1873610676479
1875252648959
1884156762599
1885123344887
1889620058699
1891823775029
1898959211999
1912035890159
1930834380659
1932834161663
1949861992979
1959720848999
1969912631807
1975157249759
1988320250951
1998151311743
2001250539089
2003924511107
2008278596609
2011394325599
2029749261119
2044366626959
2050740902519
2058381357479
2064968999999
2065394266207
2079431157887
2088979282079
2102790083399
2105037089999
2119420040399
2124832881599
2129004357479
2134516241129
2143016857439
2143245076559
2143965088439
2151854433119
2154654087767
2159534558189
2160721403279
2164939768991
2170525568639
2175249320879
2200097709503
2201137641149
2209831516619
2217635204399
2217744625049
2218223437499
2222185484399
2248479134999
2255891940179
2256120817079
2259230890919
2267061683039
2285629882199
2294307254249
2300500413287
2311856315999
2342266187819
2352774398939
2358858958847
2359394474039
2361776490611
2363201947079
2368278712799
2374771783151
2381089077359
2382801086879
2384636852999
2385873643607
2390065423199
2390577566543
2402371021049
2406564976199
2428438855751
2445574218719
2450240654399
2450697742079
2453908857119
2457182286719
2464863107999
2467709328839
2468377984799
2468537702399
2477786731991
2494377930923
2494509128459
2502839531191
2509585649279
2513804573279
2520082682479
2521302245419
2525887717919
2529409831519
2533826184119
2567942278439
2588830355339
2589866542079
2593113325679
2598955109999
2621128819063
2634367959599
2646387223199
2647239036839
2649230685779
2679721315199
2682005581727
2687025453029
2695190361863
2700252477539
2703167613299
2716434863999
2719265538779
2735543874887
2736369699839
2758097205503
2758548356969
2766212972639
2771864796959
2772686575007
2773026816839
2773822855439
2784159538439
2784390083999
2794931167859
2798225015039
2801258515439
2802035690999
2810848851719
2829517325879
2851545039839
2866035613319
2877403582799
2879966300399
2899519666559
2903130782999
2922905520911
2946469200079
2964672449339
2967489571199
2968177665599
2969367726599
2979183580799
2981132819477
2986257331879
2986281632879
2992505261507
2995710375839
3004885659047
3024109044707
3031516659599
3047615130563
3048637057199
3050699886779
3060700478189
3070933798463
3097909703519
3101332323599
3102805998863
3103651868939
3117788557519
3120575087519
3127883057879
3129430143839
3131136217439
3151720550087
3153930856799
3155610886559
3180844774871
3215788299359
3222723455999
3246420228479
3271352281343
3273435738143
3302710975199
3304253857319
3305123999999
3313490627453
3327194841599
3330269690159
3333398188319
3341809379999
3342817497599
3353625761471
3357959086463
3360566479973
3362932372799
3365116824467
3369169917119
3371253685379
3397829368751
3398567342399
3405704578559
3409929060479
3412775916899
3415461866783
3431200668479
3438177798527
3445445744639
3449982227999
3463817529119
3468336752159
3469279461119
3470312337799
3480781334399
3483420570629
3492138210299
3508768668599
3514433610599
3514441930079
3515058577799
3517369424939
3543263194319
3563227039679
3571745079083
3579886761499
3581725306799
3599937389159
3600724317119
3614639578703
3624257193119
3634034110079
3644752998599
3654347184599
3666324483359
3672635138327
3673051837223
3688831205999
3691014128597
3702189685391
3706254513119
3713214624767
3714867087359
3720157305479
3722276819579
3752988227999
3756774297599
3757074083839
3758501375999
3768668579719
3775016086451
3788608034399
3796762323203
3804360852599
3829239370637
3861869291279
3867122249999
3872671180799
3872981660939
3879408571499
3890095054799
3904895710799
3905531182799
3907022026049
3916070645759
3926105353799
3929785045871
3936483506339
3955109176199
3959666405759
3966512562319
3972512504083
3975520521983
3976463709539
3990278837999
3991500032519
4015318928279
4033640363999
4042616035919
4042930465391
4065660101663
4071805468919
4077113139899
4100454749999
4104080178439
4105934289071
4111853876591
4144010492159
4168205458199
4170239783599
4181510541599
4193171606051
4215500981999
4229706095471
4232587860499
4237125992483
4271527281839
4284899999999
4287305766743
4291437515903
4303628419859
4322124742319
4368690244799
4401272362499
4402089815759
4407854824799
4443429402719
4461161630759
4463552163839
4465452198479
4470332388479
4475107905839
4479370406279
4491468808847
4499523832499
4503519100079
4505147971469
4507680100799
4510098504449
4512832601003
4516255085999
4523924810303
4560081798479
4560811284959
4562701691099
4568640619199
4571966393279
4577877889919
4585478615423
4598031038999
4617561388679
4624897292999
4642997424383
4650088746239
4656670786349
4660722989999
4663319854157
4699748951039
4701826586159
4704923324159
4728615621599
4743540481679
4768003327499
4782884357159
4788419130239
4801862261839
4807711423199
4811888230379
4828843854899
4838384264507
4846224590063
4895148515219
4899437217359
4903302314399
4924996483679
4936404898619
4952109357359
4961147511599
4965199101089
5000582406959
5003252918399
5022168684119
5050525764959
5063571033299
5072055675191
5074566194879
5089497531431
5090858450479
5093528193179
5095893849899
5096438131679
5099716774151
5110839834479
5125970143999
5149497782519
5170601971859
5172945993599
5208502913639
5219303224679
5246194888703
5250872184479
5269882302539
5277202931087
5284113638399
5286509254823
5297694399269
5299516141919
5331440646839
5342060849663
5352905333159
5360780115599
5376752009999
5382721108799
5386272363089
5403748116959
5436498138623
5436604554149
5437942067711
5439252812671
5444104133159
5456172393671
5460369228599
5460580629503
5488878529007
5499487223999
5521134329171
5533009370111
5535517261823
5536180652183
5579077233239
5583743614679
5583826374143
5587727740559
5596101209663
5600537315099
5606318839679
5610291962351
5616289044599
5631619938559
5665449968639
5669440961759
5692165719239
5706688740479
5721148802879
5740313209199
5747071582079
5757516790271
5762515591799
5771762567999
5795815380569
5812102728599
5835367465199
5835439172159
5850130431599
5854793226479
5861046926759
5865328974383
5875940312351
5911781392799
5922117703823
5925672632879
5925913862399
5931020608127
5946245507159
5966082782999
5984243445347
5994506446991
6014973935879
6016389195599
6029247148319
6036817247999
6063299087399
6072151336919
6079147526099
6080268272399
6083356891499
6086349417329
6104381215799
6115376603309
6116893085239
6124887562319
6137289115649
6144638604389
6170412776219
6181449019639
6183943597127
6199941296807
6202764865463
6219592805879
6298931430791
6307381019519
6324204040153
6327363581111
6329196125207
6350248841999
6358716256199
6363825591239
6369638494319
6379544955391
6386654835359
6414569145599
6418152655199
6459319044749
6463934797319
6475860419279
6485624627543
6500684203199
6501953658671
6502346555519
6529045622399
6563207609279
6576332520239
6581962932191
6589828259999
6634148198831
6645936914759
6665985658751
6674093243999
6688376702279
6697412415737
6703835744927
6713177360399
6765689021951
6769126562879
6789854173079
6807336278111
6810492801419
6818419523999
6859044405751
6881958109487
6882123134879
6903794039669
6917321632499
6922176514811
6935171325431
6947372892671
6953550210463
6955552493999
6976771386623
6983283827519
6983546169599
6995585671199
7007985507599
7014054646279
7028943435359
7033950970199
7036790828759
7048252573949
7074446565899
7082229961199
7088246737919
7114328613863
7121260100951
7124264125439
7124656708439
7130524466431
7145394110399
7153059707039
7162308607859
7173277019999
7173530153459
7188000203999
7204561795199
7222930905959
7235185783607
7251459985439
7263940678847
7276413373631
7279923116399
7293223660799
7297366756679
7313398518599
7316243116951
7319824783109
7344472416731
7347351116159
7396061081831
7398967087199
7403192603999
7412908003199
7417180407041
7431900800939
7438496083199
7480165253399
7482547313999
7516450754999
7525941724799
7529382707879
7536203566079
7564565086847
7572532292639
7579229241599
7605146485199
7623019431103
7626131079167
7633548683711
7638340539743
7686885286079
7687822975559
7692190258367
7747132405949
7755959172499
7759768624511
7779619779047
7788077406719
7788533604011
7795112757599
7802558364509
7808234758127
7831484244079
7850144869559
7905826008079
7911232711199
7939740920999
7946375659199
7962129556991
7969431219749
7991269804169
8041266449999
8086290464999
8112647172419
8117254696319
8120279417687
8127630809999
8160474783239
8178479479799
8194312077191
8197929001343
8225241495239
8226883866239
8228827487999
8242149403949
8250873589793
8266529113919
8271647102879
8280233646911
8282037822239
8286232953599
8333874722249
8337390263999
8395813579229
8405935805119
8406243927899
8408309051999
8454421987199
8479038733549
8482489095959
8487518879999
8503882220063
8513465463359
8513692518239
8537511289199
8568221286239
8576903159999
8592124980599
8645850333119
8700549875999
8723745676799
8774347955279
8780658544943
8867299529051
8911428577343
8950914446759
8956133582399
8966604110879
9000819014219
9021852927359
9029105272151
9033235397999
9042200766719
9043338229379
9103345219247
9103445308439
9117609735959
9146346438599
9184413019319
9206437408967
9216680324039
9243325891799
9244463219711
9272823677549
9273295479743
9274083371279
9304171552199
9315542881079
9321069542399
9327481992839
9350740735643
9354878053439
9372915818111
9481657392899
9482871031199
9489677403023
9490881011999
9515184109199
9532484936369
9608172280199
9656201400299
9673286668319
9693849039359
9694459983599
9705633856199
9710547281819
9746389154699
9764356624019
9792818216999
9794808575999
9882606030119
9884250331199
9905523127967
9922685000999
9932755195439
9935102691359
9939801929399
9943199026487
9944962246559
9958528319219
9958813154729
9967078735379
9967704141149
9987080921999
9994306046399
10010540047199
10033672645499
10047364706999
10050971955023
10089068526539
10125830174459
10134904968359
10137149757503
10153648791719
10210588066139
10211527199999
10216739334143
10217308798799
10318652874143
10325992167479
10335318041663
10353278591009
10404804723839
10412151990239
10456294285799
10492411732739
10494594692009
10536244423039
10543195550999
10572528749551
10595325407999
10619836708139
10650065718599
10661731475849
10680346886399
10689699081599
10747919324603
10833721708991
10862194936319
10897728133823
10925085800663
10926297742079
10964029568519
10967340993839
10995909056063
11051169948899
11051396620757
11063531046259
11065798345391
11080025197019
11143913180399
11206056113279
11280547995371
11281105474559
11288533706999
11309215631999
11322003292559
11341062696599
11345463743249
11373417547799
11412412273079
11426788486079
11444238812159
11474637344609
11492892410999
11499981181919
11516989542299
11518756642447
11518923049199
11565169273979
11567630428199
11581200539999
11646333576149
11653015140959
11669972574191
11692525578623
11725493493599
11831716001951
11851590539519
11863010836247
11917442443199
11955498471419
11959754461199
11965633141139
11999752426703
12006103823999
12007635185699
12123249747839
12185667237119
12206428766927
12287282908991
12292720380719
12294271370939
12294798192767
12321401054759
12322459384199
12348325061687
12351984025499
12402282988367
12449300412023
12462588388799
12484148509279
12500656005599
12542796904439
12605946374999
12618131723999
12633649597799
12647949535409
12650402845079
12655564884269
12676193636399
12680175415049
12688672669199
12710838729599
12714387093407
12729040564139
12731088873599
12748706530559
12763397875199
12780654519359
12816520331479
12850429871159
12852741021119
12859457491319
12863609460827
12874752760319
12877213096481
12878303567399
12891331113359
12894028691129
12910841849951
12924338949449
12934750058999
12980354958143
12991294285199
12994800524999
13053455043859
13099248489599
13118418168727
13151195120447
13153991960069
13162296291143
13171878206999
13214876107859
13228456631183
13240929689759
13252062489119
13257501390671
13300794592199
13310256716279
13370420595167
13372421878199
13396590272519
13449285656351
13470532231859
13534493756783
13540735211849
13629830259599
13651967181887
13655745421559
13678127502623
13747166148671
13755624951977
13784926288979
13792254289631
13794283515599
13843762341919
13864957580627
13899602363723
13950737309279
13967046829679
14076475086239
14094634244543
14114710760291
14123458907711
14161556761343
14184691019099
14374471374143
14392205451359
14465254469219
14501589892919
14508315569663
14510945273249
14517779277119
14527122812927
14537300661407
14561012838599
14568613523111
14630898281999
14648941420031
14698560234599
14718146086799
14723950352399
14730337997759
14775128883199
14840395689599
14865636901499
14868902240009
14903155237739
14909876719583
14911076950559
14959587746123
14966819428439
15010434865919
15021997891361
15026253021467
15064583272199
15097239387719
15108742093409
15128785949999
15130666946303
15143339375999
15187179480911
15200210394599
15234848750879
15255242196149
15257763284399
15278090540831
15292813816727
15296787268289
15303203363783
15323248982807
15337965964319
15449035092479
15470282499983
15472736931599
15542179440479
15544835251199
15559947433799
15613347382559
15628962305519
15671833844159
15713329269959
15748890138827
15764548282559
15857203233871
15902601769151
15912559736303
15926044894079
15931774219391
15933664504169
16056013209911
16097275913399
16160310205199
16272122372659
16277332705919
16282330249799
16291646525699
16358086255799
16397752202999
16486497605819
16544737985159
16557523556027
16696856095919
16763206598423
16771958171999
16814394585683
16873265013263
16988369460479
17011106737631
17014947767999
17070428106269
17084778633647
17087800416191
17129676853631
17169933044879
17194925230559
17217837505439
17236963215569
17247937512959
17284074430463
17303362937999
17316078595199
17378143064099
17421894902999
17482465147391
17522822186099
17541713367359
17606962397663
17668878796799
17735534576999
17743066911503
17747638690499
17759200694399
17798128615079
17873616398399
17898791461319
17978787219599
18030061577123
18050501256479
18065062847999
18083603160323
18103710437999
18190344846491
18192717401039
18255403428569
18261171843599
18266049625823
18273007908209
18304236372239
18372999805159
18373218530399
18511528230359
18540979280207
18547803073799
18569786164159
18574341065999
18585855443999
18670130933231
18681534772991
18711920473439
18713581369559
18739002689279
18741618181439
18765633743999
18772414514099
18808471765019
18855023908447
18885293334599
18886429845359
18918932230699
18982211798339
19036364460119
19094103302399
19096061105519
19119989919887
19121258271359
19126946314559
19132918147199
19140829469579
19147060710959
19171125157799
19209871912139
19242506911319
19256316792803
19342974340031
19382709931199
19385332509311
19401089749199
19441876020839
19456726916483
19486566711863
19507339874159
19510769375639
19512709356419
19590135586559
19600765984799
19613664518639
19710693213119
19732994797823
19792589427239
19862001923399
19899595598999
19947641603399
19992645805439
20005515554039
20014004926271
20018404234079
20061734019599
20171039371559
20177165609999
20272977600479
20304933511199
20355840626939
20366626237343
20366981449099
20520929733443
20560870735079
20608242529643
20611584097289
20659011950519
20705897493287
20735460657449
20864358333503
20887520568839
20932749127679
20947104480149
21060004132499
21089483724143
21115768011743
21139100444783
21157443307439
21222145337711
21242069823743
21272957798399
21350364372269
21355035467039
21381496636499
21460506459391
21529949496959
21594859014299
21624015533119
21676897544639
21716602843571
21725512744319
21809987171279
21867817043951
21868253610839
21881821515839
21901849232759
21925164353399
21950555560163
21950570299139
21982012000199
21999889295929
22015958602751
22039740575999
22171832383271
22188405959999
22260998503229
22348605599599
22415658271199
22485151275299
22509192578399
22538555695109
22538685353999
22606965546749
22636280217599
22771589547683
22805504479559
22809068563319
22832184509819
22884422520959
22907476109879
22969115362031
22998588654719
23040047385599
23043941830781
23065553253599
23204903429119
23233255960319
23375302543487
23400540801899
23473087501859
23482300015259
23495898596039
23591454421079
23597728673819
23639556420479
23644100750399
23677949667007
23687707567859
23700993280439
23721229352159
23738473304699
23744525149999
23760657320399
23781201713359
23785028295839
23791746187439
23827652532599
23850625478399
23851240719149
23879771324639
23915107616399
24034822991189
24057098148719
24067897988399
24079975906319
24134431354703
24161830714559
24198993352799
24199693125119
24220684644479
24228971125589
24291248282531
24329358950399
24387288160799
24403245688799
24404122480319
24431107317119
24461669675519
24483614726143
24497964672299
24566291908199
24659986324063
24726805785359
24767987828849
24839826355199
24896267023679
25031764637879
25073175635819
25091747775359
25128765167999
25154097632399
25203804443999
25210887427087
25242855429119
25262204663849
25353613915199
25369576097039
25398497130239
25400046567167
25515217717079
25591511301199
25652630797919
25704700418879
25711711083629
25762204910231
25796888515439
25805058198191
25848310076783
25896641845859
25909807635809
25939327355129
26025697612529
26056558651199
26072360376719
26093154004397
26109183306359
26115971356331
26140086875519
26155095169559
26166595731071
26247765171899
26261924991119
26299945960469
26383462630271
26447094246719
26495109075599
26537186332799
26641138470911
26752013594399
26793653784239
26835598132127
26841699202499
26848557262799
26867148360191
26898574229279
26920365217271
27019709693129
27022565548439
27081314073449
27198728899319
27216593147459
27237011929511
27246170093999
27259653179069
27270306133199
27310335865343
27337129247609
27346431340799
27376078282409
27386308913039
27430030063883
27560303006879
27589155441443
27605824648379
27621844164199
27666610351199
27673960742999
27711370906559
27721938482159
27730449746999
27772379071721
27781048971899
27805559865599
27811402435151
27813637717991
27864571345631
27869139739979
27880728228863
27928625072399
27979114409063
28046868376799
28128044280599
28143673954199
28154152403999
28182551039999
28209854735171
28256319160079
28352111648699
28363893429959
28387485976079
28396437622559
28410954499199
28598594890319
28604229670799
28616286005063
28691268851717
28757471848223
28788962259199
28827089417279
28835865999719
28859538098609
28875540507911
28887878046169
28903384799099
28940598751679
29175373134119
29200647895759
29220037676927
29264334978059
29295068940989
29298871515167
29306369514239
29321308563119
29343047791007
29361593011519
29434467422039
29467948281407
29481698798369
29507995350959
29544215682959
29589931319129
29592262683047
29698763146799
29738652319799
29793144438287
29810733182999
29811438074879
29811776054111
29849290256099
29905746372479
29910995314199
29964005248319
30077369673119
30103905803999
30108814335599
30137089371839
30207948916499
30229777176839
30247984552319
30314939157359
30378896680859
30383755636607
30442317227711
30443909759999
30450198534659
30506209940399
30516952829999
30528704344319
30552735512639
30672813610823
30683604256343
30719532567359
30731827247549
30745456822079
30812823864899
30926567551463
30966935968799
30981225693599
31001746182527
31112388962399
31145819711291
31164337026899
31181992653899
31193221131071
31231086153119
31315880924459
31324784740199
31432381741199
31438026008927
31444534922219
31455903191039
31495483487159
31498096751351
31527202170379
31546057646879
31548767416319
31586982393599
31606342859699
31663741981139
31673828388751
31892001148559
31899437599171
31899665745251
31911617300639
31939262594399
31960882166579
31984911161279
32007113619119
32027767038863
32071115797379
32087225812639
32107876022879
32154061495999
32169985754399
32180504835959
32184300999743
32201380533503
32249993702189
32472685640279
32601250512599
32665129565039
32681276133071
32779682781119
32805197607167
32810823177599
32833775477879
32856488915363
33005516834399
33014595615679
33083922795839
33169016904659
33219126674999
33385662670847
33500998908959
33535883552159
33535985923439
33546564598031
33623191739279
33691541852939
33692160207791
33762041094473
33790071503999
33814505410559
33867109677311
33898463946773
33911527237559
33922934922719
33975949452479
33989582285999
33995454519599
34031776278239
34040941703999
34070627572703
34219865921471
34375006016999
34395404432759
34402889885759
34618146660719
34639704932039
34709771686769
34878954247199
34931744442269
34934262746939
35012087193599
35052675480899
35063774892551
35150343761249
35254993586399
35367712526999
35404208466479
35523187272143
35524059963767
35571586212863
35590999067831
35606341846079
35625632886479
35726291586971
35748223460519
35760881991743
35779113891359
35783530261049
35825645689679
35852195987039
35866945978559
35870486711399
35946387422639
35949161866799
35950087438649
35964639371153
35976868091999
35981689450391
36007391308459
36009518904839
36194353606319
36221692522399
36225910657463
36326127872159
36461158375319
36500621941367
36524014671899
36535608873719
36611189458271
36636957622079
36676874349839
36725004762599
36764892566999
36815896877759
36866983476959
36911139047999
36966005445599
37097328718799
37158839613983
37197837425279
37212050257199
37263378252959
37288997505899
37319404514999
37354588185599
37364390414399
37415083543109
37560011489999
37642063352471
37680726504959
37707935296247
37732421336543
37747544834999
37865868986399
37885793700479
37921397794559
37955734224839
37964967299999
38106347989639
38302078926239
38311103595599
38586892858799
38587069624319
38674467120599
38691327576659
38726473220159
38756699371799
38826046523807
38975557399679
39090424609319
39108813102911
39181040582039
39190701569039
39197085725951
39207491135999
39213125569799
39332899793279
39332985317999
39369262161599
39403784767199
39442544178119
39538573211939
39559352456051
39622712461919
39626192528639
39663846512639
39758895731411
39778180041599
39932366714239
39943631728127
40076013180911
40131000890399
40151767796999
40192582216643
40231713381887
40252926815639
40274410821839
40276039559807
40370620198369
40419385005149
40462748131679
40464204878327
40721240842559
40792697087999
40963782872879
40993496006399
41098551873791
41136104409503
41159986592129
41207059871039
41318233553659
41340501466109
41383040945399
41734303099919
41741151656489
41774857363007
41828892405299
41980976825899
42155558613629
42199399901567
42212855302559
42324992757599
42372895233941
42412790089799
42413788817399
42426933665399
42624184838399
42754380335999
42865827839999
42967343259749
43047699609599
43096128435359
43145448927839
43163277436943
43180724804111
43182200447999
43214931353567
43403421104207
43408312037999
43458223107599
43523959407139
43543638449999
43558317456191
43707488114861
43709378894999
43746109772159
43799915702927
43810788053951
43923846730679
44042866790399
44079659605799
44128692129059
44129226459779
44162231732303
44290779406607
44544856869239
44703433982591
44752526104439
44778491830799
44787428947799
44855671630031
44864255823713
44867638065179
44896976483759
44901437926799
44904295775429
45036846074219
45140719124903
45240773871479
45428783582159
45484938104759
45597705915959
45615979081727
45624918347999
45774035061299
45945669015899
45954617784239
45958057799471
45979762304999
45980136257399
46022260942583
46084984534709
46141054935359
46141927427039
46158302773439
46237318112231
46265833407149
46357375020659
46369894848023
46398063853511
46418896935449
46509500465999
46581244242503
46584326645999
46675931531399
46682651695679
46756085375999
46819919915999
46851992669327
46861459200863
47012580486143
47066191721639
47084251475039
47087238973319
47133906532439
47146904604799
47207996400239
47217126877199
47330198706559
47345345087039
47423666071319
47497406065199
47513933783909
47546229519359
47553028191239
47596050968927
47600740926899
47647301876459
47702781158399
47964165849599
47979484190549
47995726027199
48251104534709
48295093553459
48322445334799
48329587252799
48356407146851
48483368999999
48662767352159
48670347633599
48696198684349
48739861250879
48830955658451
48867675498431
48903933679919
48908152027727
48950994799871
49013554555151
49209317534999
49309733254319
49373085800279
49460051028959
49470735541919
49557682115759
49559671336031
49676315337599
49687319967839
49869285888239
49915592495999
49971646817999
49999796204399
50003237755979
50141693032199
50350979206079
50355714124631
50389612517759
50489901126167
50519754154799
50564326697279
50807572411231
50851836125999
50908822604639
50909859192191
51081610179599
51104182387829
51165493407167
51176144679659
51267065839079
51275363220899
51309402418889
51323983200299
51413634994049
51490730550527
51603674287787
51722218556927
51762269159999
51793600290389
51909020298827
51918347093759
51934577561159
51996222558719
52029873599309
52099304080319
52150491609803
52243500640319
52358317783087
52380282086819
52476540234197
52528981345343
52710495793199
52720933097447
52739176483949
52756334014019
52874333055239
53044457886263
53060385493499
53142029436383
53142360153539
53167483958471
53175586527359
53210605593599
53247821224319
53416510532999
53557809872111
53583516276079
53705419078499
53724874809479
53791392777209
53892296631557
53908403490119
53911113940319
54323855882207
54497121062831
54522040121639
54522114435359
54544079702599
54614077238879
54628213049999
54647637817343
54676916629199
54783731576699
54837433254239
54839045942911
54967681728959
55039961395709
55042738297343
55086256310039
55115501327039
55200478609919
55206301267259
55306499351039
55330194825359
55433131094399
55573086337859
55623171285527
55623505873211
55643424140303
55644102828719
55655650278359
55725739755839
55782093155039
55912214856959
56020817456099
56027063087999
56051309456999
56134212033359
56223227053079
56367295185599
56447633001527
56719018662623
56815031028839
56892052312703
56967433496399
56981514446999
57025440082727
57114460930559
57148835487743
57206366383319
57220409534399
57252641910463
57368268189539
57522590061089
57615757844399
57641483164319
57678389831399
57688823729279
57866923829999
57998380020479
58028235404999
58037923569599
58187290004999
58249437044831
58274782789343
58319066649479
58328893854197
58345115936099
58384922773319
58438022289359
58438534885919
58458489518519
58570635725279
58628588210999
58632235048139
58652567181431
58654762151039
58665240204911
58700342267279
58800207628439
58956970755707
58988785663583
59042621411999
59120753332013
59184828448199
59377940586719
59399084164559
59630039950319
59690457921599
59859610228109
59890605463919
59892483224339
59905083279887
59919182722943
60202251874799
60287149670399
60420400203239
60554918186387
60593554393943
60640328096099
60700826422319
60751580148899
60790757292719
60914546582399
60936486587927
60958032135479
61107484580999
61117913450159
61177791234559
61185952724623
61223929043759
61281806836487
61423432508591
61526312342279
61727795709887
61770190097087
61950332807999
62060206816799
62093476831319
62118211704443
62155216477199
62198440574399
62200963601279
62283537728063
62290275921719
62380929881087
62459690194199
62520478718879
62522029868759
62543760260939
62672005829399
62705210702399
62737225792079
62741850796799
62860025222399
62862764858879
62954619954559
63023368011911
63060058885823
63094359468527
63107912174579
63512930249999
63552181408559
63570839030009
63704321233919
63720644027039
63797058920159
63804404056607
63886493249279
63893287624319
64000452943871
64004714986391
64059719317439
64096453562399
64134019214999
64166347066639
64169306490239
64201974036479
64210255204079
64230716975039
64292993654399
64304075021339
64317629621519
64377768798719
64474563184799
64481281916687
64498876217599
64582134814079
64729870001999
64732929711371
64752934583879
64773202301807
64776580951499
64818907895279
65180268542399
65386414231247
65407785650063
65496660487019
65606650254599
65658212333999
65714807550239
65755499123929
66019210421471
66025374472259
66089280609503
66209675185943
66297375236591
66302212208399
66310226662679
66436769369879
66447387948239
66518630382623
66653142702299
66674632229351
66771241708159
66771402052151
66844272032999
66980472636599
67070190352619
67072593028703
67109104298879
67149120499999
67336117616039
67442460949079
67649489654471
67932311562569
67939998335999
67999609934387
68029277777999
68065185562919
68179371711959
68225902096967
68266185484103
68305355387279
68336575454207
68396188429799
68423528038319
68519493095423
68594174265599
68640169617599
68766000405119
68822155197899
68866648850009
68886935237951
68891728917059
68996513719979
68997035102423
69139567006271
69524804473343
69705952559039
69951352587419
69996833706799
70039988018909
70123141607399
70166288393837
70254205504559
70316143836119
70336603160849
70375251581519
70407337716689
70492758545663
70517544948031
70549207530047
70965697139459
71018173763039
71030835837359
71107472049479
71309239795583
71313252641399
71483527780559
71525990538239
71527313148719
71567336223503
71673563087279
71728007937893
71792195451569
71797223401919
71813707465351
72053041642399
72191198231039
72220395935879
72246870822719
72315990861119
72385474893887
72510680636159
72589390156799
72835642197359
72974154527999
73066723379999
73132416113399
73200483195839
73335073688099
73391979974459
73406207046311
73445891903999
73528704212543
73664527809599
74003687307467
74012341702529
74348632175999
74358294646271
74398937104799
74412400340879
74511938071999
74655623424887
74679541694207
74691898494839
74796514176383
74810820026447
74901057416387
74930792096159
74942789259739
74963616251039
74995728430937
75057916758299
75088975743599
75211199909999
75304525560263
75330583874459
75379689812879
75388049400299
75461483306159
75574180246949
75725572746959
75794511945671
75945608746349
75977233859519
76027819845599
76267522041119
76281582052439
76283108995967
76307466533759
76317817310909
76384663934399
76447195860419
76606869087839
76774237875719
76864421481599
76952236145399
76987765588031
76994307129599
77065504643819
77152926597119
77232268072079
77272233958919
77391680255999
77464252469159
77609589155999
77674933135199
77804234827591
77819691323219
78014487350663
78034432364099
78195340961279
78197024611439
78212298627839
78295503926639
78352565782399
78365659854479
78395662109519
78491279892383
78838745542127
78850028604059
78863085433799
78885875942999
78899404177439
78910189036559
79016594844599
79091759941739
79220555837279
79279497461519
79285784614919
79317626861519
79698153846959
80061831737999
80157282578603
80158741815599
80210266234919
80413318955231
80461299708719
80613919478399
80739088803071
80753676402299
80826531502529
80853186585599
80923121586959
80941148095499
81068155397459
81147617177119
81182188482299
81291254351999
81456412155359
81731104853579
81867665404979
82024833995519
82192217414999
82343073696911
82413353239799
82423565986499
82500283381199
82580609459429
82786207169599
82876987508759
83134418697887
83282561861183
83298946629359
83344545013679
83360427987899
83571693012989
83757989670431
83818371558599
83992825857599
84231197867639
84231296095319
84387379721399
84448826462087
84541359955007
84712258006823
84732278510879
84770688455249
84855629489399
84866173425599
84989085187679
85012960568831
85192096994399
85201591379519
85229178686719
85447016024759
85450822935839
85477055476499
85606720712099
85791382403999
85919463294209
86069188722659
86308588281239
86431200888959
86599056499103
86700672561359
86748584353199
86757322051007
86793064004159
86816178950399
86843597084159
86855680046519
86912744115599
86919791111999
86965463437439
87018649481999
87314132564471
87418947330791
87620868143279
87708124485647
87790230843839
87949542413951
88001813720057
88112897919743
88338231111959
88567720869263
88613845178039
88641548319167
88676993994679
88839714586279
88952882114711
88985232806399
89010449984879
89232754681223
89309560339523
89386073991899
89859010034639
89873453991719
90102921123599
90233043722711
90281600870999
90306314783999
90353324413439
90452524084991
90538717055159
90594238597631
90713459865839
90893329548839
90924089050703
90945091120799
90945995231519
91009307564999
91009631996119
91119309273719
91201670563499
91325782103399
91402557076907
91547006720399
91620452558759
91633438653023
91637213745503
91706063201759
92150913357359
92223848051999
92232598448429
92343624871679
92397352249199
92464812451871
92489242295449
92585155417343
92623228382879
92667169040543
92808559999511
92873494520351
92889923333759
92975139267119
92976691729319
92990547677663
93004577175119
93017961923039
93666819795623
93697722205727
93858645404159
93924195524639
94045628543309
94347151817687
94458503135039
94462826900903
94611812038127
94814621674613
94877189045183
94994487282239
95001827040977
95003638367567
95388234967583
95500220104799
95539438206791
95544845683439
95615514702047
95777863870391
95778136303079
96120423940139
96215445215999
96243083573999
96262905260339
96263112579719
96327358347919
96354376071479
96356642657999
96522448342319
96591187003499
96633854334359
96800717919743
96815498703839
96853220219807
96942460632191
96982051673699
96998914740419
97064935117919
97133861252999
97487939933999
97537299785999
97643008762319
97672661170703
97797331562039
97803497730203
97973575398719
98040004629599
98070542651999
98360338132907
98422336516139
98481582434159
98521608284927
98667525856199
98821205081351
98922474545399
98945192310719
99126170305343
99197509802159
99266973927659
99473335271423
99522743408087
99567865821839
99584313721199
99787379690879
100039508901611
100058745352229
100138298449727
100139320650599
100314136610999
100352467455299
100452861053999
100559249864639
100891356572159
101034550589279
101478341387279
101659607248499
101678147366039
101743850355839
101800308539327
101964190950719
101991137587919
101998918927439
102015750541319
102051599546357
102119191574399
102121711522973
102171558194243
102197893927499
102230938295639
102351904365899
102431118473399
102585364455419
102778807744079
102904670717099
103221732186047
103234374996479
103314935112479
103371648601343
103515766908839
103639591495439
103699268798399
103748206308119
103903377591551
103994934151679
104041001192039
104246067368879
104303458098839
104447913443999
104664164966399
104803709150879
104803937399699
104813937692099
104841672581771
104901302667599
104940135121979
104946029997119
104948040831479
104977325922659
105325512561359
105362710937639
105370194606137
105466802886899
105489483240959
105802246485011
105895509599879
105988954705919
105998136029999
106051897747799
106103879516879
106597833584927
106629737051267
106675171088219
106804787870699
106983537650239
107067381950099
107261484352559
107441363295239
107658885778679
107769368579039
107777311034039
107814451917119
107819026948799
107846335563119
107858624695499
107891031383999
108007014049199
108105023749319
108318002276399
108550508202863
108677091501269
108846298084859
108876302785379
108978483746519
109193490635459
109226770102631
109458114409799
109587041084359
109638228809339
109739547358559
110060451071999
110143062292049
110308580295731
110652242483999
110824392695309
111096087033359
111145191527159
111285045698399
111920806091327
111949841222543
111952442499749
111990120737039
112153638609263
112513039249439
112627445581439
112659896208239
112676356767743
112678080422599
112733116944587
112806396814679
112932374239199
113349222236249
113352353538911
113360999604719
113372329484119
113404534660999
113469532777439
113501067335039
113684702204699
113689849815359
113896904432219
114025329906239
114029467096229
114104090750999
114114163138559
114153562294199
114270193434671
114272220488579
114574806296999
114618160216559
114677112387599
114702222780599
114715350342449
114742706546159
114826601880359
114869065395391
114874435229399
114991312668959
115107350157311
115161332461199
115283562519599
115490365771199
115636937327999
115672508160299
115847060770223
115862751378989
116011878979079
116198858647583
116267015988287
116390920802407
116402437110959
116936983032029
116995637325599
117070875606719
117220297979231
117639648514079
117675430184099
117700933900283
117734468932079
117782816915999
118196893747151
118472248014119
118678733498159
119083347583199
119190594885119
119251717421999
119258295816659
119339515903607
119354801820983
119358777911099
119392262889983
119760194264567
119775075872399
120151807644959
120252917326079
120262585589999
120389144443679
120517930534091
120571496379809
120858137453759
121046762659679
121106884368599
121125346589879
121476740032127
121549551923519
121786233062399
121993565823359
122023263938399
122041729229159
122242158872063
122251764789503
122315712173819
122440785263999
122478435878399
122585500271231
122620156712239
122634230180159
122731099721999
122788205749439
122943659679359
123036015229199
123066135973619
123177177483359
123279273734399
123289465785191
123327752386967
123384181771427
123438866742827
123655852807199
123963569484479
124004076122783
124218851769539
124256771005949
124278932991401
124327996678439
124428322238219
124554633707519
124735106260799
124829034634079
125057870334599
125112831094019
125143838990279
125215329213479
125318199581639
125612897044319
125816176895999
125861297898599
126028049094947
126360415913999
127057550551931
127218716648099
127270533801599
127443138153083
127638561218849
127665547013159
127862730584399
127890231010541
127939280512679
128003750001287
128123790622271
128200627193939
128673647344703
128770599799511
128813137896239
128983930772399
129003404142779
129007742992127
129039097901111
129079175438879
129250170503999
129305998635791
129388158352799
129411046762649
129478987672943
129602433509119
129607103788931
129733437354299
129857973448499
129863210300207
129866236646999
129902294530007
129903090387839
129923495042879
129959636043119
130326502689599
130522580206199
130572147697529
130657178650751
130866730904447
130910004475919
130960644595199
131064907774799
131065455906899
131173318362239
131223668984099
131251486309631
131434675809839
131457218259743
131985805491719
132104923932799
132139477255967
132441000455411
132809131604159
133129722679199
133332166815847
133361551510703
133464141001799
133492974240239
133681502561749
133978329584189
134004709565999
134282496555239
134373096018599
134604002304719
134605952777759
134672193033299
134717896917749
134951645913839
135017861892479
135113620557599
135143371420199
135174727295999
135221314708619
135238072899599
135302165107199
135360792474263
135858225578039
135887818638599
136078340640839
136082092721189
136207876225679
136261502418719
136309292920499
136603604854799
136619119338239
136934001685799
136941251158799
136958306070767
137104921050719
137573264299391
137607628319279
137770252398239
137949222893663
138139590758399
138248680779659
138346136216287
138561716105279
138656807728867
138894665662799
139057111174841
139059236153879
139149272942063
139456044581039
139511762039519
139626705056383
139746579835361
139780966445999
140022539559863
140046643759679
140053361580719
140063903912519
140256366218303
140826456599399
140918716641023
141001732389671
141012424076687
141013392199679
141219685374767
141549231292559
141658549905599
141785209438799
141808212890959
141808872096503
142021972444799
142051327368569
142104763817183
142206552946079
142533021103199
142539316144679
142599873478859
142654151144399
142762614921599
142846166821679
142872180141599
143228551275071
143530595956439
143690579978399
143823849685739
143855568541799
143895696628319
143899508195519
143913994223999
144100785628799
144130605367319
144215733013559
144421126061519
144465089670719
144566330948159
144753091234559
144843973305299
144940216128119
145169949171701
145212586685207
145273663397519
145430309498099
145644896749967
145774201990427
146105020254959
146135575661039
146725376993243
146760969782699
146957960909759
146984328765119
147133761570431
147455887221509
147591764078303
147891620590409
148145604706439
148214588074279
148306041166799
148400375296139
148448975600879
148584879662399
148968282777599
149029379318399
149037865581131
149090504849219
149110955918279
149151214828079
149163916329119
149172856232399
149269953331049
149300814164399
149517884037059
149526785411639
149654171678621
149822352335759
149868341508131
150095612617631
150389218554959
150441267049919
150554917012499
150571314818783
150587196314999
150663803627999
150945236830079
151010568036719
151024377651839
151050164428799
151061341867039
151083384157709
151259056912079
151317823595399
151463952353279
151532030008439
151532920037789
151620464870447
151790331379679
151820217964511
151851731500039
151901199319319
151942038131519
152089569651599
152256441516191
152350299287999
152877721901183
153304018559999
153497124302759
154019551033919
154044040550399
154084314079799
154704227762699
154891582104839
154962719491439
155020232601359
155307176270399
155361735349127
155492797868999
155514060369359
155591462807549
155663118975509
155670869499599
155888836111007
155969499394547
155972241578939
156152639651399
156235016807999
156837470264999
156873326702399
157034187824639
157080788695079
157115888336609
157240401593599
157245010495847
157338216929291
157424591219279
157653054410543
157947030037367
158248850824763
158254884952349
158312004436823
158354008163999
158701699991951
158951570827139
159024688729451
159036345237743
159120873539099
159260873913599
159336876491519
159777989771999
159820038844199
159833801355227
159998218248959
160064936645111
160272053025407
160356729738239
160362829964999
160407989427839
160423838235751
160604994746879
160751136116609
160762574783999
161279277676703
161301591130679
161695098486599
161935973269391
162320085440099
162336120007151
162522540290431
162715440191219
162820857653999
162857336767679
163092226229399
163208369679767
163347415030799
163543871708999
163622821941809
163633709775689
163673015498639
163803918620159
163887580736879
164046133547909
164068644282839
164833097778449
164873138267447
165055700737199
165056042945819
165147380942639
165157041970799
165260522738879
165401961599951
165770719977743
166012483291199
166511147954579
166993729113119
167051744471687
167162704331027
167295576300551
167317032016639
167559824487743
167743916594999
167748072405533
167760360557327
167819512253039
167866768885463
167868198928349
167914445844599
168482618655119
168494290854959
168516359132351
168560867718179
169115222915099
169519995038063
169529430369599
169788377478719
169813969516799
169888271798699
170022197620799
170102375143739
170229081597299
170260982263679
170555257823999
170704966716899
170830096334351
170869299464093
170872854352199
171372015282059
171633501233039
171647361646949
171816453033119
171940019786243
171987953947577
172001190049919
172051760243999
172147036002479
172210030019999
172250901758207
172391134090499
172394039998823
172627597900799
172879080384863
172960569502559
173078504477423
173295301716683
173365169882519
173509737778799
173754549259199
173837191926719
173931123270959
174021081898229
174511489126589
174573593282087
174628919646719
174716734745519
174810706559999
175062414288383
175118107567031
175328452230623
175632835341599
175815702720839
175826779628519
175935336164279
176048701706879
176057422645103
176097340077119
176123974941053
176143900679207
176152000211459
176253678984239
176292647863919
176762932930583
176889948340643
176902821834623
178021213859663
178458814918511
178799686559999
178823936550239
178983376775999
179028419517599
179081598789719
179298799112159
179310416077799
179571658717079
179697335347529
179934574146599
180021716853119
180477383770121
180492633528479
180500282595359
180641506016663
180755925374627
180964278983519
180971861233799
181020963679109
181167451285949
181253967877709
181284438705659
181683070790759
181969931092319
182089617557399
182363682296599
182412496428749
182714490312353
182829951793103
182962926812951
182995693960799
183024604438163
183097430740223
183108538272607
183158009606879
183165045500231
183406591164383
183593667043331
183629451376799
183702412482119
183753087248639
183987020131199
184317783067403
184833039698999
185019300752399
185534054426879
185536239876371
185542716791249
185693954933759
185943935696903
186277191080399
186496077151511
186550241080319
186766741270079
186769076787071
187135972567541
187142728320143
187164562256099
187566844716143
188052222452639
188744918505863
188753833547999
188879225458367
188907877664999
188921535004859
189067175028899
189561288872999
189953248323929
190155516182939
190190089657871
190216083992399
190637054891999
190788982426223
191121104427191
191581624163159
191677834877759
191840291134199
191860427740799
191984869356479
191993009046947
192250356989399
192384808078319
192803913996719
193203632699999
193325985740249
193346833824871
193521002842439
194227848671639
194514714731609
194536629494723
194556115191359
194653228261439
194719043145329
194901891278579
195023492546819
195042100360799
195152947412399
195516175617359
195634037463353
196580539783697
196654151238719
196670114221391
196743116892419
196755820228967
197580975322499
197835378296639
198089956092599
198189696736151
198497688238079
198499761852167
198616703279903
198625927499999
198686851946351
198839062420991
199011288370799
199256904780299
199367342900879
199414415188559
199450807062839
199560513447359
199894175310239
199983580692479
200115978612479
200314308216959
200720548296839
200775815606519
200885747283647
201102371833439
201132643162859
201211772919359
201412887983999
201508331310593
201741377048639
201985278215159
202259295150719
202986718094159
203209447243967
203587180242839
203731388080769
203854423106879
203919175418111
204664184725139
204677432954279
204736139794367
204754817302199
204931643008399
205675380642983
205675922415599
206104578645347
206166833752931
206262635402399
206402254876999
206409627566999
206491158714539
206689850946079
206780676284159
206948720096999
207081093760397
207211017459419
207263165971679
207628531055219
207778195492139
207790864994159
207863991629279
208047890394959
208435809341759
208707122144639
209386331634479
209797556975999
209975125720799
210088721345609
210436407941759
210458561696099
210662073386189
210857800655519
210861632643199
210877129632959
211019938415999
211026436835759
211519893005639
211557376471391
211611359592359
211951382764967
212031687790943
212238817559999
212306697279503
212340269609999
212503031613959
212593131979001
214175218445999
214234154914139
214318922804711
214369983434879
214441950320639
214661865989119
215571831394499
216080409298967
216410888255099
216545498628479
216728301536459
216965554984499
217296678246911
217513443419999
217558157094431
217558550885759
217990948478239
218004786251459
218182415453999
218706183655343
218755234725119
218825984169449
218892317859599
219001390145999
219048845515499
219098059221887
219352992127739
219562528014983
219694940548199
219715732416599
220165789740623
220177450528199
220454977138703
221526587662799
221608019294639
221735996188559
221846200771649
221889863336231
221926093509599
221993661530783
222273865435439
222384690742499
222632974317599
222688941820799
222911231633999
222967359283499
223276270351679
223512854327753
223541276605919
223856566366079
223989002012159
224204543649239
224206151536079
224216194849499
224227868738831
224549195639999
224903673761759
224960268420799
225020857983371
225395179378511
225509235563303
225672641697983
225693519651599
225940387670171
226623509540999
227064531328511
227078810583299
227086531421759
227140407563579
227310697008359
227485462266719
227587232972399
227601009961709
227713226959679
227833113715199
228012278710319
228481385090219
228925640789999
229002067209299
229146125677199
229186283980499
229202508940799
229761622359359
229910328020591
230009148865079
230711886524159
230875051119359
231187395991859
231231017878559
231871389760079
231879957971759
232009762611521
232079562966239
232148097411119
232233726854951
233081918044559
233387290382399
233423285861999
233551182314339
234116051401343
234151677384479
234178238344679
234668865791359
235375683423719
235391610177029
235404921681929
235849851847367
235907472133871
236075054096951
236178018439019
236261882735999
236486058290459
236615854413119
236647871254079
236787846122099
236898655409159
236908616056727
237151314973187
237276119578679
237352243113439
237693216166559
237746797797599
237971169661871
238618260054179
238899945707279
239357229891119
239446974857669
239541515751173
239880806668799
240472150026191
240642877427999
240790147770479
241052243432447
241135907618231
241324592128199
241374834587879
241454055848399
241607231438399
242101426303439
242342394580159
242483727278519
242642639417639
243001122174901
243058388509691
243295008512639
243399277348919
243555196563359
243893115247121
243926779867679
244669517567999
244863298454039
244901433502709
244925778334379
245077276544351
245085467261039
245236834098071
245330146634759
245602180889999
245624629617947
245628798983119
245695255501799
245978651003903
246194077785407
246288029642063
246485706631163
246546464274811
246558990406607
246606610163759
246613705781519
246635220756209
247849961399039
248362898372399
248640254182319
248905017444719
248908675163039
248962912181549
249165820725119
249224124307199
249312626498519
249440879130299
249851764889999
249976481838719
250513538652239
250711552812599
251502019363979
251570056079231
251683962808319
251807910933149
251846207561519
251883724572479
252025058533247
252358746809399
252606383513483
252693625395599
252744361896959
253026737389999
253153077020999
253174815883919
253181638054799
253371550624079
253516157885759
253529478962843
253653819932339
253760496198299
254042127290999
254233319155199
254280950737043
254503479527279
254526295509359
254687282295911
254916299386349
255122554841279
255143075644799
255229746607079
255257896743599
255370859017091
255425680621999
255813713416799
255853440134879
256074137747999
256135637932199
256279842541799
256291478548559
256390210352879
256719436017659
257214399047999
257684639649119
257737170591479
257885527141241
257937436921889
258055080161759
258215446396319
258443541545279
258722633108393
258920928571967
258986804075999
259167535484549
259261960721119
260456180558111
260985576563711
262150151414399
262249148353319
262507002051071
262590564854903
263411114035999
263608212648959
263627538982919
263832046908299
263946464716283
264028964209919
264250874950103
264488170282559
264541342375799
264757033981439
265263290510399
265352649922499
265640324795999
266185866749279
266298818883767
266331278352479
266392408867199
266476371017471
267624502351799
268051680139319
268439941677599
268932186319103
269084555522999
269212629197159
270101484204551
270767309478119
271441644874559
271459557737639
271479803846399
271743310263599
272107472757119
272145789513239
272326002037343
272427639338399
272793551420069
272832341005391
272839163453999
272917091264579
272955495812999
273016378963799
273110368634639
273543275450213
273610190105279
274015462733279
274371120725687
274804329713759
274831864531199
275008427146487
275292013740743
275292606767039
275335864919807
275578714718999
275874378416909
276042761425199
276243744940739
276284866286519
276366889167119
276652177225199
276829002853019
277501907789567
277568958293171
278278047262223
278336989961159
279173962818449
279294203107919
279546899034479
279562300595423
279578415078143
279696542645519
279781804294271
279921744215999
280143175858127
280238620223519
280329127493687
280654827475879
281062501259999
281879818578899
281948248395449
282198545282879
282533036315399
282715129782359
282769342364519
283026243513019
283328804229899
284109218716751
284838425475083
285067914122879
285071657143649
285698013235991
285901263052607
286369324731839
286462271068399
286716189941459
287210131750079
287395959422879
287463787500959
287685297681599
287770406914559
287914438689239
288260084140559
288787792212149
290196932014079
290786106885119
291110356955879
291343592917439
291682671114239
291689503726499
292141857333023
292725612756719
292872655508399
292940051766599
293329858971599
293455281271151
293738760806399
294344645289119
294436379759279
294472276036079
294632070249263
294870724011179
294919513533959
295182407404169
295532577695039
295578406915343
295843514460899
295909611698399
296090933063089
296966830645799
297093728537423
297202333755599
297578781589319
297794325406049
297927974389247
298135397841839
298275306216623
298576332302219
298631515505903
298880812370279
298944634598063
299340243470969
299561105049023
300307843141487
300583631462399
300699365613239
300888951603659
300929333889599
302034055204151
302635112837999
303188229978269
303421009466231
303447854062439
303481565272619
303859898662319
303899843327807
304277814659699
304435224624959
304544260915751
304719462431999
305074659323303
305136666244799
305166803695049
305276378187899
305675569616399
305824947962711
305861062759199
306122224829959
306214672129343
306444312560879
306534792626999
306783441880607
307120934264759
307133777216447
307747848584159
308498496061859
308518656905087
308850645311779
309338850177023
310059187729199
310145804893679
310340216935799
310445135827199
310652764094399
310918809752099
310955733708839
311045148021299
311086918110383
311195385196799
311237812730051
311660146979999
311904994180679
312033326417999
312106140386879
312748830323999
312752038298159
313033284773999
313115326687799
313363089947879
313515742041599
313677123701759
313882767508799
314061564211919
314701939651007
314864861611319
315290059533539
315402835290479
315454226316599
315754613619299
315814825347839
316137496841879
316331089981199
316424317177919
316465775353727
317176113531059
318103687399679
318430679674799
319332080011559
319367299960799
319437912685319
319788818672399
320033446965119
320611618850093
320622460769999
320637626076431
320640368277239
320791644051191
320805221343767
320820653476511
321249184737599
321367378387499
321518714313299
321611404868909
321927658982399
322794452585471
323157200667839
323666118081539
323754454539683
324451946283299
324591236549579
324729702692399
324891444054239
325112743003649
325289639505599
326063576827799
326149297603739
326209518109439
326531428497959
326635568283023
327263830716239
327430880096219
327568801061347
327785483264399
327818380101029
328332025929599
328807434337199
328964502043799
329897712153239
329933028528179
329978507482651
330245628685559
330438747940799
330612172668959
331642688499359
331868118884543
331994506138679
332314117177769
332578430001047
332962734553019
333633277441279
333877801711679
334166943368663
334213261830359
334418443851491
334427226179999
334459042183979
335055876306479
335092426373543
335682096275759
335985034451219
336410279942879
337211187896879
337529591669087
337818011503499
337887807333119
337973691641111
338048388395951
338220347629823
338426018216999
338476514743639
338701593601331
338984805171599
339954768929663
340033975244879
340481977534799
340534244453759
340584238692359
340746172766999
340840388635199
340978035397999
341157647223431
341168773478399
341216268592079
341551342934939
341767180858739
341796399726599
341886017090879
342773026301999
342801651874967
342974238713819
343033519907399
343042719513029
343219235869439
343366351488863
343388945961071
343462477788359
343937112017519
343944175078271
344127029563799
344479975747883
344590739676959
344988869765759
345044167996499
345051068606999
345431770673849
345626799701039
345859091432399
346006030832999
346939043352119
347291550777599
347526801796859
347635357097489
347889806216879
348365881978799
349011253412639
349479965831039
349570090920959
349895178062429
349913863678391
349919046413999
349940185253063
349974540906119
350019449942399
350217463692599
350366420546999
351114089343119
352571238200339
352885691005559
353205694857791
353308352169599
353875664371679
353955245608439
354649521968279
355012014810599
355013188081919
356140041531119
356352750741059
356359894631999
356662654733951
357115788772469
357121916363519
357160594055831
357211897194599
357240889860479
357538586932799
357714594279167
357788120122943
357900684211127
358033017513167
358258537883999
358366902499439
358401674751119
358623460924607
359106925217039
359174758494599
359370896290559
359985037294079
360666811215479
360674031165839
360816527759999
360821076051743
360950601689999
361289978799329
361737829949999
361948426214399
362019448488059
362302547974919
362341887323639
362342035450511
362342515867919
362723869511849
362968382852399
363182190318179
363618546729569
363689311329791
363823794537947
363886899245399
365179979656799
365216291649299
366271471632821
366795062940767
366876303340499
367314492589439
367379208602999
367519944264119
367867018619099
368039475699659
368675814596543
368742638410331
368941328017151
369799849979999
370972300147019
371067593059019
371376888420383
371731427561519
372574231641611
372645691443899
372894674866559
373265256798719
373343415476849
374474878601669
374775316623989
375392288292839
376455097232759
376731627827939
376965128850799
377204008998599
377804937566249
377925793685159
378580424526919
378762211913399
379204812753839
379296072001439
379574661375167
379671381819839
380012999103839
380144707289999
380436931768319
381024687467519
381118676726891
381807129628031
382190721971057
382306387710239
382657708115999
383364873321407
383783178604559
383860411579199
385234910746139
385720923772799
385901916274687
386094813357119
386786785541279
386878608792899
386963759985599
387130790329919
388257099014399
388874952050759
389058601856399
389584049638559
389600475831503
389878011242879
390114312712463
390173157824897
391001118276047
391067075843999
391090709608199
391191304896479
392029974183779
392040715247999
392166001341739
392219559192311
392403180610979
392526151742591
392660477639207
392875786266599
394433824853249
394538631349439
394711447360319
395412461020079
395431576304183
395442845003543
395565373367519
395629753945799
396097080967439
397971246994199
398062183411619
398077724718629
398429213459903
398465996938283
398785399795439
398901617081999
398906846987263
398991275174159
399481638397841
399675724189169
399849897479999
400155329888999
400326168232847
400752410509439
400787017473779
400936827443459
401138738000639
401268792954119
402421132977371
402431564494079
402438333318839
403387472574299
403620079741919
403813095023339
405103701907769
405190649889479
405481743231839
405664158154751
405687124557791
405702326837807
406172455135199
406335178312799
406688293685519
406822529779007
407091188478239
408205087233551
408594258071999
408842286495407
408886629272063
408916435855199
409105685237831
409253640506567
409316665967999
409657139433359
409673033339959
409810461486719
410176797568019
410362465677839
410627396039219
410751601055951
411285273722927
411969296384099
411996498568199
412115577883799
412133850991799
412177839941627
412963192718327
413138397160079
413153729266823
413201186725139
413232750070391
413352546647039
413555842843439
413679076271999
414311627627039
414360738237599
414375451836191
415092439883519
415829516775119
416066389724159
416095668146159
416339258631119
416430131560799
416490788313599
416660695091999
417199622382971
417331683783431
417416642999999
417751034722559
418420957893119
419355922166999
420126910593851
420329492274119
420739713827999
420934265233271
421319751652799
421429432242389
421593329776643
421937721435551
422977468864499
423420228516823
423777854080349
424340309259719
424835041613399
425000294407223
425267896353299
425357971505639
425576536933019
425728810688399
426073464950087
426236505760799
427266870382967
427897214481599
429679760158879
430166980701919
430286334870239
430365592519631
430376438221559
430384460143679
430508613826241
431455920795899
431566896023999
431820276318199
432353808144719
434829039604847
434978862541343
435065282810549
435168300902399
436214428760207
436400534203199
436710908124899
436766499917999
437016941133551
437257604812079
437769343530287
437810775540599
438003416208599
438056903591999
438061449387239
439589828321279
439702208230319
439875534200759
439965645737903
440237397803993
440915599673639
441075462911999
441176676426719
441364952819699
441840512106671
442164109405199
442932314219639
443357891714033
443381788150111
443597203277759
443770729365599
444143961750719
444210617185919
444483421492499
445187767305959
445913640459839
445930531952639
446662937940119
447237136190879
447385598512199
448242541529999
448245102873539
448385425789949
448733382746687
449741916443819
450597401911799
450677335460351
451449149991839
451491792758159
451681197299903
451940653415759
452244691585439
452268754828799
452329536058511
452411289207599
452767715351279
453198734914067
453231871223039
453962329207631
454135868946299
454497860327939
455257429707959
455783888141999
456037239724559
456258219572159
456265685423789
456623091034879
457624685089799
457639958870639
457755441506999
457945999172099
458588930203669
458681749941407
458801629649999
459007938700799
459329792830999
459612193851719
460222828911899
460294689443579
460638839978399
460768927610837
461863006104239
462625953497399
463091828186303
463319418916799
463521214651489
464744410480979
464862515335679
464874907184999
465632024580407
465663176631743
465697641259559
465763657879799
465961907735999
466113424889699
466145291195999
466149953493503
466233901405271
466304734509179
467359394460839
467763515161919
467769546402479
467947010517839
468627324630191
468767632067279
468872299324799
469051202365199
469713625180799
469811411759759
469953617400959
470307488933999
470411854093439
470556313136099
471653795497499
471861287851199
472238185372799
472410167039999
473363832597791
473539864381631
473576083765439
473590389185423
474084627656639
474108632917919
474143766382439
475391636966399
475391749343879
476441312233589
476522733343799
476755154763887
476847208316399
477085455046199
477221454712799
477259535112299
477528193310687
477724448512079
477855611887499
477947762335679
478139640141599
478502342308799
478887903490103
478900615200071
478928420207399
479214840981869
479529891455999
480055628862809
480687398231039
480861389439287
481194319636799
481627234479359
483088106604599
483865779395879
484039390988999
484159796200079
484553041687691
484554172623299
484848583707179
485278032173219
486360295404479
487240274717279
487269399996179
487353103415639
487703539631879
488121409887299
488128630137119
488139376432343
488253431161999
488470538805479
488694718504079
489359069217719
489399999461309
489648515697599
491359019481637
491419497940279
492311890714643
492473622711563
492631167832439
492736918127159
492853436151509
493195017691709
493251818035199
493294276196159
494062754719049
494816803340999
495758036510879
495783322025399
495791816526719
496344651263999
496390470150299
496416651590177
496643365818599
496671782965759
497541553563599
497545771588319
498050719547039
498159532574783
498946970375839
499075081109999
499398963212159
499451322255731
500083912923671
500652812656079
500914151398799
501358631127199
501927299200799
502471309397903
502701637596479
502708309716079
503300849284799
503373907814399
503937772065071
504252241538099
504680001907199
504791487115999
504855601496063
505342725695999
505514083836959
506270312735207
506784884969999
507081907268219
507662826671879
508143248969663
508339418212799
508842037267199
509172109322399
509365177574399
509444551178639
509459430579263
509864674117247
509911066516879
510448953943499
511066391926271
511354452677639
511651061281007
511886239608239
511979523351299
512008691524619
513010511386463
513198509858999
513390858422441
513555845738939
514001686341599
514321730750939
516478492801043
516857513805359
517077727466327
518790282416279
518942705696999
518981816679199
518990854402799
519122287297151
519738749601199
519844055327999
520416773355599
520876219368959
520998895704767
522029563281407
522408461705311
522944727314939
523350117682559
523624115995199
523742996735999
524242289676797
524287909585439
524529732570479
524656649752199
524982101498447
525434631125039
525636179756999
525708419708639
526350306081599
527513802335519
527549149217999
527852326319999
527975571385079
528245877747167
528713459198999
528783786080549
528789662669267
528795462950039
529001546431679
529615644704999
529870018446719
530274833667071
531157002730199
532159468379999
532251528210719
532743112494683
533434496738219
533485563976793
533576593081349
533634188310079
534202688794319
534641040627359
534682003030559
535654258986839
536116747311287
536463552471299
536974425440729
537248645144639
538109662381199
538193807544119
539118838979999
539367438067319
539810565719039
540243085831679
540522024998399
541299200742431
541648391110529
542062104557219
542288059995779
542365497542879
542408319984299
543074682891551
543248023636079
546531874071581
546968521728719
548649840509119
548696736050399
549240256590899
549405327501983
549868058850767
550273045047959
550607567811839
550790647120559
551920814071703
552620678117759
553736377051199
554483508502799
554640907476239
554769069540911
555788413511099
556103919220079
556263633853619
556317793747799
557395529921999
557877330765479
558116869081199
558362342214143
559617663322871
560220696292991
560571046404389
560706613648499
560707084264199
560884052281409
561274130754479
561400442877119
561425460023999
561639514778159
561711826973519
561937455248399
561969512992523
561969973151999
562776928309199
562945617553679
563025887653871
563291445319259
563635024331399
563795826656399
564452625479999
564999321172103
566266843079999
567422318682449
567664523682959
567679120286459
567721776113183
567767937557519
569215309965119
569262875413319
569309608526471
569582229958559
569752570138751
569884793969789
570538528408799
570672454284239
570724002575999
570782470721399
571206586353479
571425378803243
571864855437119
572268053237999
572478329995109
573029663289443
574260049946879
574555690130291
574657383104639
576693559771943
577328394755969
577745999156143
577892805654959
578492825968511
578662356647549
578720597656499
579528548730059
579672889984187
580300398254849
580562340359399
580659543665039
581941194304733
582245067631499
582753934153439
583192175005439
583753897545839
583797107323583
584096400941759
584810811993743
585245863584719
585354474809999
585357473649059
585506662334879
585610253963279
585698025649631
586088169195239
586353089306879
586831388142719
587580881904431
588008788721999
588137910020231
590347418639219
590369241875711
590708336601151
590958140789519
590982005496959
591533191737023
591643289437199
591713243110079
591829071273179
592047064129679
592291525582943
592708744882799
592824836513699
593123700834191
593606416913999
593889833978459
594000950532659
594269917033103
594313773498143
594931221037079
595401631559279
595703501850599
595802009677991
597057853391999
598301971084943
598529112532259
598627232015903
598992241247399
599474659297967
599625433410827
599725535727599
600349766954111
600496470107351
601622293056119
601716980699999
602288320684031
602373431073383
602568314572223
602591876648579
602841611590847
603448408798649
603615869221679
603678793896359
603905444748059
604178515165751
604864278503099
605462059651679
605683524665519
606505382928899
606824870112239
606965065963199
607996255707143
609028900682399
609457007249999
609506167960799
610458946606079
610687232063999
610719130004479
610744497376499
611099512245179
611218421910431
611288852882399
612392400731999
612665221939679
613176306622463
613562357843999
614503771102759
614522728965599
614575580532479
614599626231359
614775737545199
615551910457343
615668359323779
616458104294399
616731744602609
616957315479959
617065673055659
617120192795399
618324273361499
619460611289099
620155393914599
620878612527599
620917699718879
620960228079839
621019569565919
621396768629279
621691781859719
621992216209487
622389800284559
622532021204699
623091123024479
623562751460879
623827938857759
623980838644799
624139937910719
625139787632489
625385023533719
625420697267099
626761860392249
626940140475599
627631764656399
628775042025311
629425371935303
629454103649699
629775493633439
629806828370719
630586674873899
631448133479183
631653240113279
631788358604831
633407685534959
634141248190631
634547297549747
634883059343987
635524815670799
635790249151199
636231966659519
637246364611583
637314383122559
637330717050299
637664528996351
638471366813279
639452757589343
640063141273799
640625110614719
641300854323599
641347112126447
642236990560703
642795743045119
642861661969799
643420129204799
643929505009559
644226633824399
644264317464767
644608361335847
645294237999839
645556153606739
645651160474319
645825114461519
646219955983391
646367958978803
647429100808499
647859451473359
648084698083679
648374328779759
648634756906079
648748547739767
648821545134839
650472185017349
650732696233199
651005137691999
652065493914899
652283129541119
653001318007739
653388632386559
653482807032509
653744230571249
653751853946239
653785491889151
654758822619359
655572038968079
656271024900479
657511445606399
657829554216119
658189151202959
658192021489799
658488853844543
658822246468847
660500452503659
662701961105711
663546166091999
663737009830751
663927036499439
664754891480399
664820020160999
664856795280383
665580825062999
666962893347659
667177895252399
667413065739599
667788851237507
668213524488959
669190580743103
669456490831379
670062883255919
670380422984999
670825102826129
671352242325503
671871176945999
672121611719711
672507548075999
673529531559839
673557302487299
674380805662367
674450276494751
674503547647859
674557380918143
675282847891079
675295314114959
675437420278079
675615244576799
675936768451391
676036082741009
676481705935199
676693739169911
676771898182799
677422881502079
677746992949879
677821412729519
678874775329799
680360199749999
680849984869823
681613796666879
681873165429959
682112850429599
682524825419249
682713874977419
683355474764759
684180200121599
684565198252319
684596961120851
684617850310679
684675866683439
685064998157399
686957237365463
687106481136319
687807985280399
688882044810719
689254228693799
689378287257659
689493363063119
689682402733193
689830691729759
690484795229519
690678138028031
691593067502063
692601764777999
693065238233999
693076443591839
693263678787791
693332989897841
693688066727039
696843456156539
698186532580991
698826158989727
699275158648559
699742095609239
699751648431359
699932606405759
700217957717459
701627290535159
702579883665239
703904965777199
705015225434519
705203008784189
705354864109559
705407084190719
706920078931879
707118202546937
707735044048031
707770681337663
708072877500299
708272168011379
708276523741793
708843281184359
708898853513759
709010277142859
709815023157239
710014893014569
710238834091499
710371695524831
710728484633243
711698929471529
713524937495999
714031568769119
715217572150343
715481182310399
716067089397659
716188454375039
716351674425551
716373847900619
716621318683199
716699862882431
716901688208231
717486271044479
717858371018879
717910656531839
718235524571399
718244960650559
718445271012671
718474258117547
719756409057839
719871688956839
720137192362559
721097169661439
721244238019199
723492183173759
723858299431679
724014021802679
724790351843711
724953627298991
725039735420699
725602075050599
726325495988399
726722694999839
727776063013319
728193322493207
728305806235103
728473284739199
729465874106111
729590832289511
730056610194407
730665169609247
731056109597999
731153943271541
731904697810439
733539479647103
733628726786339
734370082971013
734578715666171
734711486679719
736498942264511
736570522115999
736573534754399
737292731424479
737966224638719
738725636894849
739083835538801
740556134486783
741392248224599
741736541734919
742167121625599
742188587517059
742520144018431
742935592718591
742947987935999
743136735829949
743160915632519
743271591862799
743421826391831
744430773920399
744653730126239
745442432529299
745544930314139
746378345157119
746641079027549
746930520636299
747031163033699
747597253646879
748647121337279
750336852545279
751103287213319
752285895159679
752412886106111
752546589408599
752812603235999
753281202465791
753813737935799
753957974606159
754779767714543
755136039715859
755314172675567
755519144992511
755588811898871
756154081982111
756240153382799
757441624107349
757758387286427
757793208612719
758828968551191
759354411862367
759393686924399
761492883570047
761849462554991
762052041158407
762172282033343
762577406985239
762607353959639
762815723669999
763006823567999
763363116331199
763825678344791
763920881723999
764058197901599
764415879110729
764474354776751
765106008289919
765235415924927
765717443823359
765722333504351
765942980436479
766098880239923
766217568372539
766774737892799
767465640650207
767737736217269
769165386226943
769769927821439
770036908692479
770489392438457
771111195487499
772657324449119
773004248546633
773405271892571
773729539390079
774022880682071
774923728121927
776071214539199
776241929506999
777874936914143
777881015607779
778023515910059
779713522090271
779762709194039
779782129023743
780009634455551
780010434534239
780311230470719
780404301911519
780865428588101
781057686965399
782204029395209
782331362859869
782458248433399
782762477149349
783306179046359
783730121045507
783757510966439
784351271337983
786191625360899
787773783648851
787903387455599
788118480328607
789095632090751
789240598591103
790289677857419
790825907377439
791884286591327
791989068306239
792025859093039
792299437582151
792598756445999
792951324098399
793058601340319
794200183066079
794473708993919
794770769135279
794944942573823
795109412085407
795466171139999
795596521084271
797313432844319
798170075651321
798241269808679
798311868082559
799115460758999
799780963211999
799870835029199
799986936026459
800110233271733
800273178809999
800546157028799
800813470287599
801022318996859
801108169600199
801824675900399
802635861107519
802743083871119
802840383916079
802968087720959
803337649948679
803978826473591
804042263664863
804794165315279
804941662665599
805053488390969
805466286387431
806458658227199
807198005877119
807347641869719
809669605915169
809739111012719
810260921849399
810339500201887
810930279696767
811596279311999
812583185033819
812836548228599
815265814179599
815319930980099
815456888119439
815933356439039
816150179246687
816344315389007
817756745037119
818222165736863
818280214053119
818539462101899
819265291134749
820243013645999
820830011128199
821427133805639
822367233976199
822511651284839
823808374228223
824276375133899
824278531115519
824694989376719
824768869516019
825578532828719
827203355269919
827580879407519
827703879169439
828082130150087
829138703619599
829928156531711
829937254786007
830386648714919
830615317822079
831237617380799
831586350429119
831852172981619
831996574793999
832014188247163
832191848611199
832905829848959
834489856361167
834756554099159
835419612701519
835528158279359
835780471802459
836485237498679
837750293551079
838382881984499
838608674476409
838671170768831
839113657084289
839237345446499
839898843906779
840429817476083
840533071728479
840943658030789
841070930502599
841145471056799
841519159444547
841614150720671
841779726119639
842804344511807
843469152544199
843599120555879
844646202638783
845004440708999
845125137191639
845856807843599
846511764204539
846670290572699
846811750383689
846991301947559
847049965711487
847970809437959
849518462249999
849568940995319
849817210296599
850119818694299
851568636454199
851625477522791
851642819726399
852002812090919
852183037480319
852501593196719
853936388396099
854558935575311
854608308952199
855123985812671
855596813041879
855981930577619
856677878584331
856700792438399
857292910012739
857739761774279
860230054920983
861407849872781
862173949823999
863723829927199
863798377402619
864665279523499
865621809466559
867693235727471
868964508506639
869888210973209
871246954479383
872304534541439
873128228330399
873533258705519
873727068753839
874280905462079
875725617186467
876423333889739
876667290796799
876689135487439
877378726721951
877406314936199
878577376709843
879553709554799
879849306991511
879967846719503
880000731529919
880027099763039
880613705142383
880686014077799
881384389966079
881417108123239
881713808015039
881873526882239
881938101437639
882386781983519
882620720063711
882988153246319
883523877424739
883751392571519
884038358431799
885346284654719
886185116955839
887550000327899
887713731336599
888090216418943
888273193777199
888684944356169
888951364179647
889381799193887
889477506809999
891199335410999
891628660087703
891893477012459
892033408219199
892138324408319
892902102971129
893409465213299
893920265971919
894233352595571
894490787483999
895297093891199
895762626049439
896055938157599
896066823313199
896449666825439
896587984214207
897400683630359
897407412226649
897561660164651
897703421569919
897795651274703
898370849987999
898899544358999
899224143209279
900538384533479
900633163744103
900675523175999
901275824762081
902100383448659
902942094447959
903277489320863
903414628841999
904118955966719
904177036385279
904179642467399
904371792098279
905273920113023
905851560527423
906865171757999
906988598828399
907300455643889
908163016899263
909364430098799
912374842911179
912499178639999
913295105301599
913295503525859
913305874337999
913438184846879
913694467867271
914198675664959
914733417091199
915040541643311
915415489322099
915701629554431
916034470322399
916708592120903
916978731505979
917148181866383
917649650162783
917852838506239
918517279702499
919544714606699
921089958563539
921329139943799
921432327515699
921704082922943
921759304237799
923462312081663
923493820692959
923749061142599
923914769936759
924356303326301
925249878498329
926305085018879
926808714820799
927063404477279
927709968368159
928315571966999
928921974535439
929432504477663
930083520510143
930233953868599
930293701849819
930751622433599
931653798274499
932202332186189
932286568546079
932287404121919
933578832113407
934471158084671
935670360088439
936568990672559
936795710374127
937165955140799
938911583163371
939358457893127
939572734279607
940600234156607
941782857669527
941798482557431
942162810696799
942621941080819
943092088049663
944332006088239
945506696979599
945652352428079
945931933935119
946641985318259
946811526198271
946981896037631
949006038595319
949903474266239
950632167925439
950878557461279
951365489269799
951891272412287
952394665609529
952981675356479
954050711049539
954522342461999
954776628291599
954950782660991
955775085906959
955884672737279
959079218926919
960222322338047
960267214368071
960493220581943
960906120173999
962383117951499
962493464905199
963132122388239
963150009313799
963250484400959
965412244544831
965439403013543
965485594496639
965680642349279
966230590469759
966829807943999
967884691596679
968666174127059
969208487121599
970883285182439
971104151057039
971337782813903
971705730628799
972504648406199
974352823625999
974663409270599
976499080460903
977541455063039
977582902508549
977862091157951
979458985330559
979597550759183
980118120539249
980244183330143
980922260707199
982495714376399
982862790842519
983353035821543
983360546625239
983725999879039
983820080020319
983956058647589
984740371169111
985482666349631
985961794207751
987301395375749
988307342930879
988579971885329
989437955145743
989755726357439
990016711775129
990016934967899
990688378541399
990776360602079
990789845558759
991389619888667
991839575630459
991998684279359
992230671258623
992503495639319
992844378606599
993971750723951
994021666251899
995138352502319
996723703632383
998528820088799
999322534371839
999486956589029
999566177500799
