1000216819679
1000513394495
1001193706799
1001438330255
1001590379999
1001824949999
1002545495951
1002638558207
1002756753179
1002927824639
1003588775279
1004104044719
1004113778399
1004182605215
1004326408799
1004559519179
1004847103007
1004930269199
1005036076043
1005108898079
1005148980863
1005512411903
1005826686479
1005893481599
1006228629739
1006490084879
1006586771519
1006605446399
1007088082055
1007473449359
1007573798879
1007922182399
1008003203999
1008269026919
1008608687999
1008708632399
1008925964279
