
# Large Perrin pseudoprimes (> 2^64) that are not Carmichael numbers.

22192136014448227741
25893854852593099681
35544190212470391157
37472534262502339001
42040681254868350601
47661028937545023901
97926423759582775657
109052886646067003641
136921669996284733201
185713044105994936441
208089137879432709661
324217750194969974281
476610134346679626001
879497638355816551261
994539714500643524921
1074723627475184459693
1355894318853426424669
2121507859827857553361
2594068143168695305141
3177998428694514380801
5519475650351358289441
6220900587876007766041
7558974222719472825841
10120109562288302819881
11672318491127476514641
12954284754514983411841
17260242352696038780001
21356265233050261307641
35912731890494018955151
41909560260183335804401
42619437223238286239953
48457465637918721795121
56240122846767245805691
66044071064229136067701
72284282506250803552801
92459551896454526024977
114391772106588635796229
133468017321866252244157
153595759486737933138401
162595286415688719983557
172364316882157403079721
201840700319146522735921
215768555019626953587301
230025900825199387372201
238903044721845922995721
249269098974294141750001
252994988194064695326301
269886551747208822704741
271073842556019373924301
282153434024180656532953
287811163333667131199161
368846782410255932114641
395507699584080303310201
469883745841272269866321
545291544315028867030351
673083478473308864188033
740734932010103395953001
939079591101258364576393
999999902289731622819121
1025042242440284664699793
1085817563339246555401621
1121642907483511316986567
1130283127275319013845297
1194799668876611269845601
1532329820695448865591013
1672321305874877177432641
1886835777246398197865441
1974570442869779526223901
2850560510318740019430001
3704912473853483801882401
4021515011832222600321001
4333724736631648388527201
4340633242727551816065181
5051723073059471685297721
7024996328018310606150661
7219233863893119338908681
7554055224032900035800989
9081071786355237846312301
16827086885503872691740001
17902194932716315672869697
18826672955150074625080201
23455804007531148592139401
28008490204543053185630833
28462753450224096208705501
35041302976528058385171589
38803496987744528506305121
41028425349979145948835001
41219482046413657072348501
54002498626079835469818361
58403908081820369433953281
58837225691022168562126081
62871874276380223192525921
72411305887535882652703531
99000000001814293966470661
106161894136727501841431041
112616029015134127112839309
113243568315519256217211841
115600069408435924582777321
119151674748466632285849001
146558516146835216833215181
147820043718100892643882281
152226122716795764187916401
169440056463913763711610601
201311944192217552696857009
236684204909443482227666761
245627125788319275903744301
247872072713795936052684601
256164781050620101412707501
292870797889156067789330137
391224798974760141090913501
509285905765808774247116561
526719679347182166919551061
534686102514954478763897689
570739084282614967275496249
581959483555738846406268841
633295548072162579102101461
648587424361940876338753501
924158677858990665469762441
999999990017332427984345633
1161279994096379229363591301
1307948819834607346988390371
1339928335381333918787133841
1595669455514972828113710401
1982500821885360440452332151
2089098987656899208812635259
2220214258041361165369830769
2467981610274234010959870601
2542121266695315667427613241
2618483001368453246389521769
2778794588038866608906534929
2794992889562227946363905801
2955903054404756126667581269
3229294916600852367820448401
4000504764765399047742275497
5110934353709068813540829101
5209578291331167182050194301
5644309237518483752759388361
7488124303277770398380562133
8386115164656352079062540001
18729199006026855248894422141
19574498955083455045254487297
19585965388215688243120521001
19930495308537444519351061873
20086542242565079473381482869
22686083436741396976366361713
31122292608857875516710028537
35355367454379884121702555103
39379577686777868305362904609
39417561321094523521755386191
40612458245135930059896641581
44737132620234555261837721441
45498181165445855678409001537
48615274581266696707163129311
50454007921135185441324263911
58084057859628996477535944601
69843275082755368041726312061
145514758675461633522565273961
170427791422640726054775251761
176388935439436138715578826851
229874806142951423436990216427
346948293745490550579953197201
393372755660468042413004575801
432814893571609625688520776961
468890568361401031650208255801
636361302438270181762458208741
649799331922142889804134868481
651241850606954410309385274541
664608230281159209584060865661
665633286945403802177151100753
666289885528666214440249045501
677710256039051121668021196421
678967510490889956641007775901
679943059818988890920559763753
688603534106564471664880124641
694075399331830974516166917901
729249437040754828324054900681
732787119959505652183152506653
742903415157343273516212241141
746313863378695452480469510981
749657585706714673970252242861
754245905941305062625269095741
785835552767247023939573172841
792336685224173366971755526501
795139953513363550081163687761
802810125856190931127384379953
820201215934070392217376505753
822489164941702894793560998631
835110911283796826016708431953
838818203989592826714707168221
847227362632664625532420586101
854176129817320670895335043253
860171974976036298720700499653
875058827745857655671890891201
885607667813382416872740008101
886856575486267045090833333121
892148130651574990122481166761
898477271634003006883290769153
899148439956252848112574624153
902459241147440226140415561961
906753819185247800650683927403
913908476140667514252588662821
928246705062129977132935575901
960026270369035624890934667221
980884179117561823732400799601
994477015685507347428285663541
1015974492005138899648838468653
1023841300414981812499886766661
1040240054672711514006659055181
1052997724395477598649707467253
1056303609352831175569093254241
1068984699434123098588576772653
1103713651373898689455954512781
1139045546719799713201164422653
1165296275568149529556966167253
1196529217858712101054202773381
1197557248121829766442943844453
1232522291584997219443360556953
1234096144049517563275139411461
1250200028520973728477580145041
1251317209643900579975669799121
1251834773679201455526363052753
1255496887984972703428804399201
1256353965364853833765504039441
1289733184366811793884860468201
1290154482561845595258431674381
1292143964620741859901129327181
1309670188001741053626375653461
1321097362073731638095244061861
1333026235161657457032305684161
1333352523849888745291328937901
1347644747162376727919159470201
1367587404760018705379835151681
1373242695789971910477958558021
1389148402416489980980605345601
1389982689464822561523207805741
1393251707636824440338520025141
1400847501632166255032378181631
1411820419658799929796313857991
1413815109526160401897629990541
1418342774737303310087543526181
1418688570065929694507174624461
1418901682308665565154376046961
1439680793626382746915961999641
1449218777028950955557832293881
1452285563551572607348497139981
1456807550853202870282143108481
1457629604530850625640904859841
1473126926747064041784956005153
1498848678037803137431137920911
1527112031393704111191263121301
1612563568310996427663081546121
1615417735376678758189978376953
1617471634120010130323748817153
1624776444565516535909105679841
1648908640562995221744062389753
1651362666798851184355677873253
1700938537464247258884972929821
1724120665817135000715477034903
1724651727403570422623514738937
1744239603973229964504239862961
1744711983914086967077265373253
1789898613490776798925079379841
1815328286673939437352767562061
1821258022470123731152468151161
1865961904451433216874530438061
1916901524730409462450058025061
1927801221779733595467732661753
1938060861775371464405495219461
1949042966001860270513846533753
1981340681087435841922871989693
1993697524477015376994831656953
2037893145283520028801904076443
2056594349051948022728104310653
2067334544702106526870131062653
2154231423225397795411157369653
2161874288186458075518010830253
2175184602528316539404091608881
2183118137092580348785785404941
2183627173533702864026155972921
2186222254336589169952604071153
2255299232955240206130761423521
2269989941265310077765109157581
2305320261166960877838352992301
2318999869156260324802944772441
2352262401403798469814582754753
2385588839841991142206174656253
2393449167366750692327545245601
2412455022471422299707787585753
2450462809145153322908850836221
2452209920024151735284735136241
2467677548199101076869026248253
2476891702418203446757612481953
2516875954981391221482595939453
2521897638625546669511808417361
2527723909234558215720902692981
2633799062705214220505429217571
2774967305954052302694545926321
3151505244548959759191311819101
4063004544516212032395163296673
4115743332772089395797042795537
4401842728420855234206871186909
4485036304225615809433620583351
4500410686033571811133230328801
5217052398170879826019866041551
8795847415432072753421276902021
9644772436706509139987024970313
9900000000057827351339258322421
13528332664982317674142484685361
24454717743400672242844388058049
27955901782581377145785461546141
30450580864324271518522081761001
30798623940128500720305107554021
47003834110372236303315752565313
148040651813010468701109886830289
794791479471632792053413701506651
2293000819796921778816341600967409
5134967112428394153301237228355713
53269361970749959667206554680456233
99900000000000433544495941105884541
223598126559487783840883402612590081
6937629686712897730947092796144867361
768423016824351974770976791753434218942941
809467280516775105479977735286138653467253
816279273596757761588289826458481729494403
885349535027301116848289577150790945598503
2683767640373342995251086892680169238223041
9000000000000000003955981694050164541669453
9999999999999999940335859445212258012777633
900000000000000000000474000027891762020814955153
840930187580666529406366256554228065556270696324258711418071
2569743238359730653679641259708158802668809564277305273484403
