
# B-smooth Carmichael numbers, for B = 10^6, that are also:
#   1) Bruckman-Lucas pseudoprimes
#   2) Pell pseudoprimes
#   3) Fibonacci pseudoprimes

5049001
5148001
7519441
8719921
10024561
68154001
105869401
200753281
321602401
382304161
382536001
434932961
471905281
529782121
530443201
555465601
558977761
597717121
625482001
683032801
765245881
771043201
888700681
962500561
1180398961
1299963601
1309440001
1312332001
1318126321
1348964401
1423668961
1428966001
1574601601
1705470481
1750412161
1825568641
2140538401
2313774001
2489462641
3215031751
3858853681
3998554561
5278692481
5781188161
6816585601
7426504801
8214723001
8612234401
8652633601
8976678481
9086767201
9385501441
10783852801
11239359601
12121569601
13306946401
13983852961
14803488001
15462960481
15934431241
16066911121
16110696001
18501168001
21796871041
22008493921
22062297601
25360237441
26244842401
26624905201
29392867201
29750582401
32487642601
33123773761
34296170401
34721057449
35459424001
36709177121
37599685201
38107594801
39922641001
40987480801
43286923681
44136142561
45054163441
45342627121
48204710401
48523406401
51471148961
53388707681
55396202401
57985242001
58891472641
59925571201
60666291841
63593140801
64467073441
65865951001
68539764001
70235459281
71171308081
71804475601
73487592361
74036385361
74190097801
75140503201
76285359361
76778776801
79449945121
80313963601
80730749881
81780890401
82380774001
83828294551
84815942401
86566959361
93686513761
98919225001
100933112881
103501672561
104188243201
105132736801
105760869481
107874897121
109082302561
109695857041
111912710401
112399257601
115116674401
115513247521
120032716801
120871699201
121266129601
121765578001
122666876401
136244662201
137162123281
138535881121
140878664641
147533934241
153091504801
153757406881
156171281281
163708062001
176468625601
185418555841
187732641601
188357085001
191582622001
195376852441
199575936001
204530157001
207194042881
209542798081
213493116961
214157636881
214501003201
216114101281
217631950801
227085599521
228112746961
229595533201
231051189601
241058452321
244515297601
246682590001
255525102001
256108976281
256366121089
259955522641
260015137201
262564853761
267023100961
269503920001
270177600001
278913996001
280579300921
282357472321
285983187601
288374021521
294153967801
302484853441
308374322881
322233912001
326170416001
335603208601
335878265521
347365002601
360111204001
361443444001
363131332201
368919072001
373523673601
375327109081
381054252601
403172336161
429017601601
439960382401
444722065201
447885244801
448661136001
459754220641
463503340801
467467313041
470268358561
472632894001
481858041601
490150815841
494851674241
516041729281
528357623641
540142686721
544089031201
551797012801
568922384449
570801853441
581349816001
582914585761
585796503601
586652774401
596233059841
611875162081
613280763001
635681188801
637625788801
640458543601
652270080001
659333664001
663805468801
669923876161
671206397401
706382586001
722436349441
727362642241
770969777761
778697508601
784148274001
797013451081
813894207841
816487585201
827175444481
827308072801
832720331521
840065839201
849680707201
849886336801
850741584001
854663483521
860293156801
882002957641
887922604801
914487870241
934635240001
944076693001
951757884001
964824315841
966207367441
994788345601
1010973252241
1018691984641
1037657755681
1044430736441
1052378651521
1074677058001
1077426335161
1079366077441
1088054779681
1099420692481
1109996334721
1118951463169
1120782328801
1139592600961
1176429925441
1177792232401
1189365177601
1194321687241
1199323507201
1219799386081
1222994410561
1270281212641
1322621788321
1335239690401
1337197402801
1360720146241
1367284136401
1372880003041
1389020532001
1390503359521
1397960756641
1412602490881
1414273150081
1427328882001
1428425107201
1434954890401
1434968395201
1473602500801
1476344360401
1487526733441
1500878332801
1512678236161
1526748404401
1529368156801
1534734154801
1544001719761
1558086225961
1567853370721
1657674075241
1667675934001
1673588282521
1682162904241
1686293856001
1700461334521
1704048839681
1721578622401
1721900604961
1724955825601
1739481490561
1743062724481
1785176965601
1813602992321
1818007506001
1833776128801
1834868500081
1835893598401
1877531884801
1903298705281
1908083024641
1920595706641
1928588341681
1929184866001
1959552105841
1964767770001
1970437734721
1978639606201
1979396227201
1981010064601
1991324217601
1992219289201
2004587718001
2015183716801
2028951144001
2049277960801
2063145868561
2077031840401
2090275236001
2102393422801
2131126888801
2160699334201
2182721121361
2240220288601
2246534545921
2325261354001
2341983206401
2371641859441
2378103436801
2409269616001
2413484806321
2461929901201
2480401677601
2484527377921
2518170768001
2520406049761
2522436396481
2537919838081
2540736506881
2543051613961
2550534877801
2572684473601
2611058535361
2623598485201
2627856194041
2637367925401
2656176082561
2706744902401
2718557844481
2752381225441
2814973484401
2893699248001
2905299028801
2905327897921
2963399408641
2978153604721
2997290721601
2997587784001
3048222340801
3102667682401
3116507955121
3134614878721
3147890846431
3198815928001
3209954504401
3236207713201
3258568950841
3261496185361
3300922456609
3305958465601
3326472576001
3387719303201
3415707414001
3424746595201
3426575292001
3525987312001
3602483164801
3632369294401
3633145731601
3639521714401
3670423061761
3693999328801
3701778408001
3710199376801
3711619793521
3741102041041
3789784614001
3831759518401
3837110659201
3844095702961
3958044355201
3965096898001
3983930647201
3987049987201
4007872416241
4008741353761
4116931056001
4143282822001
4162026599641
4171383907201
4188214826401
4238850883681
4256767979521
4259140865281
4265000913601
4371463937281
4410998776801
4416990006001
4437414624721
4486865842801
4490548062001
4559790045601
4604688614401
4642839801601
4645808697601
4657986759601
4668724698121
4727200443841
4794500726401
4811595250561
4879900715041
4916307271681
4985188718401
5020030521001
5023171021441
5113747913401
5134312310401
5173687975681
5178945535201
5223116709721
5242106419201
5293700821729
5296394718721
5407283809201
5526520971721
5532817059001
5536241802001
5551920255601
5573125054001
5694119940601
5780575164001
5786024106241
5816623824001
5911293155041
5970404336401
6045122326321
6083364334081
6091776939161
6173158294801
6186037482241
6281933292601
6317075592961
6356324688001
6387075555841
6387793889401
6452982117121
6486222838801
6526653305761
6598039555801
6658208528401
6666538017601
6692061055681
6711671736001
6731993453329
6775204455361
6788467434601
6824800265401
6873275142721
6933428928001
6945426826801
6952488892801
7064269304401
7072222014001
7148706536401
7167907832401
7181770596001
7187506843441
7188248914561
7209753163201
7215872590081
7301399212801
7315691281921
7347228644449
7369090487329
7371330436801
7378876803601
7402785772801
7409401050241
7432199308801
7446150758881
7471660492801
7501672865401
7544537283361
7571005011001
7592779131841
7595662757761
7640069342401
7714930629121
7733393529121
7777141051681
7849095959041
7855702414561
7884582076801
7907545113601
8012835483841
8018058452041
8058817625761
8093658257761
8203461364801
8222078970721
8325836223121
8346901235401
8356322148721
8357386320001
8457579060001
8470346587201
8525693594881
8538649463681
8573057964241
8649193274551
8718265689001
8725767019201
8753702389201
8767978152961
8896009424401
8920444622881
8933252670721
8944540882561
8984595009601
9023366065561
9049836479041
9238626960151
9279702759601
9385162365601
9544960545121
9629713658881
9665098675201
9751109588641
9784676210401
9807761794801
9813659703751
9817453317841
9880169745601
9961835140801
10183528320001
10319151870721
10370165667841
10388009514961
10425055626721
10468946400001
10686942498961
10701190390801
10703129467681
10761072379201
11004252611041
11004300652801
11013440185201
11016850402801
11022183033121
11245059203401
11437143240601
11482294040449
11575018016641
11601371880001
11720433931361
11802603869281
11813334086401
12161116542961
12197523685201
12206446610401
12417830409601
12436704514081
12584384400001
12755432202241
12778942730401
12814613974801
12904870633201
12918255201601
13045180271761
13047378960001
13183816186801
13190130682081
13320983639041
13358856700001
13367699108401
13565370437641
13571065248001
13582130688001
13634308535401
13648274035201
13775760377281
13974214527001
14006565867001
14027264697601
14113808452801
14163597383041
14166477906001
14184415889281
14210451578401
14518322219521
14565108428641
14582578301281
14612137948801
14762118365281
15046849984321
15050723688001
15102327985921
15132364362721
15195858400801
15217676145001
15353293368001
15399425764801
15496823875681
15532555315201
15664924737001
15755844988801
15764087384641
15811153050001
15827107166641
15839527173601
15973788099361
15995666581441
16065259610401
16122142239841
16174768533001
16393276785601
16629917016961
16769459060641
16821590368801
16850144820601
17002089000001
17409298412161
17648852457601
17823094300441
17823421996801
17846683676641
17863505238601
17889422110561
18024146380801
18054501236641
18063897633601
18233416908001
18257399546401
18293126987521
18352040616001
18438519949201
18502704301201
18605224268401
18769352083441
18971921404801
19139456358001
19178681088001
19209272937121
19340315064001
19489614530401
19492014812161
19508489562241
19996610190481
20062771027201
20179139971201
20242773485761
20266242314401
20369051287201
20376603374401
20399577685201
20446203060361
20454832843201
20571028459201
20742413217121
20877517206001
20987356440961
21005954528401
21006702039961
21031834533601
21263104262401
21352576026241
21527298359281
21597835459201
21703845630601
21760114608961
21830866886401
21837115443361
21894572918401
21913996104001
21943861086001
22022721515521
22190501898001
22256154154081
22256563392001
22385737747201
22402224134641
22437838200961
22793342178601
23152338585601
23228531434681
23286474573601
23416939522801
23422301442361
23506150925041
23520806915761
23672607937441
23715022254001
23785034439601
23785353889921
23811873742801
23838449871601
23842456905601
23861403627601
23899422758401
23973010464481
24061179282001
24289079270401
24303448869121
24360002607601
24367165856881
24400777040641
24452409366001
24554268278401
24572944746001
24591147187201
24788084151601
24967715376241
25114205655001
25243365433441
25408177226401
25464071505601
25489141101601
25535906819281
25717366752001
25720211034001
25755062729761
25795926239791
26059353405121
26165098668241
26207334790001
26311486592161
26322862104001
26325087583201
26450421597601
26541725253121
26547314048641
26608932168001
26824605607801
26933992081921
26936069832001
27134994772801
27145586492641
27152818991761
27341728923601
27368777430721
27392142330001
27470969297521
27664095382561
27815812757281
27868421313601
27874996527601
28074105602401
28268508807001
28271927737681
28272644468641
28295303263921
28416290853601
28590390532801
28871401147201
28912494864001
29037434580001
29055022920001
29641063937761
29647745568001
29738960596801
29801300618881
29859748349761
29900413342801
30063808457761
30193359280561
30444166615201
30459888232201
30465983866921
30485234036881
30593492269201
30651513043681
30815774851681
30873533090401
30990302851201
30995146815361
31033842673681
31094741764801
31144221108001
31151059659721
31159392541201
31232461806001
31330825528321
31435523884801
31557053814001
31879389369601
31977354941281
32276172852001
32330634163201
32335576812001
32351207731921
32361941858401
32385980484001
32413909404241
32523161277601
32599048320001
32701854243841
32865722144641
32912941683601
33146783223841
33178372524001
33270229178401
33319321432321
33405660256321
33534573035041
33614369156161
33735375441601
33776653536001
33915737419201
34039383030001
34397169495841
34477679139751
34496839543321
34512906657601
34514358278401
35136754745401
35267870715001
35308750276801
35405497733761
35497660254001
35507962776001
35592731778241
35700127755121
35819795182081
35822517706081
35998604553241
36000902574001
36303568750801
36310101273601
36357691456801
36566495949601
36616598029441
36878852010001
36920841357841
36953360232601
37097891550721
37330723584001
37404135225601
37544235643201
37593406032001
38081384893441
38285977947841
38538999702721
38624627948401
38697424254721
38934618208201
39000608903881
39156839018641
39235272269761
39244274143201
39470557324801
39496080599041
39651270586201
39722397499201
39885424740001
39964153894561
40408301107441
40450204620001
40529774817001
40629476857321
40700267863921
40811296251601
41388032237761
41620828986361
41655219239089
41756581526401
41877412587001
42084191520001
42184736193601
42247895639041
42732830553841
43053173049601
43167394670401
43331837137921
44026188111361
44208784029961
44332252027201
44669291990401
45047318803201
45068583924001
45120231864961
45205022555551
45578215137001
45711946082881
46347524546401
46486525377601
46656122385601
46796603838601
46823750900641
46831831300801
46992772998001
47166146311681
47231639706241
47781711054001
47875409902081
48124497945601
48134062368001
48453272712001
48626604633601
48873772125361
48895635040561
48966686793001
49087983463201
49294429240321
49358343598201
49373343406801
49530003858721
50323760760001
50975974256401
51049778041081
51648550894081
51677499096001
51714802740001
51870664886041
51962891270401
51979197553921
52068094989121
52071086340001
52152520001401
52168998336001
52172480495521
52178867919361
52448541188401
52451136349921
52564008034561
52923327012001
52934214160801
53229537146641
53260589289601
53295170670001
53492610072001
53557425469441
53854604781121
54250556068801
54261477713521
54507335398561
54626441069201
55229400737281
56050282864801
56420195863201
56461234872001
56591946753841
56658529287361
56848386117601
57315303738001
57433540164001
57477324450001
57704058163201
57767104150561
57873528055201
57919618920241
58222206908161
58238682858721
58400225452801
58481316112801
58775886061201
59193772032001
59357713907521
59373362529001
59571272383201
59865310531601
59879064117601
59910044947201
60170704040161
60229790905201
60300844224001
60317725628161
60705109810801
60740400739201
60914798868001
60991974388801
61218944433361
61223511007681
61251633643201
61339490185681
61390351386001
61476428606401
61599094502401
61935820889401
62011596113281
62264237068801
62317772858881
62535906921601
62769903075001
62862635714401
62944003362241
63006856567201
63066716180401
63069763181041
63071380780801
63310141477081
63380418948001
63680204579041
63692439552001
63722373624001
63733322976961
64176063102481
64317768300001
64327716984961
64359071305201
64370644338001
64579047739921
64720569525121
64762422480001
64794123108001
64893230906401
65178645235201
65188829114641
65586569959681
65741742712801
65837690255041
66447955929601
67162496788801
67323978933121
67573681401601
67704228594001
67764452743681
67930905672001
68804336008801
69477977091601
69686001000001
69749469589801
69994420499521
70024364487001
70457781102721
71302453017601
71509162888801
71639282457601
71728066410001
71798378291641
71845629692761
72207239076001
72332713252801
72479254755601
72910196753041
73004834073601
73372735035601
73898146602001
73906337929201
74007963954001
74148709496401
74220062641201
74307887200801
74624312030401
74845227255121
75051892319041
75407246154241
75529949120641
75539927609161
75601350316801
75863389583521
75933164815201
75992066433361
76117042028161
76326242620321
76647080109601
76740464080801
77071052822401
77383829811121
77521958055361
77612947696001
78058399334401
78441107572801
78503441016001
78988919929921
79162698514201
79183374597361
80021937408001
80176386850561
80481018781801
80535236821201
80636268169441
80794063561201
81192553041601
81750416940721
81946753434001
82026632371201
82392543987601
82605762270361
83144582353351
83378352650881
83436865948801
83544626880001
83663790598081
83708077432321
84270989272801
84296989299601
84629692219801
84715395367681
84852502217281
84911733947041
85124273092321
85263801941761
85888473554401
86220804157489
86442113973601
86622898128481
87314646459041
87767586838801
87818298422401
88177023990721
88789968973801
89704385971201
90624023700001
91052795433601
91151251994881
91379227968001
91504605020401
91968282854641
92114618331961
92348935701121
92918761449601
93025310485681
93679690051351
94019753661121
94110873004081
94160413339201
94428106652881
94602409136641
95215206209761
95233809774601
95249295121681
95307914749321
95563938000961
95908731156001
96501474463681
96854464689841
97121944483201
97337834200321
97382330337601
97857271522081
97916494224001
98265817634401
98772071523841
99079009492321
99580302959401
100213677345601
100298958545761
100511715744001
100570096411201
101024525075761
101130312730561
101772501272641
102477538800001
102752270797201
103019359645441
103285391910961
103435383744001
103487884428151
104264784187201
104374635599521
104661718963201
105295838247601
105482114670241
105758813674801
105950928237841
106085040336001
106309139227201
106692505531921
106723908859681
106973688276001
107204273860321
107536701928321
107600371200001
108117809748001
108401957913601
108515857928401
109266731904001
109644259960561
109654483911841
110340617291521
111232656334801
111322817784721
111508410249601
112363088664961
112530533530801
112614220996801
112893885126001
113026134157201
113936845276801
114735103627201
114777133401241
114957072777601
115205477642641
115395017892001
115397673753601
115787344428001
116072835611041
116141875272001
116337922747201
117246911110001
117613943959201
117784011484801
118021603996801
118282266177601
118486828951921
118674061842001
119047484987551
119194367979601
119284567146721
119350143974881
119413521600001
119964371549401
120740976383041
121732961646601
121862782050241
122224333682881
124431581855681
125016197040001
125495411277601
125754606810001
126374002856641
127501362675121
128069922960001
128202372587521
128590885104001
129018897582961
129159178611841
129330918356401
130441631040001
130839173388001
130974307279201
131314855918751
132182462018881
132217645884721
132526428128641
132741886424401
133232002592041
133351543609201
133531366362241
133643901693121
133654655083951
134165203536001
134624515687201
134668807580161
135021462105601
135440345003041
136205959100401
137071379571841
137139230199601
137690933940001
138014290910161
138384221592961
138908926447201
139220168848801
139422796312801
139480697341441
139730081762881
139751379002761
139762113254401
140393152700641
140681817319681
140823580692481
141248892834001
141476739148801
141821990640001
142175239137361
142249308364801
143560215321601
143977239244801
144090735936001
144472745793601
145127979464161
145193215516801
145253580286081
145879170696001
145949589815041
146397729139201
146622725613001
147812293322401
148212139188961
148372636183201
148524170858281
148918034152801
148993390418401
149215402476001
149318011100161
149902566181201
150206622471361
150770001745441
151774157767681
151787504232001
152668480683601
152817145891201
153184014799201
153822571338241
154476200450881
154674617353201
155419832786401
155573002202311
155688850275841
156128212044001
156226530176641
156282715249921
156424467064321
156466295568001
156901146408721
156943740582721
157024511280001
159144018566401
159381623976961
160487814453121
161973490631041
162495727480801
162964653153121
162999815400001
163088459596801
163255297667281
163417967032321
163554551387641
164018487016801
164551469654881
164717182144201
165181555539001
165794653802401
166065189872401
166117102569601
166505453263801
166773305742121
166960278881281
167162710478401
167689771603201
168578817968401
168801518592001
168983758944001
169381392935041
170182836768001
170589919222801
170807863104001
171155293425601
171333140448961
172952880708961
172966623223681
173948172237841
174127499055361
174577512751201
174932297744401
175183213795201
176335272162001
176676125778001
177419264500801
177476841745921
177822832941601
178467544858681
178630223160481
178823748448801
180051145092001
180207636833071
180225455689481
180575412217201
181050208878001
181587209910751
182516189544001
184174148455441
184555999170001
184642274900161
186156620020801
186333638475601
186377392000801
186638838472801
188024850729601
188195034063961
188409422104201
188566347916801
190050673612801
190105615539001
190245690507601
190633602360961
191850340406401
192030568790401
192565840526641
192975351542401
193152092474881
193304293776001
193614816024001
193750342329601
194299848702961
194366410718041
194977034733601
195014591184001
195058386173561
195189678157321
195401272968001
196033978790401
196089678220801
196221973489921
196554955544641
197172043992001
197400585782401
197418378094081
199582164734401
199994704691761
201349112050801
201574774592641
202241949147001
202693118113201
203290871364001
204272503734001
205474601376001
206043790599361
206147773022401
206221463028001
207355344172201
207463672166401
207626817815041
208917997318801
209422419292801
211082625532801
211850259705001
213084854236801
213893603164801
214078717540801
214610740579201
214687070236801
215083341348481
215736478760881
215766780015601
216403345152001
216417484980001
216681895281601
217688003245441
217741356518401
218889792538561
219533660564401
219643727854321
220920410874241
220930063740001
221296898090521
222011388023041
222051403969921
222074193310201
223151278732201
223432977811681
224020993845601
225228527974561
225367144329601
225478878206401
225709082398801
226369067823991
226394847682081
226586235456001
226968448489201
227367648380401
227626064399791
227804593816801
227985177763201
228180317765401
228207321064801
229929264149761
230089714118881
230183890172801
230292338265601
230675557483801
231375482553601
231475369663201
232729656705001
232859579313481
235030305818881
235294906150081
235428586767361
235514440182001
235637902332001
236628716884561
238243620753601
238610078107201
238925818404001
239064167802241
239185828627201
239600078902801
240291690415201
240366577363201
241650022713121
242768862453601
242992212677281
243023597483761
243172204486561
243345747078721
243386846500801
243931922418241
244330862695921
246216082654081
247145796738721
247652132139721
247683445682401
247732893167761
248414166000001
249361729188001
250082958090241
250478979004801
251005039417441
251186569124401
251459452890001
251537322960001
253359334998001
253870082126641
254261102175361
255382694730241
256473940763041
258600079248841
258626352433681
259015177949809
259452733251601
261347062699801
261963465044401
262472155081921
262792859868001
263300779543201
264076857118201
264494167938001
264917253177361
266861802564001
267497682863041
267742218819601
268293023032321
268570043491201
268585638854401
268639471027201
269469665213761
270731078822401
272097471895201
272199904210081
272438057239921
273954438295201
276255349524001
277371678969001
277819521033601
278543381276161
278762010237601
279104305925521
279288390134881
281951368406401
282188215513201
283219146000001
283849709663521
284227528111201
284241231477001
284658599998081
285033693427561
285143718562561
285471987679201
285556053404161
287003816619521
287786536128001
287891961033601
288127281012481
288371455653601
288586570104001
289019934403201
289366078248001
289559960745121
290195861914801
290774419752601
291455597293201
292973031187201
293363889369409
294642326119681
296357467770001
296694388317601
296993612493001
297788417735761
298230138595201
298262054272001
298360910971201
298966709224801
299086140094561
299116846089601
299336639603041
301758477619201
301963724962201
302110150141801
302936745711601
303119858210401
303186955100401
303386453009641
303710947921921
304095098603521
304862448532951
306771815578801
306946760148001
309609827944201
309895155702001
310969463904001
311122403802001
311752661563201
311800913368561
312266474352001
312314363793601
312398188502401
314039419135201
314777587924801
315438026526001
316706193488161
317107920885841
317189218198321
317621830428001
317850072230881
318291894846001
318756190496041
318831895240321
319468591642201
320095646952481
320212956000001
320691306687841
321084717811201
321536192440321
321623561952001
321873058654201
322005833197441
322493569398001
322978391049601
323210287804801
323274474109441
323934577545601
324177151803121
324208285109281
324653639468401
324675695448721
324972078009601
325295093323201
325530131673601
326547773916001
326566840592161
327065107402801
327365335836001
328349121871681
328831633912321
328915889462161
329228980279681
329590487010961
329815105635601
329872149257041
330179181744161
331066772104321
331892229984001
332201840290321
333389645830801
338777749674001
338805960324001
339064144614001
339573029107201
339758890450561
340666864423201
343881763810201
344556336524401
344983804426801
345586879774081
346065297898321
346559034931201
347231852850961
347425438557121
347437284994801
348473531952001
349355175254641
350117425739521
350700745973761
351652169664001
352283698087201
352471946299201
352896715248001
353698967243521
353830002926401
355427606556001
356043037795201
356046909419521
356193326603521
356790672813961
357839442651601
358206744994561
358844483007361
358935017126401
359612640878401
361462901184001
362145136479001
362469053676601
363029326783201
363521994572881
363904317265921
364239801439921
364473722733121
364574849293201
365764277728801
366956555472001
367415403989041
368472959094241
370130168358721
371004457964801
371047380228001
371296157904001
372694414332241
373099589533441
374375362573441
375067279994401
376305372265681
377074780649281
377130527665921
377318479507201
377836097411521
378592609285801
378617587147201
379293527347201
379463375088001
379673609936401
381419260992001
382352859042001
383607445260001
384127773744001
384591101781601
386356273178401
386364757693951
386469009108001
387521448984001
388026550695169
388353018659761
388870638912001
389219371538401
389997544809601
390125866849921
391603469740561
391675185580321
391864239312001
392141771366401
392211381925441
392236073487721
392976037920001
392984288928001
393138594696961
394081159409281
394628324563201
395040883794481
395915738940001
396373717857601
396954197640001
397831909193281
398765849126401
399183626610721
399203541838081
399626410683151
400451091036361
400473088260001
401181434297281
401932940643361
403379008956001
403397108305921
403686886298401
403695676673521
404141022885601
406405856563201
406645927430401
407296860163201
407643234416641
408038214355201
408195361774201
408878772127561
409504043718001
410293921440481
410396747739001
410843732868001
412147118728801
412175733656401
413084785718881
414991034803801
415377346784401
417047678461441
417324008455201
419225245246081
419415832440001
419473917058351
420712505085601
420808329774001
421201403784001
421320442213441
421996644357121
422154790632961
422684006410801
424293030781201
426704763672001
427037008087801
428902938009001
428972204381761
429039804186401
429850183028761
431948121995521
434631623764801
434640495945601
434734500649681
434868354914401
434967494071681
436642860003841
437892448320001
439446717057601
442228389640129
442931203078561
443372888629441
445158030896041
452295832156561
455579212821121
455744220206401
455780748746401
456065542183681
457076666286241
460034106618241
460655695962001
461591750070001
462636345140641
463037832888751
465926941116001
466240919508001
468610285980001
468788744816641
468809590158001
469205907256081
469439609007601
473175222296401
473317515921601
474494821933441
474848619192001
475840127901601
476222222285041
476244331627681
477157230285601
477623319022081
479580073056001
479661237216001
479690330676481
479729731521601
479754412502401
481642066339201
481899702641281
482544457441201
483231383923201
483932829196801
486149423886721
486178493803201
487087917876001
488335814936641
488354243176801
489339696081601
490290777506881
490291306963921
491147438362561
491745082832641
492363465375601
497412000321601
498941132734801
500069666790001
501071877306001
501968495683201
504181168342081
507855677616001
507988591553521
508264598318401
509522878045441
511667277619681
511750575414001
511836029218801
512914734249841
513670714436881
513742753524001
515047731105601
515866729560001
517203597960721
517343821948801
518028769621441
518548737334081
518699201966401
519939714492001
521695000485121
522239845636801
523315082089801
523704069907201
525363163306561
525529677519001
527475799250401
527965803729001
528062401266401
529264851192001
529315401653281
530125128388801
531541802064001
532572494479201
532717493713201
534480523659601
536477843563201
537281976920041
537518870879761
538078115512081
538687501228801
539089472219761
539645654560321
539809311571201
540003405268801
540866674434241
541068367089601
541285881574831
541658138091841
541711986021361
541852643561401
542494295154001
543707852562001
547376474937601
548433772219201
549722069820001
551399920727041
552615807720481
553883878668121
554100909348001
554914949424001
555598459176001
557116096363201
557568490580641
558470334502081
559482223435201
560183437699201
560373793728001
561520234044001
561971598955201
562634296224001
563400057306241
564384102105601
564809870227681
567517977734401
568294044561601
569034930245761
569822634410401
571326999762961
571619195793361
571777869399361
572273129677201
574208036688001
574382842313281
574431896752561
576582357697921
577164140768161
577494550543681
578021071375441
578440938516001
578658239606161
580889248093441
582287823576001
582318646877521
582920080863121
584589274214401
587155150512001
588186606744001
588928848908401
589269393792361
589437159917761
589617914785201
589896111087361
590273879519521
592796558851201
593129214733441
594186061392001
594627199452001
598295594967841
599134598244001
600837675609601
602660206234801
605045411164801
606513599949601
610758205596001
612975692313601
613572935040001
615141541151551
615165472177201
615434182022401
617067747203041
617259090542401
619184499176881
622110097392001
623248517548801
627920709071041
628067053504801
628992920999521
629346067180561
629709848427241
630249477343201
630575868021121
633883714217041
635182220534401
635701198204801
640948797941761
641088598503601
641415097960561
641616304107241
641845336651201
645046321328641
645420878650801
647357603115601
647578329969121
648256171180801
648498286636201
649686864907081
649952009048161
650589597725761
650726401878001
653587142544001
654705882710881
655154654680681
656386794769201
656730499474561
658429289574001
659014145961601
659159177150881
661016091895201
661777276876801
662064282864601
662781884624641
664638228072001
664730906162401
665141808240001
667636201108801
667741455548641
668017094388001
668055695299201
668433393254401
668833218197761
670201197145921
677755026648001
677781312768001
677879783159041
678368702466001
679176142531201
681968971226401
682631031139201
684496750212001
684561719822401
685548615628801
689029331760001
690777785147521
693161000990641
697246628022001
700552934392321
701564545751761
702542009005201
703137096585001
706044479540401
706430836704601
707889091140001
707932931160001
710290775338561
712912954824001
713407075483201
715401361911601
716087514280321
716375622602641
718494439836601
718579982000161
719901132710761
720356667894361
720365200237801
722658858754561
723688820413561
724982111280001
728114984906401
730407042132769
732966633131041
733231112513329
733479852268801
734060181697921
734815345017601
736258429764001
738423861673681
738934326278401
740374363987201
740822179608001
741058478899201
741478569955201
743204413728001
743433860016001
745386896007601
746946736628401
747046826265601
747770101339801
748338291187201
749157080313601
749272601424001
750374846810401
752303228676121
754368742399801
754475815608481
754505433601921
754556553550801
754859551680001
755139024319681
758044892707201
760464640484641
760800069699601
760959264516001
762850055931601
764367242365441
770711865618241
771651729233281
771798334305601
772573025624401
772804552016641
772857509595601
774173970071401
775421637816001
775517502988801
775604080305601
776988089892001
781682322220801
782963054160001
782968798275841
783801080515201
785880387452161
787547494435681
788162441466961
788601103076161
790679899365841
790934147836561
792402588673921
794111164694401
794179432537921
795592358484001
795934611306001
796495298860801
797744638157041
799424752654081
799657934145841
800100513162721
800283208673521
801483416697601
801786565475281
802388386800001
803197541546401
804561604492801
806501214817201
808508489748961
814064230410481
814175839884961
817908677964001
818799122580481
819271930720321
820547052217201
821201214646561
822841861636081
823241758963201
823982615443681
824056884201601
825799671923201
826073592318001
831606392361601
831723153618001
832058336340001
833601344859361
833605215483601
833745112041601
835851876678001
836879088084481
838311735634561
839965643637121
842185580544001
844870828235281
847127018606401
847577589374881
850300483161361
850699349648881
852654883195441
853245152020801
853856266732561
858329870809321
860302815229441
864710704408321
864769083948001
865545261386401
870389970318961
872176303558561
872399845175041
874020240172801
874907514583201
875950711876801
876450679196401
880523563260001
880791567742801
880958506246001
881617766702401
882198514080001
882432589500001
882832420890001
886305372305761
886492041019201
887481160387921
888401254120801
890452818541441
891852003226801
892630168794001
894221105778001
894948158714401
895132282302721
895513781450401
898624489417201
899543518848001
899836391897521
900044674452001
904371183612001
907073245728001
907290159609601
909484478259841
911649699340801
911899683552001
912845333577601
913015799055361
913671191480401
914373242269201
915855458160721
920190711290761
921935485792801
924203940035041
924651127906801
926424034099201
926633587719841
927336720240001
927645494428801
928665745323121
928964429316001
930272706843481
932416523438401
935072315654401
935224869927601
935485083456001
937305617976001
938377518341761
938531360353681
938541780256081
942045229440001
946559418030721
949175877249601
950128745094001
952179672931201
953547504210001
953740309687201
956307134956801
956682963561601
957311001612001
961220058458801
962401291651801
962698454761681
963550515450601
967691843395201
968801145840001
970529412790081
973694665856161
973840837132801
974486042930401
974824833830401
975667004086321
977247246192001
980719578511201
982650644726401
985179904632001
987403891009201
990311629834801
990661932964801
991214618778721
991390623886081
991473419092801
991607694105601
992443153394881
993553714686001
994290296131441
995890952826001
997144457515921
1001786089328641
1002458696938801
1008124459801201
1016465424780961
1027905323040001
1033389593712001
1033970619770401
1036333726282801
1040251399046641
1045919100391201
1050337894848001
1050381435600001
1050398518032001
1051943098536001
1052345777280001
1054640240297281
1054808710956001
1060176997236001
1061971729384801
1062216334645201
1062472408116001
1063366564740481
1063971965930401
1077446728260001
1082449585604521
1084866418666801
1088167197738601
1090141783239601
1094763748827841
1098163370304001
1099947088396801
1102827334845601
1103118908438401
1106724796554961
1108451454435361
1110774390039361
1111898541360601
1117096719062401
1125425563822561
1128951835558801
1129163907009601
1131224420833921
1132781373561601
1134227152505521
1136283379200001
1143384517044001
1143499065345001
1143544251460801
1146103028611201
1146654351705601
1147037747415841
1149768002334001
1154632851028801
1161802099735201
1167362044426801
1170647564860201
1174648409827201
1180827973152001
1181008273349521
1183584706761601
1183829044062721
1195543249776721
1197048592258321
1202915673875521
1203744699464401
1203991562183761
1209332619116161
1213724555153281
1213738443640801
1214720524195201
1215015000076801
1217240263400401
1217715489120001
1219372412412001
1220044940259601
1228889235013441
1230788114854201
1238274778136761
1245771864398881
1246147711099201
1246782462026401
1249285759516081
1250245549032481
1251196709060161
1252124234776801
1253656470666601
1254092544787681
1256634425088001
1257644641968001
1263159733610881
1264046178192001
1269614462371201
1271469564691201
1274444402313601
1275653209521601
1283328078332161
1288001324297521
1290262735808641
1291868623306801
1297396878086401
1299563648037601
1304220889314001
1304904932654401
1316162588294401
1316853035815201
1319592838515841
1321117767407761
1329954380224801
1336615523073601
1336637731447201
1337881001184001
1348604801470081
1354855374972001
1355890140526801
1356012334203121
1360228280712001
1365672522335041
1366186109483521
1369740022381711
1372707891116641
1377038554063921
1377456918180481
1383377194436401
1383407977568401
1392668979156001
1395478622079361
1396283630112001
1396433051798401
1398933671472961
1401992832580801
1405571715072001
1409479773764401
1413341765456401
1414166749002001
1416072748272001
1424487074010001
1426767472746001
1432272026491201
1433049477912961
1434816767709601
1442431805837401
1442687078175841
1445920344930049
1449360600307201
1455235190010001
1456212414617521
1460786243454721
1462228302623041
1469312549502721
1473203967958801
1478890548828001
1479085073037001
1482543256526641
1483413230098801
1484957306649601
1485091339325441
1492206393988801
1492427864743201
1495984048992001
1496765067623281
1505695548440161
1507314204950401
1525010192162881
1527448379680801
1528968382416001
1529032823564161
1533229396997761
1533233471781961
1536188521068361
1538081392848001
1539161049915001
1540784912731489
1543272305769601
1543612424794441
1549580925942001
1549919043691201
1550292350499361
1564571610100801
1565440988513761
1571795338313201
1572547388408641
1574298181310401
1576627938980641
1580570605753921
1603187117028001
1613766984339511
1615419775844161
1622332267155601
1625721559627201
1633323978662401
1635987003638401
1643011621107361
1643564665411201
1645353985867201
1645570142832001
1646130346785601
1649540678016001
1659741382355761
1671950194160401
1672528412847601
1673770457743201
1676972529590401
1687498977558241
1687660433615521
1696239647182081
1702235516520001
1702849031089921
1704753816350401
1716357195851761
1722339016690951
1722635101313281
1726058422623601
1733713191035281
1734539425978321
1736572908470401
1741176112032001
1745376871593601
1751057083776001
1751383518030721
1753405565279761
1765987678422241
1771538817195841
1774006733489761
1776906182797201
1779638465071801
1787560379766721
1789546000480729
1794892377096001
1794899685306001
1795157099380681
1797573649010401
1798424021700001
1800716434549201
1803481504440001
1806104412604801
1807624401156001
1818939575476801
1830724033723201
1835397015354001
1836922991904001
1839649972567681
1840975943166001
1847467304481121
1850833958173201
1856483177842801
1869701932690201
1876455945711361
1879467894519601
1901329527661201
1902881905688401
1907959784814721
1921091263728001
1921217857138081
1927276664376001
1933904075760001
1935743681955601
1938617793220921
1941507324792001
1944739341509761
1958509370764801
1974177330249601
1975281593826241
1976716072028881
1989603590822401
1998726350488561
2005204147381441
2006705534309281
2009092029869401
2013745337604001
2016728406446401
2021644184626081
2022389323416001
2028058492719361
2037973686084001
2051406677419201
2059342358959201
2065565560148161
2071074887481601
2071199825745601
2073278463055801
2075744656861201
2085182112468001
2089237881416401
2103276521144401
2104434655041601
2107679818823041
2112494043744001
2114749321289281
2119040171640001
2136274873488001
2138819413610881
2140800484258801
2142032385779281
2142388006873921
2142839651832001
2145733194052001
2146863359761121
2150809146486001
2152135519512001
2153141138332801
2153275114116961
2185413922204801
2185951763385601
2191379673409921
2195740619360641
2198195139550801
2202364916377001
2219130809061121
2223272563808401
2226675373440001
2245716745549201
2258087977252801
2258449768897921
2277466072277761
2280941132197001
2289353284698481
2302869306753601
2305212128167201
2305858401672001
2310177839674321
2312792428867201
2313927871542001
2330173601431201
2330372833367041
2331768991668481
2335960193448001
2345720008262401
2348541756237601
2354326555392001
2355493711334401
2356155451540801
2357870993432641
2359036368546001
2369155693064401
2373823743363361
2374237394242561
2385092012659201
2399439788665921
2408421913397641
2420198112921601
2422543929525281
2424128762412001
2427442746677521
2432166934903201
2437654493937961
2438541737814001
2454621236963281
2455358703980161
2461391423244601
2462609833281001
2476885109899201
2485428757287841
2490675401944801
2504373741928801
2516144748889201
2519324425833601
2528365416857281
2536383235589281
2537476927159201
2539374186837601
2541195414374401
2542677970560001
2550890623216321
2551451996592001
2561743520659201
2562406036159969
2586898823088001
2594637942157801
2607750166240801
2611032267831121
2611990067038201
2612077711921441
2625456290688001
2625510661956001
2645931980865601
2651851988175601
2654000740575361
2657028856762801
2658834776062081
2660339543082481
2664814630978081
2666362879414081
2671801114737601
2672310390624001
2680992568581601
2684794590878401
2691971134488721
2694298632003001
2713445483760001
2724460402280401
2729080130219521
2739949341058561
2770364646318001
2770425574692001
2773684479498241
2778345531718681
2814816026692801
2832744650722561
2834150290688641
2836031052985201
2847772949041441
2859364217888641
2859737103111841
2860540798515121
2863837663837201
2867454990892801
2869969327224121
2874917664748801
2916555744735361
2924346169483201
2942239931164801
2964961055153521
2970983023728721
2972152757462401
2972972728338481
2973795826760641
2974654184019841
2975740859580841
2989001968992001
3002994495471169
3018892451042161
3021526583875801
3043732642764001
3061341359057521
3087902281272481
3093285406004641
3104625538712641
3104703292524961
3149292419254081
3174444053287921
3178750913615761
3193219208607121
3198894438361441
3202051137799361
3207561003606961
3214136146274561
3216892658541409
3226419441304081
3234676943191681
3238642148170001
3266144984012401
3274462097419969
3281638716921601
3300310219348801
3303108002376001
3306185489980801
3320193690000001
3326588961368641
3331926153521281
3376312788216001
3392027226115361
3392699933575681
3396061208772001
3399668953092721
3401462898388801
3401621242711201
3402252904002481
3408656718574801
3446187696428401
3483678361584961
3493968775605001
3498369398402551
3507977659578001
3545204578930561
3545588095736401
3552727358664001
3558229419386881
3571065046050001
3592651570987681
3616689171654001
3628949868064321
3651045814173601
3676582625189761
3685481169598801
3688884616914001
3709320343971841
3709743153384961
3773607437013751
3781358428617001
3785306942707201
3797514195967801
3797681514669001
3826854581004001
3836911892448601
3847804580780161
3851718909825151
3851760387202561
3852093904890001
3859497712324801
3859698619488001
3887125989922561
3900319470922801
3929357495433841
3937964018395681
3981913632635401
4014637995590401
4019094155756161
4025380496726161
4114644894360001
4120161022454401
4126477573280161
4133685643384321
4135818162546001
4146785883324001
4148425466864641
4167335063808001
4172729965572001
4201348316845441
4201449172372801
4227329636827201
4232679216612001
4266387978479551
4313006348021281
4314190564086841
4324310015106241
4341015969665761
4374089100540001
4374727700923841
4391685600985801
4403139402345121
4405382435951281
4433385559070161
4457620445456401
4509950166289921
4521198185420401
4546419714027001
4554821469648961
4554839349930241
4558029458191201
4588849789717201
4639979931692401
4661640124218001
4678745655635521
4683145771473841
4686082450005001
4745590942302241
4816678679532721
4821083185433761
4840428927186001
4849654729491001
4896326126744641
4902326463753601
4925142679148641
4927462131337201
4932842711297761
4935652394904001
5034352933399681
5079937752489601
5083968751984321
5109070660499521
5111757922418401
5121380226085201
5144040786643201
5240658747527281
5260533904890881
5286710973067921
5318317279408801
5330800545672001
5362259654362801
5446096175520001
5458180762744321
5463457172150401
5499968493768481
5517727022893201
5521913245070041
5536142053884001
5546039656389121
5555094555736321
5559639084013801
5617327892475601
5630597385385441
5646819098350081
5667054400051201
5672039605155841
5676287297990401
5685757933270801
5690313763202881
5703505168782721
5721762965022721
5737767601245121
5747570206113601
5771970178743601
5797635200280001
5799300152536801
5871771903412801
5886787927273681
5992912792233361
6001444001536201
6029191325813041
6065691330778561
6068502806244481
6077552178326401
6112108229023441
6127335842040001
6132598416635401
6135089054556001
6178968544020889
6181224893598721
6196617615728401
6284485497376801
6294292541784001
6319161831348001
6324043919944801
6353029083432241
6386869289166721
6418889883938561
6447513414888001
6510511019326801
6531177703197841
6565708386040321
6629067986572801
6640327815881761
6658466166752401
6692213917911601
6831177311402641
6853883413887361
6859384878091201
6895735888819681
6897818166624001
6916314307780801
6919573182816001
6970333612722481
6989469601439521
6989861668487041
7051552169699521
7065064024200001
7092279876888961
7137685044851401
7148173570211521
7162114673313601
7235579644752241
7240037832126001
7244655981449041
7254262512736201
7258025855329201
7268618577871201
7284633973278481
7298379196970401
7368665555462401
7397375074412401
7400893748290561
7422187104188281
7592162901158401
7674513038347681
7682510964993841
7725859726384801
7732648648821601
7765379205129001
7767366101051041
7805592762996601
7849466929996561
7860503122005601
8034876535589551
8045136324576001
8095954485255841
8126339234833441
8283901882242001
8286695601618001
8298058430054401
8302911343776001
8304280170782401
8305438732727401
8320572158210401
8346660899068801
8355398340038401
8366641458300721
8453971015819201
8455657257293401
8496531148680001
8497029474933121
8542191722284801
8549833603931761
8602425130899601
8616370689603601
8667648441195841
8726557107201601
8744272040642401
8763994027847521
8783933540382001
8788748622125921
8806272796301761
8821238751365041
8864264789410801
8943138131544001
8980437459420001
9019643331088321
9052882440307201
9074886892143841
9126974910978001
9140753224645351
9168744646908001
9192630433934641
9297616108042801
9306168869793601
9306331547418361
9332233815358081
9334789340415001
9351383348564401
9365119950523681
9367685219692801
9433220807268721
9455542125678001
9481348277687521
9498239744692081
9502171985066401
9527445021276001
9567968158682641
9587805534252001
9614154337038001
9656925858478081
9698807445305761
9722178244888201
9760910245002001
9785248679712481
9788333868576721
9855807951474241
9874340524018801
9893931255149761
9909099570489601
9953780253551401
10138690295984881
10148216745869401
10214179401928321
10247065254224401
10337710165938001
10397783552839201
10445087656640161
10531684316353201
10534133478120001
10555906290714721
10642843821781921
10648922300744641
10706004459927001
10715035589440321
10730411003585881
10815497766746401
11000641357545841
11033589495131281
11033750722600321
11071704927343321
11093657229648001
11099382940349761
11169364222476001
11183946373584001
11198079276585121
11313137393539801
11322168880170241
11329561583301601
11345845270003201
11361904800433201
11381437069587001
11458944940584961
11460914210767201
11513243683984321
11609893878579361
11621449558414081
11808425482181641
11840432317119361
11881782207387841
11981581889119921
11985899333712361
12072687710074681
12125989367241751
12223156951474561
12268543129781401
12351003453779401
12384279661057921
12394992947887201
12401025727933441
12488955217764481
12593076108996001
12595361079375361
12620065164114241
12709774648382401
12730062543695641
12757945546992001
12770117809046401
12819624747930001
12819662219364001
12853871991118081
12955167726641281
12961961966424241
12987877803648001
12988452966017761
13041942424704001
13064242645785601
13174793543003041
13236169264755841
13343990491306801
13387806366818401
13411715340072001
13521612449339281
13523422936987441
13525308297522001
13597701264572041
13622048259494401
13629519198701281
13679505166713121
13682955670823521
13696173799770001
13757465344629601
13787020055849041
13812479782598401
13826644604277121
13873492991080801
13931954253504001
13941181073167921
13985434722617281
14179793373439201
14216152903500241
14247861421341601
14388653497252321
14406269500980001
14420440522714801
14629781826087121
14793779579698081
14810726676493441
14906267689996801
15125947449338881
15213393086205601
15360628892395681
15390215100900001
15491137756029601
15557930551330561
15594079282969951
15664703989515841
15667976553657751
15689160964239841
15836150365898401
15974436849684481
15976765430595841
16000246321179121
16022625747897601
16030782408695041
16092377488550881
16123704592532041
16198721575337281
16261255608867361
16496182046984641
16543110008728801
16548615485160641
16590900378321721
16643539624085761
16665047486236801
16678985707728961
16708674211416001
16733697158430721
16816181064527161
16838147501666401
16894897638598801
17022469218593281
17088052505515201
17116511175363601
17175837513542401
17441011451183761
17539950340206001
17836117101338401
17853737690071681
18005861759963041
18023210291192401
18046453196905921
18121573164165121
18188816714611201
18234057927888001
18280738234708561
18310987448586001
18325626479991601
18444384395030881
18539474866812001
18549696866556961
18608312624267521
18652202457451921
18891033771648001
19211956350079681
19219194558432001
19453914037641601
19490265814330081
19589437939733281
19656557489600641
19784715180859201
19999022374679041
20015534539879201
20043825517140481
20194156864450801
20217949659951121
20244863280904201
20378820503321281
21005185943826001
21063883382335201
21126590249830561
21217621346783281
21262502092154401
21395967031172161
21584207551677121
21676505371693921
21750910854865921
21853856396705761
21879118234722241
22035772424534401
22039750247201281
22040511797088001
22076785446393601
22090222291211201
22148643154313281
22191146674678801
22206801368752001
22362731158091521
22449660584083201
22569145311755521
22586765414330881
22593801377347201
22660504542984001
22728085150848001
22793717998682401
22917480740678161
22923982971948961
22969926399077281
23255142065804881
23323227087755401
23336618941474561
23439418199870401
23475713866605001
23520869923810001
23672813487412321
23726561595660001
23928601845960001
23962947664138561
24110301624858001
24240309745559041
24289904630571121
24452972199657161
24589359129119401
24766109319747601
24815063673227521
24930940266460801
25104325456473481
25294050809280001
25389378621406801
25763569006482721
25793164943622721
25899416690767201
25933397000631121
26307277566847201
26373219370344001
26400197688928001
26541941440827121
26665269046930801
26750164522723201
26756082176428801
26854272460170001
26935912583223841
26962326788857201
26983795824437761
27022483538668801
27096675872544001
27165719316922201
27292416543443521
27400618863525601
27550622002464001
27590281116552001
27696316382962921
27907857674099521
27938015680894201
28096875850746241
28227940229412001
28267601246335441
28399414764465361
28538752924669441
28574771286902401
28664808607735561
28861435862327041
28882192745901601
28940337250944481
28947628463431681
29067161608058881
29119530654422209
29500834715049601
29538224874971281
29598811981647721
29667868151682601
30252381154037281
30258134336255041
30672543614993281
30711008295198001
31024514019930481
31090982587117201
31243459616706241
31315252620405601
31448884475734321
31524861685515121
31621028664673441
31686923463228001
31771035708588001
31812257185747201
31852277100102961
31886651767904641
31928378927397121
32098795746732001
32401536787620001
32459094541632001
32577109246796401
32612628489281281
32725469379430801
32731197785583361
32849554021074001
32899299767233201
33410518296695041
33431581692115201
33856373804576401
33897119811508801
34120074578500681
34204600874995201
34309545470167969
34483171271472001
34610954314291201
34652863335484801
34895589047613001
35164983597609601
35408247361250401
35626003384988881
36601124953338001
36731921228418001
36838717794028801
36959194238223601
37167305133756601
37416412531538041
37487545857801271
37773088151857241
38231654142052801
38430705897619201
38690728351339681
38822606303247361
38960357487866081
39184124584817521
39357986670662401
39404071938288961
39539614290234001
39671149333495681
39846422199391361
39986211550521601
40036564229066401
40048515647761921
40333292942797801
40552252713027361
41362684844476321
41404291847766001
41865846336745201
42472397865876481
42937775955967201
43433531507808001
43657919893304641
43829255937519361
43902661395162241
43933466863440001
44782041538220801
45060252378704641
45277607132742601
45565981709844961
45624415076523361
45649486588218481
45655729343254801
46011079205442001
46248396550377601
46364284002074881
46535106254448001
46694309898147121
46946743958484721
47169748976500801
47378506277466001
47789080422854401
48193606653776641
48242913062023681
48535463150254081
48875193290763001
49543249703155201
49741286654586241
50069680401409201
50074307583980681
50237088060330001
50382811977738241
50963518178949601
51838480471892401
51902823760372801
52277198071644001
52412783116326001
52665532345972081
53150634684892801
53358740099645401
53658849231755041
53968879457678401
56253239689561201
56538805368747521
57095666441112001
58468362489353881
59037713218598401
59039820792426241
59162153370408001
59768574007277521
59918912372904961
60035829809171041
60056837052256801
60344247682540801
60782750054794951
60844804602309001
60929877748058551
60988641732721201
61621943658715441
62859523052502001
63116542635728401
63356077347732001
63457198573335601
63667770409188001
63848486457277201
63983857287556801
64610803861718401
65195379297347041
65292690497514481
65702550272976001
65904999823328401
65974073398693201
66357012881697121
66472010785877761
66588722331259521
66930737984891551
66932582482614241
67722647133456001
67799010614306401
68160924447021001
68919961096673281
69174426929162401
69456718537391521
70094273653752481
72350929166838001
72442655909352961
73269524026756081
73437437999808001
73446073573320961
73728651651194161
74489568104358001
74562225641856001
74884853262465361
75392278866777601
75716154590509441
76616911920463201
77739231679826401
78841285269224401
79098279518246401
79264199895720841
79751671614931681
79990129779674401
80233929326295361
80312407698013921
80812488997785601
81092345941069201
81381744217152001
81553454308817921
82320607601400001
82493020575759361
82830333754480801
83601514109318401
83752760945660401
83818601792630641
84726729950655521
85298158758869911
85584912722957521
86408378631717121
87400717287765121
88304904249408001
88641179647176961
89505533594449201
89543021258865601
90300066308812801
91298210664774961
91308104562087601
91704462799894561
93468367083238801
94246561634736241
96289049618361601
100018831365323641
100479523218346801
102921817886025601
103251558309530401
103283787842155201
104475422366271361
106580470870605601
108385919450403841
108751512135174481
108819281038881601
109389927999508801
110061829656438001
110801609286677401
112124533357980001
112236741019458001
113104943746502401
114467878153242241
114961678880072641
115121200613146001
115166132177500801
116226397436676801
116687280644971921
117317956020696001
119339794526760001
119442944352148561
121757638063286161
122079321820638001
124605369454645801
125655314846023441
129478501343212561
130240859693712769
133487941027240801
133656986718717001
134835793820442001
134882513094232801
136542713026776961
140807983566096001
140887400266412801
141141660018486401
144319849711675681
147488435662754161
149992136853035401
153360933892362001
154563942546446401
155830436679382201
156168163135534801
156931462833724801
158587255356582001
162779837995889281
165016672889482721
167219746336235521
167314528656316801
170492979933897601
171685274594553721
172661851094775121
173212228730128001
174081240335761921
177973613370662401
179141649651434401
180500562112345201
182439383530479121
184865948159208751
185960110359703681
187231315941536641
190285719597500801
192223435121827201
193065730172952841
197763825440301121
202184126022160001
206048772808529561
207724024576393921
209009116106645401
209564991465871681
215016466604447201
215442539855179201
218753211919242001
221756215465380961
229786905121804801
235618578787498201
243086951777380481
248320811160021601
249648066788440321
254427916179242401
254867294885632001
255754488645198401
258743638103769001
263216648179185481
267635081157292801
284936209136132401
285388473714498001
287211726143971201
292127440439759401
293350592492315401
334288349833846591
350721809569434601
360717986493572401
362373563707320001
364068505402174721
369431660511424001
373175062144882201
394215685505967151
419442140544945841
450047231822650001
455373052628619841
456251775401036161
480500894545135201
500746108086157081
505419528513881521
505625480844120001
538979370678718201
552411868470883961
560622257233731001
579408439210350751
582094138488730001
610364752567739401
612010339869713401
633820487336236201
635921850997717201
636322733869010761
662282300917203121
683051862315022201
697628062696364801
699552385326645761
720251053231710001
724386880587865601
765262500237585001
782724831727989151
801175116075843601
814293459424599841
817569684189669601
842526563598720001
847163660521646161
850402714102258241
858176898666120001
874767172774894561
960689364130776281
1004506882156960001
1022078362188083201
1026488196062259841
1033072808459910401
1052860849914855361
1057722387340528001
1069136909644577401
1077353988411254401
1081276252735321441
1108905676896439241
1193695948921450001
1203362732666952001
1226334904147432801
1229218666078753351
1270713971373112001
1275655983313527201
1284014455545931201
1338579715107587401
1394192267849512561
1467680806787202001
1502611282867242241
1503746109667771201
1507449294293196801
1548747680830950601
1580990172287227201
1590923348599883761
1628502695399730151
1647550949386141801
1735490325617401601
1782276223010103361
1915733798493495751
1928801331969185521
1993261610868739201
2080916394110636801
2110502543558618881
2227348426032160201
2234956695085354241
2364896505606362401
2376825754823766401
2380296518909971201
2447443935128772001
2474596157766757201
2642659049674423001
2666003237126838001
2679440261890159041
2838165740019529921
2859646140116766001
2909859294499043041
2918510135972704001
2949700784884476001
3002097995219363041
3052876027145005601
3188618003602886401
3241219749188679721
3310117718522479201
3388563724094348801
3415992969442086001
3551404012347391201
3583484998820773201
3660845627750976001
3676723291394143201
3705423063462741601
3767898418106940001
3773907760951785601
3844455066255132001
3872027616162804001
3938533421626460801
3941791655510668961
3952172315405695681
4013240170410540161
4387703355258537601
4555681374559863601
4564941452081010001
4617065379989197441
4730336466339433601
4914230200973514401
4996819824351889951
5006347742702287801
5017730039267774401
5046908839590396241
5083779991622131801
5086739983151411201
5285958310761004801
5408259810429326761
5436831210685181441
5441062960270971001
5443971841497702241
5585222266855156801
5809450971251818801
5932369678431323401
5955189328256691601
6013008203098969801
6549646841806614001
6779495920879977751
6801053230885260161
6837017451130809601
6870935427229067041
6924980605121694721
7072278209150616001
7645457937546135001
7677888381387253121
7690709112067812601
7755268608451874721
8072050481550095041
8210217371359377921
8219010674707264961
8363668717836028801
8465506429286390401
8634660923018491201
9058630804415046401
9210163984363320031
9302590446832287991
9315276429304384001
9740698385926622401
10083762644812212481
10127679159503145241
10137493303579196801
10237895610812956801
10385118568489719601
10457990316863388001
10641035569718408401
10705075035454159361
10737374001370896881
11526344930689982401
11620874684851740001
11800930853093636801
11970192237203200001
12092655963248506801
12198656607829260801
12322906744730072401
12384798658813785601
12562238635370900191
12754010969403303601
12893246912321067601
13069425774573636001
13082642418553576961
13258044738482526401
13614910215980223151
13717893409191664001
13768267739360752801
14196218863471614001
14299515194547092401
14317516457960732801
14868704839199649751
14930516290168758511
15203514622202447311
15252770910898144801
15402764078272076801
15606867999604882001
15718358629771705601
15890053560670044001
16201800588268864801
16376687362899864001
16544214294976229401
16553878978808515681
16600593666532590001
16774571689037747201
17053183765361343601
17206044836811831001
17266169513512836001
17528745578928847201
17919922666524527881
18125274271667270401
26641259752490421121
33711266676317630401
38171661121175771521
41794928303951131201
54764632857801026161
62627730718910976001
63222633570453053761
63337317628455463321
71601768637038513361
74089321329487352401
75239736672918384001
79353705736539936001
89972805063850167601
91249796894377968001
93149844392733226561
101165594878102112641
132746674840446471481
136179104794270047361
147144072301511174401
170460890615037420001
195580493330583379201
204677843750351928001
245613241810608858001
247056273891397895401
253600421556773491201
282193967553562436401
292741163421511960801
311756571473275584001
312367684753330239001
360722273262030950401
378914123877930636001
396284890603807411201
413740986849498042001
478314614904849810001
478532005995650936401
491464719813660465601
547731640327609980001
621826620897775966201
663454757323367231041
682850363692230668161
741141248238466704001
1214097590276012260801
1222340213247879264001
1473431370396719136001
1563425272147855780441
1715827347538214460001
1956945435447952512001
1990357521345539105761
2238536320489400745601
2280038597415132190561
3478761406140332145121
3558386312129159280001
3664162592500747226401
3931995133940842512001
4267213218528814818001
4304929511871127442161
5273853352743643359121
5608335468969597601441
6829521949493949971521
7220705173501576284001
8272256321278237170241
9048308229445814841601
9148743582569661903841
9696138410063936648161
14787794897194759994881
16083486235743816747601
16085525879266649625601
17782070376835006560001
19424978380640160450001
19761640580705497907401
21312809065901513805961
28956326241773182809601
34704115317647963066881
56337928378495824420001
60891646334593320426241
97581841343046082440001
99744976385050681872001
197614541520881601966001
202327564501612666389601
299194006251700279209601
357850850832647055604801
412615953379228695690001
531888703218718425993601
653522860930089952776001
1264544512319040926601601
1457836374916028334162241
1477687494574895331024001
2098176969888383866272001
2125035583032122177760001
3041632083353253807312001
3145949069452379845398001
3175994444692194002714401
10217688470835397124630401
10638940817553355700236801
13224446277460109965540801
13747385452922433759083521
16783669631017273829103001
21159056295624394612728001
31911718881651257365516801
34039883097124402627008001
52884548820795250134576001
53723362882795585958916001
61379633084641592635850401
65933202312075880783872001
67002102977038316995635001
96933579887858537061849601
124087330661720566560235201
178019304206050182390825601
521635331852681575100906881
620571148746890089970707201
759532187663703901286899201
811536783871866400166940001
1038391083646853397503552641
1121862323727064854728640001
1412852335005072670596165601
2734203265375230862365398401
4701492434602353525966432001
13357577236540735247823108721
38749527129412055259954856801
60099049396206074944716697166401
62307544626430426870610720659201
1408378786769679646513359725568001
2336499973230914707696136445710401
4672817187498140693466251773742401
305076899838452167397969075514740401
372472369984823319158419982809886401
5289317030813845025030136441759313676350437291809581944424604404172556336793009975663443300209602618534779461700271078886792582401
