3 7
4 79
5 47
6 113
7 130783
8 523927
9 1198297
10 240641
11 641
12 575058377
13 1519711993
14 65929327
15 20105355479017
16 9007199254738183
17 7633399
18 33189241
19 21081993227096629777
20 951850902549409
21 4978773308244222679
22 501615233613780359
23 9671406556917033397642519
24 8251206137
25 3818597055399121
26 13314319257913
27 521211122055087383048446607
28 1363523334699271961273764792241
29 121021085803441391
30 22780207835140610753
31 7707883811933348050650932182007
32 154561815069895919183
33 409453398420877435913
34 3684772943
35 2159960770613678926224223
36 3315783929964675445406010748174242749887
37 990310012816434254905673
38 84488458293271892013092936211560242271
39 124910477949325155434269551241
40 3678313229782561
41 12202484416103
42 100245812904886813113544013622607
43 26042297357542375726520441
44 115150730084016099588192740030584908674488224841
45 34260283731690195005497251915306051058238054528074919
46 15795598958013723169468227216935343887
47 561206104282692744459373032469487
48 1795368569468993143
49 215679573337205118357336120696157045389097155380324579848828881942199
50 611593619736046214007881659715227153
51 217198073428241848763849814282600598271989304367793541378879
52 163809295825921039271583302497952764308129417474097808095828500027119
53 106763601521952869249538320609947879
54 6761087730478536616064938727152937935152780632568426964061539203527
55 14173167902062513067727302689276588094980036421448889
56 478109271689563645619906002616517813071566388296838457969373250097189696575569
57 10924576097408888103664150199439554952793280988139690148827820871201743
58 938339537256075820032827982410035991
59 13492408491999814190646803305081
60 2381613191023114786213993214480047631560545811519
61 740292890653214007421393
62 783909201258345489442853550368005075957921
63 826702605551684018634711004574255469847
64 3616188917853752427772915703143482278273546892402547722773589572521
65 194136600149082662413819418811335382552593
66 75527820292829853032870303996271191172317792775226098766230017
67 1032128727915803184785042601905606712261124012047696593
68 277926330553754762447343983288952504796663
69 108030249429682439937821495357267670094710814560738007138978036492010178546459997463514088505354351
70 71818064887713625275551619221211688965584352866125412567065836913
71 6352216509813017812165792764021454026779995497418021799072285490920340011733153736601
72 294939535214866517494606443639729692639877404612321712266050722101119436995479582166153
73 405570908385708832600571995724336686088693823694872358739336800194793233041
74 2371718078435538109496793687350706251586281948776189153612260187320147315206769908848638532797846685123913
75 2366664800261780782829967612026753104023784359059404065581589752296159
76 261785643212022780594895974882006172133064527334075389530114871
77 1402661516824916557913183655758283877451545136524160783757907804046916007888946598421448112209
78 4421660750148816078177943787676390195770044165803464919230581089966862366467193826420625604931742862047779404062921631
79 4620564717428805739601967302906641162794575077733815120639
80 10593545313632834143509292869208818548944537851709567257409099272863
81 14668754091662736438508628615698032162184124197634045968768394289880337298555374021903240950782209
82 14429526356723175581611543037081319822777781150098685458618256483034419810568231593
83 21551781566329005086046734457604074375532816305484639
84 5745821279463927919496774881615017400782018038324838432262261791868800417431
85 46950936073641425289251528382288239833
86 1291211991031647736323481837104209067054248906911414324586241187220452376416558757543259071957541437313048081416395773999372196049
87 7924501490884335949502889063507409871161
88 5975199480940153626747434698136917312992954068471776456617498851152197155135360987187623247953583156079539253723844543
89 5954262829429611647380060634218533145425030026750509549825967711687797048224955787888157087447151129073766576998532529631515456541611049431
90 50575535107923553948658396943852456257506094686692799
91 461497173157337072627273771508341574726652033577637133072007867028513047777
92 743798872914785752066478004183930351173519130888528973416914243265898185440054712524204653098367718942143327
93 37271694301067525104959038893511934244758716351039575119562908140790395323778780062718954653515422424992989371677208974509508014944359
94 17067539877226347111407265499391425275263117962650677539849
95 70130623526535689624469757431188807
96 1716082378631786957661425629049030825792403665669997708549839249794945223338621351
97 405817187669356011374925751674313349964055791729642551072801180437315672850713423880206013993417979282414193842994371947040800508130308049
