1 1
2 6
3 56
4 448
5 6264
6 96348
7 1559520
8 16908804
9 391945400
10 20553536052
11 706019328000
12 20210523379200
13 519285252355776
14 21710734431216480
15 1456143373228677120
16 25536237889612326912
17 1792353900753729655758
18 52839150354952425838080
19 4154723599066412190910560
20 267028619603915342727020544
21 13867099034114051329650278400
22 626517515186678673432600554304
23 53748411653636660352212313292800
24 2169677507406276393601118202741120
25 92881476074680603334158934716973056
26 12439107220983116876887245265061369280
27 1249706920522342444561184250893882572800
28 83481297124233599880382140090851808000000
29 6188895939142585460481836786172068558166144
30 516839122668964383319712015160062060594867712
31 33716687793077925787108288619650137064437456000
32 2453204057056904283204513074072675332238116896768
33 457349922498640439407194787903939974932516044800000
34 22829268180123376249409866572788727630917562825648000
35 3330796264278895316029502922028703066843265770717184000
36 143517140088664993781179264854932810638127051592704819200
37 16694107250180777209315338479081748543749324648593512240000
38 1961738692795178092590127360089012385779347240804952749320320
39 250432725608073712013176488321378617779784112846251840463052800
40 19278068334409585648034078402365610546464394797075540387606894080
41 3042174778288914028978924793575360983760789798218857839137244570368
42 379058352626904810567252019840322174479921318141051725744672859776000
43 33176805543133976417919190850063937752382292390522777389709336906291200
44 5138962137879324017818926590259132936255744863333705633908937119825920000
45 650430899662097790618498755117374621639029205643285013674060100183392256000
46 58446970820388393677744042712068017286687509462587615948868607552973840407040
47 10033973251880635359915011682568613853203543657842439255240499642626899574784000
48 1067761156811762554964811515803729592553774326749245538039398446120911624055291904
49 92645227637590828213789710774315804993349503566103102483012413268873645450953120000
50 18577889170312624685061797043658215726432164720654153847392119164452946862223684272128
51 4309440856055395371098169870825748815042431621256156170221150768184548711824297295872000
52 429688808494784489363531631609991654012104439020563928559717125568996062288267411456000000
53 54126414490873905805564844935608335576769073723433238222258191665310847187689150311216463360
54 8915191057128739442056404747265419956024189232650237400931886872264679500085647371955553894400
55 1536125153248066636017768625907125033664012867870233484247880893291553092587952042471472496640000
56 126764907308747565952659899539592717856030995460701547912756135513362453712082657099442507858780160
57 33074823047352889097799486208235772518724080693735319230685558566231133201883047269990123165869670400
58 3428676349396571211105568248976780296967103082980057760293388764599812456420378804473291273383848412320
59 846110006217287017796193169451805374890478013261737237862632736098303030032773671916811698769954652160000
60 131104765683044995097407118399474059938602581876528087827734904042667271741298057812322597236379454380441600
61 12450240013066357229754953203777510516844625191858354120084154379211875939029703013841156839988529895591884800
62 2675855130608063758709814133410498998060449027664650054667404189841259141303037450534539139388293294106120265216
63 451053415980695208873432115080441217630601543204285702192191339059114532150712094241561689017730297452770099200000
64 42527555638062601997865435519286415542085297431620185147806705121382226062146713474790326642425858810047053824000000
65 20153098272018835822708057469599460132698243315375530163969118267953127232619218218737188176671964348761339091258179584
66 2989951725717967384541618686107090314192932487405352755629150841661518563024820627213956005065377594184783998998578380800
67 411980425930040499425504724219903220469041449317086367802410754655082989084522853059483948794857044682068688259870687639552
68 102123545860808215588962491716835402403021590319949612465896381361230509480063824131949526715908592542913776311026497617920000
69 27578094215020550943667014912935282924429645560555428690330501768170970237232234886000249770855526325898389409224367830938419200
70 3630268230688446650085569631061144379116315976236705922307320458727460374472708959709305078481645293389191041894773391909297111040
71 744851734449758887460864633316425484078358730230090694280555564429539669081114624590450355165262311837094102645709500078251613020160
72 55394721812131906045546360567233689630727577471309212418323448092604698707816432425970361984677628179792740957178571442737893081088000
73 16227137658595009271926988898611282832115800253949137641792720089276604412442629088109730751348030907187436603816210061733941675360356328
74 3976490270329812797599146787795747562382355633329151687162700998993847293761202288031748612162310217591523993888395282744618678770717440000
75 953466458429700334851346474261784110122104177053938716199669987429301627410734718017962378249308838011735957114762466578876585491601503027200
76 228431618999265677235103505740313787294347787172945420857553588097045863813515208414753317705322816565750833884559277697251101521203751813120000
77 51340838643416835860587655967780273090142839507426504590246832618015657929381545237566071031713630570170731364684076625459628553009806819983360000
78 10031608544606905421252796667737508841789830517149359422248500106224259476110828284959863674912952132989847848084740738308546533584571137331200000000
79 1900981612012381770759398777246282537572846607362544259399208373345173543413998134643666870595721584524569441131844863686293887855030652410263556000000
80 324445178783374556635878224594809888759821119654939258519461923290333386289347640060682158552845065116647379932381226248863081584436399285290560143753216
81 42846511724265784432241908604449772352578221598562947111631566310380142630979698314737233818274331400803421438712816092016379040347461725654583843142313984
82 15968925817656786412417714571408288844834595401406296985439037933671428026513942259757028609363730138680218454986896581075197409797867295335709682169277000000
83 5169138463975010894182094387638395730561702933493511426375029450330996227665804763398862332777196194429682800214461904315082242425872311872824267918546042880000
84 1169926670881074632458216367371752969742936404467614801275977746957547981640550447426537724103919716316348440589919541075501814016469052635710853257625600000000000
85 290709432562142115422196547244653841457992086533919930678161600181873126718697998857375886750117392533374463651232375372388671706243508515442793499792970602981621760
86 45005211774217086473604853707330796161215308629743072405261014948649795144217543919257575895479467785535974045961112134241502183400645470134716398116007686886160763136
87 20590555172386856963544200055401138366331524798259767887059880329093081648148614268130931084055808245319478929797441310760563356471135950155106703456884462954421734604800
88 2075983449803775632643428827313858951798964161685932059001537877383785157138373312966331367853569365932494170833038372283129849376475700637508168355081884810138791557120000
89 814111593376291985941841522625988591446573588745243428625588656848855313901793184053194103729251876732547052444365988072884316164254665848627159134103166447228963618821399952
90 168029701946403750455927637023020652821782986233334439584539976016086292962989848189789203823119510362801284907404332736269299909244426114419728117158293325290596452901826068480
91 44978174876143486780024317610307617147689676788559770289790488425316321182136681030205070089811030220807604730262104363317837722888815715255105847517055203740884655696510976000000
92 11560978652983991712513026142548250569297666109940449704433535815569563410323662674070971251684340352017782234435781805508001377728172790944096644220893232390207863824936960000000000
93 2876168677967991564376144869242496264556187674273592191166671046203333272401519829773046103655160793441971696952020521121119857067786490470435857984987998295900558824623308800000000000
94 632149529530185583329987868474507353098818244524868992667511483631395060111931550475267874311416932288782578289644759556433886863959706186533248984735062071156509038377351478485722649600
95 261230110194506016171257635323688539181174154860587472875798982760701999440864328454072173069950011646053049368619148019723976259050330893720012407841153887414655741162775308052128071680000
96 44246693336428183996683760390112399572702099672627223755342246099168601735284417571797076270494949129805779108573700890871595654885497038036886293784421772386779421232431448892930281963520000
97 9097201562118868465240153101956036468325833567236992961457208067352551225153824173296062572444329508376348416744523317581593005610039801853961685148417591134474187206458094910324427139969761472
98 2496287738984217400358995911477541489898452225415416415906204138453753800448330360896651447695618431714722201274066116426733880496414296003172086922060697083983848852444441376975076982784000000000
99 1072069402852772644942057629251846807458548011465341016083593121136200637654793603963635682989948270753515409439955171770599121524224495231056744897435493989968283905223270925302883323740160000000000
100 193732895428322017584320989458078911913338817850841353709541248390751937345012272152830396897009161059805633390045276824328575985352109493168495950459486195275252190519555656924510760856767717764497408
101 57851194610456379123508794126734683731499979985885877235227299558596181053782357051022735571082478728491797563308273130829572125727862069995538325300717752088637909030556668104750901064196485122590268800
102 18814904164720616946478136371452943651603014177285092412251192388940631006616279152064401469925932786125693409252205281312839697810426859210269454168760811211598374510971046152299640375112201292021760000000
103 4246768055833193430084287422123624300402048250187744003611571920075500530055409914930028794696693636911268355603323100094856455483050412338367553688966985536446741788031925687908662007203774505474021785600000
104 889984949978790194063266822564562047872622933610181711446155523910751625692128642063674855029927204231069866385158088390988529768758843821423954291342264051830359128264655629800500560433639877328216220118528000
105 719289040812683988290785006639624130215913777054096137899504330624524347107489837340898042508563854671364083152632111616161050303815450271239863999262898846746540191978661560060086032155748391694437722357760000000
106 89872351308898102382974264476752001046528619474524956193056854955130335239385147981342238917626711054354227001516111488824938946289893369738287830399168036907829657204810660931570491569091130252468135071659378880000
107 36180436545755676602881077953017097594200165849669596657908046179624745726078655466347841221088461973304062054292182770012288739283405921855609016016668142637586445499833821943846433424275958843639864933543646564352000
108 10572478362941181408947650065695757119787409884969820697842666914851958525075928858051438871592688354227261296417632146037591058561688322835125080659857899836757074186900780704134307350265037751199439373464795873280000000
109 2358030083734877155435521544758502975175482583715853980948451715592181900672245089275677742823547367912643035457283161692678491668140970458305338767445300865182503301915273498570579904868929175093615655124936456280363711680
110 882716575199252198848097252326739422624886794126369713960006855378220753527476144156682095134441481656980955004249797627036831195550329652070357165962914865448704298760497351787760438428476320446733184218637139286454278553600
111 257392159601993176618042520637912833920029266305655470262918031481396848026928244114400083785027120842574449851653170431057455013745062626802307043702878238416137860793976323104992604736126290293563087924268388615349862400000000
112 68975169112815115361602348239324020563914387404890612590718342718210674977296269625551241536044019957220214687020713148060518093741805801230175403611772096757780048727721036154022749778708310907527190832956609614579742916374167552
113 20957069496140752467522922505118643153401529849346649597288931891526041509141300429957667835188750300509694393889790654557321821373968436734348545685749527894723752292965000481145891450301071914301331526375319741154690604763393408000
114 7424709232942880467177758326803426040820978994234739309133329156045085310031503966821743489488502688715731690533653887485132715183484580450700457151989694870771113746564082464177629749254191114785775181400558069766238973631102976000000
115 2933522827765727215516679737686346002684180299685896167067096406635998602529428787046518707870383951538500781224468866501057503345290873885920325724433147548825750736524863291874337609396616827309122294669410360721864047208133014438543360
116 740803756002948911222328518033859089057679778293944401588252443094120668602001210579442136664994069146195204689299845581196736032594229466306943184785295704715903113691436313029729347574444995742369556625430205397809840587829982898946048000
117 175391191167673137570265547892058158693126220655328107740013071881802469200535188723564564604274361764173368303015308471435459390712054569463164727255507486055427568484316936183296657180304838208747572443207636921766424306549024277261189120000
118 54720078235669600457292105802490125929143223034902365953319811161886818213172515595068109770844438423462667611021496392107062670726639701142019633319612383885107649350886584065197341359130788452442554326981526567424020143253392153453348275200000
119 27783480084234616801579759812408039171160882545825469809498411685406001188809707639083149612333379763085858854365253114688242584185727388396127718244179406446453229952519417489708682252215894533246566580014576307422729333672347296431555362160640000
120 6048742350715961622997978172636621028134782971183080244438037403420044335002285093063726951455601303618513912135647565293930623940536111033393022479303981611749421105934980150206645221064808820911542070917625102242461425897007502006918078982101401600
