1 1
2 3
3 11
4 5
5 137
6 7
7 11
8 761
9 7129
10 61
11 863
12 509
13 919
14 1117
15 41233
16 8431
17 1138979
18 39541
19 7440427
20 11167027
21 18858053
22 227
23 583859
24 467183
25 312408463
26 34395742267
27 215087
28 375035183
29 4990290163
30 17783
31 2667653736673
32 535919
33 199539368321
34 15088528003
35 137121586897
36 9059
37 188279071
38 7037587
39 2802235993
40 10805939
41 85691034670497533
42 951040175333
43 6639593
44 8651605087
45 166944396769
46 640445420803
47 2493837527
48 17341889113207
49 578815152022967
50 388771681559
51 801783708172019
52 834439423
53 795398356293665458247
54 4622681325241751
55 4849338520597
56 252476961434436524654789
57 7242209797127
58 39696343287323
59 49738708893463
60 1840798551252069113
61 5604227960876353481
62 928551009361054917576341971
63 23478527213387461
64 14256406777
65 13257017122183621
66 8461300049
67 90109775361961
68 1482147120661095193
69 42409610330030873613929048033
70 7377985374587
71 6379599021097
72 132669513653016905839429
73 1071768842878241
74 510864506825274078403
75 125136485633
76 151817183380362791
77 49206610220345621623
78 124277234919095693
79 4868007055309996043055960217131137
80 333328587314641
81 174881933884719184571561
82 6407274137308501570785620620957
83 27738488095416011
84 16634328529263507796017121
85 4280339305565030602944575366921
86 16163045383828551823
87 812070089664809
88 546109988172181393
89 3645196481713595484337076792241271893701
90 36619565903764718006277779
91 3661081314759399341652108474601318124261
92 9973955319807206361451
93 223991417715140641793
94 163593472497926603639350915644581
95 1474550663180610348468863297
96 393168481883458189365428547135371159
97 2170715117169689251318872389
98 687630298638433
99 902936592516559651003356019
100 2284070837741348234617
101 8461959995611236799242512570583409065671
102 31258650739483
103 140296767067462385248181758419325329763
104 3379432542371946297978661
105 161616066254859705323309547320279
106 189362979760384206243560735858269243
107 45658337414758411992375293261
108 170456884644779545597
109 7575483883027851207887
110 1140237691562666746759
111 136759408107960519178681546719936615083
112 129779379003806063365161803
113 253985462910910041142439
114 697935781437188785597
115 11159546708561827626152779
116 214140999972996490340500672040456094225840120193
117 8442872558198557099699360896821944208242387153139
118 581265924295810709
119 7373323597410984682088923
120 69776816820788034237347205717731984604449
121 278595961124905225300975092161093
122 2265019723834151723171808439976488625843199640447853
123 18115644665828132902788430935479
124 57649061088877509754403306553823363
125 46873148256239427731827902385644526528797227
126 297738420231532358257
127 36224297430743310519741406921577722033292201622850612663
128 4449117531162700156284246731037384913
129 7724650251204832164087101
130 35791867101600568710552782062958254695953746813
131 5921979796442266082688688061467
132 4817564878329433103
133 384617607023538663698409411193
134 3395045613266153597122059739
135 50768399244132136710019642008440849
136 16830569048690105128025969486649933377263051097
137 388781476131869556980462218571
138 1063400239414258972789607578991
139 22528626520189657709814843897991837131793
140 18018516804916374034330344497243
141 16542312830628013798747633991
142 33209890841769605146574994910513
143 184670823112140628095778703855562609360757491859737219770282933
144 46245744406432576994978631850643
145 19114906670653543561279860140066704538702541526295694103
146 14121209418159064923240388912519657847983322969
147 2174900550586413003312175145656937847537649
148 681909907005368468622870881
149 555230684496241088794697194063270972367211997
150 18341977792924826144040569904700074498329467349417111303
151 10945182029153565160089350748875658206996051013021439
152 16059858117362160747953
153 40772280137189583887502487158309440836519
154 210388323347356736920199060629
155 1315722682557988850473134956177855477862286670179828801
156 843905237110938231417376327
157 824467655563821732641527265324823080155338635879
158 7331480719092110229557541361223253944974071859424323486045753009
159 521867071322589319277988164284179315079
160 971913391872356257339466754197
161 48639544853007585999578947845195121562677
162 62803179805811882336917749163493
163 8992933301891257608839616988673348771511568015994039227
164 5841318988958107891619554194377
165 38635813272542159499929491355196250562306745357834979
166 1279583289606037878142354194929801
167 468004647451667045281287151037120677703594097905225583264717682562992621
168 338243411322717152353623768510055756986954473
169 4085891156103308421127131832878190112284276080994657759
170 693682802042178027329524517990799348376161997
171 41898813864448293121644772119548728247
172 18429207152041682444525476096853
173 47857665200224565978205667779820225351082860527353
174 14714301147190994047225356744547674184343301949
175 72330448193751586967000065431324095567449964844706011541
176 21222732776507294427835459912621
177 774116667230630043952378892925497158043
178 5729559798821731363293126446726688247108919252667184467361
179 11530954013595413823011022769277064657070141773994116447622898153
180 83463272357761161962384764987896330059
181 151663848160014861672850883815162852357374479
182 8419178767409756111696965536946504564873
183 784035961010802119573728986288709
184 299304191553506121099693683799167029245940600349
185 19728322546683686149541108880880130511983
186 12339475618983669699641136688210485287263662158077082761
187 248286738633129588474724539063429455570481409
188 9832551955746109657114142885083876705497124857366119370617589606136847
189 15584221171793581252845902726147567017057451381
190 2736146344281566440598971
191 1569290471830359047063148202541759795692841449
192 4208793288991836995991487
193 56897356593195766004164314844167653433640273135982548459
194 9301502211660579853448776691760561861213136162462908532505225349674609697490644953
195 38745303989681173024290763891667122222721
196 4817901699021462898201991221595267349136716035693083387
197 38017610267603446771209166757500866223914231036712276732199837
198 1121781239379831933157327197294348993366045637106573987
199 481785228210569457086506658004101388127380311952059
200 759197620013925287452495714577760935586615880095621719
201 73492601159973072068913807048455655368856248318718631884140744422784992667900089312991233
202 498155226484396700658049823285561610035680035574977047747510616053
203 2731171819529004422393853507117359250626953118256974266696109
204 9526641700359930604650780159073431838196243789342249980984723831873
205 26338963156340832640998467777375858830526479567848426572344827027170614859893
206 11776316386359286374577574969838282809183
207 347076934653761151662395805855749192111390894208149829
208 499421533138057016450618009903
209 345842064651255945020399937426533
210 8380400783006100168359603914029457
211 342571793832511515120687049572239543956782335300655648423009331973035735151
212 4174566819877279400155986575058927645427590627280103
213 23705496837330608790326119294254997562973163408663767298169
214 3684332081419717718666327057953316548515348251620995514919709238813101904254661758961
215 106059863309948501166062480330621093
216 918776171940228361946948770066372707791
217 10681922655031323647157402511853097259545494651623643425569227798797017056117497
218 938369013495885924231885784617349066111734792218839136352180746297275193517271369
219 14285769184794432898203007524601341861242631312956864902364553906539
220 4484943912996673035016371031518244293628659084236890646835231287072569179343
221 395468892414751505262331550987097916404356538677
222 89512139652525170044004840569984926846426851986812526864821175942217706760171
223 48424751886108045240202553679269154700919
224 19292125554753099533094144018145061886293878894196237989768582332807136223
225 1055383951243590910064643712605797
226 11418379909895081724859494497995224030498606574928010683816199147776965033137459481
227 107735240122634133382944853351190772192539504392498220672375825323989719
228 8482831291695119488457801345827662001110972004187788202903
229 4585378245272532852490215125092163322518022288623
230 1654814163122818475778334030168819773208700861538624094470091796723071340794966527197392387506787463
231 3556279091440919298466989326971795525626452153477366144447
232 86734625158595581029556787271810229537
233 1737803937836056311722133013826734965295114211
234 6141796769290976063185350430788762121815135627747265978849
235 27050319189304567287658867714043108011421494017529506040062661903348731409
236 150827547927079830467343757920546540822482565174079
237 126048868831658744032321197271061114300727076857239759
238 17572398524142990481297980167297364311714560315431807481357446291712321
239 527804937022527816978313359869795479978688938575851720388019687821416653
240 140442271529446090887094666536685894704388688321
241 835112283537401521203068429787677415451
242 115498971921823962808574080432210714516079099093021971463294863459
243 5717203583022791436408749204338888873153775115626056237
244 41942384183336556600858366915274833750139339
245 50536307799004328863367253927483383204837628939098003539188806838545515698223
246 2445510705472459638923299339881456265563168711359539
247 202240545264405254309858987214925443293559708122127197713366444891213892739828494656772154383666001132551089
248 30032342460773033411700418120159094542066072575244009159
249 12420266222926420690086209095073511979552203341947769232772278021917
250 3216468687005617791531974047064948583432475401128697739454556621894829192641150223208421800492836237321
251 268414511128544209218894015641973445526390249160303318307166841360827921867730803
252 50929127105562022759916472294834446670295672612755662296289332615056822306669114985788483494433017190404752571
253 30521114913199941585456054265471729723909126494200044188531790213519001
254 1550187994434938638991239229839483927063336631861
255 1451358460539140599171997975879717
256 247508616434493929743107334452074647902047452880528465264491286557
257 588867010301983664655911869831705147666808208263
258 196591656505686827781686178763716572712309482687079084215540558901277509705164694434013294436166591885806901
259 352642388757202287618494617507960659196808368468092977218006626036427454393929953136681969
260 16209636629569391715597333922439752484033989286457608221207594653806505432276241974990654877
261 546258765273487296182595587741682778257200909791534841547472937301101625256877030909827656652979
262 2135440741352065237136996462683441871472690323694781970954625212374697032759526608583
263 179443174441458306101568795317177196512166966383155169830283
264 34148173369931139627045949619224015376212925935852855071359204295203882131
265 1102500512427002763519884908153525367526902293843960885173059316287576782748541657837413851
266 52866786537794626717340784417186794514671002793299513669273839642510948060215054889036721
267 12221053320256258660558650272025872904239941480375040662707335911572226444786627146671159298688807313
268 2769450920450086771183202998306653891617204202913125593
269 53195660216373933737958236236869003900357914931408675009156193209151
270 219596804946806311262514199101054212617300625787922487071230328714066572779498835978343856957
271 26621353634403841330986612359444346510529421255573160731711
272 779449726358051979124440647060063724378896074146147372192846121
273 514063898765428427119117827981165558484256889602731
274 2436571937273339727119951469270392112756049792049101979
275 29519500903028355832607436638637405156596624283005961395391589188537174314096341222810965534547
276 9828556774768457171964908347968551714477348248021
277 48155107875546456298586240233741529414007829394368670281695686539571
278 26340196526657116027248349796315767117565228996072767
279 29146062855421851971810397411206370707117120561917
280 1923095868802782333194085103193994922561247354236270070232036758512953703410529
281 887753198259962159668484963423780369529588324725153019265919814512335144240197509259923423379608589432260875195541
282 1270567017739842410031088254881
283 1909662503373498243651585034854185086662850066604995690719066226141992551744800485690336251977448228271668885780102818522777
284 24440735404861505505946649530686246016514063152874657
285 13195099084680758473914411163596412124794872386245037
286 6277737910589472686578676042338853787824331923682398050349676182827
287 7162551200311159206461995910686390038143269619421443031701
288 478600627986634885884230270717533915314665620650988647418195343178827748332179651500092654334202679428666990279
289 3889057592844678048530553070310739047
290 192257134725606070027855805996201875640862491884238314064151823316711003946604583633199408554380085966386382446773717754316546891
291 33273570976473341238074907480464231404632323721279299851437107104558713259
292 11949101059757333357542232451362094168730851395152134320342573463315351688349
293 4279274109444313717871514352538635220917522499356729728041192674375456680869
294 2638704894953510738878770784297311170771582466005966385933202277115200687
295 3689783721671336173752171078701939141125727964044693680471
296 32521454815250712899915491036549
297 1078198758118194030028879509333658573326609017633739249336537520517
298 46520626945996983177586186404041082115459527527951005867893182668074570901028630696468737291
299 2876287227999498279994524378851608106521193533902445825029261151487
300 6898092177510116275480339042521197268520246393688464736703007556043708085381
301 133797832985381341973726381063403433647776642147260351163645621066959868021
302 49383930146291595196414982112215538670460611152281560612021787
303 21769655659274943854308312950101904853861974489776690568473768262685657
304 24857999219736574034958739052588802259066863824906380081841
305 135191584377280688579923806747798201961267357301242740397142746009441235257
306 270058823580739193465032950099406621925316716253720161572051
307 158121432893062493176295690980213056288430228901994694073674948108498035091
308 138693837394046089531682457681199293422317221925207672729987353821
309 559140469348323176569453318685806887794154503912518615973884924026112465934327940389161005402968910600011101
310 1213344575269018888693177365514180844590082913439453252675323183318265972121437733749769375369
311 1475088836980483412669499721872536155786209576931870635905215058007777191702033520692569820152776586977353267
312 45880044354700705126569276713384096492979988823622276721
313 21127139804278970502373744968668895869635680750331751706670365244025495637287512907265335346479
314 290535042976725073905710526508565356388878296950311323207181550346964815744450656451728160001005929976771101
315 3561107013100053890537465711198124240421782517016522123861110721149847
316 101243854841513236243830801226440843619190515326825152600149
317 7211072708465590850583457398845409905858415289006721015782876054126837
318 2222240090256572966795274896514094121943439736138044039322753104929356845148553366678523
319 26567725361150796068458216315804896735925761563
320 16034913908774515063622537885684114421034346989031
321 43236692217712651703204187060004958019700415731
322 23468795778359387429326494573326024789385044126732474680590400181506655578287817727092301338317655024645247
323 15985260334464456768941459634603816359683148365926343841218554575563952583664626202329631021076141
324 2027940337302788552955799760502231221493867342962222268443036294209
325 96881995297537836391973014841029343122126698222747444007831322939
