2 341
3 286
4 11305
5 2203201
6 12306385
7 9073150801
8 3958035081
9 2539184851126
10 152064312120721
11 10963650080564545
12 378958695265110961
13 1035551157050957605345
14 57044715596229144811105
15 6149883077429715389052001
16 426634466310819456228926101
17 166532358913107245358261399361
18 15417816366043964846263074467761
19 7512467783390668787701493308514401
20 182551639864089765855891394794831841
21 73646340445282784237405289363506168161
22 12758106140074522771498516740500829830401
23 233342982005748265084053300837644203002001
24 41711804619389959984296019492852898455016161
25 35654496932132728635037829367481372591614792001
26 13513093081489380840188651246675032067011140079201
27 2758048007075525871042090011995729226316189827518801
