341
561
645
1905
2047
2465
3277
4369
4371
5461
8481
18705
33153
41665
55245
62745
72885
74665
129921
158369
188057
208465
215265
223345
278545
332949
464185
493697
493885
588745
617093
1275681
1472065
1489665
1529185
1643665
2113665
2882265
3370641
3435565
3581761
3746289
4229601
4259905
4371445
4613665
5400489
5968873
6242685
8041345
8322945
17895697
37695505
38790753
52452905
72887585
81722145
96386865
107023281
112037185
145745601
239612297
248031745
262412445
416392005
524806185
691914161
699735345
899104501
940492785
949035585
1148237861
1239992065
2719932865
3577288121
5683645185
6183794305
6630567105
6943763905
8700387585
9234602385
9621122505
10891715745
14916133905
14967442945
15648713809
19559996821
19946656605
20991517905
21575194701
31201514961
34718652865
35955838101
36693243105
78186300193
79962546945
89970308121
106057368705
113825480385
116291248305
136969550985
145828089345
151299077385
167041654305
176853399465
219750847905
230094524001
293763550081
421114213185
524947042945
769368651501
949126694001
1114618387345
1130759493865
1319668370945
1503803887105
1799621104205
2204751848065
2329668460401
2507970907905
4655734127045
6816429201201
7129914833665
19154790699045
21377376912385
27809431159665
33708232359201
43913624518905
47585906089905
56123513337585
75570237752241
98668130709345
115106703620385
162522591775545
183410730153201
189080281720065
221776809518265
403684276024705
483418834865121
687161718620385
1695454171161985
1841156859279585
2311890710406817
3274782926266545
3739812030504705
3924549491306601
4788772759754985
5050731490700545
9493312549368705
11883638816505501
24648115579979905
25315438976244705
39021274060472705
55787002513570401
131425720128946945
136836291472769505
164793516220902801
173221498743327105
229989662789531905
312126281673352705
508436877545254785
624245433431871745
780305009311131265
1776210467431784385
1954858659349768705
3005741099401045545
3429964064595011901
3745436951017062145
4312179621315425665
4771003745314763265
5823493408777728385
6967562024635331505
8436555170278078845
9977727131064287601
10382924891216612505
10656153920543114985
17350265139042425745
33362595225597415101
33396689476123317345
35433470419837694205
38039568844504040601
38353281032877674865
41157551257108457601
57105088906048536585
79414532068479639585
101022813579113264001
106323383680540772901
123472286949865066401
152157725145825702801
164629654796243370801
230095742333467274265
233611041850969138665
283076281683731261265
295584916125628884801
301820880950837718801
384632698414079453185
410253609310552991985
426237507526153387065
442441887759296925501
528855327341586570865
1147288915918793431785
1270252781511030562785
1358193322341214198401
1461710338439680842801
1594966484859464260545
1854542258330445101265
1874933197331653002545
2580174855897836578305
3845975792674250277505
4046112302558321493345
4278643679456771630545
4298985769199999538585
4326717889099274003105
4759385775881795356145
5127894165101773618785
6549635687373006322305
6757946385372150413185
7499615725504430592065
8035704697038308688385
8858506500859999247265
8893767805136999396305
8941842014779501768865
9203642931201060526185
10705113590789176684665
11210860524072532775145
15172544834792155483905
20131816714144607026945
20511566836058315675505
24773130788808935997465
25511837204588249346945
26277856019804599949985
29348213334309757151265
31356446699859550379265
35078585492479763381505
35402422166126399103105
43651421376666214757185
47112764470926385581505
49997217049476527935105
51820394996289912941985
59852430026189514309905
74995806063577761666305
82046257519884483902385
85345136749629807914865
88492930099874050074465
89369994746685971061745
90283404729893516140385
94406231049184609659105
94994677274858748651265
102848755458960624311745
105330200870687505311985
115784194525518473542785
131543297395385863229985
139401697774725321186945
143501732755250255773185
165210801708854462326305
169990444317162449844865
176985351762870554894145
201863645310141522852145
206023841506442117271345
235148143429441996121985
235980299538201558107265
237053966768453259566065
246257362532828260456305
258492558466069041510705
306857719169366704523185
316597717071672385409985
341375218367116936306305
350781278992899726521985
362904163118384035966665
397517226397009359886785
429388072625313108651345
551760887875950529650105
633708839387221385771985
772570244853590192605905
782315914486122546313785
1421489872576606898862105
1842836800348739399588385
1923814748882163209031345
1988353598209792994021601
2089830756318666064647945
2163063365039571424795905
2319261991931218176611385
2673488947314474337299945
3029255684892500002714545
3285721156968218912807865
3413736197776962477003585
3862308180685057301277465
3975865307406988986743985
3976634037280999101471465
4324065376861361155728705
4488877947038195431172145
5644352294661616179297501
6957751275263376444982665
7064628908519877787571865
8274105742986611803794201
8338246070994538526342901
9939637243119763903221345
10933599232405226389300905
10936968146336822164879305
15606353145183733873344405
19712275673762760711887265
20480285999124144095086185
25088347951292444394279705
27036139230348804702668985
53424501476553459322934865
54836960036572931199304785
58264154129967593746442505
70947778565387733971345385
73711976235989293754215665
80030633310793338201366465
85866492509341408342261785
110041522689909017727781185
134804822215781723965851585
145086404495965711607264745
149555774436546276604851585
159489908573564598612104985
162560579103361456899006945
192571468482477136425421665
198408004487570768403697185
205633500145938083273364465
210077820620294616149163585
235049840594486845024481385
309080495120515588088415105
336322553681823563902120305
361457915332283354789107905
412651323929325452952462945
414152249200361765816106385
424973922123196486290178545
425642378859822103831835985
442225839201279757222663065
448636978219969245503586945
450164935653220052360481345
455166750549739332281550465
630230271927914129518969665
705257495375703328335006465
780284718823492527151043265
822800145443906406480130785
927178772468147045164486785
980357314684263723993808065
1100400872200726442099466945
1153582279094600286115568385
1190324161271480565742195785
1410152302500249521361131985
1430520655370998916890028865
1495421191461949636649160705
1528056045853124875350876705
1595271819993949196304808065
1702542939919785835329602145
1760138184256157087193776385
1762155036970273288611251985
1775021923742692911075932545
2203205406719872361255334145
2317855249784009755774406145
2442519312507558653320523265
2462807266445064935664113385
2600191959728838961689981345
2658778892749565945486163345
2709087563190994509230570865
2876691382797030572801411385
2965667143359772987901608305
3090522743184857144930737665
3120703697175474702986222145
3476834166527126805603282465
3659029248842282491865299585
3901776732203623432343081745
4053661696261126299213447585
4400292842762153998339368705
4620305730970987074268168065
4885118195729117596526512545
5075374094652256078647827865
5519681111234025920826699265
5640521165360995156173074145
6600448033408276459290957345
7200486444460192083931103745
7307922059690810435125099545
7643366461283195488430036145
8336459935073793905238335865
9361477896092280764187846465
9769971042763736234084783745
9900615047982980896559352705
10010621492087397434523752385
11840783489928339581148235905
12504687753117806257857734505
12955461006247128108014739465
13860847035741976263277741185
15607012859474394150721189185
16280988806039140098494534145
16737454527356196511765391505
17025349672639350613302796065
17084546821247081021858516505
17601152236026729577693641345
18318738904279491637203024705
22844129570075808405164004945
23176436164549232579778963585
24201452781557130831931311105
24424874503276091395613304705
26073461291599957972001818785
28661913375276201391748481105
30449076023716600364958107265
31261712934315861844645028385
31848862004583521803684963185
32118508696279142941750040865
35104671466624105766644546785
37858550843989126605459769665
38049785538164232203093987265
39718972968711059930176180065
42743503828916535347523955905
42852775932777515000563140105
47612000298758459081183930265
53302694298388211022559649745
53884902511286921737341228705
56404947519689942773916380065
63711951091855860373515685905
72549316660124942133854292705
84672665409320528849422297185
87035995035460054409074722705
97165884676260054338647507545
100414278010355585740269109305
105087571857728443691618691705
113982401525774579502626671905
116018021131478311155166560705
128474019401434076461679307105
142758026397939010322372566305
157875615871165950541505105385
164026610566985270057545255665
168836264068769850823186814745
174307066386225320421636146385
185628812568911998172427035265
187283809392779031353600098305
191073288857314725826602421785
283908697599114517879835931585
312941981633767592778466058265
354180333169425271425090478305
365743243626865772827746019665
427876832325716655717385333785
437397581164637955267478776705
440847921150594345839159800785
445644135384201753088782036345
446188535791875757651441286001
513895831466963746193265521265
544061554008269658101448328545
610251296021100666843568617345
656096201059347749342750011905
687704738507315339413174636065
783732060051072493202309796945
831055096975115584602967000065
896054863261229503146396579345
930063486218281319530167778545
1010931096949623793292620054785
1018077732067683563928566698785
1217938326303927912964279183185
1338561630668430853368335814801
1447166312096239306176008868465
1487150956659244966828780705665
1784748178106708401226783079201
2277697693172623257714880870785
2566993871446917167007697328385
2816148991032122002412607365145
2894916443896257388505965211145
3272036669567633560754940627201
3408969812288315229589174403865
3541786746163049575596308487585
3788561398567486269499749122145
4016489617014727001634243102345
4125799098581345329437336507465
4422214694314236852928856516865
4560916452715887861708636783105
4796507373315081849271302113901
5126145930788835477206066569185
5521553484011564782526876519745
6080376965815243184310113865585
6102512775606905143910845093905
6263651261859538499129091757305
6314896491721516261122604708665
7323015326625972805481350977585
7353273613740570110757598025745
7642776465565135074099139484265
8156802177669367822821471479265
8310512053162764093779268442305
9239040473268653691499587195465
9533306207623287851029246042065
10318301545700637261798525403905
11293909790724498416581306067865
11343511017658979822218435783905
11997068385533080034100996464385
13427299564984973903410661398305
14113099691094918768487517147865
14740366684240437568450777069185
17367691373800882914261845727345
17679880914970798794209552316705
18405202327287982794946344559105
19670252305389306645894070162305
20705605480801763252795733191265
22587925976271622567291872448065
25630553591911987729038939232785
28293506232360958211815259770305
30463282679573136877582281163905
31058229405522611072506689435585
31097351100735736620409331557665
37885436575193798830151084236065
38132629606479688691811773076705
41272757515479239408364287060865
42057835586200779490367975817345
44218109210338388806079032886145
46409655369350376970313918014545
47121533458942149596341287248145
54955467961123877761677558492705
55214814564415850685224952899265
55428474928216449147566945330865
56586849904142813062173620533665
59951378215157816672799856396545
67587936489217493570229013909905
68590985225367409443132705924945
75919957375744719419768522936385
83009519806441353741332051486145
83979360425077517662142703927105
84669787371384661244482046627265
87387019904510156806492791858585
87895297193716551995238355436865
103181669455036443701495810374785
112153957295570239705219770501345
131842944869156427818487833361105
133827964992298179624505570630545
136356025528168559061942093684585
165028615150045948862568112088985
165239025020103519486726103523145
179853224311972350539735006088705
180567809379482949067910214517185
190170523844020890413942185073665
213224435620552849000206383721345
220793493971276601174674503510785
221710438966028512789409434618305
228450131273961785538881244057345
243866649873946252322949481085385
276551903701143737718870851976945
284696814056644145826416187477345
304740732375157335714579744005385
310578242570805231744595650023745
367024848693328298360810833975065
378336260101584985344844585503465
381324510392756498781202097492385
451747224685196751676296287940585
460087457656029745243792791596545
496783161262642032446658640678785
508084932586704844617027055057785
533701166877486705651933866102785
541666790660640288220456237502145
585099854795878970453693564572545
588911448793579425958039671982465
672724264013004945007393663559745
674059612153398453998211484918785
707467316047542291652714788767745
804217952584937886193815296423745
816931175320625932722160239793665
818051026420648157618586048127185
847504116593541998952610837793745
852888470913981841429390742672385
903236220079530955200401584876545
948397671059185279950817467565185
1083596784964674786093750816898545
1182105565560735722323112854462305
1214356296220192153753817397315585
1287108553406592715578936587729985
1318528988587307378293426997885505
1377176275768646200672122768614145
1478063056140608549194441575901185
1530305970458233639145258796076065
1599011860300745203376690034619905
1685145366604527373657548731512065
1793927037048080305288113619523745
1825653745618682919565101124699905
1828254145323253193126462994095985
1942027431142977287356689733857105
2042303516818355773095252857682945
2054853220060716236336006593436865
2132216541500839826287759460574465
2167756847509852048212046300158465
2217094007419773276491519306067585
2287709002355045200391806665302985
2522729480870919814977104304281985
2710201323373582060343908145743185
2845178612204666919468284540488065
2948986072902045446832163570167585
2949002559668438523231720289753665
3003243690633457056094740129898305
3035854438371308048688295596322305
3251737339210603894707428128300545
3272153029633574712422504284120545
3341954572980864491722859250063105
3386722770808944609121026026263185
3974208086504651864526169293926145
4553787707657071503070476582419745
4967766808248420182737831026854145
5792712576592272504870596524736385
5852099268226164573942393509582145
5974811875354005169158132780039105
6395977911894487165809020801588865
6435607401504497434230784431262065
6740508191794599666356008086134145
7312902431936398279809242694422145
7371861209483290547838460799853705
7415438890364834100274558779966705
7498662035166948223473696801664665
7524734886496885612348386867978705
8169205186154849972165372063813505
9754468055368158654930911978128665
10011381401181358333616852848581105
10840636078651769171547310833832545
11362901945911161626371263327238785
13411021492961763181342513721903865
13874769662728758191226255638021745
14878295727297151713495624140632185
15386705638550591598059461317773265
15989910015081971090673682335526785
17723091658087387931540711531185185
20559053916418359590564647903035465
24843051490519758085286504352208665
29489640905149924983499075181933505
29858258064440279056131618507381945
29940186345422248272411356263445505
32168065342670948556088653006681105
32830883081064160815685823813336385
33043524980537994743463628088287185
37472322447893583239405657977279545
39013822576743629432213888634606465
48917616948120127563203701309920465
55085933216124212255030632553802705
58520718640577432290020650472856065
61210996712711166808460008129478385
67480261740821650575267211735000065
73128681871294139320002599098336065
76771978626215466351825845949955785
77315403740947169528743675243506465
85830373129944756290950117046405505
112095455739382874413162629771193545
115973085751934269937585547777169665
123704622154131690019353922283902305
132172036807936457027836272829240545
139097840212771271260323122430306105
159135960033178095177982387407966945
192988309607940617701523746824574905
195667413559284307202123019539585505
220348827181599441041458603618060305
236410656676514704354359798299554665
255140740991487831409416288898357185
300374568483626551926707925177159201
311372849761879777745265856209890145
314671308822227251242863977576763265
322441752447492522756643203754145865
367227766393939175175389553079448985
400499275915323471943691349755783601
435857902486305498461521027158731265
443926655700085541222863665154897785
588450714441525818342264457427558785
634511963876409868656062050742598945
672969321906405532334469525128530785
678120327057419751907056711437765385
680706620105314987082581317154423905
734248300687646538666969431684531601
804695607306668922142887261579789345
822345469460273680673012938093400985
837281055126550089794083082474231265
840643596589522143625628078003650305
845983513132916854448145760766062665
906701068060826731332771049276502145
913110863658309185436839686440170145
1049203607074201549989833253614959785
1064665588985200594298683825594289745
1180004865563107223469120217161708705
1258671552539550857307870784396703745
1307763706737482534510416375505479905
1321714178736718004440308009720680865
1335794369307579927308820849066163585
1468507387947929223850073019963044985
1558408776880908055785168155809348545
1849415125181507444759082560308016385
1956664972893254462869154838295565985
2110336016208796512488193922586920065
2214904196742460195390436653483352505
2396914362726747001785912792984561105
2511830638077126550305250989239179185
2709234858677130479992333078982444505
2803492254276049552351293539642769201
2847531359265459164501277257190258945
2901696250598750379378957755566083585
3084327698025711455899705211904025665
3146672039974198069437884398036584705
3304115791434534152436210662535891201
3701189096509757586726995695138192545
3809435701242742786325725175378990145
3977656425138289549431067745392097985
4090772569689599672193073585629207105
4214630008411809528613121088875020185
4770646848435372428432887456064575105
5339209555541931320989037133058643265
5506672649267507084600401415086435905
5563800706769538896374773164569009545
5627549115219827917688812424445988065
5978491035210069698837703378301455345
6106422812540625067758913358786179585
6228462687393916800989656937475580545
6551770670602971094367255659450624665
7118812920711329360297300445187541505
7632105336711603076314327500997622785
7929459929344557796897535217763640265
8863304333059826180038741511058940545
9254453701434264458195312039186182785
9848884638966152470658256480263859585
10173961001205286025608248399277042785
11870445573684894204140947862663270145
11929311101295712905190396120787036385
12191330258030971885715014178127322545
12272255592609987971357075743508750145
12457914872518667105042329430184144705
13288042420936255453654025566640230305
13739428321713497292479061374338205185
14285232038920233305132085039050740065
14642487449893934823749842119714743865
15583884477475294113248575931241452865
17756705905424964171420578122295288265
18322261399861557009937979582411606865
19520261172787781584084998248128517505
21427724689687565353754887682088238785
21706002398899018721294360339257168665
23689007733802814206640116856961601665
25005060388381958598241419304578557505
25639819491786171868292791081505422305
25906783122677594400579282675391626945
26395053667889229678247317563657961345
26706629194958472121379440943144088465
27124262671408837374450297444341848665
27205560782315439815129090111246170785
28474942137836952331858097293319041665
28844796485536100081448193017155039145
29016583985467227986774164243878479745
36112426111276148011578774631312728705
42585759400778907186312321104913795105
46413265147049250170895111029977486785
54709413612131086287523213116642940785
58843334273768349185737955509195858305
58893720655364428952391714812845457985
73287901625915049770255574723353950305
91005481684802493465607447987855429065
102476663563394637626600502639957131265
104104565497440438913954145654249753985
104944568828967416800873404384797124865
106529149962512686162141011137241391665
124577523614902255703881683109910792385
137330555565230944957130070740549492865
147108015847767442135071388463414063745
152330068154157123959032608136664297985
152646436438744580787749841017526910465
154565060961156967161247943265568822785
159125861037198673639549389585826566465
169390486152443772253118653614440862465
181559329916850355265518437659626086945
189870368999294528683831794996765988545
209888677570477177572001564976802653185
217871195778170167114401991822837580865
230571471853668783877435228239603803265
245942848848501681427535395311561403905
270650882173857117636524436441349799745
271925586708483350779767299938178008065
294114095380279297808244723794247160545
300115830485179708164399914740031875905
307687373433417032717533503914521423185
314075346513509362553434229333040738465
314832786311986938343129725568808181505
315078270863512196093493563730735512385
342741135401483253667631176035748025985
343453906877853236735255587548446052865
365590463471162389232663004183638073345
374747010549313293963926161681304505345
383090664731884755883506478020247580145
389030994273155781414132062008027000185
412220195716298878635727054893237971265
419218123589292622706207187187165954305
426109948568028485328734569991047363905
432481647572944632051298245822952425345
441277704075336353030661772164020562945
464126596952116384664446043756802830145
465047881676484814780900065886653065985
468692435592384655210775389637104224585
513930832305241193323885957140097013505
520999588963422875536729863663484789185
531510911313205873540389986702382111345
545976075599085404985512831610496380465
563617973408381564129605514798685150465
582939267300225646618729612161213916545
585687613107194761813900816178573544585
588425666741445266020806690575274531585
596331843874411710842958865061224741665
614849769862783733980737539575454372865
623161636193490076142816261839610802945
649575091299972272238639610205264035665
674009491934594882258776929402538144665
705392764225530216513907918844190899865
762549183697967344847655304271009989665
811948536815131231477100637310862525505
913965229652750887213952207342004176385
1041040779973288443376947472436360020545
1096758231424602270401422413875504309505
1103191861670550431458849365374999477505
1198651380209309607512582361812284767585
1263029915682859659677580804702123130305
1372526833986078376248465178424234470305
1409028084626836833329649946825475097345
1545643371649996407171503688318020414145
1545809303203463571369761270984497284705
1800507621298838781070202460150304857705
1957850784208625564531625644867820675585
2034578794969008774386551694027138310465
2178711891874563731510264668896217010385
2183870213690503886457172212652003805505
2305684640945531010993926776662787464705
2365803575141757949693638487037213676465
2741889617249375919025759245434819884545
2840720426920814523476330347997581376385
2872008518560189908553632590260280976345
2941127181049058853979694930613306920865
3513760035233812100186804884075949587185
3560490773965086492732727840241105593185
3602880452466253743022557482318071860945
4122148183856110600310748125737359360705
4199360710986524673510579178535070038985
4365260286347958038715488930435638422105
4412719476952156479922125440452991329665
6045541575696001056955704584429456248065
6288334821605635907324431410761754332145
7625491606304691121268663481359646801585
9150589922439518627139998631823788315345
9369882940893900324352266288751900367745
11247272477688498444115938876329625700545
12307245196289752064299250959997105624865
12562758934558272338405770514974026287985
14054820754889634518329259528506503340545
14559070368158999079798598647187837683585
18254940950463845858251052155107749349585
21065224152775978046042025846988022730705
21838599870787525664117084785150092905985
30683445786802608582619096062711370205745
39512877462096690082657598662449823928265
42576371742018530006527706442583055088945
51500271818328716279317946119285497150345
63507044574120563395352359559068994882385
65993268562686563941646044486481067095265
72018843431378083393061761585351080405945
74981484900517693021989949058511491819265
86839526424361232298241929027881781478785
88223074772165601380444429075782028609385
94015795282547983686400020825263650013265
106423931749278469928315090763221604512745
106891330346201129828094710937954517049265
142016567889726054215458689304679758926465
145598412766293497786097963301039376044545
164161569806068637628565029830175941649345
202508757274179036040331855199355844869065
217098344053939847404727958273738088552065
254024213153946043427396117312246817486945
267335060159569574431911475784376339627705
269616513045471676635964960346943275976801
335763936883683737358953815484568799196505
363991679371357846339675839815965090985985
376057311135273254982211475836539713355105
379921866090913116287835494831058472393665
443344850568450275876075022602497352743665
494296690271224337477142488379458358324801
518041570384420813179938242849676215283265
551332829005189999876440005743480299695745
595623347550786936481180340904854906065665
659062008945532220754010428849467249589201
775852689995596243882685565541501171584105
814110136854164498723038889344423231462305
818977651465241905826296415888726997113985
853191962049764103472587358198166305844985
868383936199639467024703519441758244454145
873575968116507992964690885017458425849345
944173307904237068546075882136274539581505
979468144866972516544632957096344622848385
1075178941754452966755358999224141557514945
1167412403620308885651442760646106236003585
1303293697098523227004962341903181486504585
1346761379094147414830776284133130808222465
1424691854491138700434900454512577783777505
1455965134638789098692367239265090478164865
1483646124107392332238998972380764696931745
1489040563208606813861644640840343270258945
1582790899433342558188178101510736534611585
1616415600869439345671354517404768007848385
1724756060683112208561732551359869203227905
1910725253929412821095504679304773107773505
1964571682915784852231885706557960641593345
2001941178909340460491509913677907953046785
2292730088491326950387257801642422883942305
2389098644596829913759720359204374951929345
2553868737007001744404128135729285783008865
2965777638507429289760895126902878477908801
3103407565985618019928959366114527903467185
3313963227793570505017904301567449548713985
3492459260740446380623347308847035481956865
3502219484252260537301968204455296590129665
3799169100855287755314593544697848946013505
4076676663570939419918679032189183047529505
4099059449963162189477248748920433814854145
4256870888707465841184983403499378329762105
4372722389473075008528972268368465511144185
4571152978598721380054145921928384885326465
5509418033668796262073733990550040909128705
5831056583437969189455501416476093136318865
7623901212417030960201128571354149846256705
8100185920396833381041658296251767668975385
8189669680642255894215126890356506001708545
8594977086762951327777908962802075299018305
8780517869346593842632571993847810736132705
10012476280383074762867163007615546559338305
11318960853916455693647020845025207106511105
13099726368368327417483607032211875847685185
13467438108590919058273506076347074925567105
14420265538982399797591251503343791605359345
17733434172394150193802617817544887816238785
18407123349702330635446602762394875978387105
19155123749436625152336452851163172364163265
22706158335443993020854793532752496152497345
22927193521113357842456431302859141756095585
23001916225148560977606043415394590339547105
25538567777688229017742198471062758068015905
28141704122187601110396120316564280243764665
28280382366926454751175314113046329558070785
29944238505800830830481935125017904994838785
30851316902404899419951467523277574067247105
32021486303517365727154125896913097660193985
33893416928272501373276761592544528547613385
40082545358736095024485609999219033032817665
40597252025492533238573516002859915757643905
43137071093548256331018512043789513857433345
45860033328286081267734479907799743558470145
47874977687793132772640840966513754783538945
50215248904040328006000410812179768601877985
56037252936207675935231221985065103303216865
57680161808438143651240512813630946325809665
61131506464354105373308181761339771166888385
63997938295863417958163790060329174562899505
65171537592386198714496260714728574087015985
70700802202320791785981845381861863959480065
96094766659110773739111041208055929239176905
98089813695673649547150704465689952152219545
106944177629531379891543356242125635821840065
111733207197634988434044369936229659957729345
117168295273964829192154739300361117667275105
128126252983023220513137149099573267478428145
130786313569116028226413421476176825189379905
130995554850362280524077915835963787582954945
132451055858404117506385618629185121258289665
133387201785125983012110081698022779035654785
137997137308298564916093492329416240632400905
142719507386680378791290928871359089982759105
152887123722536585035634850734761720393073505
159076100432755021041503990102295695552392065
174905346365137293043913732044267094084033865
183393591139868411887155216391931799895004865
187356195866493974403271076412834521662123905
198041275873372160041330925995251286826787585
200080750625406225797945665569961341428605185
228875813189443164264201572507637444300860985
234099197289699708148002906133183879502903145
282592755902671498139666096829405488851569345
284399369648784638647239445438997634373120065
289227387044848355550089168791356722360059905
297061836527527759483512808368905297455769985
297069073261306722920223598132286505870581145
304446754873360132019267200513173230807577345
304861266173670634580360143168388878184344065
326310644306403837434524663421422572681546945
407245596865094525771876030903930894637662505
497695805274235225549718796457151557133439585
540306123067270188418228197588527604020516865
562810586465292406289427221028205458810635265
565264056307361768322919507799363297041806945
565570118619014963450121359502880946583913665
576798917041907069895031648537076802971213505
689320492476887235091031358036118450697828865
694142500949138729576798613601768805761693185
736269993452168681912384653743152249479858545
756676535782693022997619753203401808717999105
877131657728837329643104805000772248498209665
915502310531733116528718629727861778081228545
1049322885191469820635161806841676814039673265
1066486300275436790622997065838895351160958305
1343445250371144998198904250090910894211148545
1567105811594586257835008895349819181749227465
3460433408034285528953224582414534062425251305
3843712668988841336457491965069576049018462745
3923512931128697708824521406843083072079459305
3957754860719958290372714541165966564602549505
4197226024966266919963654876112351805879975105
5124946122903389685359301187009114732989408705
5231346387251952092341915740533939104763849745
5519773483999718749237306101505629474337958745
6546551391913992747893983431149994996208414305
8968646484647034732064728852827730784902246585
9886777487993257324653652620721577751494451705
10277363650944174052323927509837936625998173065
11325999185630093515907587103073328742213259585
18008174791645745805279431977944341106676838145
18264010495816622655785914614445680370403769345
19225542239659465176915840155600510678891030145
26026153077213261609758369233950691586090552385
27981383081042511670445602510601896188673366785
28347865704349888828430138201526348256258770585
33507708880718556956502104507133489131691652305
35084554366456425095735720408996840737703752785
35874549016852550059002722513558043148292111745
41093841617571443108646075260048654534188425345
43833421352182021562989294537521011433842584065
49594973679760582240633181678933792280103508865
59189164594067891139570512361791409634541892705
59912412910221725748435369916845226559624825985
64820097182226622202925113504927954223443044065
67576445718807034833963861608948104564178626305
74715588340118264099135743143445904271783083265
100239808539936552176458525246214743497822927585
100451402534133976286082492938616387360028530945
109582243016502879145483789307475002396967686145
113258514402172680541337213945464815838657751745
121249819456297668158361044399778168072406201785
122936357438344846608907405772710982046358989345
136355457331454102581700134263007528790706622785
147236019474353542883147089559595311537472582465
147389450602941335575325060531092832116295992065
168939094154948945863787407857944061714234232065
192191461375433731166420687188312975830468963585
194714853486946487317758291591840870408081442305
198202277082624836395861902980791055085694828545
204538389331505026203097267554741629366739383145
226870339683894852918112009103451745632985436865
227172795020754758326291479537262452364757051265
229954858316945691858464485555542454719798586305
238854013072186336592333523397531339981296611265
251125503423566576704515495081670451538141757185
251659924274569668614164266980906031078488200545
262116073775308868102419752429338692332309750465
263681678497685960072718245260258290219651192705
272244407468163986762140941954611033905380526305
276446068675399190042073750443829402697351030785
328746001066149894720758688570745375260721086465
380111278396911260509253129210018972443516744065
386494284357627115206724963675764218749960348785
389205833289147447125670639476601184726598273865
400318715849213926965456616209749484017821291905
410929035188116013814584209888068691950090792705
410933055565586474004032421977418401647729662465
443681203484141236543820574711890201890699702401
461287834929317992149654138113420479775748566145
492205710329564512742721550309425393609569845185
565029880276551160909584249546366418575877645185
571307967813610852593685624635660337916632362945
655438012830054691373707454568379450842879207801
675755641974766545586989714392867178540180627585
676149909378481450836765208923943083871856145465
681514935550142908754457315146684637355864697985
691106907561447471910791265508587681682013883905
717558205772048198727858852930453720703255545345
728463957211224999656952206257990213646270296065
738468504830519737290834563218950748324915709185
753365283208999625444015886799699706172021849345
791041031610700061537233752760947514843047484545
883974302259716538091299933043431148558047940545
915249205460112638387756910005002873467552356865
929158957426013278587464004725413740339651275265
982924828942380903342746956477772177161560027105
1027320354409445221626239732253210469360321593345
1081361047411124002762879047616221609268584015105
1105219072702163206412992780066294671224898848145
1133891619021620485067853225715742695311392799465
1181548658054291919659800388243460290877944367745
1329242042462215980449455663251630138395620587265
1340281157979135667847353351712928522247496349345
1658648864962226796271132133993023665979560541185
1714418023047666325770563212452322684374943255905
1773836675596835721922378305833902279671220100865
2261543092153133434044810629909273804565738257865
2465557385045115632744723456230058627356369432065
2722443992326330565665741775286122652639710424945
3537720257949340031818388924712958398914152871265
3600010284583930474994903180009832586479419834145
3801063199206809585926172628494274774066985282305
4406446104403339583815228901390407031529278767905
4420807285059977379969038302134932501128576751265
4908333956897233799606926350748964661366180829665
5321483091914289983929018370489554144863809168385
5452010035979212188521352236916670980497889478785
6479815347294000396312478413996309094511234824065
8404026987498481793467010910994989603643743179385
9037776315791044820197707647270649596710810520385
9740711983125858032640195018959685916547388879105
9844603535982602845289561991082274016143204328705
10007964487832718820711114234235193788131318062465
10908681278956172404499769635925079191641958384705
13728365560386933075102128126384739303771728769345
15991743131176137935368480436431923985362119283105
17445525920277981529118568986505859876293106646145
19511229682972266588385623888187036735033754057985
19849556127978648853331249311909372044045000908985
24155320069805488134892875016630513159570775783745
27714611164946592801386375680558003305963837701745
29988681376338586518096633194411353927578292603905
32760320607002275031857628424134730747073081135105
33950395432499829910658355750651965797452589978785
35377036915383252997208170227704722435257723228705
37574908368860501346441487076879819726126114058945
38689509652590150458521510396538683610190394830465
41134396448223186259664973231754932706908373085865
44207865833353747462641584566958586459972711588705
52336312858722227779120694188280321258636803359105
73904495402077433135605095498361872539279733380865
81411968640759099654122465189759039077256550619905
84407328552205980559086596923297595903836479417345
87073929461560911376843194888819480763552554819585
110856714263035245484335817627286401993446437166465
112985360260476403168635453721168597036467992002305
150673738020680925660056793619906173119686138295265
168578564693878432896097241787513420755616410145345
189969362158035231653468438808751612077706025884305
256359664242071114396617620327145637506984680041985
258200773004581470638842004537722437491123272309185
265219596132702486182103320871243990612464579738505
373476880461503164775610146693284411825347419426385
380619686967827295198794774619719348429426422150785
667153083251479342274856598322954985679355596369305
1123852127546462422562446967656194467328034577780865
1204932014722128835449602625193787708285296496564865
1458435948288941455696896096771995288510048570414385
1586460048908336144819544370897063026788218465781505
1685777752753864769425005629931889200605927617566465
1721330873840791034437290236460732401445754618886145
2581995639038561366083436255238973556713184822754945
2859177654788484752653984660287353084033392299873345
3689520268845148939892626697793532840008838929905145
5498508207839064966882940096081173195272647587697665
6079461119399518846157509086699465293651883459704265
6474117703883589389971119325650086883483808819258665
6865295057206727552025913971200539974070470099802065
7814044684149099748588478401739454039156514266142785
7843011927166506799823402817815990656866946239391185
8476856927412873256607260764088059184635131062325505
8853406981722626829673501752133298402956945417713105
8900696394961230979085882104099381696461659406510465
10537379926156525968179928031328109695256951528021345
10855222160821802071552508465419260002950922403707265
11436698848615145624522812167585191806884352961115465
12600724385284300119302473996712978246829338950271745
13674569702761535337459700272353717263527343305805185
19072843616121816318572794264371121980298339666949505
26142824230501941951946994974582639225411762299822105
26701954031992255323187978384574927193175849862278785
28351504302636507600960208889488027784881812602447745
32446707081148081546191219961609540664775455752013505
34677671300710749798067773329424404103758410652701185
44481583108456226929877178748290681494647996790491905
46622409006765068279683181365107085249022682038971905
51547853423202732885539831045269341721092856589272065
54125225547710091250493122395911709936227417032252545
56040783006432490617239282375481951384538289353052385
64399169359739489704397481196454502565469952089677905
64829890724637930666882083555905346868497273018851905
64916357013010084782131744985375058070133523041100665
75248686364634126227672114677636730088013398420574785
83226024097209653956496597087367948487856409275039745
89764376706115972940775836349915273640053006965698305
89904783560043473837409121917754264798966890282203745
90723705168224320296193054526180030465325937510659585
104190387396540137205253669277402680022522313331875585
116554628778476531679290072216760625001946195620516865
117270842598140371191848760486649731207024147885274305
123714272909408767104231988863255651744860548992725505
135242116379172765554813193970878888899389979227545345
136743913207121609751069439966410345515777661804594945
162374854777019142578531359122891174971878955637432705
190725948146600084593017563979957225338359120510217985
192398081782834312027707094811588434489187193704851905
194488687762493132871620765224615421754704599916865345
208062572269726691551047086020218881684142053846787585
225713031102088712071038088562373676556202831604208865
225744916477966751461311156661660918943364361996998465
226808769801559201515640555177417220045251952695019265
243856853877926057187830358800355964804530930834195105
252582879134776685351896556395374062501588571141749505
257592656595484021410586382725762871476313065869663585
262246753302875413761804428157705499487203515582068865
279729808245803279611706150870618884425434393977455105
283508570886020188366971752670186240018898589793826305
309281983937444350087130855072954784274210337927665665
330591147899969365132430347106135302483891546085250945
354129093211499358552996444482960748400787019379312545
365939678547285166847655325739268872426174074828394745
415463888980231286722431061151073503747561119464687105
476809168771701401268165020690950321933736700797621505
551264523450468492328396128939257076772304602159474945
590314773501488492682356157581793951267209539601861145
603060617934737975297639168383021666067723861400472065
700908502485306876653242796632290645082446896995493505
705783240982612188864853951996398439529871776959259265
1190392631881785886402700667344959070331570986071469505
1498040236719069413361402138326345191379093714421515265
1737263696433140019350462446164735824905366603213719585
2124143745426814211832465496857793120815228819125686545
2195994257774594725201892680638973069617006724939781985
2579173491671500997653561215255156169960540973875910145
2787738181412759701593369978850323228409846260825665601
3571159820092726077118461606619582669695519536593367745
3716984093989945107410747790526906067249727717534320001
4118248777651812466893970052251496333915429481334451001
6799218855878253543292429860573253718999487600494500065
6893372775560880787471323993620965953938829280837796865
8496442358109756786087474062677471607501535358367980065
8742558350563044079610068778186675732451224245354262385
12312929886014359114259873410170093527334952218039222465
15581497516048315333343363703260495654107346876574058905
28210620433699160968040440892404146248278957586883403905
30450007812222799947379747297692496167837835594202330145
65669718838057778536548705404102687237729963246010960465
80996980286332294341213347363607572842473376847770488705
96844889681063603240001008723101921083307848899825520345
135138823609534660181727958027312986952527138378608292705
142038601707656062369415280745307148432565044459085441665
229928213779720856288983153818555940843102038575616220545
323994683635023531630100107033499581132055046602951607745
496241487853738224631673864203144044785377130639741144385
1511969009111683050102979274469021628355854662412509759105
2159955004826224605633640638524760926841563543763177841665
2339349729401203219752649145804617605124572484138907289345
2677643934889443480120459459654999193401329202875606180865
3308261954382966945696751288548847277719026162884278684545
3516994471415795925383058196967517385394770712910325608705
3686709175107991096532150579118091721064122340007838044785
3773757326301398145543416024461182999498377404759751099265
3968915909529319781490070279847033135114167504200459572145
5470875344037685349911991036459413655402034185827502885505
5848361608217616930071737953620397880722654257650674735105
8334254115252466455812884388072189240239027649000711693985
9434372803898941221555533871602548968170048220884419040385
10439955688778076201956889635236522826265195835870260652545
13158755340478379636326060791669188847769410801361469439105
14036002588349671161076579532235043763815021586606764803585
15446094491128862710791975789978096046470771590413134534465
15518842108029145154321964914995652210527052126196480072705
21386879247245522326446100904153365329071092883873173873665
22861697425652703835393634577888462773580000863502477241905
23924853661457661211432716243209814303669106435922254256385
24701678128119835690753720260021197227565866000322745380865
25616688531261258009919785850029771045577406968850085185985
29733540184062434735223676377377344616787350211710658820545
34541306617781629372808546645935864453958036647861036415745
35089586876161809197772031271361303481210915814925945826305
37737080983856143521392882278090296641643645550552262376705
39848146143133776549913740832222112790149928341948455371585
46252131814826918124722258991412159605708051432995235623745
46338048931701391851633543672413314839949900722943633054785
54442680296009483338790529619830434506936272454094470554945
62592189393366491283069808371756652798668136133291771542785
81119092290170498296291433346769621644247986874725449880705
103623395359838282367598116328951277950875135536551945109505
111734896149317806776762101149637743730753957173210901625345
147465374607852928390563120422261065966810528248875192051265
175019279236748699802375519069822768297957899961168948106785
218714480672550246913593485316962863765289378272397087089185
339710678108528410903943508344902384614012733292117752928385
413412666087124866935932786711783156119697113275191146166785
470368173383873229795503933592685092173605964723322245797185
540883259043812685830526677205226983231143328118499193682305
574125115498056846518339968732694466805441810602279748042065
1019126875978601889709835217912276643529698278794405506964865
1419817575016504156355922669000072208571543876259785607648945
1989473797996883942379461022404631860120274572712968323589505
2195038381538734732383402255739972825007038951803869638038465
8028131202570646801408288458463139683497903671772012623425401
21165068608660135619196885146797402865056463191286879201577801
28923636634753006036416048356888391669673022742036313438165065
70499823358184862864462083853972850728816976214626420164460305
1613966504658207526574967451322667582745150172829599055972191745
1760690200685171100116607213103096124776720122845539183726505985
2603594428319186909971459127012283836196920037469252238156008065
5774207696261156259141443661346085193871556530830883376390213505
6103323438941185424954208937724574937514321273921074740544896705
7547788243613256402302713172686325861345954579662207587927336705
13648548273030379685483450696035159672743616726925866346208232065
21231055901765802965402382855751000637676484931864321060192574465
30835367555431085818376260292164378499632438807133839310644834305
30996082224092949528534841699725502144608782459915850218825391105
37970212291063507377027577684895967895825501808230312293772425345
105161524805240366709058039597602269943218394495186556284955598145
134232258215769590699351526056879693549227149394847532538863263745
510165972297828862787041831418374295007705356049510862032792984705
15815139890654317643937302702704031050555817098797837887948139322305
165981470622812606439534900507852543031942434401834356193457612457665
148868283057188758277799533660791422287720073587702028566843552240442365505
