2 341
3 561
4 91
5 11305
6 286
7 15
8 825265
9 41041
10 435
11 124
12 45593065
13 825265
14 11305
15 561
16 35
17 370851481
18 130027051
19 418285
20 41041
21 1105
22 6
23 38504389105
24 2531091745
25 30534805
26 2203201
27 25585
28 561
29 21
30 7550611589521
31 38504389105
32 370851481
33 68800501
34 682465
35 62745
36 105
37 28
38 277960972890601
39 5342216661145
40 38504389105
41 979865601
42 12306385
43 902785
44 1365
45 286
46 33
47 32918038719446881
48 929845918823185
49 7550611589521
50 232250619601
51 305246305
52 87570145
53 121485
54 2926
55 561
56 10
57 1730865304568301265
58 36116918534792305
59 277960972890601
60 9746347772161
61 16648653385
62 9073150801
63 2103465
64 421876
65 41041
66 70
67 65
68 606395069520916762801
69 6748244949134115505
70 32918038719446881
71 1237707914764321
72 1387198666945
73 211215631705
74 96537441
75 5533066
76 1242241
77 1330
78 385
79 6
80 59989606772480422038001
81 144331068898382107105
82 1730865304568301265
83 21083752607078161
84 75749848475665
85 24465723528961
86 3958035081
87 85851766
88 68800501
89 668865
90 5005
91 105
92 15
93 6149883077429715389052001
94 59989606772480422038001
95 111501251335285833385
96 7156857700403137441
97 20376561218755105
98 1135341818898001
99 705095678001
100 15539169646
101 4646703061
102 8964865
103 185185
104 1785
105 195
106 14
107 540513705778955131306570201
108 6553130926752006031481761
109 55744585926989843029861
110 464245271254115352001
111 889464476798458561
112 105083995864811041
113 74398297074465
114 2539184851126
115 216337302181
116 869591905
117 9276085
118 418285
119 62745
120 742
121 15
122 35237869211718889547310642241
123 936906531749835474321681265
124 4210945972523092168052401
125 44811758718835142031361
126 78425138002874423761
127 7156857700403137441
128 15688885568657665
129 65749886703865
130 9746347772161
131 38504389105
132 247803985
133 27265161
134 1050985
135 41041
136 255
137 45
138 13259400431578770557375638157521
139 35237869211718889547310642241
140 536374065688513140999457261
141 3705123571377612412629601
142 3550946679027258692545
143 749882491255354183441
144 718436793324456921
145 6294078508433716
146 152064312120721
147 1955141970145
148 20453498065
149 4005915445
150 100743105
151 2615977
152 7735
153 1305
154 65
155 580827911915963785382253469211401
156 16436339323398125468929351846801
157 35237869211718889547310642241
158 706964843373727877829777601
159 2803489300662116176631521
160 97739352210460144751281
161 147472343950683873121
162 3678127608750041161
163 38220833313789841
164 438055299503185
165 869967459361
166 90772016545
167 615830865
168 78839761
169 418285
170 41041
171 1105
172 6
173 292408776547176479576081475390697801
174 2810864562635368426005268142616001
175 8050710370567704449584129942501
176 35237869211718889547310642241
177 224050001448666774073730401
178 6553130926752006031481761
179 16934918613518398379601
180 144331068898382107105
181 4309775649977154721
182 10963650080564545
183 44390862460945
184 30614445878401
185 252103558785
186 370851481
187 14255605
188 250705
189 11305
190 561
191 21
192 39498823114155235923831808284152901601
193 240672954573512354840692664493781921
194 580827911915963785382253469211401
195 11455092824790870882489210354721
196 35237869211718889547310642241
197 1190768235553413229068442801
198 1628242149559500643128961
199 25008389790996786401305
200 600532533491463493921
201 1730865304568301265
202 703827003024145
203 2024834021228305
204 8367701254705
205 216337302181
206 370851481
207 9276085
208 146965
209 23001
210 231
211 10
212 3284710806953570725820888298298841565601
213 64157483993384988264818331738782694001
214 276428851755617074475022611906162521
215 2810864562635368426005268142616001
216 10346336939801147690926746452305
217 35237869211718889547310642241
218 271085836636481833174454961
219 5212391303839360484730601
220 34267887014121915320881
221 448139318112535116145
222 378958695265110961
223 60977817398996785
224 755978446976545
225 8062111507681
226 38504389105
227 1011093265
228 30534805
229 982345
230 14091
231 1045
232 21
233 327373784481535488655521620744179013043601
234 12758106140074522771498516740500829830401
235 39498823114155235923831808284152901601
236 349407515342287435050603204719587201
237 1107745381542363130441716533858881
238 17722346698856852087335799385601
239 35237869211718889547310642241
240 540513705778955131306570201
241 5865875968987996424830081
242 46213544832482842596145
243 70997388848455490785
244 8715422928598564465
245 38220833313789841
246 277960972890601
247 2865349138015
248 73809808345
249 370851481
250 149308705
251 1683969
252 30745
253 105
254 22
255 221404014114397213806721960178887462402717201
256 2333379336546216408131111533710540349903201
257 3284710806953570725820888298298841565601
258 31536136313871712841458790840236132801
259 182551639864089765855891394794831841
260 2810864562635368426005268142616001
261 6277165204680214367165893577041
262 35237869211718889547310642241
263 516368939783235055319643841
264 6666248820450487004234785
265 8740069689124381649041
266 1035551157050957605345
267 7156857700403137441
268 40165307365504321
269 277960972890601
270 10682920168921
271 38504389105
272 5394826801
273 15796011
274 828685
275 5565
276 154
277 115
278 43691666165877828056799483424028795272585383601
279 294571791067375389885907239089503408618560001
280 327373784481535488655521620744179013043601
281 3311571693467258194511339708082225336001
282 27195707849978542743963880464551796001
283 301538634286454029221982555030827841
284 580827911915963785382253469211401
285 16139226953784868568253013598281
286 35237869211718889547310642241
287 914746223818696417150829905
288 905583325200224826396241
289 315713872811702696975281
290 942668592570677239345
291 3678127608750041161
292 15500641820194531
293 300178030673521
294 1955141970145
295 232250619601
296 441485121
297 6697405
298 130305
299 2926
300 805
301 6
302 13213974925373194568934435211730355813060799098001
303 35654496932132728635037829367481372591614792001
304 198706601366644736616611056796896784448143761
305 1368810886441013173587976712422573081852801
306 3311571693467258194511339708082225336001
307 73646340445282784237405289363506168161
308 110459029290583468897214009253142801
309 580827911915963785382253469211401
310 7987824248924298023024326273441
311 35237869211718889547310642241
312 77598448161251052890039185
313 6666248820450487004234785
314 57044715596229144811105
315 518709063780935028001
316 1730865304568301265
317 30582784891820161
318 277960972890601
319 19724204460961
320 194755623601
321 924594385
322 3243345
323 185185
324 10465
325 66
326 15
327 1952204134080476076724242017017925744953021675628161
328 12063032600401608598879371883521487565668785621601
329 25244797793257979881680188183054748174321971401
330 294571791067375389885907239089503408618560001
331 1030476089668539711896764305326036120096641
332 5776092913096212034861655113327698448801
333 18882844528034120047135319841385709281
334 240672954573512354840692664493781921
335 809456341985518730446913266059841
336 31181007152796959543242113944065
337 33331367699790839373500286481
338 1590231231043178376951698401
339 3044851405651134285633505
340 35026854764449739512321
341 111501251335285833385
342 5875539287345688961
343 37502491898112241
344 570204478464985
345 4026013792801
346 133338636145
347 2313552865
348 4509505
349 763945
350 2926
351 561
352 26
353 633922683896008820507659141940205847766668463614120801
354 6745352881149011111990530747037504814343096684894801
355 13213974925373194568934435211730355813060799098001
356 35654496932132728635037829367481372591614792001
357 210402642119721899377193056251164005384608001
358 2056225343036341629520245911177117725038001
359 3284710806953570725820888298298841565601
360 40052075348989250805207176198403755401
361 117430639482686577352457688354661921
362 2810864562635368426005268142616001
363 4376697015429756695398902122305
364 104486440932705863789246492641
365 557862732364972141416776545
366 6149883077429715389052001
367 10760377574725086214621
368 645456517794154267201
369 1840104392624619121
370 103612326811754761
371 970685321983741
372 8149872767905
373 38504389105
374 437421985
375 31932901
376 529606
377 11305
378 286
379 45
380 208615777921466463779477993429576353802684390620173966001
381 790576988081356637558323572312206294073043080081726001
382 1952204134080476076724242017017925744953021675628161
383 13513093081489380840188651246675032067011140079201
384 59338946639530592457463373580043196079839322241
385 294571791067375389885907239089503408618560001
386 327373784481535488655521620744179013043601
387 4906506767643802199804549170980056110201
388 40471724936756165060979769403404522801
389 454789213189146960232873073877691201
390 234677193463241904999077701728481
391 65532451909750614327113956180801
392 35237869211718889547310642241
393 540513705778955131306570201
394 3166020725529766071003751
395 44418006354696358104721
396 494896497311071272781
397 4414718186114917681
398 31537653988317841
399 270454868691085
400 11985185775745
401 18186833665
402 1610850241
403 5533066
404 474145
405 27265
406 561
407 14
