1 1
2 2
3 10
4 17
5 469
6 646
7 1542
8 1601
9 24939
10 25090
11 43690
12 50925
13 77577
14 84002
15 131087
16 156817
17 174755
18 182106
19 220974
20 293930
21 371307
22 389130
23 394290
24 401573
25 440819
26 492886
27 584326
28 609301
29 839590
30 935685
31 1727207
32 1775622
33 1939666
34 1948705
35 2235041
36 2267650
37 2348667
38 2817977
39 3636367
40 3973667
41 4018261
42 4452070
43 5304426
44 5382963
45 5503342
46 6547970
47 6646882
48 7116507
49 8294315
50 8711403
51 8794283
52 8906567
53 10670426
54 10945802
55 12973567
56 13041930
57 13070882
58 13194731
59 15382407
60 15791793
61 18760001
62 21766530
63 25148865
64 26320333
65 26524438
66 29800069
67 32737706
68 35729631
69 35789926
70 39223334
71 39720590
72 42068907
73 42953942
74 43098466
75 49467041
76 55611734
77 56721686
78 59010634
79 59786550
80 60430971
81 61247973
82 62250517
83 68276267
84 70720863
85 70742117
86 71282397
87 71521301
88 79876610
89 80042006
90 89762582
91 94095515
92 104040421
93 106112321
94 113674243
95 116304555
96 117466051
97 118352715
98 120061794
99 122307734
100 131939083
