2 2
3 5
4 3
5 29
6 7
7 13
8 17
9 197
10 41
11 5741
12 11
13 33461
14 239
15 269
16 577
17 8297
18 199
19 179057
20 59
21 45697
22 5741
23 982789
24 1153
25 29201
26 33461
27 146449
28 337
29 44560482149
30 269
31 3272609
32 665857
33 52734529
34 15607
35 1800193921
36 199
37 1101341
38 9369319
39 4605197
40 5521
41 1746860020068409
42 45697
43 890220016097
44 11483
45 238321
46 6771937
47 91962100830401
48 13729
49 40710764977973
50 45245801
51 20468307053
52 66923
53 68480406462161287469
54 7761799
55 120159269
56 1535466241
57 53535197
58 63018038201
59 13558774610046711780701
60 2281
61 4860136428481
62 3272609
63 304728101
64 2448769
65 3385201
66 52734529
67 3648126404899433465221
68 757793
69 81042255829535617
70 1800193921
71 353183656631413
72 1523089
73 1653385841290367057
74 8761009
75 2004001
76 9369319
77 110523055197017
78 4605197
79 290781543899617
80 9393281
81 176018980229
82 1746860020068409
83 10455133697821667700137617517
84 75937
85 3276118961
86 890220016097
87 44560482149
88 967724510017
89 4125636888562548868221559797461449
90 1529035201
91 1807152590055509778144337
92 150039121
93 21494743413605524661
94 489133282872437279
95 4251616538680786713636125761
96 9188923201
97 4760981394323203445293052612223893281
98 40710764977973
99 93052705802012471592001
100 46025899
101 161733217200188571081311986634082331709
102 20468307053
103 20338092949190837574347617998161261
104 2359699608747761281
105 602905829188321
106 68480406462161287469
107 4494890327555188465636717
108 7761799
109 20760103282053089170205978270803621
110 9393828511
111 60420844473533
112 11276410240481
113 7228091685084761880821
114 53535197
115 16926221323319388481
116 89120964299
117 3647852170476820500182788801
118 19175002942688032928599
119 124184528278158277156066844761
120 1774998973441
121 24479055365908097593
122 1213319877845761591
123 11358537748338103332221
124 27027163
125 42435944252714116001
126 471978251263
127 462419522774000629
128 55780318173953
129 115733441597548339009
130 122370337440391
131 856801259058475927601
132 52734529
133 34786900322220782861
134 3648126404899433465221
135 3629521725022437903863265601
136 7153349567063158273
137 760355988023966234270396499013
138 81042255829535617
139 205019655488735878562039955639420609337628626679417
140 1800193921
141 2609806962121407432690292249
142 2721156687009413567
143 348978808693021039263536981052190741
144 29827009
145 32328736444651656710472588502580592949
146 1653385841290367057
147 261178556094576293978379077
148 102845515571963
149 25033433662289323209446285522381470904942857
150 45245801
151 22338608880276260983846822002573763430915604857
152 2979768950208883122238913
153 6176457308449
154 110523055197017
155 394137535860001
156 814270393
157 402044977369524231377671429965675154956934319925617
158 8646125287954009
159 688800788638739387000737
160 3145168096064063804528641
161 611871599035391653693123463016469625909
162 176018980229
163 1528327854129402847802890657
164 3493720040136817
165 2830932061194148643161
166 10455133697821667700137617517
167 2964793555272799671946653940160950323792169332712780937764687561
168 62811654210817
169 509797225200768669611627973991432247136359391067500222337
170 29707025728723422361
171 8342237838486153673
172 19712383976963
173 113126642870924445299758524712787864881294616069090781770587921
174 63018038201
175 474267455024248549
176 32259763523421219809
177 101294597562062019307868126237
178 4125636888562548868221559797461449
179 823184656444151489234975433274325166040640547736377450869
180 1529035201
181 677413820257085084326543915514677342490435733542987756429585398537901
182 1807152590055509778144337
183 3349727624297505721
184 141124771638127729
185 193356537399003701853883452841
186 21494743413605524661
187 4284490226003477183800013726035808821
188 691738922446276321
189 9043380838008100081
190 4251616538680786713636125761
191 4556285254333448771505063529048046595645004014152457191808671945330235841
192 909796961546380464769
193 4705951771408410614406535464113
194 4760981394323203445293052612223893281
195 298211613975988441
196 11893067548166897
197 14407774641406810702557233881
198 93052705802012471592001
199 1362206454708311709881839401901924110767184969713808434893286849
200 302983233178148401
201 3648126404899433465221
202 161733217200188571081311986634082331709
203 46810261592544097206928700551328154954145332714153418828609
204 3445496838337
205 23760047168901813724154883474443577248681
206 20338092949190837574347617998161261
207 35777366952703449988750061024789
208 116022453467595485290817992513
209 280845247831919199493204935169
210 2836044823096181761
211 597022074557916995158868855648095102323971559528158613677453
212 68480406462161287469
213 103986587095849541
214 419297406756778731194526681071
215 3254220085440451148492602429
216 264889441
217 40170916755292201487057875866921881
218 20760103282053089170205978270803621
219 30069113190174552303125193533
220 3659437867943881
221 36450282030594638566325585107524267129245042934150151987876422518145841921
222 486095731669508868678073
223 27916102337170066415522040843165375666735933375390629129253351715915388823454213
224 1036189204218496590689562241
225 13732101458556150846601
226 162951047649951023098749649
227 4904617886333684627314927336539771691115607417270410722620336353371954009
228 171369731867
229 109507835936501161243152247012986811996913
230 458358067072296268139866601
231 877546927305888329440167264048578809
232 928557820613597775470801
233 31159957512162359510722233415556713
234 3647852170476820500182788801
235 903860012646529176313853494277996730674881
236 19175002942688032928599
237 601988616699557646477363400550591869963379855218958315635969
238 124184528278158277156066844761
239 811879522199492631597462805268169524609756869436808929294509417
240 15638200177058824801
241 36041914050342215924802210937101571429
242 1274457592174789481741035819603780132828279
243 1379484332296517026954936801
244 1213319877845761591
245 1372753584410432564783804410306547851759762793411069
246 11358537748338103332221
247 56016676856621166464310048831549203856891310378478592663053302019583902520830201281
248 1898829606568065361
249 1070396374782948315053570082821857
250 42435944252714116001
251 1030416822749674070040661571944865733049
252 54467152961761
253 7016219592114425250936242354819128217364614931297307752589683606220716195488273
254 17012811156608247631227391967
255 16446349222154248369286318377989149
256 431302713980890947612633357964569696769
257 81621330294770651861320888171562587614620304100785844883920376945100294097
258 115733441597548339009
259 34941937353436587578952369060846161
260 1359806573749080601
261 4979660323646288320580658529
262 264623881335991729549939634728969911119058637313
263 7323091504748396908145115320413930395099977
264 10586068985713306007688481
265 76551862985648214556533739426813841
266 34786900322220782861
267 16991659635144850315202406438401479574953181
268 3648126404899433465221
269 3637371580125538555796169430406201279674737549578489920264080330633566842157
270 3629521725022437903863265601
271 25989613422222515981769655843666753632097161653283978470091859273902379424772802332632369
272 507484858937618698569373022732426977
273 1807152590055509778144337
274 655861088172470374246867637461691699639
275 5255649433050654133049202894716060040322187368285422944149
276 81042255829535617
277 13616222343974348270652370545894432091546604964439917185461634442702342738577
278 205019655488735878562039955639420609337628626679417
279 91144410297919562044729
280 1245853636565255979087989134833281
281 13953739382590208464408656223565922101724713659029377596498180316701575275741103882313431246842203177
282 2609806962121407432690292249
283 102208220325507128689404346440250159117934714878252444050581021
284 2721156687009413567
285 331526839894223596644162188275015962581804511001
286 886662332287673462487262720001051984838329
287 238719972541036411261111163989551021145503255949
288 5577836661177128362617195077849548801
289 10182848816451742522957592672488160293455622821170426533874068402276494393867209333274769
290 32328736444651656710472588502580592949
291 1934927928101738842040444899485335606936593
292 6195980350983582340001417521
293 54410727169764118747070472148801088739952422112986720079503686949499102520653943641
294 261178556094576293978379077
295 28775141266659411303555004836070817019624221906934782068539802947125571389
296 269914496787930788048518982299248090651233
297 333882944629668125481837497544906108238973974686761858926680192313
298 25033433662289323209446285522381470904942857
299 24273234195060620122212265560730490387773182933090643330597
300 394505184299
301 2767467335468480626596675941
302 22338608880276260983846822002573763430915604857
303 1306932757457785018216526981507303395910069549
304 2979768950208883122238913
305 12829550266468880833122147899928128897946095449315672699450017212199204456200835115856989
306 30425062096395123908761
307 33646796431293674050852242667639614737801
308 88154064994712474297
309 1087996555102399485842203799887053459391638554243779023671835749
310 22837088565264498576743174475135232827961991
311 341519837394626082048477087207770532415718139526358609727024753163619068555057642220752753097
312 4469711882959366170509869987607329
313 24329624394821240884713183931866333588813903449990739579845262602189594543333
314 402044977369524231377671429965675154956934319925617
315 100908317635008915716720879122441
316 6018991624184675841465707
317 16281390308544949386835314807856776694123467965473244297104591531758653117436660660619347653841051613397071609
318 2488709146155601015494960001
319 677329918069375734910357201725221
320 15432265760546651727847378829919822241810718081
321 13287423541915305067088849455619893391061258651686810435299441537
322 278385541557581692171965503266991830010384861679361
323 2317727606721233508944861664810497209782301193196755504810798949882115003216683872793673
324 28304186491764899
325 541046219299569519848381664105703023483878201
326 123426017006182806728593424683999798008235734137469123231828679
327 20760103282053089170205978270803621
328 5592561812330405818324205228801
329 5186287172830704967519375389500452282945192967832670707469497868967707968679074068890065142838657136284161
330 4621881599944233596071
331 129951543298491884706179627629351616821129370365248097021177476258501256430729
332 10455133697821667700137617517
333 97606684743637913049110208278258252783384404253
334 2964793555272799671946653940160950323792169332712780937764687561
335 127039776800766198091118527523553561631505118109
336 1877796558443960751703394401
337 201787033391138203369702003062641432563630932454976509
338 509797225200768669611627973991432247136359391067500222337
339 2285830546261326376044350113
340 29707025728723422361
341 6662597950330187212172076712666284005344965818656441469005567262929270958106504321752309
342 8342237838486153673
343 407061187223919008683096585550814337191447037587226373952371811672132771986944521396718297
344 19704003587098745499739726549657153
345 270380840000632868881622115619313560321
346 113126642870924445299758524712787864881294616069090781770587921
347 558125776375039453865578075317784919738786193168797219080819034948490446777
348 4161669519159690683
349 419000939937182518995327215399959760098420887018253991265020819526173392870762207570524181699559804669611460496523982947186573
350 2086945391007914335449689951
351 2683708247544136445211882262603839730081
352 825399144007375909966989250433
353 4993641771456292813683607971191534707430789074955304646459557965069187649247534501904941244391688901517
354 101294597562062019307868126237
355 50989168827200301398220815251175291480710132681
356 4125636888562548868221559797461449
357 188590928324954993971286866449194411805702719750916267197
358 823184656444151489234975433274325166040640547736377450869
359 24870322300340313376149675349196422069471084482894571979617512867424749042992780971381095712954421
360 1005011961556593838235761
361 39330006703850505769586059189807082280648538137945488453980734279873751592065589
362 677413820257085084326543915514677342490435733542987756429585398537901
363 17285861123986667369479370880386296041394963373
364 6359624919820645631606736289
365 36506936443011512256566034202955849929110154812733905869
366 23885662434669282707497
367 4712370194177214852415451301999185197224004293796212927396635632701676996436575032150278182046124375980091721
368 36360308503407378548083990670926805624555582550432779903228449
369 73850317528217466357952115557599015578005337388687299978208585220369786352533235178474288001
370 1466917330630300822076149549201
371 8952579785687460433906892874735792511205618173314724834170275888074054894070185200585608275410195240437
372 21494743413605524661
373 32797129152351208964707613945010845778577845848616598985925818826373861216434659544213211973569748428556633
374 4284490226003477183800013726035808821
375 19579210990032102259129283750777498184111206209383594749
376 135510371914489293866441420096849
377 125969102215702910189597564540131190701880426440538911309431953374263058500064154618400882555482638795729
378 1649217197755587150427488823
379 18547879074951167392434057995983372970694739296222482949162211867318210117
380 4251616538680786713636125761
381 1157899826216628532670708921859742009192154507315253624590300359968514194379038317
382 4556285254333448771505063529048046595645004014152457191808671945330235841
383 366145297987373075284831109404018434988607996687974972136498251514283583535029696300129
384 4692657322680682299649
385 1663033236960034675386842172158329534961471484250121
386 562876944100455258986800710458218540288797129268746937
387 190651961400480126888371177993650735504533243060177832278998891265250484257
388 4760981394323203445293052612223893281
389 23982272696387976612444531242010514318853578437000920645789828669711904614895278985987928483343980527296857
390 4992361091966476967712481
391 19488510132942826460083321979771040007949860820735911555573409042372882345803537410423955581080612314768861
392 509572024849130107871990478238694833
393 38908789450945745572024434194777906730034871164700137
394 5585844603078570110272295663667631
395 1314944457643906290408181082324875301218179002819016763622789
396 102409961134092245152201
397 140090060178569715737074913861424340203092868027788361167235850261756998975756452150338481475567173689733
398 1362206454708311709881839401901924110767184969713808434893286849
399 2681425242045225137594484241533715601291499065146766384344943057981909
400 239917951276424996019126892293697275235155019201
401 206360445550155280581518769128720888288873449248368995236130245306459387800998507607510541343274377413207679714606211401678552550461
402 27424511806010328019711
403 144909471280290918844199756537197824727681791004654740339977492337135304707942844348698255311257771049
404 161733217200188571081311986634082331709
405 12229186276578111255884634276817285310927269232325578161
406 46810261592544097206928700551328154954145332714153418828609
407 3075598034710535387917606881868598125235470811628517890089449904192021
408 111853125107775860881
409 678811644005099776036372606915915963388324438613762922120603632424984717
410 23760047168901813724154883474443577248681
411 6388535803102455058206372155861486286890298896030877693612715364779144704507826183239693689761
412 20338092949190837574347617998161261
413 208350857229498611657915072787472885820575451345457150163470714167615671399485015921308015373286217
414 35777366952703449988750061024789
415 224509368855728905643581757496628717544638732929038961078675548088189258989549746229
416 4995930454309840438360267092140005403563685872306021994691296817601
417 205019655488735878562039955639420609337628626679417
418 11619240323541146320177257577522489199015232875348162879
419 89180523089592787111049744836047345737483139888434371898387958570651121773222251758142377874616919701522872788066620062296165367516210437157
420 2836044823096181761
421 1403585359808090345497967122578396075750569180352430137427281089083490283804221301594329934327712251251730181
422 597022074557916995158868855648095102323971559528158613677453
423 42785483850984633614391773045090538876085901
424 505919083304747683049383996187117996818309746037361
425 208679893074753753382553336876837659687487071424521622237143062907788617163469058401
426 9822260714572260285958839607
427 432520591895762275888680859683097330664300143936311017
428 419297406756778731194526681071
429 14887122872299074836112280497382993882451323515118335337
430 3254220085440451148492602429
431 43160015867736202301220590436287835870277613088769284690115580852797005401917920168371535639915901482571923755711695843423643158477990921563115453425874311087413
432 724461173433206199058515309217
433 20581904485505737533581255990894010772602130381671179113422749899819081221986739988013
434 11107448282032619838010492060016162461219583
435 32328736444651656710472588502580592949
436 20760103282053089170205978270803621
437 3339892549535908809401162373538843490107788363951498085106707423618388893918603269501625897
438 24985468603823388352410698403174780019011731187353479
439 1833040807315847616887012422261253113368993135968082007436452580168859836188381494631578469
440 8208677481866471243372006395653930463841
441 1569152117201309050462335453740496839617989530566334155182270037201
442 36450282030594638566325585107524267129245042934150151987876422518145841921
443 4553337491825988149482245837138520922553750799726454482428829325989820099237537556709627260522181
444 1923127286047740978633628633
445 91410256121162445421941567738855711886245159666144409115518298586218773264370705155174964701040794414280909
446 27916102337170066415522040843165375666735933375390629129253351715915388823454213
447 24172798367383773070332623029986992972005469284956295330802768500852735308044319676582982373121
448 519347201860677397878034466108581115884446209
449 3090759936366925112721237955651419462814155924858115731740962062143099487492533773652318507019879714960154130106081698596249284378094740220954842701
450 13732101458556150846601
451 86375173747790135427985841749481384083496914446565670610057230993
452 4226843717704103649978029087871823846796513
453 22338608880276260983846822002573763430915604857
454 4904617886333684627314927336539771691115607417270410722620336353371954009
455 69013938787550347352225672251310196462488305368407914211481659352502221481
456 2979768950208883122238913
457 2759294725875471807911689088294726461537129389469027510094534820768865697959164590464761783108968445202305269516254837589
458 109507835936501161243152247012986811996913
459 173539136942993281916720988254419436366176301042370616736581122361472877648514750731485093174051884013394067201
460 2782986120564114537099678310561441
461 2572081468133595738205815611707190125953148731464839366515512023809081984825240719600558875463055272042862365713722905924670620033647641853382651413
462 877546927305888329440167264048578809
463 1485879283566585283827298681574014605587470038393961701218983441722564163311417675744160203046877131700617
464 9138628250990901616622430272154232577
465 14509630690823188965068079695632383459566820149
466 5131963772642114913283455185215585957990734921934957469449
467 607762809269750466068696295551218904777571205317983697677643969038869995379825145798507847684894605378740365099163053835701765856229377
468 4014675293764999091570919721
469 1262355978927557124082526347321543929650812263453243732959591553278206845053
470 903860012646529176313853494277996730674881
471 5974789300727564259465877071198918815153320233406668089537168857
472 10283806204318513703782544502425819130214962794404416769
473 215486381298588019566353770133142780450425548805403282787646356065203271699128025837828405890069913799784776284946197888403411257963029
474 601988616699557646477363400550591869963379855218958315635969
475 535989669300389095720656912376199642827280292318276772025130246492188801
476 124184528278158277156066844761
477 2979669739016629660489485236502893541258448425999640385736529
478 811879522199492631597462805268169524609756869436808929294509417
479 8411523463975808503343087719356788981332264960910366781092677977679226046637693836428482922533747362333097022752499679529410339258036177980589461
480 2031194625410949344417752005256035642146881
481 463547283076882085842296558135706833108067619764162551436299542433317318750808481988021252394947417871376850611616329613
482 1486411962119573876875091096050083538553
483 3464392839896381327185577383055472779593
484 1274457592174789481741035819603780132828279
485 5597141917465657700975037248093544658300227671243268986777635259152013050543973275488242933429865450509
486 6364901778636518888067332047
487 155762562485833378098391473581998235972761293013761180187641704886684596934469189441832479551951071738987494588110828403690641415266472078134110697312948499457
488 1294587391025517108269402104285542822461570130193599029569954635037685996753967281
489 3970181939742856515290336794722537465884083153849890533
490 1372753584410432564783804410306547851759762793411069
491 898137221719847248281016193326479884477707369744429037824399258933649747600915919901445734349469344008338215610188155580442980504319591286048259437693583622602173868139024473761
492 11358537748338103332221
493 629868217287405048169545593078011512180651212067599351810904869333842326763517682335873892492114290511030653557
494 56016676856621166464310048831549203856891310378478592663053302019583902520830201281
495 18676668715602999303481774456813829
496 8482937395455668076598669437516191903764628010017
497 9050664925571730122710108492470679255815671689394918439132897737146202581268847587080278888825324335487739872535548172024146666133485841491727825987877
498 496210244297845611978789008015554679662411051983030928645631041
499 862178547486931213673189983890963963231915563451758137040276197
500 379723948640279572612516385111179001
501 293218741469146407452559133525720167593368899839722375861934865909712601687594142988069980222634033
502 84373563969901336155574220429361104544732963804121366613768283358774709326519162050432889
503 609005323740423744353005747377887235553845646907835848460668461197411346975829
504 13173424566555613289386140819523165986015399896593766401
505 4985480597941663875189569916080916813873358543118174541632800511585989188075141682105608210493901208786178676936269909
506 7016219592114425250936242354819128217364614931297307752589683606220716195488273
507 171400168618304120818267000677496256872155466435831713649236882188062537
508 41327169055793592843916716889976411541814777
509 4341611323334373169730998333875138513536605385408785927048955886476385894040477
510 16446349222154248369286318377989149
511 2623238220009690728569274737431101697522486500773659476337378843101890325123909279101476257370542677648838383913029409658071655754679305398660467862638262881465941
512 6557680819899992376836645547305255477821013861491335119444201774860496852003279873
513 1391390033793318699144177792178827377986889203450732413332214665337341333
514 118119373866262081485223899617886417593271902402645222441921910431040354300019446804767966058309121
515 1518594608363750115316581224990847823794210625116758415087154417731952429
516 276431598001487177038457370080041
517 83879156567113166314319354972157954810163318341925784254109
518 3136229285316174447423026900278757666414021603934035676924671
519 903026820347361964282432546452161382940248137556462178965886890473154795746194785230393289594116987809
520 68831019835376122320628215440107058225057028217858568934892302970321
521 13552370809542379726156272627505186702269796001657570180962248147872897737968147206231959612874481551573096856714740816546164821738400895436323499398043755453345220611597199568521781
522 25441104404665139595588888511875206754716346105607252231
523 54971607658948646301386783144964782698772613513307493180078896702918825851648683235325858118170150873214978343601463118106546653220435805362395962991295556488036606954237309847762149971207793263738989
524 264623881335991729549939634728969911119058637313
525 2175305903366588337850818127089128191155091204610401
526 4841954026450598695720512662901232260956790354752534047544169974903355406696904319079
527 39244075292379342041279426380674817134717856685200640027563804288582505968739834453776920673
528 10586068985713306007688481
529 403775565450467570688368356795984405164215333594255123532292087916563049812602720937
530 105269510341663671422481190792666809202030103671
531 11998273095167851527046701155343051309510733949957
532 46204729145937388018150637753
533 8723976216574076676323885989288218681821883431109847999241755020657117708434978417859218149
534 600028194099659949801517540454173889616496499747959
535 2627099130338318733779181102135790111795854901070736253589
536 86734740874952011306510725744312393844118814503089415852930426402240720359162663879201
537 823184656444151489234975433274325166040640547736377450869
538 3637371580125538555796169430406201279674737549578489920264080330633566842157
539 22835266852665323182154062155114416116965152536904529715725005571931363481988853480847924723095439945579584153782101707859186251655933267467033276074255901
540 3629521725022437903863265601
541 306708036487654929296599765212166475357353591466898040773471163170360285105689162439685834157101979839888002519989
542 25989613422222515981769655843666753632097161653283978470091859273902379424772802332632369
543 736678114879312078898738387260126802638771381904170469536141691169773646989
544 6273692967405658289784822131629093742358227551361
545 275422860140424049982639941913192087765529554744823722202895765708224919892399953034168402024428040468285089832069
546 2633818387235554324363181013862573491063560546842183
547 1673506500166426111085251267216372712919467624015124400480121052864112026549821658601
548 655861088172470374246867637461691699639
549 11189862215950750240461589322355210109538156252108860132191714489585467400726815309719101649
550 5255649433050654133049202894716060040322187368285422944149
551 38472956572034056112575712561784808692784979970904819181632754170953059140885905375726138140296316241623311801001437119641
552 409795059641556468506269762865233898837334241
553 1051707230922310561345714344879664433123265074928845547386480378243411454916792174508446189326091485820593620277896432236827052141989959338201442706301
554 13616222343974348270652370545894432091546604964439917185461634442702342738577
555 104234103152778424782177812173190195356718704453554632168479922664056792489057842327681409711652749
556 205019655488735878562039955639420609337628626679417
557 5205365094610099427795246972660050298751584300011134321978349529860201614117543420798336063222196005013855269980351368923227754091813739702803323615204006070048276876960838942256832308427761940184275481
558 104624073176003696968460178004673809894096430653535847607
559 131827987501859041699766534929017828946863205758337450713645829210532549963540228030610570956521306234998229096511273418179080977801392370761738258341184732125319173
560 2075448041418738524988251353854483962729774904961
561 264020678876387235556328689155857829467374897748588918938396882991377661733129887860735188526271641618751422528100615301121
562 13953739382590208464408656223565922101724713659029377596498180316701575275741103882313431246842203177
563 1147609478071523203906303693797959187434688193404928228519258627239562651237537801
564 2609806962121407432690292249
565 71461270742409457344168837043225679200526124720257851919143591845481229
566 102208220325507128689404346440250159117934714878252444050581021
567 1015503291398332776600471987192840774458955425199154513
568 189425607874123822430657477644685791063636432368326581249
569 6526550089741247748760631330192382406156047180969873688279737244412388157568831323279389416928467011498318555493396861913343247479777064325399891398197701229619133010825583029914594080091172041609060389947169515973
570 331526839894223596644162188275015962581804511001
571 5325187447360375225619039254698573661047065525717344057158972864312419718970133471247856041442963716309613313032058750081994329215801
572 886662332287673462487262720001051984838329
573 8403946887113810792249873190323560590294516846153568729648655839728171438670278348280285660649288655367318328057832082609
574 475674604652956046815217243275353451256914205281062276779529569
575 4552091177816375393515529752601502484143876384767075831929031121146292250585376077470236201
576 4937116647572238776179895606122603849934969549056704001
577 121993990938891128627393010724168747214866284209348922103621923982603311157028228522538298948753897822369520102481705759871640814700011199074544274692581944168369957411471063012095647688673058371377
578 10182848816451742522957592672488160293455622821170426533874068402276494393867209333274769
579 5326844432979227513969101162330756491568740243169109
580 32328736444651656710472588502580592949
581 128877346432263172857426407242480394470429086932762290453701158547518664527329819593253677500084214370548043188889127125285864178252620525695694164157361
582 25905078670961959331586629937795891427343005829707832749328832166030794241
583 32167289885017365722004704137925381637969391763187961002800372304068054961927475441
584 163701809059470769824568908813211026593
585 2410002504219035386007316048456574765370032971664313950949
586 54410727169764118747070472148801088739952422112986720079503686949499102520653943641
587 7548541666835337027288603837816291064113665845647767528662981153565883215901542112572011415666297999105768922026258425376555944654305260484149658255227176646530283174927784994297
588 10552841728478740701562897211
589 9267557021678673987372461822787313051842897411420937813373462219710405199860372306959960113705944057089864100051493
590 28775141266659411303555004836070817019624221906934782068539802947125571389
591 511281944728471418956008856017437235737805803715251363001931712776675539437
592 232517727762163893946426568365026344350425502913471812876545793
593 394058105145812955451636286606859555515915292373363643681402788387427611966178335095775715032137194821968716198292363165504169670582853728810236427705809
594 333882944629668125481837497544906108238973974686761858926680192313
595 4352013959468642338209879382374070675456498186566451471476096823340409220015222390214417888681
596 213452093733978407827633816505044692067192282071384443
597 75973803832989382232575713343047847192485716484097075763575175788299515301810093530899572024735610348338798356193730778455269149
598 24273234195060620122212265560730490387773182933090643330597
599 131102715654770343200571524740492891985599876125760723511972589483602411285550474727084049702834450904874102214845102716678783630594857
600 24518692156706226895791703201
601 993602321538062141546347874485318512453793080413106715999942204512509229570631066070067314378433432915018608198090021748000829310609133200215228873130319830824209691152699520288709
602 11562572739531042665015243888007573351479
603 57053232600082857503743085384483201993261001376442842791130045725167183696042177497
604 22338608880276260983846822002573763430915604857
605 4857302987657221891778230423536972732109413623411801233000443716373510238741246611838741014878332194443321
606 1149184149858124087744529301164923527526478396445343807609
607 10946310284307089184359643272415430883252017931857257899285422138050644383795947239973032255664351753816070715123886661263124801022473
608 4165744493199026763593456988696040755390529
609 3466539476611917426392606221747664084040537125459963241685383966768303920001042791010932397154670041
610 12829550266468880833122147899928128897946095449315672699450017212199204456200835115856989
611 92423367609632387025531199431509847632465514691890389982813386688861963365590529
612 1443399458084232579802017073
613 968459860694730314485912966742526895153572384956496528320255567156126215916528469772810886496324768072536598185495399301957828155543942306329
614 7135345067512931548202338125293129944649832181469186040214671677487967814480502728759978081316975949985993
615 124406363974530314014302151359727743451014433949
616 4991595184563810601553990822139421645284209393837424631455208088969035841
617 201561364003311871368748307733432836648302935887934654212296435612919335672659160832510649425869144661537
618 1087996555102399485842203799887053459391638554243779023671835749
619 7307277049903025406861776285400985303924523876641708275862001446067818090351714708730475603210461382807379179440230982328147260655644910334399568044025979980580272417270343689686484741
620 22837088565264498576743174475135232827961991
621 16251438872282390324750362047178426886690744470419983472958192985824938576298355195675822270578073982750417029430133380586520389380968851649661841
622 341519837394626082048477087207770532415718139526358609727024753163619068555057642220752753097
623 667951677007851462725943418527408184106704205068659853423862425019922549101626640597
624 205579952381952653493962893331073793
625 11319517360091074531999027034030546756334760425686940957156434355155953221661751096386977440779098749
626 544112918864815955712388819332644975942819241001786103249841976160640183319419673484290047316659478308640045481
627 84716260799655903211657873604456515856534969363171720363617
628 402044977369524231377671429965675154956934319925617
629 1813177646288556825831377031183842835395010813734315440640371121890765421258561759372650431395587559146997016423125473218352461783757355233695841540160818541825880366299885044033741532264047781
630 100908317635008915716720879122441
