1 1
2 3
3 41
4 617
5 823
6 643
7 9721
8 14593
9 3803
10 14405693
11 10939223
12 4156374407
13 2663693
14 5603770631
15 1221751714624799
16 287108811653770498027
17 74103167823547
18 11843077531813991
19 726216405947772436185983423
20 769725127
21 18274551225153265813469
22 22386366604323352754771
23 1064527456358656951
24 98212143278523163228927260911101
25 144427312030343184517
26 9768283293593596134067
27 57117358411257556197647
28 133727069988636327844561181
29 9352787046297069253910392568955471457767141881
30 265652350056800730850222380781
31 225160695016287839
32 411522630037071047172057273034040744141754242764010441
33 23780273688506007564892727278896976352309751962791
34 8537016900566644537955681505989
35 6507389305351325639002427801081918149
36 2887390043601583943126151849355029214814767509653869
37 183981027690447989138514197443053549383077169171576728810091
38 614474906469587889106656353300482525564525969
39 1521632856442803567139294627092818363
40 416221743076229666591650452731790236629
41 254042926209446195291800961618563
42 5502495514664397519791333765737835329
43 658192677830042800896360533094382061
44 3853690476750754363615433018803630357
45 154570851109847439047852321981157423058019845830169
46 122862913907075643832769847538506529995412744251959252923
47 235275736459302931861436963903382581
48 65165591427576788366952997761255833898163478404280164917805310817626187407
49 106549791529216643119316401511133593176688907516667389339824579791643
50 1060763812228113536433075370016738259498472116271056270255295486579
51 47153405860832317650406681570896366048657845265521229614266785217
52 493827156044485256606468727640848892970105091316812529333741454953572165697377818589939762061
53 165538942677545136594251768322386384864560363344483527
54 119705199858147373132767232483177255302819146800515889601905476371970280056138811
55 9031849731190591513622822108400650480454350061530859318199109744303
56 125705056171551005347378877455311377040309941961411368990275961822201
57 361126312016056900268777438462217717821000336127095952178903548925691876569708231423
58 8978176309249125229727887240545619745230086559389664426988849651465879263502319308614898985817
59 728286563864856937053057094506600806210188131590282420508000684390821
60 325251534289515228203670040206773433924000384398622199909362085230127884188188879741
61 1543209862639016426895214773877652790531578410365039154167942046729913017804305683093561756440669319457198243827
62 4720054022859989530108701775904855643586748362856541659342683601281285276089603630838473321987992932985259847
63 323861940867977174117242761830430017482354142719559706265994188728243978468428742084289261429585337
64 1691170954784180990394804009558420247218969548582062732176782804097158299107576595814186528120993
65 32391126811299172507683510710127520873069298855233866074761150491361235440288119067
66 701504500414132917790592651931463699967243641
