177408
216832
451584
695552
768768
865536
1557248
1951488
2005248
2069760
2306304
2596608
2621696
3462144
3843840
4139520
4542720
4868864
4892160
5243392
6058752
6209280
6306048
7047936
7175168
7338240
8279040
8456448
9397248
9520896
9757440
9784320
9993984
10112256
10386432
10486784
10506496
11251968
11531520
12418560
12612096
12983040
13628160
14488320
16558080
17187072
18176256
19041792
19731712
22466304
22530816
23063040
23319296
23831808
24837120
25369344
25966080
26906880
27419392
29352960
29981952
32024832
32544512
34082048
36352512
36644608
38083584
40680192
42282240
42411264
43464960
43819776
47604480
49674240
51932160
53557504
53813760
56259840
57657600
57953280
63295232
66646272
68164096
68500992
71495424
73545472
76581120
78763776
80720640
82225920
87383296
90504960
95208960
97633536
100902144
101418240
103864320
104729856
107326464
107627520
109677568
109933824
113008896
114070528
115116288
117976320
119159040
122040576
123771648
126846720
127359232
128099328
142813440
147090944
149909760
153162240
154266112
154683648
157301760
161441280
164516352
168779520
173859840
173972736
176569344
180897024
181009920
188348160
188860672
189057792
190417920
194498304
196035840
199938816
215255040
219098880
224173824
225039360
229743360
234931200
236291328
256650240
262149888
270034688
271514880
273425152
284761344
285626880
292900608
294181888
301613312
302072064
304254720
306324480
322882560
329032704
329801472
333231360
348251904
352273152
353138688
357477120
362019840
363525120
370449408
374902528
380835840
393818880
429676800
431278848
441423360
459486720
460465152
480372480
482017536
488167680
500743936
505021440
509436928
511230720
514818304
515370240
528842496
532304640
536067840
541981440
551346432
565044480
571253760
612648960
618345728
618858240
634233600
645765120
659602944
666462720
672521472
675118080
678580224
685090560
695890944
709927680
724039680
749548800
751285248
753392640
763402752
769950720
771547392
787637760
818737920
866401536
869863680
882846720
887927040
904485120
906216192
918973440
945288960
960744960
967916544
986711040
987098112
995554560
999694080
1021692672
1049368320
1068936960
1073968896
1084554240
1086059520
1101112320
1142507520
1176727552
1208288256
1217018880
1233872640
1237716480
1250135040
1264623360
1269235968
1291530240
1318437120
1319205888
1332925440
1342446336
1344575232
1372250880
1399571712
1409092608
1420683264
1426064640
1464503040
1496511744
1533692160
1569216768
1596913920
1608203520
1644518400
1649007360
1665291264
1667887872
1668226560
1682714880
1761365760
1765693440
1796551680
1802760960
1813109760
1815061248
1823684352
1837946880
1841860608
1856574720
1913700096
1921489920
1951783680
1991109120
1999388160
2010840832
2018429952
2029547520
2044922880
2059273216
2061480960
2081614080
2144271360
2156394240
2202224640
2260177920
2267096832
2279909632
2323098624
2332619520
2362913280
2394712320
2410087680
2467745280
2475432960
2500270080
2502339840
2532558336
2544675840
2548465920
2581028352
2584243200
2599204608
2640718080
2644212480
2756732160
2798315520
2799143424
2818185216
2848285440
2986663680
3096022272
3221906688
3266532864
3282639360
3298014720
3329770752
3350489856
3362607360
3431850240
3475127040
3479454720
3490706688
3493550592
3522731520
3535150080
3617940480
3624864768
3713149440
3724680960
3767258880
3793870080
3807707904
3867091200
3884525568
3913953792
3932248320
3955311360
3982218240
3998776320
4089845760
4107833856
4147799040
4162878720
4197473280
4227277824
4332007680
4335851520
4344238080
4360984320
4400385024
4412728320
4427216640
4439635200
4562638080
4725826560
4789424640
4820175360
4855656960
4903261440
4923959040
4935490560
4950865920
4975979008
5000540160
5003663616
5004679680
5166120960
5193027840
5273748480
5284097280
5350881536
5369844480
5389655040
5393154816
5410465536
5422212096
5505147648
5555373824
5606625024
5696570880
5736546816
5792317440
5810837760
5817267456
5838792960
5892606720
5902955520
5961795840
5973327360
5986046976
6004846848
6089045760
6134768640
6146300160
6215489280
6244842240
6266227968
6307741440
6376930560
6387655680
6432814080
6533065728
6565278720
6596029440
6676744704
6712231680
6725214720
6792065280
6834347520
6864566016
6906977280
6913274368
6968881920
6997858560
7045463040
7103416320
7157230080
7184136960
7322515200
7345578240
7351787520
7409853696
7426298880
7466608128
7509325824
7707786240
7722274560
7737649920
7827907584
7856808960
7932637440
8176718592
8194298112
8221973760
8245036800
8394946560
8637108480
8676433920
8711619840
8800770048
8885716224
9068387328
9075306240
9158333184
9229059840
9288066816
9330478080
9568500480
9711313920
9792034560
9901731840
9982452480
10020890880
10043953920
10130233344
10147737600
10251521280
10332241920
10568194560
10638797568
10643592960
10735845120
10758612480
10781971200
10853821440
11085634560
11162511360
11168405248
11269278720
11326002688
11393141760
11543051520
11584634880
11621978368
11656173312
11677585920
11758306560
11842871040
11946654720
12050438400
12112235520
12320904960
12329560320
12426839040
12430978560
12662791680
12700047360
12900814080
12996023040
13130557440
13192058880
13201155072
13331324160
13353489408
13572599040
13666901248
13668695040
13826292480
13900508160
13938591744
13974202368
14090926080
14314460160
14368273920
14571298560
14709784320
14852597760
15094759680
15144433920
15440705280
15757082880
15821245440
15976477440
16005491712
16040344320
16109533440
16251755520
16261690368
16328336640
16332664320
16359383040
16461629184
16490073600
16613963520
16762986240
16789893120
16870613760
17149676544
17328030720
17376952320
17378000640
17467752960
17516378880
17631694080
17839261440
18089702400
18194432256
18269771520
18678266880
18718909440
18994187520
19038539520
19265326080
19297125120
19399860480
19613045760
19634684160
19636415232
19638178560
19661241600
19937998080
20045813760
20523740160
20906645760
21136389120
21279202560
21688848384
21716158464
21944482560
22171269120
22336554240
22431230976
22538557440
22705562880
22821587712
22897754880
22978475520
23169269760
23280660480
23355171840
23443580160
23516613120
23538251520
23595796224
23707896576
23893309440
23920216320
23944187904
24100876800
24135471360
24381772800
24481416960
24539074560
24659120640
24746050560
24861957120
24988803840
25253141760
25325583360
25516001280
25550622720
26072766720
26384117760
26402310144
26537263872
26557090560
26766136320
26800456704
26848926720
27111060480
27653097472
27687179520
27991434240
28033125120
28245901824
28286818560
28372270080
28628920320
29140151040
29382312960
29705195520
30276449280
30324053760
30431681280
30990516480
31311630336
31331139840
31454142720
31696304640
31932257280
31940004096
32340752640
32470583040
32503511040
32665328640
32704277760
32770273536
32980147200
33080785920
33256903680
33472158720
33554949120
33790149120
33821948160
34134481920
34272189952
34449085440
34502307840
34656061440
35274919680
35432447232
35517081600
36162846720
36336706560
36351194880
36916239360
36988680960
37169577984
37727585280
37752083712
38100142080
38274001920
38561402880
38702442240
39176417280
39606927360
40720872192
40971490560
41047480320
41296453632
41320688640
41732570880
41784590848
41884786944
41987151360
42272778240
42288646400
42558405120
42943380480
43053491712
43508424960
44269505280
44428581120
44466723840
44638513920
45029698560
45399594240
45411125760
45791665920
45795509760
46145299200
46624693248
47033226240
47076503040
47191592448
47318853120
47504993536
47652084480
47694366720
47786618880
48109501440
48420852480
48444802560
49078149120
49283619840
49318241280
49621178880
49670514432
49723914240
49751874816
49841890560
50288958720
50404865280
50665655040
50881399296
50980070400
51849557760
51984092160
52331811840
52377911040
52522229760
52768235520
53413957632
53921387520
54055921920
54117423360
54201595392
54459525120
54954611712
55127584512
55528462080
55685710080
55922280960
56260705536
56366069760
56508291840
57257840640
57553816320
57715257600
58280866560
58839137280
58904052480
59206124544
59286205440
59324702976
60029249280
60181583616
60735037440
61013272320
61571220480
62662279680
62723662848
62914575360
63028331520
63123540480
63284981760
63715491840
64039277568
64495791360
64657232640
65408555520
65960294400
66153782016
66165200640
66455854080
67374827520
68693264640
68831642880
69312122880
69841981440
69871011840
69987240960
70051290624
70065515520
70146236160
70549839360
70645048320
70768938240
71618776320
71760648960
73145318400
73658618880
73977361920
74238151680
74471582976
74585871360
74712718080
75008102400
75150915840
75455170560
75473798400
75894524160
75976750080
76548003840
76976444160
77019720960
77503345920
78352834560
78538736640
78568858368
79213854720
80027458560
80547667200
80575342848
80613012480
81308451840
81508390656
81942981120
82508912640
82900097280
83340730368
83626583040
83769573888
83924628480
83974302720
84085956864
84353068800
84577292800
85076006400
85748382720
85886760960
86246334720
86797681152
87016849920
87259011840
87501173760
88296848640
88933447680
90933212160
90972161280
91348857600
91583331840
91591019520
92344412160
92408085504
93038195712
93249386496
93971243520
94637706240
95008193280
95192697600
95680865280
96437155584
96485625600
96541885440
96841704960
96889605120
97411749120
97424732160
97475938560
98182076160
98183205120
98398460160
99683781120
101492751360
101762798592
101833401600
101999089920
102064005120
103968184320
105986200320
106525875456
107712380160
107923495680
108234846720
108919050240
109109468160
109421061120
109537908480
109633117440
109970488320
110100506880
110255169024
110483493120
111056924160
111508733952
111965736960
112156154880
112766734080
113274120960
113504659968
113654661120
113762288640
115107632640
116297744640
116345349120
117079522560
117340903680
117418613760
117808104960
117978981120
118301460480
118820782080
119058331392
120758077440
120784984320
121296215040
121609103616
122223467520
126056663040
126627916800
126919752960
127430983680
127888400640
129049240320
129314465280
130271581440
131197946880
132323143680
133269776640
133869415680
134103889920
134749655040
134964910080
137009832960
137117460480
137205519360
137243715840
137386529280
137870853120
138435897600
138505086720
139623939840
139683962880
140165625600
141099678720
141865554432
141956559360
142956253440
146346520320
146500623360
147317237760
147954723840
148442020608
149171742720
155548673280
155691664128
156113717760
156217501440
156655699200
156701825280
156809157120
157018616832
160149749760
160284284160
161475874560
161602721280
161863511040
162436006656
163851367680
164105061120
165235150080
167253166080
167539147776
167766842880
168706137600
169091112960
169847758080
170078388480
170490684672
170672409600
171116225280
171773521920
172430818560
172511539200
172874634240
172892079360
173222353920
173327911680
173595362304
174518023680
175936400640
176473269504
177445266432
177769912320
179659307520
179741802240
181944322560
183182039040
184543527168
186314768640
186807892992
187733145600
187942487040
188649753600
188760418560
190396926720
191146475520
191227196160
192438005760
192520796160
192807014400
193683409920
195128693760
196231875840
196366410240
197134479360
197521336320
197841676032
198145425408
198690713088
198986726400
199301329920
199367562240
200302341120
203200757760
204128010240
204806891520
204857452800
205908003840
207669783552
208582133760
209327247360
209423934720
209455384320
209550781440
211208094720
211326635520
212268376320
213021768960
213116601600
215981525760
216019964160
216035339520
216223687680
216469693440
219317978880
219987226368
220503951360
221116750848
221874132480
222113848320
222708245760
226361899008
226771184640
227009319936
228277969920
228808769280
228958329600
229391914752
229596407040
230215265280
231565501440
232763731200
232798325760
233123466240
233686064640
235616209920
235957962240
236188592640
236531043840
237485015040
237641564160
237722284800
240116997120
241300899840
243072910080
243345822720
243925355520
244053089280
244446935040
245672232960
246257975040
246682275840
246924437760
247712075520
248352572160
249409391616
250879749120
251875303680
252113326080
253359025920
253839505920
254023241472
254969594880
255596140800
257455376640
257879381760
257948570880
258628930560
258920766720
259208463360
262227277312
263841177600
264615128064
264871326720
267918013440
268146790912
268788199680
271728968448
273862068480
274773058560
275201498880
279131973120
280331251200
283387104000
283913118720
285278273280
286800433920
288226498560
289844755200
291110916096
292101089280
293193508608
294493731840
294549615360
295176338688
300603663360
300907918080
301374441984
301545818112
301733752320
303296145152
303553071360
304478254080
304766542080
305066361600
306081135360
306192015360
309629886720
310013383680
313311398400
315539804160
317260489728
317797159680
320196387840
320541661440
320668508160
320721730560
322301371392
326757150720
329232583680
330341147136
330470300160
334241107200
337412275200
338626159872
338945967360
340467240960
341746728960
343547043840
346348558080
347663796480
348321980160
348893233920
349036047360
349681812480
350908766208
352022711040
354034517760
354659585280
356860492800
359103064320
359318615040
359449009920
361732250880
362946904320
363888645120
365018734080
368839511040
369350741760
372833959680
373409541120
373606883328
375643876608
376265809920
376612024320
378391453440
378821963520
378971873280
380759258880
382292951040
382723461120
385360335360
389698928640
391737265920
391776729344
392844291840
393593840640
394562488320
397226269440
398540862720
398735124480
402311669760
402876714240
405402117120
405971005440
407051194368
407966065920
408256020480
410753091840
411871299840
414442871808
414796462080
415119344640
415872737280
418847869440
418910768640
419101562880
420204744960
420429784320
420585580800
421271085312
425735331840
430534917120
432939386880
436214338560
437684244480
438151633920
438635957760
439220570880
442994872320
443102499840
448274942976
448530001920
452600628480
453096483840
455838324480
456436081920
456555939840
456775038720
457916659200
458062725120
460430530560
461722060800
464270526720
466242416640
466246932480
466669082880
469674455040
472815383040
473034481920
473265112320
474787272960
475283128320
476568449280
477882746880
480233994240
480852852480
482614218240
484804024320
485184860160
488841749760
489910686720
493848875520
495382567680
497562024960
499364785920
501298237440
501331434240
504988323840
508556590080
508909040640
509939189760
512017228800
515115095040
518623902720
519652573440
519667061760
524791787520
532629377280
535836026880
537168952320
542119818240
542523421440
542848373760
547089903360
548974863360
549546117120
549771156480
552417465600
553259266560
556591580160
557094650112
559447848960
560662502400
560780774400
564027399936
564398714880
571825013760
574664724480
575252536320
575503568640
579137061888
580300680960
585386081280
587472399360
589099230720
592455064320
595291656960
596960179200
597225108480
597271772160
601887686400
603790387200
609117949440
612162270720
612384030720
617724011520
620026767360
622635197184
622679016960
626622796800
627236628480
627614002176
633172700160
639442003200
641083322880
641137136640
641466040320
645802375680
646410885120
646774372608
647944577280
648106018560
648671063040
649074666240
652571732736
658465167360
659602944000
671067371520
672779627520
674824550400
675412362240
680313553920
681973125120
685987061760
688789221120
694381449216
695327592960
695596661760
712833811200
713720985600
718171534080
718637230080
722392070400
723464501760
724260988416
725436391680
726547363584
728745937920
728936355840
729015006720
730037468160
734441917440
740582895360
745681128192
746819082240
751287753216
753596363520
753896183040
755464469760
757643927040
761518517760
763766277120
765235091712
765519955200
770703548160
778458320640
782046397440
782360587008
784927503360
785093084160
787187681280
787510563840
789874525440
791472084480
792328965120
792918846720
793472359680
794452538880
794613980160
798755569920
800748748800
804887026944
808013606400
814417443840
817457921280
818749451520
829749473280
833408319744
834194000640
837695738880
841120600320
842043121920
849073505280
851470663680
851775724800
852087075840
855581126400
859706615040
862592290560
863926103040
864141358080
864894750720
867734461440
874784252160
876760684800
876789897984
877271915520
879788743680
880302044160
882366347520
885989744640
886204999680
887490320640
894756495360
898709011200
902133872640
906192967680
907084738560
907945758720
908037279744
908968220160
909834132480
918385628160
918950672640
919996197120
920861061120
923444121600
926107902720
931054924800
937046584320
937085909760
938727229440
939807348480
940045666560
946068963840
946995920640
948709681920
948813465600
958754227200
961705704960
962905337856
965095971840
965203599360
965990108160
973383290880
979821373440
980917217280
981159379200
981481471488
983365743360
985555549440
986729103360
987269310720
987697751040
989208380160
990347043840
994051618560
995124049920
995366211840
1005967522560
1007501214720
1012144815360
1016488940544
1019830775040
1021062282240
1024034457600
1024425642240
1025504363520
1028192605440
1035683066880
1037225629440
1038215033856
1040203422720
1044455892480
1047119673600
1047753907200
1055040779520
1061341881600
1065258754560
1070955325440
1071672053760
1072367944704
1074703069440
1083850145280
1085046842880
1088840712960
1089841648896
1091665935360
1093522510080
1094179806720
1096589894400
1097411589120
1097949726720
1099092234240
1099936131840
1101662876160
1120210447104
1120820649984
1121048248320
1121325004800
1124614294272
1128797429760
1133548416000
1137393933312
1146959573760
1148170383360
1151132586240
1156646050560
1157827507200
1172090599680
1173265207296
1180942963200
1190302417920
1190548719360
1190583313920
1194388715520
1195634119680
1197813576960
1203631672320
1206935009280
1207580774400
1213581008640
1214212285440
1220265446400
1221626165760
1224768061440
1228487420160
1230290181120
1240191912960
1244389386240
1244411400960
1245358033920
1247046958080
1248909742080
1250284062720
1255228004352
1266345400320
1270116207360
1271188638720
1271511521280
1273610257920
1278292055040
1281144184320
1282166645760
1282274273280
1284576733440
1291604751360
1295889154560
1297768792320
1303934311680
1308104878080
1311540679680
1314558685440
1319205888000
1320548275200
1329307499520
1329926357760
1331348578560
1340313182208
1342134743040
1345559255040
1356312222720
1356671796480
1358644842240
1365900856320
1369310342400
1375090590720
1383136634880
1392907084800
1395572935680
1395920655360
1405569876480
1409705256960
1411568040960
1416138071040
1418423086080
1419541643520
1421651911680
1422473794560
1425230526720
1425706571520
1426718684160
1433648240640
1434002169600
1441995959040
1446929003520
1453859447040
1455554580480
1457491875840
1460074936320
1465456312320
1465967543040
1466187690240
1472331264768
1472563572480
1475560579584
1477510594560
1479813823488
1483403201280
1485878634240
1496883548160
1498693996800
1511870680320
1515287854080
1522391270400
1526441978880
1530405676800
1530931514112
1531647237120
1534660807680
1541128393728
1545098607360
1545345285120
1550066918400
1550482053120
1556916641280
1569855006720
1585837693440
1601661384960
1602708307200
1603954736384
1605743403264
1606365573120
1607033272320
1610792927744
1611506856960
1620958510080
1628189122560
1628834887680
1629399932160
1633785753600
1635815301120
1636691696640
1641212052480
1649257209600
1659185848320
1660477378560
1664055993600
1675391477760
1677640124160
1679831112960
1682241200640
1688917950720
1689106298880
1702941327360
1704414007296
1711035406080
1719268911360
1725376773120
1728471064320
1731757547520
1744598596608
1753281653760
1754543831040
1762417198080
1763127125760
1764888491520
1772409999360
1774885432320
1776910786560
1784787164160
1786024880640
1790880537600
1804187024640
1810402513920
1825147484160
1825744327680
1836771256320
1839065792256
1839992394240
1841722122240
1844149950720
1846217640960
1846753708800
1846888243200
1852342652160
1854099287040
1874171819520
1877396505600
1877454458880
1896739004160
1900942095360
1923411409920
1940739440640
1952424714240
1961834434560
1965789745920
1975395502080
1976271897600
1983709728000
1987391831040
1990351883520
1994960943360
2008307508480
2011326535680
2018338882560
2019953295360
2023991633664
2024289630720
2036491091712
2056385210880
2061847307520
2074787447040
2081946746880
2084449086720
2091909630720
2094239347200
2099186369280
2104225643520
2106355426560
2110820726784
2112136266240
2126396912640
2130517509120
2133159345408
2133365794560
2142567947520
2152208298240
2156152078080
2158712075520
2167409207040
2168479272960
2170093685760
2176389895680
2179449941760
2180748810240
2180856437760
2183331870720
2188359613440
2188853990400
2190758169600
2193043184640
2193179788800
2195328199680
2200659901440
2203325752320
2210776888320
2212518147840
2214616884480
2224510928640
2228212546560
2241600641280
2242650009600
2244448926720
2244679557120
2247597031680
2253976919040
2256109599744
2257594859520
2265482419200
2271214068480
2293298219520
2294403471360
2304009227520
2304628085760
2306688926976
2321956116480
2341544325120
2352245575680
2373936364800
2381166627840
2389008061440
2392227102720
2404829306880
2410995535872
2413870018560
2427451106304
2436471797760
2442252637440
2443252331520
2453885441280
2455629496320
2456974840320
2475160047360
2485953550080
2488190960640
2506491187200
2508232446720
2519990753280
2529026083584
2532125756160
2547220515840
2564333291520
2564358128640
2571941788416
2581876577280
2585455192320
2586827443200
2591778309120
2594684252160
2594872600320
2598300122880
2605431628800
2613866787840
2614057205760
2621483504640
2630282054400
2631432840960
2633860669440
2641342378752
2643762401280
2650946538240
2658614999040
2663146886400
2679064227840
2680893895680
2699298201600
2701935075840
2711567738880
2713343592960
2714455054080
2721254215680
2721477749760
2722919996160
2724832830720
2729741414400
2746811612160
2747246261760
2755156884480
2770628340480
2789786039040
2792288378880
2799163331328
2811139752960
2814106014720
2816181688320
2820136999680
2832276142080
2843903462400
2853437368320
2868004339200
2888830264320
2896931681280
2908975829760
2911109160960
2920149872640
2941433214720
2943008490240
2944099065600
2948778792960
2951121159168
2962331581440
2974232701440
2976458284800
2981087746560
2993767096320
3001367255040
3037918840320
3068041616640
3070451704320
3100964106240
3101717498880
3107049200640
3113175985920
3115046753280
3140372336640
3161746748160
3168204399360
3171029621760
3171675386880
3177810155520
3190868271360
3195022279680
3195052573440
3201353675520
3205416614400
3208927115520
3212731146240
3223013713920
3223336596480
3236747754240
3244197116160
3245373331200
3251208280320
3272065370112
3276316243200
3284949507840
3306640296960
3311241373440
3314220422656
3318997893120
3326981898240
3335979144960
3336378608640
3336776002560
3342596167680
3349260794880
3352431962880
3361637959680
3365969967360
3382774348800
3400633716480
3405139799040
3405882654720
3411765477120
3426833329920
3456942128640
3476936010240
3482934174720
3499357720320
3505213071360
3514918326528
3523103700480
3559896130560
3560206890240
3570907253760
3572049761280
3593147201280
3617541607680
3624771870720
3627181958400
3632736817920
3660923185920
3675802690560
3679984788480
3683444244480
3688299901440
3690870543360
3700213138944
3719043740160
3724887758592
3728405640960
3729858612480
3745303161600
3750852188160
3759214018560
3760182666240
3787983682560
3788811586560
3794838727680
3795253862400
3797663950080
3799938616320
3821497236480
3823817437440
3829629323520
3836867274240
3839488773120
3842337058560
3842824043520
3846822819840
3891999471360
3892291603200
3896141061120
3911802935040
3925465420800
3942222197760
3949077242880
3950791004160
3963060541440
3979054759680
3981464847360
3995348797440
4008748423680
4012953799680
4029666600960
4057044203520
4062185487360
4073048179200
4079323100160
4097702568960
4118557847040
4125271772160
4132082642688
4167041598720
4178721254400
4180575759360
4180902405120
4188478694400
4189575075840
4210065699840
4220163118080
4221641453568
4222898211840
4245367526400
4252793825280
4261035018240
4269550602240
4340187371520
4345134393600
4351629970688
4355028437760
4358753118720
4358899883520
4366663741440
4373471182080
4379763548160
4383949489920
4385960866560
4386086369280
4396368936960
4423179780096
4437451603200
4462559861760
4485300019200
4487583260160
4487959956480
4512219199488
4535612040960
4536742129920
4552321213440
4585739558400
4586596439040
4602448730880
4604305305600
4634581754880
4643912232960
4671141995520
4696918523136
4705367546880
4722337509120
4730552386560
4745243543040
4745976238080
4748642088960
4753858179840
4762194877440
4762333255680
4770159313920
4821524547840
4834635886080
4867293150720
4869176632320
4871652065280
4886504663040
4907407357440
4922021744640
4973144816640
4981432135680
5020796901120
5064251512320
5069363819520
5082444702720
5098423249920
5128716257280
5138306933760
5148281698560
5164251966720
5176130319360
5181031215360
5183556618240
5200772129280
5203379301120
5203709871360
5215737246720
5220688112640
5227733575680
5244581422080
5250393308160
5295596866560
5301893076480
5303507489280
5326293772800
5346363939840
5354361492480
5357317109760
5361839723520
5365059517440
5379115822080
5403870151680
5428910108160
5445022302720
5448320317440
5449208244480
5467612550400
5496752701440
5510313768960
5522525648640
5546302755840
5550431927040
5554871562240
5562297861120
5590746120960
5596953922560
5605483403520
5608274031360
5609331087360
5622279505920
5632363376640
5657790378240
5673692344320
5718884371200
5720849342208
5736008678400
5770234229760
5790564299520
5796260870400
5796771563520
5815541571840
5822218321920
5829967503360
5837613610752
5846353793280
5882866429440
5894301853440
5899837332480
5902242318336
5908858475520
5928043080960
5933669064960
5948465402880
5952743596800
5952916569600
5962175493120
5962430073600
6002163256320
6017946305280
6019994163456
6047482721280
6054263255040
6090802798080
6093116789760
6126588948480
6137529285888
6149448264960
6168588518400
6203434997760
6208385863680
6225441868800
6264325267200
6279420026880
6292900373760
6331776675840
6343350773760
6350581036800
6355620311040
6368838927360
6390044559360
6399478036224
6403406929920
6409227095040
6410833228800
6428699397120
6432654708480
6439973379840
6448659409920
6515339550720
6601979704320
6615817528320
6620510856960
6630237723648
6634769670144
6667266557952
6686724844800
6695427298560
6701565911040
6711279590400
6711459955200
6731939934720
6776759985408
6829531188480
6847047567360
6853666659840
6872912766720
6898888846080
6910885175040
6913884257280
6939499607040
6953872020480
6998715440640
7018175324160
7022995499520
7056126443520
7057028858880
7088067866880
7112168743680
7138815425280
7157795124480
7219761669120
7235690542080
7277772902400
7302977310720
7329837715200
7347085025280
7359969576960
7366888488960
7376599802880
7384870563840
7387552972800
7431614910720
7445721507840
7456811281920
7466749704960
7520365332480
7561686021120
7577854986240
7637141191680
7643921725440
7654657570560
7662568193280
7669871096832
7673304038400
7687545465600
7702640225280
7718985071616
7733252567040
7745629731840
7760482329600
7806273995520
7833412392960
7849275033600
7866307088640
7874414564352
7944471048192
7960992399360
7987737461760
8004150620928
8033230033920
8035166361600
8037192683520
8063496080640
8079813181440
8114088407040
8139223572480
8158455782400
8168738350080
8174498492160
8250543544320
8308609833216
8369438837760
8395430883840
8404094899200
8415544161024
8437970661120
8440326236160
8446284887040
8448545064960
8495067060480
8539101204480
8567923553280
8573823498240
8612031267840
8626883865600
8636023925760
8703003429120
8710879806720
8717506237440
8717799767040
8733327482880
8753438453760
8757462954240
8766408268800
8772719155200
8775781158144
8776703819520
8795724537600
8797450717440
8824299644160
8856147041280
8860650839040
8864417802240
8948044385280
8987655156480
8990388126720
8992037134080
9011825222400
9071224081920
9111545076480
9127540181760
9131038076160
9131872189440
9136204197120
9138342071040
9169397502720
9177613885440
9345815377920
9347920361472
9374277040128
9391096915200
9405038522880
9426829547520
9430673091840
9524666511360
9533430466560
9547744926720
9561305994240
9588465798912
9643049095680
9648731339520
9681956444160
9709804425216
9748873854720
9769010549760
9773009326080
9791912632320
9798144491520
9798945112320
9819266166528
9827899361280
9828948729600
9842924931840
9912966497280
9915965579520
9928961602560
9957316561920
9960951813120
9962864271360
9976613687040
9987030789120
10010328007680
10018791256320
10093971713280
10119958168320
10148323046400
10182455458560
10188882063360
10211541500160
10230895180800
10257333166080
10261772801280
10307945007360
10358163594240
10367113236480
10394708163840
10406758602240
10407419742720
10430522403840
10489162844160
10490857977600
10495931846400
10498780131840
10500786616320
10504785392640
10546296499200
10554103633920
10566480798720
10566563589120
10583094762240
10585543288320
10617958391040
10652587545600
10661132401920
10685093852160
10708722984960
10712839737600
10733100618240
10749863604480
10783066468608
10806833157120
10815690251520
10817416995840
10853374371840
10857058544640
10864675261440
10891679984640
10898416488960
10975792988160
10988985047040
10991533512960
11027408071680
11063328756480
11073084422400
11122335544320
11126195232768
11199702608640
11231039339520
11244559011840
11265695400960
11280547998720
11310541482240
11396543558400
11437253667840
11443926574080
11460223174400
11472017356800
11507024148480
11631083143680
11674972753920
11679919130880
11727740344320
11765732858880
11776396262400
11804484636672
11812053949696
11830068746496
11860041473280
11881178603008
11902850319360
11905833139200
11987660805120
11997180647424
12004326512640
12005469020160
12077637411840
12099297450240
12118873277952
12120330942720
12138190310400
12142513044480
12166376302080
12181605596160
12241850100480
12281806817280
12306345891840
12316516692480
12329027149824
12354219440640
12406869995520
12455333130240
12463804953600
12484431294720
12485512596480
12502174164480
12539467100160
12543503132160
12629874216960
12645130417920
12736102579200
12759259129344
12783566315520
12801814072320
12821666457600
12840070763520
12857398794240
12879946759680
12883693777920
12909049655040
12914333752320
12927275961600
12978695009280
12979246355712
13141775539200
13167970421760
13175568806400
13257942888960
13268303354880
13269539340288
13288124129280
13349391095040
13400694236160
13463879869440
13505693160960
13585176084480
13614599980800
13620559196160
13736177495040
13736231308800
13745825533440
13806203685120
13821770350080
13827768514560
13848363809280
13854137256960
13885968096000
13931736698880
14020852285440
14058152559360
14105017006080
14167941435648
14195416435200
14207652264960
14251067550720
14288199045120
14310477941760
14321617390080
14432931152640
14541289297920
14562972103680
14619985825536
14674366586880
14707166073600
14729579504640
14745400750080
14753199605760
14913622563840
14916768599040
14919434449920
15029582561280
15040730664960
15054250337280
15071054718720
15159894199296
15309315141120
15336275834880
15340208083200
15347469096960
15404619310080
15405280450560
15421516830720
15423280266240
15473931432960
15475438218240
15497371169280
15502318191360
15518826785280
15556239578880
15600511745280
15611129614080
15647211740160
15698550067200
15719951385600
15733179221760
16016613849600
16018757314560
16032410634240
16034993694720
16070332723200
16100754109440
16132396600320
16155913213440
16189654440960
16211610455040
16257025128960
16348140103680
16362161786880
16394792494080
16414595957760
16441150602240
16511510695680
16515898291200
16662031626240
16668166394880
16705711841280
16717217637120
16718883793920
16783578282240
16790861767680
16805541392640
16848948754176
16920821998080
17044140072960
17070651037440
17082962856960
17095768462080
17140543580160
17199983324160
17217666385920
17433574179840
17435599534080
17493884728320
17510809155840
17510831923200
17514925908480
17526065356800
17545438310400
17553407639040
17574591632640
17584894107648
17594901434880
17639935272960
17677066767360
17710580321280
17760374311680
17801034451200
17812958042880
17845808780800
17900722135296
17937844404480
17950333040640
17975310312960
17980776253440
18025483956480
18077377167360
18142448163840
18272408394240
18304615929600
18409794923520
18417221222400
18454041365760
18504653207040
18505765555200
18642028204800
18684567982080
18728268894720
18753449594880
18766257269760
18787674092544
18790249927680
18922209546240
18983904952320
19048779509760
19049333022720
19176931597824
19212847879680
19223545904640
19301712460800
19310960148480
19469172602880
19496509992960
19546018652160
19625124879360
19740958997760
19873583009280
19895273798400
20076030374400
20086338155520
20102541338880
20148333004800
20239916336640
20242326424320
20271247476480
20423083000320
20454740570880
20461790361600
20510503453440
20534858910720
20590032503040
20615890014720
20629372845312
20630350540800
20642283180288
20717544207360
20773295262720
20789416327680
20835207993600
20884286142720
20910934302720
20914933079040
20929678049280
21001573232640
21171086576640
21284343843840
21305175091200
21340707548160
21367671591168
21447151165440
21602699838720
21631380503040
21659288594944
21689553177600
21730964935680
21796832977920
21867355910400
21890253665280
21919747449600
22025791307520
22041255075840
22091382593280
22132227237120
22194450620160
22220666840064
22288179513600
22292038938624
22373581950720
22387815690240
22408361015040
22531390801920
22657234279680
22694769377280
22759345889280
22883397368832
22973333483520
22994646554880
23011005937920
23039123627520
23057307786240
23163911527680
23265721930752
23320515778560
23375513441280
23385415173120
23484432491520
23484592615680
23486961738240
23552792524800
23585353989120
23591180777472
23607074050560
23623243693056
23720312689920
23757548855040
23793861611520
23810974387200
23829782296320
23850796569600
23973949359360
23987833309440
23996847114240
23999510895360
24077393894400
24079976653824
24086368373760
24107622739200
24132207939840
24174863032320
24318545771520
24337885608960
24363211192320
24374851522560
24475367347200
24536491499520
24613325130240
24712247239680
24817205597184
24833543454720
24905719238400
24921448231680
25004348328960
25033580732160
25051146129408
25087006264320
25107745259520
25108316513280
25117680107520
25171601495040
25337094988800
25381232997120
25452401694720
25479839185920
25525279825920
25617303613440
25759893519360
25794637639680
25818099310080
25880651596800
26009374110720
26016896505600
26173990402560
26192832906240
26279596062720
26335940843520
26473292751360
26515885777920
26536606709760
26563871093760
26599570314240
26794235231232
26925499560960
27241601587200
27246041222400
27478257945600
27491651066880
27643540700160
27655537029120
27752078914560
27774357811200
27853383317760
27978707877120
28072701296640
28108852611840
28228115435520
28296674165760
28313456371200
28378148198400
28440787415040
28455101875200
28509561400320
28510875283968
28519882110720
28533988707840
28555261701120
28598100410880
28643234780160
28683917982720
28691079056640
28747961174016
28869171851520
29077707859200
29093482978560
29125944207360
29244764989440
29348733173760
29388340101120
29425443898368
29439878307840
29506399211520
29560993862400
29694700525056
29812876853760
29827245127680
29837900252160
29886854215680
29910247057152
29921238547200
30034857038592
30086412195840
30099970817280
30130916175360
30173052349440
30201143132160
30303869460480
30326502286080
30381311600640
30453395132160
30478673111040
30511271831040
30618630282240
30670123615488
30687646429440
30873824916480
30922537282560
30947682205440
30955166161920
31037653570560
31041929318400
31064208215040
31148868022272
31222259228160
31237919032320
31272763441920
31638889497600
31652930749440
31749284286720
31965265812480
32106175073280
32143496985600
32148770734080
32249590813440
32264793200640
32328662446080
32406961816320
32434836403200
32469016419840
32496912645120
32571175633920
32649457800960
32697993968640
32759879792640
32767306091520
32789584988160
32795963988480
32980227947520
33113866705920
33336332789760
33336655672320
33518470164480
33529139804160
33693118018560
33755755993344
33841643996160
33952086389760
34066289537280
34098020087040
34101564456960
34136101359360
34141227644160
34147521408000
34175208587520
34271694213120
34380669523200
34428321607680
34517170609152
34523767998720
34631601494784
34712996398080
34842902814720
34871199068160
34996594913280
35297198576640
35406365170176
35500423832832
35602068902400
35686168277760
35708550958080
35847315947520
35886351621120
36016597478400
36148747514880
36230340706560
36232912235520
36284896327680
36318548367360
36423655107840
36510160727040
36544816788480
36704536028160
36845420451840
36967384446720
37027141062912
37160761910272
37284056409600
37456537789440
37497108160512
37555416622080
38245223976960
38273287852800
38348438768640
38404438195200
38461502983680
38481224221440
38513201126400
38606099051520
38754140705280
38824119290880
38925451918080
38936085027840
39076042199040
39079041281280
39127773484800
39136487470080
39139070530560
39331535443200
39492314813952
39503911265280
39568934845440
39611124833280
39627053706240
39651865989120
39747166018560
39790547596800
39884541016320
40086891307008
40172563791360
40205082677760
40272247572480
40325235686400
40401541340160
40479832673280
40558615351296
40708791002880
40846166000640
41297648071680
41468452945920
41667820508160
41716052501760
41765504901120
42015142794240
42233299411968
42265707644160
42315051018240
42332379048960
42342173153280
42582317057280
42610058050560
42610350182400
42664658319360
42704343601920
42962705001216
42975345853440
42991032564480
43046137854720
43094812400640
43180119628800
43230961213440
43262761006080
43281088730880
43412286677760
43578093081600
43593665955840
43839494899200
43952549921280
43971115668480
44032527162624
44041189463040
44050302616320
44051582615040
44264454474240
44266817387520
44534371875840
45126374264832
45389538754560
45637700908800
45655171752960
45888069427200
45989293109760
46114490822400
46216279549440
46250246794752
46310722698240
46383890192640
46853753506560
46867991089920
46871385200640
46872000215040
46980219686400
47083274993664
47123579543040
47468902440960
47574485038080
47623332556800
47648847375360
47789375800320
47905703838720
47947898718720
47950643220480
48142449573120
48180398999040
48215245478400
48298172482560
48397189800960
48401790877440
48471452789760
48527005148160
48761078446080
49137963114240
49151968352256
49243787873280
49392885104640
49511134632960
49679464074240
49680544193280
49786582809600
49801626690816
49803534950400
49804759065600
49891732450560
50367984226560
50387437900800
50517683758080
50599790841600
50649833794560
50844962488320
51248888570880
51286665830400
51360283054080
51519787038720
51636198620160
51759043015680
52156707482880
52197678973440
52523040810240
52642557327360
52931802147840
52946585502720
53156411852544
53292735175680
53690236723200
53855519477760
53918481576960
54050648171520
54051031077120
54427344491520
54856213251840
54956515891200
55120901950464
55335613132800
55371055703040
55504157829120
55611677721600
55630976163840
55726946795520
55939215171840
56016572451840
56029054346496
56113437219840
56232610237440
56246164531200
56510421327360
56937433512960
57021750567936
57159841643520
57177775549440
57286469560320
57501337141248
57777462167040
58274167311360
58338582382080
58487335845120
58776680202240
58828664294400
58935107911680
58980236958720
59123764465920
59150343732480
59625753707520
59677737799680
59975464872960
60249562813440
60637806028800
60724845941760
60971770379520
61022543662080
61068312264960
61088925004800
61498207330560
61621121802240
61770097509120
61845074565120
61853786184960
62276665651200
62365829670144
62414040648960
62444518456320
62489964176640
62588846960640
62636310696960
62913586095360
63066605521920
63251644135680
63407596412160
63796295646720
63923105326080
63930531624960
63953429379840
64281330892800
64341453496320
64612040613120
65142351267840
65319729995520
65422767621120
65435442530304
65563241103360
65591927976960
65918304291840
66004348354560
66175749319680
66480989245440
66522309934080
66577175132160
66626654814720
66673311344640
66759951498240
66834214487040
67085470932480
67096104042240
67134313128960
67163447070720
67386236037120
67643930914560
67683287992320
67714278508800
67731636833280
67771665561600
67854473702400
67920929556480
68267167288320
68312809635840
68331851427840
68383073848320
68534083537920
68592615786240
68601471950592
68734863165696
68856643215360
69031018425600
69241819046400
69385767010560
69502731217920
69557540532480
69662315923200
69707811317760
69859622004480
70096121061120
70104261427200
70250502389760
70473100938240
70839707178240
70867740303360
71038261324800
71170394803200
71204137804800
71373587281920
71543671879680
71552389708800
71815646622720
71923105013760
71990541342720
72232181683200
72507145159680
72760400993280
72762957146880
72847310215680
73495937813760
73965365591040
74440378172160
74568112819200
74738271928320
74783071883520
75065029079040
75160999710720
75355273593600
75602040433920
75647832099840
75876971089920
75978273423360
76288915422720
76381959413760
76681379174400
76696877537280
76745848058880
76973256729600
77026402252800
77508281410560
77646152263680
78158082562560
78210631699200
78397918260480
78492750336000
78614799943680
78617275376640
78663070886400
78817166588160
78963835991040
79581095193600
79625173019392
79798710942720
79906457030400
79991248296960
80410165355520
80650471372800
80783279216640
80803082680320
80959665346560
81031385111040
81092708336640
81309927578880
81523052835840
81747764017920
81877611002880
82121869589760
82204366083840
82205753011200
82557553478400
82745287511040
82904725263360
82936905891840
83319952235520
83438988272640
83896612208640
84368582065152
84528959074560
84531415288320
84543461882880
84684346306560
84888053402880
85220700364800
85365305625600
85702717900800
85732164790272
85739609303040
85825736156160
86078230318080
86176628778240
86270457208320
86479536084480
86525522012160
86595300658944
86863132984320
87187331911680
87678989798400
87727191552000
88103165230080
88165020303360
88178258488320
88199676364800
88533634775040
88698456887040
88978684354560
89401983390720
89436345546240
89494327802880
90098614045440
90159627317760
90323305416960
90363347585280
90400336266240
90779077509120
91266928220160
91267071033600
91444968975360
91751894841600
92008129973760
92105178197760
92175792952320
92270206828800
92349739722240
92621445396480
92774803080960
93187135641600
93223472348160
93365689697280
93446604066816
94247159086080
94489751516160
94593719700480
94881250759680
94899504913920
95096232591360
95895797437440
95987388456960
96134595997440
96309575577600
96430490956800
96452769853440
96794379601920
97348876584960
97522156892160
98093981905920
98346476067840
98437240661760
98439593091840
98818415055360
98864206721280
99367915046400
100090672190208
100173345592320
100251321730560
100584886321920
100608121635840
101199581683200
101481561941760
101732868357120
101940804725760
102339900778752
102442564224000
102617728012800
103314670018560
103518086031360
103575928135680
104345068988160
104457162700800
104866004812800
105016863409920
105379752360960
105404550451200
105614966096640
105637060488960
105959723950080
106063543111680
106262910673920
106411436651520
107264600002560
107374771119616
107383359283200
107729735649536
107832335170560
107836963153920
107962961863680
108049792435200
108854688983040
109277907298560
109463968373760
109530482181120
109570469944320
110132254552320
111008315658240
111510398039040
111914831508480
112194666904320
112244955863040
112272643042560
112402997091840
112539846988800
112810205813760
113343531485184
113360219320320
114319683287040
114340979800320
114379889105664
114535132508160
114572939120640
114800340695040
114870666193920
114902171704320
116009590394880
116727120491520
116839517034240
116910285972480
117272456421120
117281110383360
117419687024640
117427494159360
117469870801920
117960473917440
118283395507200
118445753986560
118522942487040
119351601008640
119429738588160
120012417423360
120248914705920
120298615557120
120303756840960
120399883269120
120523664701440
120661039699200
120743789886720
121522964699136
122474521128960
122996414661120
123236954480640
123350697550080
123541432734720
123558046698240
123739467371520
123922649410560
123975938731008
124120684047360
124149312967680
124150614282240
124256832860160
124607241158400
124690706300160
125437614382080
125827172190720
125865433774080
126178387695360
126337453482240
126997137146880
127468369566720
128868564464640
129177924341760
129247305707520
129395562616320
129961568056320
130051978081536
130219666536960
130272134952960
130361250539520
130490704431360
130620202352640
130870885060608
130997155511040
131316767662080
131747683415040
131836608583680
132750039502080
132854011530240
133345331159040
133480296069120
133520093414400
133997661557760
134101629742080
134169581145600
134564821332480
134693933337600
135131206129920
135287861829120
135550867355904
136210637170944
136562210104320
136632275619840
136913102726400
137364250383360
138781530961920
139115081064960
139484796272640
140155396254720
140409032924160
140488831042560
140500166526720
140603973269760
140784917898240
140819954795520
140881598457600
140894217784320
140911545815040
141125813579520
141679414356480
144092905608960
144464363366400
144736708596480
145687846106880
145694620431360
146179267153920
146199858255360
146283235338240
146350164280320
146419034361600
146784367699200
148155066259200
148197606036480
149041632579840
149136225638400
149476543856640
149551235285760
149668855015680
150187242965760
150879376327680
151204080867840
151266743147520
151295664199680
151491546286080
152116754549760
153093151411200
153415452782592
154249232417280
154639678152960
154737054151680
155380451466240
156316165125120
156714709831680
156985500672000
158148318746880
158607463956480
159383226562560
159412620407040
159513186792960
159982496593920
160447205318400
160604852728320
160690255165440
161861488588800
161919330693120
161982431170560
162059740846080
162285195663360
162311663754240
162790547512320
163141245146880
163263857218560
163697906211840
164358685370880
164391027440640
164745014353920
165581758298880
165857245424640
165873811783680
166042188829440
166681663948800
167661693239040
167817645515520
167914833166080
168865658142720
169020705934080
170012843320320
170871710929920
171183615482880
171964130257920
172356010337280
172985730677760
173051044024320
173505571599360
173649146711040
173977948784640
174374663823360
174650728412160
175030438302720
175376998917120
175454383104000
176201210465280
176258729095680
176330040606720
176740101457920
176832953256960
177031825850880
177784413730560
177816269030400
178035233080320
178064367022080
178114827770880
178129142231040
178137487503360
178430841388800
179287040486400
179321125294080
179491787354880
180726695170560
180849605384448
180852656624640
181239250832640
182118275539200
182550803635200
183312129966336
183716163671040
183957172439040
184129653818880
184210356395520
185107925882880
185313049259520
185513896888320
185584541936640
185959955301120
185960093679360
187490799175680
187731369745920
187863082767360
189083428934400
189199816565760
189258084449280
189318637347840
189762501519360
190486422846720
191157503201280
191772241140480
191791594874880
191902666475520
192007576400640
192070587421440
192619151155200
192982278128640
192988697932800
193901972447232
193917991787520
194264552401920
195858731228160
195950322247680
196508909076480
196684363459584
197728413442560
197786474645760
197840153871360
197967773203200
198821636133120
199027285416960
199371585853440
199908441707520
200260051031040
200279854494720
200502643461120
200725432427520
200861962076160
201620705045760
202399163366400
203543955014400
204938428907520
205675060631040
206079148154880
207756788279040
208361604971520
209926616739840
211328538220800
211341326676480
211786342010880
212127086223360
212285516002560
212526789995520
213389747450880
214198088832000
214618323870720
216457760977920
217709377966080
217968329779200
218042076155904
218186517669120
218555814597120
220028562673920
220600493245440
220754160506880
221570515246080
222244990007040
222827066542080
223756860687360
223829663016960
226154156067840
226425377418240
227394805397760
227478388515840
227998229437440
228711889835520
229145878241280
229563261607680
229787015377920
230176108431360
230237544176640
231161149739520
231553613491200
233354329528320
233679034068480
234315954512640
234447125552640
234818924820480
234970095951360
235044387502848
235072064747520
235078919792640
235140204499200
235851826129920
237188559928320
237255396618240
238540684462080
238589654983680
238988593509120
239032649856000
239700505524480
240387438170880
240597231114240
240893711815680
241487579773440
241633485434880
241746693027840
242899383767040
242990974786560
243278125009920
243467495631360
243961344506880
244106851494912
246595205176320
247946791572480
248469783045120
248575205329920
249906096760320
249959856706560
251543595663360
251654344381440
252356775390720
253041232604160
253630385648640
255571125089280
256112787490560
256559899115520
257125323571200
258356579120640
258771691127040
260783537414400
260988394867200
261001268586240
261321032206080
261333037405440
263118912376320
263455309877760
264015903191040
264716800508160
264743841922560
265216449738240
265500079004160
265911627421440
266102235759360
266615212114944
267128921579520
267913014969600
268983020866560
269592407884800
269773809177600
269793106302720
270575723658240
270648711142656
271899080893440
274008472657920
274416596213760
276352703827200
277277873832960
277292354626560
277389375943680
277563061923840
277779730685184
278530765793280
278649263692800
280337212995840
280608239149056
281000333053440
281207946539520
281848417213440
281905733007360
282101673047040
282251627159040
282810789381120
283358828712960
283469254548480
284106059677440
284956716844800
285561614257920
286542401080320
287506685706240
288027859553280
288185811217920
289083536501760
289473417192960
290446690786560
291375692213760
291561444894720
291692911910400
292006699944960
292566470676480
294544045635840
295035703522560
295859953509120
296326653342720
297371078484480
298564635156480
298652608235520
298930405213440
298953087713280
299523286782720
300021540838656
300827420974080
302408161735680
302639007390720
303369304702464
303867360276480
303886006744320
305155661690880
305829840476160
305914328079360
306515535406080
307405566074880
307491036652800
307920793340160
308020598645760
308215967431680
308352118314240
308364064968960
309279356305920
309481891729920
310630942702080
311740603130880
313006120627200
313273467386880
313718703217920
314045183612160
314847652331520
315855343964160
317668987860224
318296336117760
319336421564160
320367563163648
322057272176640
322122333012480
323497005511680
323838661386240
325056528276480
325670328023040
325700140846080
326092211343360
327314446018560
329155845258240
329441820825600
330381184573440
330950534154240
332212574453760
332282317086720
333024946974720
333310002600960
333373983022080
335635291031040
337506718348800
337731316285440
337844614947840
338115836298240
338219654572800
341634748815360
341849650222080
342521661081600
342959049861120
344063778465792
344611998581760
344706515112960
346800731397120
346854998730240
347011143198720
347088916500480
347298293422080
348657306117120
349602921507840
350060876605440
350937236133120
354198535891200
355754641482240
355935079019520
357466039096320
357745382184960
358839523553280
358954488372480
359521981378560
360934915461120
361453390341120
362782507422720
365068284134400
369439930379520
370624298204160
371028174612480
371374354391040
374438452227840
375487952716800
378010202169600
378357217539840
379016015938560
379444884698880
380972845693440
381444577113600
383044621639680
384962544046080
385721963827200
385811079413760
385835262489600
386500011448320
388499174568960
388529104803840
389938006993920
391299620624640
391665101667840
392116007162880
393633339939840
394585251540480
395572949291520
396222750443520
396518360958720
398562034590720
400244428846080
400520102062080
404081800012800
405463541683200
406073009422080
406510935038208
407904749091840
409411350915840
411305563468800
411800650060800
411921946275840
414929597322240
417380275952640
418073666250240
420067453639680
421746939694080
422459864386560
422644795372800
422682653352960
423425283240960
424186193249280
427478185854720
428936081333760
430487451313920
430636219453440
432976503294720
433906885251840
435332115778560
435764579298048
435799284560640
436756089369600
439459573932288
440942065724160
440955804377088
441466238653440
444489980014080
444940747130880
445278159406080
445299939947520
447674005658880
450045976773120
450770058224640
456174004543488
456366345684480
457278733148160
457470483993600
458096816136960
459427784175360
459902419441920
461046913367040
463928317332480
467168040218880
467319660487680
467358068136960
467484707289600
470144129495040
470665112924160
471785341547520
473507516401920
478786484816640
481058932273920
485162700422400
485806412931840
486519118525440
486934991262720
487908511534080
488139158707200
488220416087040
491732380339200
494232186792960
494321033606400
494381712464640
496074182123520
496546774563840
497027331440640
498644408021760
498784515989760
499312325191680
503194015779840
505646035614720
507988548587520
508238567316480
508852474690560
511309960761600
511627435038720
513141408299520
514538544199680
515526241950720
517707717246720
517757559137280
520516714798080
521129586991104
521556396641280
521567074828800
522292949418240
524735423815680
525091314908160
526386022606080
528001091143680
529214283037440
529487683845120
529530756378624
529899843432960
531847913963520
533381324636160
533906331678720
534980500803840
535779480547584
537861121459200
540646935628800
541028532844800
541151447316480
541735265111040
542962703162880
543409518812160
544221460823040
544842548683776
547652410905600
547989069788160
550320927636480
552019074647040
555939147778560
556021849743360
556541690664960
560621585018880
562014985459200
562415893079040
566717657425920
568590003717120
568828017838080
569913433689600
575228841707520
575307947934720
578614507511040
578946834385920
579094789109760
580893381573120
582751384427520
585459338440704
585704766366720
586811856153600
587137470796800
588039155907840
589955300014080
590481733121280
591719907018240
593068655773440
594575860919040
595544331083520
595929923043840
596544902553600
597148692940800
597305216471040
598215604546560
600780153093120
601405684239360
601509929771520
602547612226560
603769238392320
604534343212800
604881183836160
608467018199040
609098795585280
611370701061120
611659680952320
615732274510080
619435015879680
619735443425280
620992396442880
621261885404160
622356941606400
625264660500480
626345186987520
628502665190400
634443531321600
638052747171840
641535681346560
648055352904960
654126228467712
655552725273600
656303683875840
659730113602560
668649905763840
670308876357120
671270582062080
673659913006080
676439309145600
677803249643520
678462468203520
681053185854720
688113427921920
688127556931584
692049447048960
701759252113920
704804841861120
706969475896320
707906989870080
708352948638720
709006700962560
709546469119488
713585633080320
715129806182400
717097949568000
718517029950720
719650443832320
719893628213760
723202690129920
724037007133440
724041100231680
725031496949760
727422922490880
728017407237120
728466417020160
728723400717312
730136568268800
730188409547520
731750821401600
732320554484736
735118043869440
735466937103360
739459423422720
739583586443520
741252197038080
742055587553280
743427696211200
748876904455680
749763895372800
756020404339200
757447210840320
758401570967040
758889769397760
761800878558720
764945351089920
766743080463360
766781445830400
768030305602560
768960687559680
771929112514560
777058209607680
781919579105280
783244316574720
789671440696320
796525014405120
801386764738560
801607212806400
804315201930240
809064024088320
809596653465600
809756203576320
810030405381120
810229630129920
810329320120320
811382528436480
814513232332800
815838342359040
816829618725120
821296672035840
821992459115520
822752226616320
823379692611840
825993901286400
826402413957120
829120277905920
831833621498880
836456896746240
839706466959360
845209354429440
846153065640960
850660752893952
852695063700480
856263400312320
866301899823360
867065194195200
867981027513600
869973585761280
874223258388480
888066525265920
888979960028160
890903371438080
891020335645440
891819135357696
895136361799680
895306198026240
895913943724800
900091953546240
900139211811840
904248026922240
904263283123200
905328100131840
912732691368960
917742984238080
939315413836800
939681777914880
940560817996800
941327226766080
943570683095040
943683791339520
946290422246400
947015032803840
950966657921280
951631216462080
952281731681280
959692915706112
961549752683520
967890036072960
971612825863680
977021074149120
977092996239360
981087773783040
981259048643328
981773317324800
983421817297920
986306692250880
991755900495360
996857929267200
999624387041280
1000426427320320
1006388031559680
1007404291998720
1008103525228800
1009427101562880
1013156960175360
1015977097175040
1021694615934720
1022024579896320
1026245136833280
1026529867883520
1027490573894400
1030536356129280
1037383242255360
1050134358873600
1051082180628480
1058867202032640
1059799686865920
1060440824002560
1060543308464640
1064557469015040
1065725873372160
1071366147371520
1072132293872640
1076518570659840
1077463438571520
1082835524010240
1088347522268160
1094320032261120
1097771781173760
1101257565408000
1103768327101440
1103775852936960
1104038149294080
1106689337994240
1107038231228160
1109532480376320
1111118922740736
1111224950035200
1111259381057280
1114135332710400
1124831786158080
1127153742274560
1128077689939200
1130527757399040
1130785094799360
1132889320442880
1139533832586240
1144741693455360
1152118314547200
1153788112141056
1154655802460160
1165556963450880
1174723518608640
1180439912171520
1187619528775680
1190089903242240
1191859846087680
1195080193950720
1197332345617408
1198265504916480
1198285308380160
1199057587203840
1202811368478720
1203019859543040
1213250188550400
1213799560807680
1216390625049600
1233408473256960
1233456259875840
1233811103669760
1245701580963840
1246645366686720
1246962412523520
1248589200418560
1249015889721600
1251175577783040
1252447781544960
1257516516157440
1260978123525120
1265294087629824
1268602457041920
1269556285132800
1282853520748800
1285234687376640
1286013145697280
1291782895603200
1299091793556480
1299615680563200
1300958841262080
1301720655755520
1303427967061248
1310575898311680
1314119588221440
1315594561881600
1322604407900160
1324398715960320
1329558137107200
1330124963650560
1333885812779520
1337389788134400
1344053034804480
1352878618291200
1353243555713280
1358798682608640
1358955760081920
1359495404467200
1365219224328960
1371836199444480
1378826060451840
1384098894097920
1385891898209280
1387962264648960
1389193173688320
1389711988304640
1396065646463488
1403518504227840
1410115790603520
1419646568820480
1426859361607680
1428899737224960
1437429460346880
1439179591449600
1445358272117760
1445813561364480
1448082200463360
1454845844981760
1456946204313600
1458531234800640
1459037514654720
1460376819095040
1463329915407360
1467446183723520
1470933874206720
1473037230551040
1477114268636160
1481470649809920
1481943126343680
1483145137393920
1487687745223680
1492658845117440
1493728232156160
1497753808911360
1499386621824000
1502328267095040
1504876201678080
1505319542200320
1518100012154880
1519579559393280
1521732912860160
1523711018919936
1523891382773760
1525778308454400
1530013128483840
1533426750535680
1533486160926720
1534332758999040
1547852301515520
1549019502750720
1556462558407680
1558304851783680
1559842095651840
1567926193236480
1568593516089600
1588592269135872
1590557267819520
1600722157224960
1601231334743040
1604637699275520
1606050222416640
1606325775774720
1628243036759808
1631510830709760
1635486376043520
1645504453232640
1649553181436160
1656289376501760
1659673139604480
1677577680979200
1680269814558720
1682712067196160
1690579181491200
1691434398044160
1704272469419520
1717606389058560
1735627541007360
1737139411687680
1739288481315840
1741675023728640
1744501376217600
1759807462533120
1761989179991040
1772511042032640
1776354506572800
1778777262662400
1783964082700800
1790272723599360
1790696022635520
1803080232898560
1803994048496640
1807266951705600
1808276735865600
1813302351544320
1814939512888320
1824696018173952
1826209444899840
1831087662243840
1834633719959040
1842854061565440
1861381391950080
1872192261139200
1872266108697600
1882470224194560
1882654453532160
1894030065607680
1901366156067840
1915671968770560
1916861414307840
1923099505367040
1932669148354560
1934468926790400
1936875289789440
1947739965050880
1964257674043392
1966658175820800
1967002331374080
1967942634577920
1974711711329280
1980118628167680
1980225071784960
1981505995822080
1993631759159040
2003466911846400
2013234755051520
2016002193004800
2026313920350720
2031954194350080
2037373535957760
2061072712258560
2064517258003200
2078606203914240
2081079161441280
2111454984038400
2118473051735040
2119599373731840
2126193927137280
2140808883333120
2153844167086080
2158778051189760
2164605789265920
2168474268280320
2173217893007616
2174416598914560
2181629391701760
2182268767472640
2198992858782720
2206282238899200
2208076298588160
2220356540666880
2226166762659840
2233589824435200
2253197815464960
2253715235419648
2256750671535360
2266870629703680
2279619405423360
2279900985922560
2299512097209600
2299647407016960
2304090916807680
2310663944709120
2314458030044160
2315787337543680
2325976219607040
2329649762119680
2331174628823040
2349447037217280
2353133575752960
2356178977152000
2360285628180480
2370198783869952
2372274623093760
2380179806484480
2383314673259520
2388310127723520
2397389366211840
2407556640168960
2410858815805440
2412945605790720
2424027162735360
2426901335147520
2446638723809280
2461325467560960
2466912519751680
2469269793070080
2472865936020480
2485047541616640
2485515398446080
2498031779443200
2503205984885760
2509410752808960
2525956923409920
2528230178073600
2529575629701120
2530173732387840
2539002303452160
2539477551959040
2549247895434240
2560149983489280
2565111749840640
2570469374753280
2577152885997312
2586881712307200
2588787795686400
2592221411619840
2605438007854080
2615004630120960
2625214735503360
2626919555420160
2628874528600320
2641878428017920
2656675021271040
2666906623180800
2671475492125440
2676990137902080
2678142451944960
2678897402737920
2681878526046720
2716596684426240
2729566048957440
2753701329899520
2764714531138560
2764947221836800
2768197788195840
2778386347376640
2790038210319360
2800665244016640
2814946258924800
2815005033335040
2830271755449600
2833588287129600
2844308740089600
2849615370201600
2855333243642880
2855434198256640
2856963585315840
2868391798272000
2901568615545600
2908623207409920
2908839188935680
2919751516281600
2930005378460160
2940472175477760
2943188296688640
2944260159160320
2952228577858560
2958016520954880
2968222350213120
2970834362496000
2975517451146240
2985387659654400
3003701915934720
3004385950325760
3033219793443840
3037348196762880
3039667435284480
3046107408664320
3047931291525120
3050352055086336
3053114848143360
3068665517998080
3075386889738240
3075842750238720
3079680575811840
3081641741418240
3086594460069120
3099828799791360
3118851770711040
3119684191303680
3133437982456320
3177475649187840
3181559156455680
3191200630974720
3193672407045120
3194564419791360
3202462669486080
3206677712958720
3216396881617920
3218416834913280
3220434285868800
3236685530158080
3240276764524800
3249993457751040
3269204405026560
3273103143448320
3274063948995840
3283783117655040
3342530092661760
3346594476825600
3365424134392320
3381461226823680
3390185986387200
3392312341017600
3408544938839040
3453979035386880
3460247235244800
3474278823375360
3482930469360384
3494474643179520
3517484407557120
3527536525793280
3527557180078848
3534847379481600
3542147284515840
3543183737533440
3546149306219520
3555919840112640
3560627387116800
3566896025172480
3566987608504320
3568752484577280
3569398572579840
3570269709726720
3588548521958400
3592585149753600
3592724577361920
3598806716144640
3600367814184960
3608319805009920
3610347184604160
3623954020727040
3650115015106560
3650894776488960
3650969523801600
3653111357925120
3658494450885120
3662175324487680
3664358656358400
3694513999841280
3697437867002880
3704215602447360
3706715294650368
3709298904030720
3714024647773440
3731218300293120
3739683605898240
3741949912377600
3744362174192640
3746415545832960
3750951157873920
3760587675772928
3769442499271680
3772894897336320
3789379255495680
3803866631685120
3814808045368320
3833566876339200
3841977553639680
3852246493455360
3867132604769280
3878450284262400
3885623946167040
3889179953218560
3895791834654720
3912070853053440
3920476932852480
3936911251553280
3990991923959040
3993930374353920
3997383476486400
4009481044208640
4012169364403200
4021479467765760
4033809599339520
4052627840701440
4053432475572480
4070819797524480
4074747071915520
4076867280245760
4079259690992640
4087792334545920
4106240767749120
4111856287418880
4114801490042880
4120063585397760
4130499849315840
4139668062351360
4141918994653440
4145543835713280
4151480590414080
4154181008947200
4162158322882560
4171509461306880
4205461071651840
4225734867594240
4233714264299520
4239198747463680
4253303764469760
4271250653429760
4307453860469760
4317924941890560
4319834071956480
4322089381800960
4327531747418880
4331342096040960
4339401084184320
4355840637308160
4364537534945280
4374900220965120
4399518656332800
4405030261632000
4425309223695360
4428152924912640
4429616477045760
4434498982932480
4444899800140800
4472916750382080
4481184696468480
4521240134611200
4554521254483200
4559238810846720
4569848418707712
4571033011184640
4579657138318080
4622284375188480
4638419247221760
4688601224186880
4697490503946240
4698894074434560
4715619391042560
4722357131331840
4763666253265920
4784469791861760
4802719094933760
4821717631610880
4855198243230720
4862176107909120
4891378790538240
4901202308217600
4908279856677120
4917109086489600
4931901628093440
4932381424126464
4958779502476800
4962527853454080
4965099611915520
4986581466746880
4998244469137920
5005650887677440
5006307049497600
5029619209655040
5130425162903040
5140938749506560
5202347010981120
5206882623022080
5210338327434240
5235369905525760
5240464148984064
5260166317486080
5267357450234880
5322787345075200
5353980275804160
5366993626874880
5376212139217920
5382724812917760
5384928138670080
5411514473164800
5414177620051200
5431021604870400
5460876897315840
5503551111152640
5525960980700160
5536395576391680
5543567592837120
5545541655413760
5546802334993920
5556772694753280
5594388432272640
5614074016911360
5628694542831360
5657852048808960
5673701770007040
5710666487285760
5710868396513280
5712857187916032
5717807331075840
5747650854865920
5749076704250880
5750141140423680
5781997599705600
5849267377873920
5860010756920320
5912390945260800
5925882599239680
5932762493898240
5947116291916800
5948245089346560
5995287936019200
5997546487296000
6032484582668544
6064113298763520
6134938625249280
6211744576128000
6216465676861440
6223243412305920
6266875964912640
6297743376207360
6329842981862400
6330154886415360
6364759582621440
6391592549422080
6413355425917440
6422426649999360
6426173436883200
6430065728486400
6459209754117120
6473371060316160
6491060227491840
6495456227420160
6592620092298240
6603851131637760
6660399022018560
6664325958850560
6681359413048320
6730848268784640
6755823587036160
6797498055828480
6821560509603840
6834755017359360
6876275004318720
6881092196858880
6934625910051840
6940782311823360
6954339306055680
7019358677210880
7056112733429760
7059400727258880
7064024312378880
7110596351609856
7111839680225280
7131935530621440
7140539419453440
7215491234165760
7274786400161280
7288080605245440
7408999962524160
7418597808061440
7439915617854720
7504926057108480
7524381008390400
7526308847016960
7565280825822720
7577344229495040
7597512200678400
7616884038865920
7638490517898240
7660808333418240
7708802957856000
7709892525054720
7730676593418240
7747501159157760
7764967814123520
7766762122183680
7771247892334080
7776664234859520
7783110262287360
7812607705943040
7863455389870080
7873822503106560
7920474512670720
7959336334709760
7987860748707840
7996995096330240
8030970413706240
8064828201830400
8223064630260480
8244290849034240
8278389128782080
8298365698022400
8302961180828160
8343018922613760
8345058298536960
8377899248759040
8413560335980800
8505806107518720
8542501306859520
8595982605450240
8726517566807040
8738145969396480
8789667242146560
8828939224385280
8829564890065920
8853691416111360
8856305849825280
8916935296389120
8996642811636480
9008297338360320
9040477490795520
9055569443880960
9097683984829440
9112044590288640
9242879553008640
9258230855301120
9276838494443520
9323490504007680
9397788148869120
9408371243631360
9412534303011840
9417326169968640
9440120527918080
9452215493360640
9452371445637120
9512760678220800
9556534570302720
9561070182343680
9563269266969600
9624158876344320
9629559223764480
9664560050745600
9720830293574400
9746930639846400
9754351987860480
9775417922350080
9798532333873920
9864762848252928
9984393972833280
9996488938275840
10011301775354880
10082167148148480
10162773375955200
10164954528368640
10243309407851520
10279856700072960
10370294548669440
10378727967928320
10388788889149440
10448611915822080
10508683620314880
10577534730352128
10624664707937280
10665977132439552
10667239679416320
10671086502236160
10685901968501760
10732780356410112
10732783622077440
10736871752006400
10765449625835520
10793849535076608
10843136519255040
10866089465038080
10995868257454080
11013834188206080
11028303855528960
11070268347156480
11135599021747200
11197643273456640
11205055100574720
11208619343201280
11242351556916480
11288696505166080
11315704097617920
11347403540014080
11348799112949760
11359355398110720
11367340296238080
11420575814968320
11500282280847360
11556739480366080
11634492829639680
11659574411476992
11761888701911040
11778984470373120
11829655964206080
11865524987796480
11929907285936640
11941550638617600
11980063270855680
12053113916363520
12056354591339520
12141451598115840
12144419642234880
12199814690595840
12266418880235520
12267889287413760
12313051705194240
12318722303247360
12333924259937280
12336686805864960
12364329680102400
12603628209070080
12709902596751360
12754141059179520
12788034687267840
12802719526840320
12844853299998720
12852346873766400
12937663129230336
12961107058099200
12996572014863360
13072331688514560
13110458306964480
13403082474270720
13473359539960320
13532765237671680
13544396320815360
13549703991183360
13649168501928960
13669204037448960
13673358432814080
13861575502494720
13897115293501440
14036672587069440
14099056163512320
14208478142966016
14239230030305280
14275009938309120
14391497005966080
14427508985809920
14428828581995520
14495816082908160
14534258319060480
14543128710190080
14567554130088960
14568385875563520
14597909826339840
14655433237885440
14715941483443200
14819589003985920
14837195616122880
14985662183331840
15091366265015040
15134765555669760
15152240524861440
15186740983814400
15197324078576640
15220916192401920
15230537043321600
15245599972162560
15271405741912320
15277622172933120
15323952041798400
15368804936432640
15398402879059200
15423672717573120
15495002318315520
15542495784668160
15617856723194880
15639258174059520
15647512648078080
15779394290499840
15956003154873600
15968362035225600
16012235765111040
16039867391708160
16201206210309120
16206389766927360
16210511362805760
16220609272707840
16280252704235520
16314779567003904
16364565197460480
16448823139187712
16493252840064000
16661258645391360
16681403826936576
16728948713917440
16731872819101440
16827120671961600
16890619240535040
16953762584478720
16968520401719040
17017616377681920
17181002379340800
17193857302702080
17229278272926720
17367348021703680
17434892685450240
17472689452458240
17480248805859840
17711216126714880
17804298462286336
17846992862899200
17956488070160640
18016594676720640
18060630489085184
18335801709308160
18461874263589120
18516461710602240
18546494520153600
18795576297738240
18796227565108224
18825068606023680
18862477564170240
18940300656076800
18946763365770240
18992863353784320
19016176790983680
19132173294474240
19132997613649920
19149483997163520
19177320728966400
19311552315095040
19343199003448320
19432624019128320
19448704431636480
19498657599832320
19530267472235520
19754534272112640
19811902288147200
19835118009907200
19992977876551680
20087848844743680
20088225729411840
20231528355118080
20244705402077184
20329909056737280
20340699469009920
20481199867914240
20567077194343680
20572808440504320
20777577778298880
20795840537472000
20809388043924480
20812637443503360
20827530492088320
21030701652280320
21168338200289280
21185635906955520
21186192736558080
21331954264879104
21394105112540160
21394481997208320
21413153569167360
21468806252974080
21618951701867520
21831962394977280
21843507589263360
21890159598827520
21934065877194240
21960309225254400
22048656810808320
22145582305566720
22213308179462400
22319746853564160
22325335695959296
22410110201149440
22514778171325440
22720392583848960
22734680592476160
22871229324303360
23095336512568320
23440043027681280
23469613978567680
23557968940746240
23644771235205120
23692285837946880
23859814571873280
23893356307645440
23925851934969600
24279131255258880
24280573813816320
24319951763627520
24419459060156160
24759906131600640
24795030991610880
24823045143536640
25036010639861760
25110942566814720
25124698928609280
25190973504829440
25191647013012480
25246748125347840
25422807274824960
25460196833111040
25537007661285120
25571779505475840
26001697793111040
26008057180385280
26034413115110400
26046508080552960
26111518519806720
26563135890170880
26641596088074240
26942254636577280
27680131624916736
27681944947937280
27681977881958400
27803268392739840
28066367309460480
28073345174138880
28147942346388480
28216778748238080
28369493977144320
28554817836948480
29093201655598080
29199308613995520
29638712816993280
29651310295326720
29790597671493120
29871540901762560
29953181918499840
30001561780270080
30563658304413696
30835211831424000
30839570100218880
30844932030823680
30847345435146240
30859853797893120
31059871256494080
31133189800973568
31310417252674560
31500473569044480
31549717356917760
31657176472965120
31788904806457344
31806303409520640
31925288245294080
32053170293464320
32375071263575040
32402412420618240
32434465929465600
32468934730552320
32529409557765120
32811049467356160
32892258521041920
32976923279139840
33113556515128320
33372075690455040
33436341788129280
33502987517965056
33546218400414720
33654241343923200
34318185168072960
34536775276523520
34729181397630720
34960497611719680
35038236108395520
35129827127915520
35912976140321280
36121614294205440
36416429076867840
36448178361154560
36871502151644160
36883597117086720
36939155115582720
37007059335966720
37118452105405440
37348802757826560
37537297075998720
37633484974525440
37679073690424320
38226138281210880
38883321174297600
39237495574717440
39413954793185280
39540504067384320
39918469833285120
39985955753103360
40236953677240320
40838019010145280
40947505505786880
41081630033283840
41794447663288320
42238859048305920
42372385473116160
42526922182778880
42743607874007040
43114135630325760
43318118732528640
43482212032896000
43693300733322240
43868131754388480
43976989109222400
44084203633451520
44128540883831040
44147824450329600
44461617651010560
44975128998159360
44983214058182400
45214468278819840
45262816390471680
45337412594073600
45568646230947840
45666286494554880
46072409215472640
46267778429832960
46784487309880320
46939227957135360
47261077466803200
47290765109253120
47560427861506560
47612544174074880
47782672851513600
48163664262954240
48603618630927360
48680375142389760
49040181036887040
49128885701575680
49519812263201280
49983775936174080
50034201043706880
50305716763061760
50381947009658880
50513111300171520
50729650721008896
51687834818780160
51930184656430080
52193381114730240
52223037039613440
52289326754058240
52791353127152640
53283192176148480
53969247675383040
54227777561717760
54268822715627520
54307595136453120
54367334855285760
54450022551724800
54587806387994880
55044187729090560
55106174426983680
55466712262241280
55588461174005760
55843443146050560
55941230174269440
56092342979312640
56235508597255680
56610485753902080
56702497597025280
56956920121221120
57084132621035520
57213278433991680
57861829492346880
58147917754967040
58398617227991040
58884339257103360
58894922351865600
59278356015943680
60679775733857280
61085622967649280
61369048109940480
61593611516236800
61802574570696960
62169983138672640
62228597201971200
63254343309696000
63588614351539200
64273814766120960
64513454004679680
64722286670469120
65650484724464640
65973011360256000
66670905223802880
68280463915023360
68329190337408000
68710623671289600
68947350505313280
69236765749831680
69638790439088640
69678944294319360
69728042269670400
69975422567930880
70154965720519680
70205226911339520
70296787719325440
70744397645026560
71118396802252800
71492838218081280
71658134635127040
71825952280642560
71973142493091840
72066378706882560
72721522224046080
73192683375651840
73375038239247360
73484042453902080
73540513315906560
74697605515653120
74801313779512320
74840204488008960
76180139839964160
76527422727710976
76642382387450880
76861082288390400
77476028994524160
77691993906320640
77712478923340800
77870085626876928
78853127202769920
78896971452499200
78918102786023424
78970326576261120
79258679764830720
80547934235408640
80788321673579520
81574494427345920
81645552349320960
82244115695938560
83320439239699200
83590854470323200
84162713063869440
84747910985337600
84865260741381120
84970155975344640
85614212885160960
86110724054234880
87428457701544960
87473381858903040
88166854599183360
88517004591375360
89278987414256640
89473019466378240
89596768429808640
90779228320112640
91054570918671360
91069683436892160
91506321819601920
91673790571883520
92203608107170560
96310830559879936
97066746458922240
97136577456145920
97360750284779520
99180123966443520
102491225289573120
102758826399989760
102818774990131200
104171494104437760
104282991413314560
104585643369123840
105094666601084160
106566384352296960
106620576080578560
106899840193386240
107581634555028480
107783855672613120
108873299288033280
108900045103449600
109236853749703680
109268302176633600
109530495177143040
109806565819991040
110455760033498880
111598734267820800
111696347396874240
111747773870853120
112279071741957120
112900454923576320
113444728368491520
114265674147905280
115468722700531200
116388340583074560
118234334683745280
118918165422228480
119419641297116160
120157434189112320
120878713467832320
121767329539215360
121902566427613440
122775130281323520
124894570796835840
125695416491124480
125730555023969280
127665600587965440
130091784809226240
130369293221207040
131068172925930240
131707519705681920
131775480242165760
135654359918837760
137272740672291840
137550858421616640
138541400445127680
138550354276561920
138657702721714176
139432303816565760
139950845135861760
141263027590164480
141345221866168320
142384896283069440
142821189771321600
143316269270254080
145665716307471360
145792713444618240
146256302246799360
146882124260551680
147202522023997440
147516246020183040
148055234415728640
148918796820541440
150102603131120640
150716294761697280
151332661913072640
154285273177136640
154340597675658240
156238227974949120
156699767653228800
158174934316439040
158517359529661440
159042748086942720
160252244631198720
162960005019651840
163291104698641920
163323669503554560
164483440528942080
167761732911252480
168955436193223680
169940311950689280
170239662345392640
171639835301975040
174757563901240320
174773202933288960
175033804272687360
175472527017553920
176145029222722560
176294704420074240
176336814533806080
178946038932756480
179827946199982080
181574156835751680
182780629638647040
183668601573811200
185565744641249280
187910192922439680
190069932203289600
190485936709770240
191130691406054400
191240949665525760
191561175814821120
192654657051816960
192908651326110720
194233050042071040
194326356612799488
195317277301386240
195607340490481920
195918884024048640
196464571166223360
202052445200686080
204958028052771840
205517652799979520
206788596586091520
208773524458920960
209100786312337920
210004419788190720
214351153628451840
214485233598155520
215584518487726080
215651721970164480
215876990701532160
217800090206899200
219065177073093120
219578050126955520
221150395634488320
223475885336309760
223895952789949440
229976532049904640
231152134585236480
234055723761699840
234796972358108160
237338908776668160
238945113541854720
239006668276696320
243368777840348160
243430833850364160
244578343696727040
244723483282037760
244937354834430720
246934868282403840
248364825981592320
250368539817876480
251390832982248960
252003788552355840
254200334509255680
254859064322903040
256533125370762240
256808945537464320
258185179819607040
267593335081712640
269189120463943680
272847921773306880
273896539929492480
275420505575255040
279429288832995840
279520698860282880
279683980893757440
281970106641484800
286632538540508160
287303809122570240
287736576689802240
287892569972367360
290156709096334080
292692116227230720
298763788879395840
298973340801273600
300441533371499520
304935875118787584
311231323557073920
315587885809996800
315881306305044480
315983563965189120
316749002492482560
318543709287767040
318598700459719680
319180090546437120
320921765570165760
322401670984673280
325126910855335680
326683288751339520
331288878806645760
332124727311336960
335870494912592640
339880623901378560
341493430360642560
342670025306568960
352667418396733440
353721988225132800
354037850264017920
359841711123917568
359865712465459200
361816351270133760
363511292595010560
364871846247068160
375336151170140160
376788601557688320
378206842699445760
378958061673354240
381056547508116480
381093375492910080
393204518777790720
394590513930117120
395437335791097600
401196051212436480
407035424284769280
409856046469309440
410306019057285120
411220578479692800
412190374799723520
416115191085834240
416747251666690560
419437135478000640
419853930980520960
420784196306664960
427599360773544960
433260452545240320
435189881970708480
435600180413798400
442180002898529280
442780403167872000
445360817525944320
454883658978228480
458018328821813760
458454543429442560
461330902462510080
468016498721882880
468270193944833280
478304332361856000
479486762522127360
487259505671178240
489235304668830720
489827957975516160
491039182371978240
491084760043637760
492319055665704960
494653849187097600
497390506997481216
497828777615769600
501606942445889280
502781665964497920
504699581913246720
509016736947882240
509204092614497280
517492878133271040
524141374936058880
524272691703720960
526723716513899520
529813913728619520
535071346549259520
535165935936952320
545090599388138496
554810758353815040
559041397720565760
560294140078632960
565305775735599360
566393624838961920
569110456451496960
576332546393640960
583733211974922240
583937023320161280
592354343505576960
592786351305308160
593661724429213440
595675187282165760
599444629781437440
619079294306753280
619619032139627520
636837122569519872
640544252737213440
641843531140331520
652719104157818880
653164418794567680
658891384931619840
660874959264199680
664249454622673920
664893511532490240
671740989825185280
676608997434289920
677983287882700800
678513954491493120
679761247802757120
679956042193021440
681847629341598720
682291222167582720
682346546666104320
685340050613137920
686768768406040320
690011731015326720
692515388861936640
702167171285099520
719314376578237440
726296627343006720
729435361847512320
729869825705180160
744150308206905600
749365805561667840
752775621410292480
754172498946746880
758450926832417280
761611799847951360
764577192968709120
770618628207267840
771486441977771520
774301545184527360
781191139874745600
796106176099153920
805688628452547840
808209780802744320
818782292470222080
841102039323786240
852964608644628480
867673967951831040
899296700964963840
909767317956456960
916864902855982080
917477210481511680
924927127705405440
928548639473495040
936540387889666560
953875497110215680
954280213261562880
968416669313533440
986673508472171520
987733308159037440
989416553063178240
1005563331928995840
1013454257198423040
1030417654167982080
1035267055185242880
1041262587470730240
1042431577743790080
1069624316395514880
1078258609850822400
1094052817008383232
1103517200711439360
1109621516707630080
1110057785869992960
1115525121790759680
1121765712418391040
1129603250025169920
1146530154162032640
1160626836385336320
1165517522054645760
1179487108967381760
1180129968161464320
1189582183654824960
1214008830292177920
1217742479366370048
1221162138425349120
1231110247501854720
1236571124399170560
1238158588613506560
1248467386838031360
1269372670679393280
1271019097850261760
1283687062280663040
1303395808469314560
1328498909245347840
1334485917139415040
1343481979650370560
1351249539242803200
1359631350294497280
1361504558067413760
1364693093332208640
1367220941109703680
1371432188168340480
1373401468450851840
1381256899296341760
1388491449711125760
1401239585150076672
1411488106528631040
1411514216431038720
1427851090958761728
1451910321101560320
1465093401470899200
1467705914006492160
1488300616413811200
1499042457597484800
1501344604680560640
1509091629414082560
1534978111798010880
1584733363558974720
1592802629708209920
1605076643835624960
1622753488537606656
1638390066331898880
1664432275061445120
1673046677936874240
1677748541912002560
1684821786520594176
1704015836952549120
1743289701615221760
1746587191252780800
1769693011176330240
1807296258737249280
1814470709333006592
1819534635912913920
1822926323691432960
1869343431457582080
1896332137871490816
1898495041775428096
1901331929208391680
1929699169779870720
1937704176138931200
1945646688928569088
1946453371765943040
1992748363868021760
2006427769783557120
2011126663857991680
2014156036828615680
2015481804889512960
2031096963674338560
2069100856965542400
2097090766814883840
2106881777489448960
2144155863111736320
2189609477115540480
2219243033415260160
2246452358991160320
2275888375987349760
2299791156592849920
2331794435153863680
2379164367309649920
2388212913331365120
2426470800896862720
2431082006471838720
2462707611883034880
2516627433769962240
2523497909566233600
2543589375018531840
2554102923729477120
2575991787439150080
2592561890095457280
2612657675178270720
2627824761843240960
2688851770747591680
2714055817965972480
2730057457246479360
2732724397126563840
2802808674383477760
2936059948346004480
2967419293292805120
2968526331524033280
2977695696647992320
2984375037556577280
3016689995786987520
3018183258828165120
3024083043413752320
3071445619820497920
3138861241722286080
3184185612847599360
3209181804006097920
3236129884193310720
3283184416865633280
3298863379746654720
3392569772457465600
3428795705828613120
3449908979879281920
3450058655076633600
3495515202754122240
3511248597121224960
3532897073392727040
3603485152479421440
3669908841926046720
3711028268726338560
3769370278372258560
3815501988440862720
3865951601172460800
3871217446752015360
4041048904013721600
4101662823329111040
4141068220740971520
4173417342822663936
4227829943472495360
4391890557119493120
4418230401339955200
4427456882910969600
4495666905715265280
4523170810226035968
4584324514279910400
4612239694521338880
4674589309035819264
4776425826662730240
4843385067223422720
4899676548263777280
4913423988359927040
4927349829196354560
4993869547352125440
5035200636047662080
5087178750037063680
5181900471900472320
5284384021538899200
5309156487826920960
5446018232269655040
5565723617125351680
5657468465619210240
5744298222531348480
5887714275266503680
5927917940397573120
5953202465655244800
6048166086827504640
6086845786312811520
6418054319991874560
6664664617882951680
6762883296629940480
7038943323502970880
7218716842358461440
7226739260151290880
7328932214953789440
7642818897355192320
7724620404980075520
7733022202629884160
8099091699665218560
8233637141927957760
8327075285583774720
8547288321396464640
8590689593016410880
8885082563759001600
9025708383155143680
9179912033165153280
9229634868062568960
9273024044717072640
9552851653325460480
9570546587767925760
9674877759675448320
9883588483352263680
9987739094704250880
10146218562972011520
11235536506849374720
11521827932679778560
11829404260551171840
12540173561147232000
12760484265840030720
13021460961649620480
13086257579192878080
13342985963621233920
13383534684160650240
13570279089829862400
13678480650679004160
13867526688398423040
14077886647005941760
14212090846312719360
14487481123233592320
14508511460378369280
14679635367704186880
14988011630369057280
15327266339808783360
15534701233906821120
15542703376142342400
15779518845384349440
17017574045302871040
17086637318334312960
17664485366963635200
18094993566926115840
18459269736125137920
18523494002625131520
18934384168639779840
19713545367466030080
20350910236376079360
20369480699561495040
21116829970508912640
22630302617177102848
24680435543080565248
24812319664345973760
24951000538110366720
25054503204885073920
25105016316185245440
25977197881084369920
26129319240631839232
28711639763303777280
28906957040605163520
29924662853912386560
31055447090920412160
32090271599959372800
32584449209882169600
33814416483149702400
34189153285585858560
34377039070548894720
34957086831464878080
35205221095001717760
37868768337279559680
39876014276857927168
41213999926865525760
42739694687495393280
43241019375315041280
43514633411408839680
44278622270701378560
45397600376022639360
45417895445597875200
46365120223585363200
47625619725241958400
48385328694620037120
49300796628967403520
51546809054631770880
52951541862075816960
54072342834860528640
56179977553939599360
57462887560486087680
57974955090373601280
64607444076437982720
64911168313019508480
66931137908486691840
66941787525558865920
69728267996594887680
73569739902744476160
81015550653274997760
86276394100692956160
86882778864841639680
87781214928030624000
90575882178800578560
105615663285005153280
107491900846764994560
113991825987837557760
121901673260826531072
129214888152875965440
130543900234226519040
132988735080332651520
133667249034824144640
135753596281492949760
164066585502957096960
171110111055729221376
172485715570524195840
174220441388661507840
174418328630137912320
175363062493188810240
175735114213296718080
214462564622170824960
232745621294892625920
233982118337628460800
270515331865197619200
272554633751054054400
294015843672608977920
304602433879861877760
334655689542433459200
370660793034530718720
378720200687387919360
444490723854454717440
476563876758682352640
478660967525497236480
487791488625084483840
488097875976164213760
493509647313783260160
559313389303438049280
583794215047031229696
599642318967854722560
868060370212920941056
882875212829066096640
933578336468303285760
1227541437452321671680
1394760677209199139840
1595546838275024194560
1907440304566124263936
2141024086256134759680
2342124817708146831360
2422910130276077460480
2488722467517563397120
2878023119937213701376
3350626772678480655360
4113967811799098373120
4216327050778279557120
4510361910650581649664
4697909280945158213376
5210587736904070160640
5265270642780469601280
5717022724950806959872
5787446243717375677440
8052975854207494129920
9068835885953648732928
9442675450275718210560
19655144168463954205440
35277745887060206449920
35414576041491247560960
47014681167843107685120
99520239056113895475456
100628132054038333704960
108070398598568185570560
214742732901769870237440
3336217609963113864980992
3803520912684591486651648
54670271143132631118908160
255657824443525316142570240
1540600452171694973779912192
2637416933202553053462566656
45159146316597428162616464896
95292840549868291765533210112
