44352
68992
88704
133056
177408
192192
206976
221760
256256
266112
288288
384384
443520
487872
576576
606144
620928
655424
665280
960960
975744
1034880
1057056
1076768
1153152
1310848
1330560
1374912
1441440
1451296
1463616
1557248
1567104
1761760
1815968
1921920
1951488
2114112
2306304
2434432
2439360
2483712
2621696
2626624
2754752
2818816
2882880
3104640
3171168
3631936
3843840
4228224
4260256
4656960
4868864
5243392
5285280
5632704
5765760
5898816
5935776
6209280
6278272
6342336
6694688
6874560
7007616
7175168
8072064
8264256
8456448
8520512
8648640
9313920
9737728
10486784
10506496
10570560
11265408
11464992
11531520
12204192
12418560
13315456
13741728
14414400
14419328
14813568
14990976
15124032
15855840
17041024
17075520
17297280
18627840
18738720
19699680
19731712
20180160
20660640
20712384
20973568
21077056
21141120
21732480
22198176
22530816
23319296
24984960
25369344
25596032
26906880
27387360
27441568
28030464
29981952
30804928
32544512
32598720
34082048
34905024
35038080
35065184
36036000
36612576
36772736
37255680
39872448
40360320
41225184
42282240
43531488
46254208
49905856
53557504
56504448
57209152
57657600
58566816
59643584
60540480
61020960
61437376
61959744
63295232
64352288
68164096
68708640
71495424
73545472
74954880
77083776
80720640
81474624
83891808
87373440
94174080
99811712
101125024
103561920
109933824
113008896
114070528
119447328
120792672
121080960
123919488
126846720
127359232
128704576
133144704
134246112
141283296
146450304
147090944
149909760
151861248
154266112
158558400
158654496
158854080
171487008
174525120
183062880
187098912
191711520
196035840
202250048
206125920
219098880
252284032
257409152
263694816
270034688
282522240
292900608
294181888
301260960
301613312
315098784
315707392
329801472
334192320
349340992
356035680
357477120
359886912
374902528
402738336
423783360
444983616
449152704
477116640
482017536
500743936
502710208
509436928
514818304
541981440
559278720
565044480
580900320
618345728
630197568
634233600
643522880
645765120
671230560
710341632
779338560
793272480
798493696
798685888
818737920
848463616
887927040
1029636608
1039278240
1049368320
1073968896
1130088960
1158341184
1176727552
1202449248
1231886656
1233872640
1260395136
1372250880
1403482080
1415750336
1464503040
1533692160
1575493920
1610953344
1649007360
1745199456
2010840832
2013691680
2029547520
2059273216
2156394240
2267096832
2279909632
2292998400
2354470272
2379817440
2410087680
2548465920
2615797184
2640718080
2702796096
2806964160
2848285440
3194743552
3221906688
3298014720
3466086624
3724680960
3793870080
3806843040
3807707904
3932248320
4096284192
4162878720
4197473280
4335851520
4391715328
4439635200
4820175360
4975979008
5004679680
5350881536
5460430976
5555373824
5606625024
5696570880
5736546816
5791705920
5860806336
5961795840
6215489280
6266227968
6301975680
6376930560
6472001536
6596029440
6792065280
6913274368
7078751680
7103416320
7183272096
7345578240
7737649920
8108388288
8221973760
8237092864
8245036800
8394946560
8739739008
9068387328
9768062304
10020890880
10043953920
10147737600
10643592960
10781971200
11162511360
11168405248
11326002688
11393141760
11543051520
11621978368
11842871040
12050438400
12071131072
12430978560
13192058880
13513980480
13572599040
13666901248
13826292480
15094759680
15440705280
16040344320
16109533440
16490073600
16870613760
17330433120
17378000640
17516378880
17631694080
17650913280
17839261440
18827640832
19038539520
19116857760
19638178560
19661241600
19937998080
21502226592
21944482560
22119249152
22336554240
22652005376
22705562880
23443580160
23893309440
24262606368
24481416960
24988803840
26072766720
26177991840
26384117760
26557090560
26647901280
27653097472
28033125120
28286818560
28673989344
29140151040
29382312960
29934384480
30431681280
31329922624
31331139840
31340877568
32770273536
32980147200
33821948160
34272189952
34502307840
35517081600
38100142080
38233715520
38385037152
38561402880
39512304832
40008736768
40541941440
40962841920
40971490560
41732570880
41784590848
41884786944
42288646400
42472510080
43508424960
44269505280
44638513920
45399594240
45411125760
45791665920
47504993536
47694366720
48420852480
49723914240
52768235520
54117423360
55685710080
55988284352
56366069760
57715257600
58293275040
61013272320
62662279680
65960294400
68831642880
69024667712
69321732480
70146236160
70768938240
74712718080
75473798400
77503345920
80547667200
81929655808
81942981120
82900097280
84353068800
84577292800
85748382720
88296848640
91583331840
92344412160
95008193280
96841704960
97475938560
101776907232
105986200320
106525875456
108234846720
110483493120
111439167840
112479278912
112766734080
113274120960
113654661120
117079522560
119058331392
120758077440
121313031840
128245205088
129049240320
130271581440
133269776640
133869415680
134964910080
140165625600
149171742720
156217501440
156655699200
156701825280
161475874560
161602721280
163851367680
164105061120
168706137600
169154585600
169838244576
169847758080
171116225280
172511539200
172892079360
177769912320
186314768640
186503885568
187733145600
190396926720
190634764320
192807014400
193683409920
196231875840
204499110816
204857452800
208582133760
209423934720
209550781440
211326635520
213021768960
214897370688
216019964160
216469693440
219317978880
228958329600
229391914752
237009252480
243072910080
244053089280
251360036928
253359025920
255596140800
257879381760
262227277312
263841177600
268146790912
268788199680
273862068480
279131973120
280331251200
283387104000
285278273280
286800433920
289844755200
293193508608
303296145152
304766542080
305066361600
306081135360
310013383680
313311398400
320541661440
320668508160
326757150720
329278229280
334241107200
337412275200
338945967360
350908766208
359103064320
361732250880
375643876608
377803442016
378821963520
378971873280
381094249536
389146998240
391776729344
392844291840
394562488320
398540862720
401120752032
405402117120
411871299840
418847869440
419101562880
432939386880
438635957760
448530001920
453096483840
456775038720
461722060800
464270526720
466669082880
472815383040
473034481920
473265112320
474787272960
495382567680
501298237440
508909040640
532629377280
542523421440
547089903360
552417465600
557094650112
560662502400
561795474240
575503568640
580300680960
595291656960
601307779072
601887686400
603790387200
612162270720
620026767360
622635197184
626622796800
646410885120
649074666240
659602944000
674824550400
678401820096
685987061760
722392070400
723464501760
725436391680
738906648480
745681128192
751287753216
753596363520
753896183040
757643927040
765519955200
778458320640
784927503360
789874525440
792918846720
793472359680
808013606400
817457921280
833408319744
837695738880
841120600320
851775724800
852087075840
855581126400
862592290560
877271915520
902133872640
905565396736
906192967680
919996197120
923444121600
926107902720
933243158848
937085909760
939807348480
946068963840
948813465600
981159379200
994051618560
995366211840
1037225629440
1044455892480
1047119673600
1047753907200
1065258754560
1070955325440
1074703069440
1085046842880
1094179806720
1096589894400
1121325004800
1133548416000
1146959573760
1180942963200
1190583313920
1194388715520
1197813576960
1207580774400
1220265446400
1244389386240
1270116207360
1271511521280
1283699441024
1284576733440
1314558685440
1319205888000
1331348578560
1369310342400
1383136634880
1395801126720
1406285872992
1419541643520
1434002169600
1446929003520
1460074936320
1462966529024
1465967543040
1472563572480
1477510594560
1498693996800
1515287854080
1530405676800
1550066918400
1556587992960
1556916641280
1569855006720
1585837693440
1602708307200
1603954736384
1605743403264
1610792927744
1633785753600
1635815301120
1649257209600
1675391477760
1677640124160
1679831112960
1682241200640
1704414007296
1719268911360
1731757547520
1754543831040
1839992394240
1846888243200
1852342652160
1874171819520
1952424714240
1983709728000
1990351883520
2023991633664
2094239347200
2099186369280
2103914580768
2130517509120
2133365794560
2142567947520
2152208298240
2156152078080
2158712075520
2170093685760
2176389895680
2180748810240
2188359613440
2193179788800
2214616884480
2224510928640
2242650009600
2244448926720
2244679557120
2247597031680
2265482419200
2294403471360
2329348301280
2352245575680
2373936364800
2381166627840
2466634666496
2475160047360
2506491187200
2532125756160
2564333291520
2605431628800
2614057205760
2663146886400
2711567738880
2724028987680
2729741414400
2741674519584
2747246261760
2789786039040
2814106014720
2843903462400
2868004339200
2908975829760
2976458284800
3068041616640
3070451704320
3113175985920
3171675386880
3236747754240
3244197116160
3245373331200
3251208280320
3284949507840
3311241373440
3352431962880
3400633716480
3560206890240
3624771870720
3627181958400
3660923185920
3679984788480
3728405640960
3795253862400
3797663950080
3829629323520
3839488773120
3842337058560
3892291603200
3963060541440
3979054759680
4029666600960
4073048179200
4132082642688
4167041598720
4188478694400
4210065699840
4261035018240
4280616980640
4340187371520
4345134393600
4351629970688
4355028437760
4379763548160
4383949489920
4485300019200
4487583260160
4705367546880
4745243543040
4762333255680
4834635886080
4919401295424
5064251512320
5138306933760
5181031215360
5203379301120
5303507489280
5326293772800
5445022302720
5448320317440
5449208244480
5522525648640
5550431927040
5554871562240
5590746120960
5605483403520
5608274031360
5657790378240
5718884371200
5736008678400
5790564299520
5796260870400
5815541571840
5952916569600
5962430073600
6094372892608
6149448264960
6208385863680
6226351971840
6279420026880
6343350773760
6350581036800
6439973379840
6615817528320
6620510856960
6667266557952
6686724844800
6701565911040
6711459955200
6872912766720
7018175324160
7022995499520
7088067866880
7112168743680
7329837715200
7359969576960
7387552972800
7431614910720
7456811281920
7653224298720
7687545465600
7702640225280
7803726490560
7806273995520
7849275033600
8063496080640
8415544161024
8437970661120
8573823498240
8753438453760
8772719155200
8785866305216
8987655156480
8990388126720
8992037134080
9011825222400
9177613885440
9294468831648
9374277040128
9391096915200
9405038522880
9430673091840
9524666511360
9681956444160
9842924931840
10119958168320
10211541500160
10261772801280
10307945007360
10394708163840
10406758602240
10490857977600
10495931846400
10498780131840
10617958391040
10652587545600
10661132401920
10712839737600
10806833157120
10898416488960
10975792988160
10988985047040
10991533512960
11073084422400
11310541482240
11396543558400
11424847802368
11460223174400
11472017356800
11631083143680
11727740344320
11812053949696
11830068746496
11860041473280
11905833139200
12120330942720
12166376302080
12241850100480
12281806817280
12306345891840
12455333130240
12821666457600
12879946759680
13175568806400
13736231308800
13745825533440
13885968096000
14167941435648
14367925155584
14913622563840
15336275834880
15340208083200
15405280450560
15421516830720
15497371169280
15502318191360
15698550067200
15733179221760
15875194631296
16018757314560
16511510695680
16668166394880
16805541392640
16855498371712
17044140072960
17140543580160
17217666385920
17510809155840
17545438310400
17801034451200
17845808780800
17937844404480
17950333040640
17975310312960
17980776253440
18454041365760
18504653207040
18642028204800
19033622415808
19049333022720
19526356545696
19873583009280
19895273798400
20076030374400
20102541338880
20148333004800
20239916336640
20242326424320
20271247476480
20423083000320
20510503453440
20522698900704
20615890014720
20630350540800
20789416327680
20835207993600
21305175091200
21659288594944
21796832977920
21919747449600
22025791307520
22408361015040
22657234279680
22994646554880
23486961738240
23757548855040
24132207939840
24833543454720
24921448231680
25033580732160
25117680107520
25759893519360
26016896505600
26192832906240
26279596062720
26719431586848
26925499560960
27241601587200
27246041222400
27491651066880
27774357811200
27853383317760
27978707877120
28072701296640
28108852611840
28313456371200
28378148198400
28519882110720
28598100410880
28691079056640
28869171851520
29077707859200
29093482978560
29244764989440
29439878307840
29560993862400
29575171866240
29827245127680
29921238547200
30130916175360
30381311600640
30687646429440
30947682205440
30955166161920
31041929318400
32328662446080
32649457800960
33336332789760
33529139804160
34136101359360
34380669523200
35602068902400
35686168277760
35932920031008
36230340706560
36423655107840
36845420451840
37027141062912
37160761910272
37284056409600
37497108160512
38513201126400
39074709273600
39127773484800
39790547596800
39884541016320
40205082677760
40479832673280
40708791002880
40846166000640
42265707644160
42582317057280
42610350182400
42704343601920
43046137854720
43593665955840
43839494899200
44051582615040
45888069427200
45989293109760
46114490822400
46216279549440
46310722698240
46853753506560
46871385200640
46980219686400
47623332556800
50599790841600
51519787038720
51759043015680
52156707482880
52197678973440
52523040810240
53156411852544
53918481576960
55335613132800
58338582382080
59150343732480
60637806028800
61411807705248
61498207330560
61621121802240
62276665651200
62414040648960
62913586095360
64612040613120
65319729995520
67643930914560
67771665561600
69241819046400
69557540532480
69662315923200
70839707178240
70867740303360
71204137804800
71923105013760
72762957146880
72847310215680
74440378172160
74568112819200
75602040433920
75647832099840
76288915422720
76681379174400
77026402252800
78492750336000
79581095193600
79625173019392
79906457030400
79991248296960
80010118988800
80410165355520
80959665346560
81747764017920
82204366083840
82557553478400
82865280289792
84531415288320
85220700364800
85702717900800
87187331911680
87678989798400
87727191552000
88103165230080
88698456887040
89401983390720
90159627317760
92270206828800
92621445396480
92774803080960
98437240661760
98439593091840
98818415055360
98864206721280
101199581683200
101481561941760
102617728012800
103518086031360
103575928135680
105404550451200
105637060488960
105959723950080
107374771119616
107383359283200
107729735649536
107836963153920
110132254552320
111914831508480
113343531485184
114800340695040
116839517034240
116910285972480
117272456421120
118300687464960
119429738588160
120248914705920
120523664701440
120661039699200
122996414661120
123350697550080
124607241158400
125827172190720
125865433774080
126337453482240
131297292910784
132750039502080
133345331159040
133480296069120
135131206129920
135287861829120
136684495819872
139115081064960
140488831042560
141679414356480
145694620431360
146350164280320
148155066259200
149136225638400
149668855015680
150879376327680
151204080867840
151266743147520
151295664199680
156985500672000
159412620407040
159982496593920
161919330693120
163141245146880
166681663948800
174374663823360
175454383104000
176740101457920
176832953256960
177816269030400
178430841388800
180849605384448
181239250832640
182118275539200
183957172439040
185959955301120
187731369745920
189083428934400
196508909076480
196684363459584
197728413442560
199371585853440
201620705045760
202399163366400
203543955014400
206079148154880
207026203063680
207756788279040
211328538220800
217968329779200
222827066542080
223829663016960
229563261607680
231161149739520
231553613491200
233354329528320
233679034068480
234315954512640
235140204499200
238164144453312
241746693027840
251654344381440
256112787490560
258356579120640
260783537414400
260988394867200
261333037405440
263118912376320
263455309877760
264716800508160
265216449738240
265500079004160
269592407884800
270575723658240
276352703827200
278649263692800
283358828712960
284956716844800
291692911910400
293028766302272
294544045635840
295035703522560
295859953509120
297371078484480
298930405213440
299523286782720
302408161735680
305155661690880
307491036652800
307920793340160
309803324070240
313718703217920
316907390415616
317668987860224
323838661386240
325670328023040
338219654572800
341634748815360
342521661081600
346854998730240
354198535891200
366686104552768
369439930379520
374438452227840
378010202169600
378835652331136
381444577113600
383044621639680
388821788234880
396518360958720
406073009422080
430487451313920
435799284560640
436756089369600
444940747130880
445278159406080
459427784175360
467358068136960
467484707289600
473507516401920
485162700422400
485806412931840
488139158707200
494321033606400
496074182123520
498784515989760
499312325191680
505646035614720
513141408299520
521567074828800
529214283037440
533381324636160
541028532844800
541151447316480
566717657425920
569913433689600
591719907018240
594575860919040
596544902553600
604534343212800
607847611250880
609098795585280
622356941606400
628502665190400
634443531321600
656871971531776
657851272990912
668649905763840
676439309145600
692049447048960
718517029950720
724037007133440
725031496949760
731750821401600
738687124279104
739459423422720
743427696211200
748876904455680
756020404339200
758401570967040
766781445830400
795455028239872
801607212806400
809064024088320
809596653465600
810329320120320
811382528436480
814513232332800
867065194195200
895913943724800
904248026922240
940560817996800
947015032803840
971612825863680
981773317324800
983421817297920
986306692250880
991755900495360
996857929267200
1008103525228800
1058867202032640
1060543308464640
1077463438571520
1079288332874752
1082835524010240
1114135332710400
1128077689939200
1152118314547200
1165556963450880
1197332345617408
1213250188550400
1249015889721600
1282853520748800
1285234687376640
1286013145697280
1291782895603200
1299615680563200
1314119588221440
1315594561881600
1352878618291200
1384098894097920
1389711988304640
1396065646463488
1410115790603520
1456946204313600
1481943126343680
1497753808911360
1547852301515520
1558304851783680
1568593516089600
1649553181436160
1656289376501760
1659673139604480
1677577680979200
1744501376217600
1759807462533120
1778777262662400
1808276735865600
1839739978940864
1861742139665408
1872192261139200
1894030065607680
1934468926790400
1993631759159040
2013234755051520
2016002193004800
2064517258003200
2111454984038400
2164605789265920
2253715235419648
2256750671535360
2266870629703680
2360285628180480
2388310127723520
2469269793070080
2498031779443200
2528230178073600
2565111749840640
2570469374753280
2666906623180800
2768197788195840
2814946258924800
2833588287129600
2849615370201600
2901568615545600
2985387659654400
3003701915934720
3039667435284480
3046107408664320
3269204405026560
3346594476825600
3390185986387200
3434302023023872
3460247235244800
3517484407557120
3560627387116800
3566987608504320
3592585149753600
3650969523801600
3714024647773440
3760587675772928
3990991923959040
3997383476486400
4053432475572480
4130499849315840
4233714264299520
4327531747418880
4331342096040960
4355840637308160
4399518656332800
4521240134611200
4722357131331840
4802719094933760
4917109086489600
4958779502476800
5005650887677440
5029619209655040
5140938749506560
5240464148984064
5411514473164800
5414177620051200
5536395576391680
5912390945260800
6032484582668544
6426173436883200
6430065728486400
6491060227491840
6495456227420160
7019358677210880
7408999962524160
7660808333418240
7812607705943040
8064828201830400
8298365698022400
8595982605450240
8996642811636480
9483039102048512
9512760678220800
9664560050745600
10011301775354880
10162773375955200
10508683620314880
11359355398110720
11941550638617600
11953899508655104
12852346873766400
13532765237671680
13544396320815360
13549703991183360
14068632217960320
15152240524861440
15230537043321600
15323952041798400
16280252704235520
18060630489085184
18940300656076800
19177320728966400
19835118009907200
21960309225254400
22145582305566720
22213308179462400
22325335695959296
24419459060156160
27681977881958400
32434465929465600
33436341788129280
36999347649392128
40236953677240320
43114135630325760
44983214058182400
45337412594073600
50305716763061760
51881529341914272
55466712262241280
68710623671289600
71973142493091840
74840204488008960
76861082288390400
80871173304169248
83590854470323200
86110724054234880
95577950180288576
96310830559879936
97066746458922240
102818774990131200
111747773870853120
115468722700531200
124894570796835840
135931910791668992
156699767653228800
163323669503554560
168373673935635168
215018448893888640
287892569972367360
331204705420004416
359865712465459200
363170705393399904
431649989187312896
1404629527416763648
1555457242382787744
1898495041775428096
1945646688928569088
2026582449437273728
3368969371191167744
4523170810226035968
6603867928627121152
6675540460947694336
13321613798239242496
15322004328142800288
20322152795689961216
24680435543080565248
26129319240631839232
34213578805486976896
39876014276857927168
103653457244537552352
121901673260826531072
240491602682776436992
250832232886871934144
268540118852944626688
868060370212920941056
907328277271731707392
1809459812443831195648
1907440304566124263936
2091493366323561071872
4510361910650581649664
4611608324063340151552
6042925684333986063616
10438613661608898205440
15373711918205115162688
64168815484634766185280
78687781685353221885504
495182987210039789115840
1035334889731570326266368
3336217609963113864980992
7079114612694954432418816
30578558721772439109764032
154447612520476703844832416
1735536298779126592220600128
2637416933202553053462566656
2673516262143046221639593856
4717435884075275725296604672
8192586518760640844031376192
9001391232164142660064023808
10144480032525766201428586432
85369882450270117330161346816
95292840549868291765533210112
