0
1
81
100
1296
2025
3025
6724
8281
9801
10000
55225
88209
136161
136900
143641
171396
431649
455625
494209
571536
627264
826281
842724
893025
929296
980100
982081
998001
1000000
1679616
2896804
3175524
4941729
7441984
11329956
13293316
13557124
17073424
23804641
24068836
24502500
25502500
26512201
28005264
46676224
51710481
52881984
54597321
56746089
56896849
57562569
60481729
63297936
70829056
71284249
76860289
78428736
79388100
79887844
84787264
86769225
86955625
91891396
92563641
92929600
95355225
98029801
98188281
98366724
98903025
99102025
99281296
99800100
99820081
99980001
100000000
110502144
149377284
161976529
298287441
300814336
493817284
494217361
642825316
751527396
1133601561
1178342929
1256135364
1336487364
1358291025
1518037444
1553936400
1693240201
1748410596
1818425449
2084561649
2141745841
2380464100
2384857225
2449458064
2456490969
2490608836
2505002500
2647514116
2800526400
2805291225
2853162225
3293956449
3311657209
3514592656
3862125316
4139764281
4256518564
4506705424
4682391184
4769007364
4782690649
4853769561
5272502544
5572174609
5674759561
5906076201
5947648641
6039776656
6049417284
6067786816
6322794256
6580129924
6731382025
6826064400
6832014336
7261084944
7385855481
7668680041
7879757824
7887571344
7887748969
8033895424
8248090761
8419163536
8723933604
8756093476
8862527881
8945565561
9048004641
9435596769
9811893025
9845799076
9849371536
9869031649
9911994481
9926136900
9926336161
9940688209
9953055225
9980010000
9980209801
9981808281
9983606724
9989003025
9991002025
9992801296
9998000100
9998200081
9999800001
10000000000
10999394884
11048532544
11105365924
13769379649
14937972841
16913002500
17413177681
19614002500
20408122449
20601435024
21948126201
26754163489
28167580224
29869171929
33058148761
35010152100
41320319076
43470165025
46582157241
62416028224
76024275625
80612837776
92982304900
96310294921
100316625984
101558217124
101873318976
102432002500
108878221089
111332999556
113366216601
113366890000
113433566401
114758337600
115228339209
118434404449
122349546225
123448227904
124392352249
125594398449
126970356241
127194229449
128017977616
132801936400
133175364624
136353686121
136746123264
136912580289
136999177956
137013243409
147134383561
151803744400
151838812225
152344237969
168141002500
174164328900
174172675600
176282419600
183542839561
188643417561
194369883876
194672441089
204424249689
204521922081
213018248521
214632064656
217930248900
222347142369
224644717089
224739520489
232910481664
240149002500
249321461041
249500250000
249906008836
250050002500
250500250000
251501247001
262975121721
265148785476
275245031044
280052640000
280529122500
284000528889
284270248900
285316222500
287600528656
289940248521
301905192681
303628550625
305527035025
315597891961
326571103296
341415838864
341584140304
355954231161
360760000689
371718237969
393595626384
393900588225
409265988121
412264158084
413908229449
414313643584
418646526841
420744227904
422216647524
430656187536
446667662224
448944221089
448967002500
453805669801
455674951369
464194217124
467991441801
475793689284
483123695041
486972291556
508712724081
517363718400
542707735969
547397258769
564375060001
569754742041
575284325625
575873052769
577676002500
592977002500
609487805809
615121784209
623450788921
624687898384
626480165025
626879147049
628347923856
632794794256
637987185081
646803586081
648047540196
657427450761
658215803025
660790152100
669420148761
682087684996
682398253476
691678315584
691754831524
695832915556
699108360129
699183613584
718474921641
721684230400
723428498116
725650126201
726185187225
726785235289
728533945764
729088853689
734694122449
734707836801
739686002500
748643718564
760638645316
770008005001
775718801001
788231454976
789188819769
791462888164
792181882116
821609906329
822278985616
823991907600
824890815225
829409096961
844891872400
847309204036
849213854784
850026836961
864092948356
875693566225
883694002500
894252031201
894573580761
899483424921
901039491361
904494200401
904800464100
906941952225
912695533201
923594037444
923595959521
937519681536
938495937600
940257969561
956032217361
974940986881
979903989801
980296029801
982366428736
982542860289
983238829056
984990746089
985276597321
986382676224
988994448324
989444005264
989728512201
989925502500
993279329956
996439175524
996598896804
997409679616
998002998001
998018982081
998020980100
998072929296
998110893025
998164842724
998182826281
998416627264
998488571536
998594494209
998650455625
998686431649
999172171396
999242143641
999260136900
999262136161
999406088209
999530055225
999800010000
999802009801
999818008281
999836006724
999890003025
999910002025
999928001296
999980000100
999982000081
999998000001
1000000000000
1010609994681
1041020252416
1079439959521
1104510615849
1105061385961
1105118152516
1154071072729
1190710892809
1210906569744
1306119836736
1318243829904
1396693785124
1409227777881
1460457748036
1503912248281
1612691726724
1690130002500
1711871308225
1738919579761
1761327122500
1768809561156
1826149525201
1840477516164
1841356725156
1932967457344
1960140002500
2136145941136
2146497498649
2675416348900
2682041637636
2700618942736
2718036930609
2789006881024
2801673392400
2826826854489
3041417409156
3178218955536
3384131839201
3479291861796
3556501885161
3639471907600
3761939543184
3811611952225
4082202038916
4106532025764
4205058789376
4320785822500
4568213726244
5323070323684
5340231079236
5623713444969
6249160028224
6653257930881
6783852603889
7137526708225
8142285333961
8217286629561
9014730022116
9136413022500
9547308976384
9610310002500
9695931041241
9993160150416
10240320002500
10321235678224
10351321718409
10532452399876
10723273678881
11133360015561
11461813380900
11843440444900
11997813453796
12034689501025
12289350550689
12661783555600
12697356322225
12835825274944
13605747828409
13662633690000
13698859232809
13700650670721
13701050429049
13701183683121
13701316937841
13701383565444
13701516821136
13723853703184
13737059973316
13823717336676
13937327292529
14813438485329
15614739499401
15842398023001
15972339964681
16344814008384
16345404273025
16810410002500
16974119841156
17025410906596
17050441291524
17293014129169
17417334334464
17532241871104
17541882019809
17824220071876
17942357448964
17961423800464
17990424046144
18428921723664
18730432769689
19324393986304
19753082469136
19844539187841
20264501595321
20450491817284
20532453125625
21598354644409
22544747993161
22816394775801
23074803533376
23148107317504
23598084821796
23958489457081
24010490002500
24284602499481
24334932972025
24834983207841
24943012512804
24993210461041
24999060008836
25000500002500
25005000250000
25022364999696
25209647688241
25504590742849
25535052581284
25725782499481
25875086603536
25895508870169
26384351364900
26628551601796
27425236821921
27523653197401
27524587046544
27602845253281
28358053251984
28773665363881
28898537541696
29174495400964
29195402338729
29307054132801
29307541358736
29893654665081
30024405179209
30552305527396
30864202469136
31837456415961
32785724677924
34588031183281
34810590002500
34965591275241
35527596013009
35683215972849
36469315674289
36553596045849
37085396089284
37261001264041
37341461106756
38298646188100
38361932077401
38561976209241
39390058822500
39390623678025
39644426289924
39801563087104
39826310234481
39863136003076
40163373901764
40504836364281
41594876449281
41899716054001
42002648093025
42653059726761
42753865358736
42996557094976
43325896582081
43501886595216
43520659686361
43660761001641
44132664270564
44239166470009
44506670654224
44650286675569
44890670002500
45176720577769
45256726745344
45276816728025
45467428646116
45976780461924
46033063244289
46107467901504
46683233895169
46843251589369
46843361096841
46843621177600
46844237161225
46896843408129
46940626850329
47690570858896
47766910872321
48139368568516
48201694249536
48256946545284
48697731597376
49093956997264
49456703242116
49705009831684
49757053761424
50127079682304
50657112299161
51821871985081
51925715402500
52175297223009
52357235788900
53773328980900
54369873729649
54692207394724
54739859052321
54944741150784
55177427278801
55497449014921
55874742953481
56328687499536
56447513080336
56753290776484
57093755593681
57137558805721
57578001992289
57587441872321
57587988255625
57588109674489
57588671238400
57760760002500
57790175940225
58643876569041
59290770002500
60177502997056
61035781251600
61378277756041
61687907847225
61927786875241
62345789524225
62660427915556
63798143415876
63798734482921
63956679333264
63957990895876
64118006346384
64648080402409
64764928047556
64798958048400
65380857020649
65484688092121
65811228457744
66616807495744
67031308180225
67228192518400
67413820990464
67823542605025
67882389811929
68282358262596
68657547420225
68668286476689
69835621546441
69975868364964
70833583880361
70841613228516
71484522341904
72124849243225
72237998498436
72497851197489
72693852592761
72885371767849
73378566044641
73960860002500
74048486050449
74772528646321
74981865868849
75861487022500
75871033318404
76687571036736
76926880015209
76972038703641
78065883540100
78823287549504
78859887935481
78881326458256
78881468562576
79267718110564
80420288965696
80489714219236
80899429236921
81919189050084
82164906444196
82410646836961
82503959082561
83219988005001
83317882946769
83591687836801
83712691487296
84399186731409
84441047450761
87614485988121
87743592794025
87841600588225
88360940002500
88690850726724
88897630530916
88979432617881
89312725192681
89374466793249
89394547807161
89405799455296
89408012047561
89448164951616
89453272184676
89458057983529
89458209315225
89728938271296
90170749405584
91495652792896
92359403744400
92650962538369
92830199634649
92918996302500
93450869666001
93596743560681
93659967684864
93808619685225
93809685091600
93869318749924
93969099262756
94597254636544
94974536358144
95761509779961
96732398279169
97398680831929
97494987342025
97588298785041
97598790224100
97989329889936
97989864434289
97989884232256
98256248680041
98463527648641
98468886076201
98852371657209
98899444832400
98944400526400
98994878446689
99025684857225
99394299969561
99807292929600
99813786769225
99821319887844
99821879388100
99831211284249
99840943297936
99848317562569
99849196896849
99852274597321
99856231710481
99901904068836
99917377073424
99926373557124
99927093293316
99945447441984
99955544941729
99964363175524
99965962896804
99974081679616
99980001000000
99980020998001
99980180982081
99980200980100
99980720929296
99981100893025
99981640842724
99981820826281
99984160627264
99984880571536
99985940494209
99986500455625
99986860431649
99991720171396
99992420143641
99992600136900
99992620136161
99994060088209
99995300055225
99998000010000
99998020009801
99998180008281
99998360006724
99998900003025
99999100002025
99999280001296
99999800000100
99999820000081
99999980000001
100000000000000
102467719097956
105551110273249
106091030002500
107727709606416
108161040002500
110512382925169
112946179332996
113565510650944
121099790566225
123456809876544
125441120002500
127691130002500
128511334928656
131145120363321
138912011776836
141179761484281
146411210002500
148841220002500
168129629523361
169001300002500
171611310002500
173324413164529
173338131650436
186086811780496
190411379875369
190690138083600
190691380901025
193211390002500
196001400002500
214605418439889
214642336558329
214650804733156
218349414775801
219041480002500
221488240715361
222011490002500
246491570002500
249641580002500
254088158860449
271816486712164
275246813838096
275561660002500
278166758302224
309761760002500
311360176450801
311361764538916
316623517790724
317827671709284
321793764609321
330581814884281
338561840002500
340518449672164
371449415558529
372491930002500
376361940002500
377941944051441
390974415863329
412092030002500
426206404484289
426761020658025
444855210911281
449442120002500
486502205672025
488412210002500
501122385092169
512262964433529
514962264128400
522865663457536
533705823101476
545623353050724
551923492274704
552350208545424
562371344496900
566442380002500
571212390002500
598244588803521
610092470002500
612685018625625
615042480002500
622224937246969
624991600028224
626372502679225
637690018875625
644613253885225
652553768897424
655362560002500
660492570002500
673259471195536
682612604444736
698897626435584
707562660002500
711336266708544
712669581840384
734392927099225
747634727268100
750762740002500
756252750002500
766427276842929
772779508383744
775278423567684
791739728136900
791938281394404
800892830002500
806562840002500
811518284865600
828788556761344
839289696427009
852642920002500
860293306193049
862937273130436
912043020002500
936407430600625
953832821345856
961003100002500
963102390599881
967213110002500
998031591523044
998751631593024
1017613190002500
1021319580364281
1024003200002500
1024032000250000
1032126394972176
1032126459225625
1036353321923364
1053765732450564
1075843280002500
1082413290002500
1103332152005136
1111333299995556
1113336602156601
1113336668890000
1123897933520569
1129118933593225
1129336015304025
1132336498443264
1133296742367729
1135693370002500
1142443380002500
1143380509488100
1169159334192784
1197163460002500
1204093470002500
1218728347884100
1235116691427529
1235143822919769
1235144455522884
1235144525812129
1260253550002500
1263554230994064
1267363560002500
1267543560246084
1285358518498609
1291815359399889
1308700733088961
1311362031329289
1313399136240801
1315640936215225
1322314023140496
1324963640002500
1331364876064129
1331983636315201
1332253650002500
1353679152479641
1364736927983716
1364816724617476
1370135691438336
1370147018157009
1370147758467049
1370149757305156
1370151015833601
1370153754985744
1370155013516025
1370155087547236
1384329372056929
1391293730002500
1403736374260900
1414140537603600
1416089376307369
1417613765068944
1437825837918276
1437919422728464
1451392380956736
1457582438176804
1459243820002500
1464408138267396
1477647438432400
1511956823764321
1528813910002500
1532139142217401
1536643920002500
1556439394510225
1562395270905316
1565395634536561
1584239802300100
1586078733964816
1604640640057156
1608014010002500
1611282540134656
1618402291055641
1634404263750756
1636870640394564
1640502972753129
1640503053759376
1644054667739136
1672814090002500
1673950240839969
1681004100002500
1694114977098384
1696352411866401
1699774122652489
1731289241607696
1741733516914561
1747244180002500
1754314188397156
1755614190002500
1783296042228100
1804247615262096
1813425842898244
1816189426167076
1823294270002500
1830427786683001
1831844280002500
1839936242892484
1851915430328769
1853000043041169
1854543064132836
1856895643090944
1880543346413824
1892028243497401
1900964360002500
1918056418775641
1923339438539236
1929230543922049
1944091765524736
1966524434542144
1968106024682281
1968267244364964
1974443452784100
1980254450002500
1982524424700304
1994465581113600
1996754944684096
2012414485963249
2013444871273476
2027450270765089
2045223381429316
2045224105015716
2049266245267684
2061164540002500
2061453930078169
2064454358895289
2070344550079521
2071345511889369
2073426844800609
2075694555963681
2095457739868900
2132537446154025
2143694630002500
2152964640002500
2198377546885881
2227844720002500
2237294730002500
2247406203257856
2247406298071489
2249474279676129
2255734749419776
2257667147457225
2298593479435201
2313614810002500
2344484198175876
2345954843463364
2348484610079556
2352484939866084
2353851548514064
2396048948999209
2401004900002500
2401049000250000
2410814910002500
2411491065094225
2431984907195281
2499500025000000
2499932100461041
2499990600008836
2500005000002500
2500050000250000
2500500025000000
2501500124970001
2550500789165289
2554005450534561
2559250563409296
2567664150671376
2573352507281284
2573519507297424
2577135076471081
2579363350729489
2580645080002500
2590815090002500
2596450954765924
2613351119934916
2635130788925625
2647738151455329
2651492592081316
2683245180002500
2717721651859984
2735229646132929
2736945231535684
2752463426405625
2752463531333476
2790396528233616
2835805325198400
2862255350002500
2901272538625444
2970255450002500
3002440517920900
3002445449430625
3010754870159716
3016443549221281
3026324654985681
3055217508056484
3055235527414225
3058095530002500
3059696454717529
3069165540002500
3077414824700304
3080145549885481
3095437824682281
3144576656075625
3158445620002500
3189862756476900
3192538156502500
3271845720002500
3285732121545636
3288740573441764
3288745734722569
3297574233891081
3307575047733441
3325766847369444
3335577534382681
3337157767987044
3339577882824561
3347857827176976
3375615810002500
3391535822767236
3430354585654441
3458791356020100
3458811469578921
3458811587202244
3469215890002500
3481005900002500
3488894659061956
3520593333129744
3541365950928129
3565971514651536
3573159774983569
3576045980002500
3586736159881956
3588015990002500
3596825859972849
3597337572440481
3650786060410225
3656604694057956
3666093605475625
3676316063247424
3707026088163904
3710497609133316
3735179023764321
3814166175852096
3817426261784976
3829661883284644
3846196725750369
3862145327037921
3864529621646281
3865621695167376
3884623266948516
3892322062379529
3906256250002500
3909625228784016
3916836162575424
3919626056244889
3924662646648384
3948685628290624
3950162849803041
3962950149169089
3962951408208529
3970726261662601
3981592963018225
3992335631844624
4007586963305025
4019566340002500
4021036341136164
4039151463553761
4049586823140496
4132464283788516
4134496430002500
4141469364354001
4147366440002500
4216493446059024
4220876496602529
4236508796763961
4251046520002500
4264096530002500
4293206655224356
4304165605699600
4331865773581921
4364266061758464
4366076232316681
4369216610002500
4382446620002500
4385714466224529
4396663072646244
4446666766622224
4489006700002500
4530567309441121
4565472867568089
4575088567638801
4582067690304784
4610416790002500
4624068000250000
4650681867944464
4668323389516900
4681684212591556
4682340684272161
4682346842760976
4684336246568521
4684387852137744
4684412491501824
4684418788238596
4684424811208164
4684426043179689
4684427275151376
4684428507123225
4686845947854849
4720781568707136
4733446880002500
4747216890002500
4766904227358441
4769058190823424
4769058328940161
4776996021345856
4788727469199424
4816252569399076
4820694310688400
4842718969584609
4869783208604224
4872046980002500
4886530069838400
4927019064081984
4929077470197321
4931427170222641
4938605702745796
4957040602312516
4970492099948089
4981393970578081
4991900670651456
5044567671014400
5063451571148356
5099176871407441
5099237140377249
5112257150002500
5117145203282176
5126567160002500
5217223027740409
5241767240002500
5248834272447921
5256257250002500
5284967216928400
5314456072899856
5314729015187344
5325179572973584
5336730435479041
5341363873083225
5357437318863289
5366803573257841
5427366292176921
5430599736915609
5457548573299729
5459609738845584
5476374002385729
5484923740593441
5505647420002500
5514742608483969
5520497430002500
5587185018875625
5626875006225001
5655047520002500
5662190018625625
5669752962208644
5702877551725201
5723823375650116
5729756944644964
5734327572467649
5737847675010724
5755997579260681
5756307581271556
5758861659962896
5758865606096100
5758868338035264
5758871221749529
5763823775862201
5776007600002500
5783747604310116
5787076072791556
5790306576036096
5791217610002500
5801687616816100
5820797629399104
5860021765506841
5913617690002500
5929007700002500
5931172677007449
5944113477097929
5952320777151225
6022977760759716
6052847780002500
6054979377807504
6068417790002500
6077960711470729
6098499780923664
6103791878125824
6137267783392656
6168797853473025
6178596204778209
6209447880002500
6231777789392100
6276792192511681
6279235132640625
6336167960002500
6337953355677696
6344446679641225
6352097970002500
6355125179083521
6365779785790569
6422080131445924
6436359815863329
6480258050002500
6480501484439844
6487708054616100
6488054730565444
6501015806281129
6511280685945049
6516844815558529
6537494802010176
6542878088787481
6558088858992784
6558980987351296
6561667780990884
6563441081014489
6618581354552896
6628141211079609
6642258150002500
6646815273168009
6647233681463761
6653815642213776
6661680749574400
6661688095297225
6703138186563025
6742078211005281
6758114982140025
6768226862946756
6808251102064129
6826115128774249
6826207168106496
6826207333348225
6868287504017424
6887858299306884
6922248320002500
6936758683286436
6945833291655556
6957134013838096
6958522683417600
6968347589203641
6983557641988489
6999964583655681
7017918377282289
7072818410002500
7084167382910016
7094577842286489
7117843671574596
7185284758391481
7207078846874256
7210849165724961
7232707984718241
7246685127071296
7258519096545249
7263019385222500
7282688085336889
7285353285026961
7298543071743121
7330349285616681
7337856604464100
7343556585258916
7361234857974321
7362858067181604
7365808582355521
7378589754043524
7381946885918049
7383182785851601
7385940562835025
7396008600002500
7453292786327025
7457814011780496
7482573686500641
7527867623991225
7534248680002500
7551618690002500
7565059586977201
7581591870641569
7587095492484225
7633487368968561
7647874516824129
7648745040066816
7683876576860176
7688768480898129
7697977876610641
7701387757517601
7706340887778289
7728879132433936
7752391488047556
7788250826638489
7817818763664900
7862149886625225
7866488693059984
7878350203925041
7888073317410276
7888143836539729
7899895088873316
7901234409876544
7916593688958564
7929004189041936
7984008289345284
7985669989355776
8010258950002500
8028168960002500
8077940919097956
8089936447717476
8126799290132644
8129016019035136
8135672890141225
8141590230639121
8142139023375204
8148863190270916
8156145718749924
8164266190356241
8172169040002500
8190259050002500
8239907638479969
8257745282946769
8264462826446281
8290457234594704
8298619318110564
8322767480015209
8337791310611049
8337913120606276
8382565591547904
8434234407495744
8439186309121936
8500849220002500
8505299192224041
8509019922433801
8554730292486225
8595851491854225
8607448892690244
8674246693124496
8689079663244289
8720784933130449
8729342978488209
8747299916054001
8750859354576784
8784160058822500
8809385734955584
8828672715674289
8830304893968804
8836009400002500
8859411899553601
8879582942308521
8905383594355600
8919753002469136
8923294453902481
8934133805179209
8945737699248100
8945817526558224
8945819229040281
8958548294553664
8994765963747600
9021025447688241
9026994920229001
9050966951364900
9115590195360000
9150956514639424
9169574263315236
9256331196209241
9270899628531121
9274348896303241
9296416839813184
9299643456446281
9302488496449281
9304597964598336
9329659008825600
9339663987111969
9347789668225024
9370249680002500
9396937650466809
9410301396997264
9417797045262225
9429619710600441
9465249728935225
9481050297369225
9531320497624324
9543247397686116
9563039977895209
9586251979091649
9609802868278404
9614532398053284
9623981017775881
9634981577675364
9639818229995776
9684422998405156
9702259850002500
9709269985354384
9729270986362489
9729279863700544
9729864001445329
9798906261830625
9799039898010000
9807186495937600
9810694694200401
9819463078985616
9822782981882116
9826331438645316
9830817684230400
9894440052640000
9899473517225604
9900259950002500
9902249851982401
9905431244717089
9916799581430641
9922218838812225
9932362758337600
9932753633566401
9945239972478976
9957997797493824
9973625613177681
9980098111994481
9980164645799076
9980999034502500
9981293956093476
9981657219163536
9982081633895424
9982819185855481
9983782980129924
9984103122794256
9985482872502544
9986071053769561
9986955856518564
9987135939764281
9989319853162225
9989409805291225
9989711847514116
9989992505002500
9990104049458064
9990746341745841
9990870684561649
9991771893240201
9992912856135364
9993135778342929
9993267333601561
9994517951527396
9994929842825316
9996546098287441
9997454761976529
9997555749377284
9997897710502144
9998000299980001
9998001899820081
9998002099800100
9998007299281296
9998009099102025
9998011098903025
9998016498366724
9998018298188281
9998019898029801
9998047095355225
9998072092929600
9998075892563641
9998082891891396
9998135086955625
9998137086769225
9998158484787264
9998212479887844
9998218079388100
9998228878428736
9998246676860289
9998311471284249
9998316870829056
9998408863297936
9998444660481729
9998482657562569
9998491456896849
9998493456746089
9998522254597321
9998545652881984
9998561851710481
9998633646676224
9998941628005264
9998970226512201
9998990025502500
9999010024502500
9999018824068836
9999024223804641
9999173617073424
9999263613557124
9999270813293316
9999326811329956
9999454407441984
9999555404941729
9999643603175524
9999659602896804
9999740801679616
9999800001000000
9999800200998001
9999801800982081
9999802000980100
9999807200929296
9999811000893025
9999816400842724
9999818200826281
9999841600627264
9999848800571536
9999859400494209
9999865000455625
9999868600431649
9999917200171396
9999924200143641
9999926000136900
9999926200136161
9999940600088209
9999953000055225
9999980000010000
9999980200009801
9999981800008281
9999983600006724
9999989000003025
9999991000002025
9999992800001296
9999998000000100
9999998200000081
9999999800000001
10000000000000000
