0 2
1 1
2 2
3 3
4 2
5 2
6 4
7 2
8 2
9 4
10 3
11 2
12 4
13 2
14 3
15 5
16 2
17 2
18 5
19 2
20 3
21 5
22 3
23 2
24 4
25 3
26 3
27 5
28 3
29 2
30 6
31 2
32 2
33 5
34 3
35 4
36 5
37 2
38 3
39 5
40 3
41 2
42 6
43 2
44 3
45 7
46 3
47 2
48 4
49 3
50 4
51 5
52 3
53 2
54 6
55 4
56 3
57 5
58 3
59 2
60 6
61 2
62 3
63 7
64 2
65 4
66 6
67 2
68 3
69 5
70 5
71 2
72 5
73 2
74 3
75 7
76 3
77 4
78 6
79 2
80 3
81 6
82 3
83 2
84 6
85 4
86 3
87 5
88 3
89 2
90 8
91 4
92 3
93 5
94 3
95 4
96 4
97 2
98 4
99 7
100 4
101 2
102 6
103 2
104 3
105 9
106 3
107 2
108 6
109 2
110 5
111 5
112 3
113 2
114 6
115 4
116 3
117 7
118 3
119 4
120 6
121 3
122 3
123 5
124 3
125 4
126 8
127 2
128 2
129 5
130 5
131 2
132 6
133 4
134 3
135 9
136 3
137 2
138 6
139 2
140 5
141 5
142 3
143 4
144 5
145 4
146 3
147 7
148 3
149 2
150 8
151 2
152 3
153 7
154 5
155 4
156 6
157 2
158 3
159 5
160 3
161 4
162 7
163 2
164 3
165 9
166 3
167 2
168 6
169 3
170 5
171 7
172 3
173 2
174 6
175 6
176 3
177 5
178 3
179 2
180 8
181 2
182 5
183 5
184 3
185 4
186 6
187 4
188 3
189 9
190 5
191 2
192 4
193 2
194 3
195 9
196 4
197 2
198 8
199 2
200 4
201 5
202 3
203 4
204 6
205 4
206 3
207 7
208 3
209 4
210 10
211 2
212 3
213 5
214 3
215 4
216 6
217 4
218 3
219 5
220 5
221 4
222 6
223 2
224 3
225 10
226 3
227 2
228 6
229 2
230 5
231 9
232 3
233 2
234 8
235 4
236 3
237 5
238 5
239 2
240 6
241 2
242 4
243 7
244 3
245 6
246 6
247 4
248 3
249 5
250 5
251 2
252 8
253 4
254 3
255 9
256 2
257 2
258 6
259 4
260 5
261 7
262 3
263 2
264 6
265 4
266 5
267 5
268 3
269 2
270 10
271 2
272 3
273 9
274 3
275 6
276 6
277 2
278 3
279 7
280 5
281 2
282 6
283 2
284 3
285 9
286 5
287 4
288 5
289 3
290 5
291 5
292 3
293 2
294 8
295 4
296 3
297 9
298 3
299 4
300 8
301 4
302 3
303 5
304 3
305 4
306 8
307 2
308 5
309 5
310 5
311 2
312 6
313 2
314 3
315 13
316 3
317 2
318 6
319 4
320 3
321 5
322 5
323 4
324 7
325 6
326 3
327 5
328 3
329 4
330 10
331 2
332 3
333 7
334 3
335 4
336 6
337 2
338 4
339 5
340 5
341 4
342 8
343 4
344 3
345 9
346 3
347 2
348 6
349 2
350 7
351 9
352 3
353 2
354 6
355 4
356 3
357 9
358 3
359 2
360 8
361 3
362 3
363 7
364 5
365 4
366 6
367 2
368 3
369 7
370 5
371 4
372 6
373 2
374 5
375 9
376 3
377 4
378 10
379 2
380 5
381 5
382 3
383 2
384 4
385 8
386 3
387 7
388 3
389 2
390 10
391 4
392 4
393 5
394 3
395 4
396 8
397 2
398 3
399 9
400 4
401 2
402 6
403 4
404 3
405 11
406 5
407 4
408 6
409 2
410 5
411 5
412 3
413 4
414 8
415 4
416 3
417 5
418 5
419 2
420 10
421 2
422 3
423 7
424 3
425 6
426 6
427 4
428 3
429 9
430 5
431 2
432 6
433 2
434 5
435 9
436 3
437 4
438 6
439 2
440 5
441 10
442 5
443 2
444 6
445 4
446 3
447 5
448 3
449 2
450 11
451 4
452 3
453 5
454 3
455 8
456 6
457 2
458 3
459 9
460 5
461 2
462 10
463 2
464 3
465 9
466 3
467 2
468 8
469 4
470 5
471 5
472 3
473 4
474 6
475 6
476 5
477 7
478 3
479 2
480 6
481 4
482 3
483 9
484 4
485 4
486 8
487 2
488 3
489 5
490 7
491 2
492 6
493 4
494 5
495 13
496 3
497 4
498 6
499 2
500 5
501 5
502 3
503 2
504 8
505 4
506 5
507 7
508 3
509 2
510 10
511 4
512 2
513 9
514 3
515 4
516 6
517 4
518 5
519 5
520 5
521 2
522 8
523 2
524 3
525 13
526 3
527 4
528 6
529 3
530 5
531 7
532 5
533 4
534 6
535 4
536 3
537 5
538 3
539 6
540 10
541 2
542 3
543 5
544 3
545 4
546 10
547 2
548 3
549 7
550 7
551 4
552 6
553 4
554 3
555 9
556 3
557 2
558 8
559 4
560 5
561 9
562 3
563 2
564 6
565 4
566 3
567 11
568 3
569 2
570 10
571 2
572 5
573 5
574 5
575 6
576 5
577 2
578 4
579 5
580 5
581 4
582 6
583 4
584 3
585 13
586 3
587 2
588 8
589 4
590 5
591 5
592 3
593 2
594 10
595 8
596 3
597 5
598 5
599 2
600 8
601 2
602 5
603 7
604 3
605 6
606 6
607 2
608 3
609 9
610 5
611 4
612 8
613 2
614 3
615 9
616 5
617 2
618 6
619 2
620 5
621 9
622 3
623 4
624 6
625 5
626 3
627 9
628 3
629 4
630 14
631 2
632 3
633 5
634 3
635 4
636 6
637 6
638 5
639 7
640 3
641 2
642 6
643 2
644 5
645 9
646 5
647 2
648 7
649 4
650 7
651 9
652 3
653 2
654 6
655 4
656 3
657 7
658 5
659 2
660 10
661 2
662 3
663 9
664 3
665 8
666 8
667 4
668 3
669 5
670 5
671 4
672 6
673 2
674 3
675 13
676 4
677 2
678 6
679 4
680 5
681 5
682 5
683 2
684 8
685 4
686 5
687 5
688 3
689 4
690 10
691 2
692 3
693 13
694 3
695 4
696 6
697 4
698 3
699 5
700 7
701 2
702 10
703 4
704 3
705 9
706 3
707 4
708 6
709 2
710 5
711 7
712 3
713 4
714 10
715 8
716 3
717 5
718 3
719 2
720 8
721 4
722 4
723 5
724 3
725 6
726 8
727 2
728 5
729 8
730 5
731 4
732 6
733 2
734 3
735 13
736 3
737 4
738 8
739 2
740 5
741 9
742 5
743 2
744 6
745 4
746 3
747 7
748 5
749 4
750 10
751 2
752 3
753 5
754 5
755 4
756 10
757 2
758 3
759 9
760 5
761 2
762 6
763 4
764 3
765 13
766 3
767 4
768 4
769 2
770 9
771 5
772 3
773 2
774 8
775 6
776 3
777 9
778 3
779 4
780 10
781 4
782 5
783 9
784 4
785 4
786 6
787 2
788 3
789 5
790 5
791 4
792 8
793 4
794 3
795 9
796 3
797 2
798 10
799 4
800 4
801 7
802 3
803 4
804 6
805 8
806 5
807 5
808 3
809 2
810 12
811 2
812 5
813 5
814 5
815 4
816 6
817 4
818 3
819 13
820 5
821 2
822 6
823 2
824 3
825 13
826 5
827 2
828 8
829 2
830 5
831 5
832 3
833 6
834 6
835 4
836 5
837 9
838 3
839 2
840 10
841 3
842 3
843 5
844 3
845 6
846 8
847 6
848 3
849 5
850 7
851 4
852 6
853 2
854 5
855 13
856 3
857 2
858 10
859 2
860 5
861 9
862 3
863 2
864 6
865 4
866 3
867 7
868 5
869 4
870 10
871 4
872 3
873 7
874 5
875 8
876 6
877 2
878 3
879 5
880 5
881 2
882 11
883 2
884 5
885 9
886 3
887 2
888 6
889 4
890 5
891 11
892 3
893 4
894 6
895 4
896 3
897 9
898 3
899 4
900 11
901 4
902 5
903 9
904 3
905 4
906 6
907 2
908 3
909 7
910 9
911 2
912 6
913 4
914 3
915 9
916 3
917 4
918 10
919 2
920 5
921 5
922 3
923 4
924 10
925 6
926 3
927 7
928 3
929 2
930 10
931 6
932 3
933 5
934 3
935 8
936 8
937 2
938 5
939 5
940 5
941 2
942 6
943 4
944 3
945 17
946 5
947 2
948 6
949 4
950 7
951 5
952 5
953 2
954 8
955 4
956 3
957 9
958 3
959 4
960 6
961 3
962 5
963 7
964 3
965 4
966 10
967 2
968 4
969 9
970 5
971 2
972 8
973 4
974 3
975 13
976 3
977 2
978 6
979 4
980 7
981 7
982 3
983 2
984 6
985 4
986 5
987 9
988 5
989 4
990 14
991 2
992 3
993 5
994 5
995 4
996 6
997 2
998 3
999 9
1000 5
1001 8
1002 6
1003 4
1004 3
1005 9
1006 3
1007 4
1008 8
1009 2
1010 5
1011 5
1012 5
1013 2
1014 8
1015 8
1016 3
1017 7
1018 3
1019 2
1020 10
1021 2
1022 5
1023 9
1024 2
1025 6
1026 10
1027 4
1028 3
1029 9
1030 5
1031 2
1032 6
1033 2
1034 5
1035 13
1036 5
1037 4
1038 6
1039 2
1040 5
1041 5
1042 3
1043 4
1044 8
1045 8
1046 3
1047 5
1048 3
1049 2
1050 14
1051 2
1052 3
1053 11
1054 5
1055 4
1056 6
1057 4
1058 4
1059 5
1060 5
1061 2
1062 8
1063 2
1064 5
1065 9
1066 5
1067 4
1068 6
1069 2
1070 5
1071 13
1072 3
1073 4
1074 6
1075 6
1076 3
1077 5
1078 7
1079 4
1080 10
1081 4
1082 3
1083 7
1084 3
1085 8
1086 6
1087 2
1088 3
1089 10
1090 5
1091 2
1092 10
1093 2
1094 3
1095 9
1096 3
1097 2
1098 8
1099 4
1100 7
1101 5
1102 5
1103 2
1104 6
1105 8
1106 5
1107 9
1108 3
1109 2
1110 10
1111 4
1112 3
1113 9
1114 3
1115 4
1116 8
1117 2
1118 5
1119 5
1120 5
1121 4
1122 10
1123 2
1124 3
1125 13
1126 3
1127 6
1128 6
1129 2
1130 5
1131 9
1132 3
1133 4
1134 12
1135 4
1136 3
1137 5
1138 3
1139 4
1140 10
1141 4
1142 3
1143 7
1144 5
1145 4
1146 6
1147 4
1148 5
1149 5
1150 7
1151 2
1152 5
1153 2
1154 3
1155 17
1156 4
1157 4
1158 6
1159 4
1160 5
1161 9
1162 5
1163 2
1164 6
1165 4
1166 5
1167 5
1168 3
1169 4
1170 14
1171 2
1172 3
1173 9
1174 3
1175 6
1176 8
1177 4
1178 5
1179 7
1180 5
1181 2
1182 6
1183 6
1184 3
1185 9
1186 3
1187 2
1188 10
1189 4
1190 9
1191 5
1192 3
1193 2
1194 6
1195 4
1196 5
1197 13
1198 3
1199 4
1200 8
1201 2
1202 3
1203 5
1204 5
1205 4
1206 8
1207 4
1208 3
1209 9
1210 7
1211 4
1212 6
1213 2
1214 3
1215 13
1216 3
1217 2
1218 10
1219 4
1220 5
1221 9
1222 5
1223 2
1224 8
1225 9
1226 3
1227 5
1228 3
1229 2
1230 10
1231 2
1232 5
1233 7
1234 3
1235 8
1236 6
1237 2
1238 3
1239 9
1240 5
1241 4
1242 10
1243 4
1244 3
1245 9
1246 5
1247 4
1248 6
1249 2
1250 6
1251 7
1252 3
1253 4
1254 10
1255 4
1256 3
1257 5
1258 5
1259 2
1260 14
1261 4
1262 3
1263 5
1264 3
1265 8
1266 6
1267 4
1268 3
1269 9
1270 5
1271 4
1272 6
1273 4
1274 7
1275 13
1276 5
1277 2
1278 8
1279 2
1280 3
1281 9
1282 3
1283 2
1284 6
1285 4
1286 3
1287 13
1288 5
1289 2
1290 10
1291 2
1292 5
1293 5
1294 3
1295 8
1296 7
1297 2
1298 5
1299 5
1300 7
1301 2
1302 10
1303 2
1304 3
1305 13
1306 3
1307 2
1308 6
1309 8
1310 5
1311 9
1312 3
1313 4
1314 8
1315 4
1316 5
1317 5
1318 3
1319 2
1320 10
1321 2
1322 3
1323 13
1324 3
1325 6
1326 10
1327 2
1328 3
1329 5
1330 9
1331 4
1332 8
1333 4
1334 5
1335 9
1336 3
1337 4
1338 6
1339 4
1340 5
1341 7
1342 5
1343 4
1344 6
1345 4
1346 3
1347 5
1348 3
1349 4
1350 14
1351 4
1352 4
1353 9
1354 3
1355 4
1356 6
1357 4
1358 5
1359 7
1360 5
1361 2
1362 6
1363 4
1364 5
1365 17
1366 3
1367 2
1368 8
1369 3
1370 5
1371 5
1372 5
1373 2
1374 6
1375 8
1376 3
1377 11
1378 5
1379 4
1380 10
1381 2
1382 3
1383 5
1384 3
1385 4
1386 14
1387 4
1388 3
1389 5
1390 5
1391 4
1392 6
1393 4
1394 5
1395 13
1396 3
1397 4
1398 6
1399 2
1400 7
1401 5
1402 3
1403 4
1404 10
1405 4
1406 5
1407 9
1408 3
1409 2
1410 10
1411 4
1412 3
1413 7
1414 5
1415 4
1416 6
1417 4
1418 3
1419 9
1420 5
1421 6
1422 8
1423 2
1424 3
1425 13
1426 5
1427 2
1428 10
1429 2
1430 9
1431 9
1432 3
1433 2
1434 6
1435 8
1436 3
1437 5
1438 3
1439 2
1440 8
1441 4
1442 5
1443 9
1444 4
1445 6
1446 6
1447 2
1448 3
1449 13
1450 7
1451 2
1452 8
1453 2
1454 3
1455 9
1456 5
1457 4
1458 9
1459 2
1460 5
1461 5
1462 5
1463 8
1464 6
1465 4
1466 3
1467 7
1468 3
1469 4
1470 14
1471 2
1472 3
1473 5
1474 5
1475 6
1476 8
1477 4
1478 3
1479 9
1480 5
1481 2
1482 10
1483 2
1484 5
1485 17
1486 3
1487 2
1488 6
1489 2
1490 5
1491 9
1492 3
1493 2
1494 8
1495 8
1496 5
1497 5
1498 5
1499 2
1500 10
1501 4
1502 3
1503 7
1504 3
1505 8
1506 6
1507 4
1508 5
1509 5
1510 5
1511 2
1512 10
1513 4
1514 3
1515 9
1516 3
1517 4
1518 10
1519 6
1520 5
1521 10
1522 3
1523 2
1524 6
1525 6
1526 5
1527 5
1528 3
1529 4
1530 14
1531 2
1532 3
1533 9
1534 5
1535 4
1536 4
1537 4
1538 3
1539 11
1540 9
1541 4
1542 6
1543 2
1544 3
1545 9
1546 3
1547 8
1548 8
1549 2
1550 7
1551 9
1552 3
1553 2
1554 10
1555 4
1556 3
1557 7
1558 5
1559 2
1560 10
1561 4
1562 5
1563 5
1564 5
1565 4
1566 10
1567 2
1568 4
1569 5
1570 5
1571 2
1572 6
1573 6
1574 3
1575 19
1576 3
1577 4
1578 6
1579 2
1580 5
1581 9
1582 5
1583 2
1584 8
1585 4
1586 5
1587 7
1588 3
1589 4
1590 10
1591 4
1592 3
1593 9
1594 3
1595 8
1596 10
1597 2
1598 5
1599 9
1600 4
1601 2
1602 8
1603 4
1604 3
1605 9
1606 5
1607 2
1608 6
1609 2
1610 9
1611 7
1612 5
1613 2
1614 6
1615 8
1616 3
1617 13
1618 3
1619 2
1620 12
1621 2
1622 3
1623 5
1624 5
1625 8
1626 6
1627 2
1628 5
1629 7
1630 5
1631 4
1632 6
1633 4
1634 5
1635 9
1636 3
1637 2
1638 14
1639 4
1640 5
1641 5
1642 3
1643 4
1644 6
1645 8
1646 3
1647 9
1648 3
1649 4
1650 14
1651 4
1652 5
1653 9
1654 3
1655 4
1656 8
1657 2
1658 3
1659 9
1660 5
1661 4
1662 6
1663 2
1664 3
1665 13
1666 7
1667 2
1668 6
1669 2
1670 5
1671 5
1672 5
1673 4
1674 10
1675 6
1676 3
1677 9
1678 3
1679 4
1680 10
1681 3
1682 4
1683 13
1684 3
1685 4
1686 6
1687 4
1688 3
1689 5
1690 7
1691 4
1692 8
1693 2
1694 7
1695 9
1696 3
1697 2
1698 6
1699 2
1700 7
1701 13
1702 5
1703 4
1704 6
1705 8
1706 3
1707 5
1708 5
1709 2
1710 14
1711 4
1712 3
1713 5
1714 3
1715 8
1716 10
1717 4
1718 3
1719 7
1720 5
1721 2
1722 10
1723 2
1724 3
1725 13
1726 3
1727 4
1728 6
1729 8
1730 5
1731 5
1732 3
1733 2
1734 8
1735 4
1736 5
1737 7
1738 5
1739 4
1740 10
1741 2
1742 5
1743 9
1744 3
1745 4
1746 8
1747 2
1748 5
1749 9
1750 9
1751 4
1752 6
1753 2
1754 3
1755 17
1756 3
1757 4
1758 6
1759 2
1760 5
1761 5
1762 3
1763 4
1764 11
1765 4
1766 3
1767 9
1768 5
1769 4
1770 10
1771 8
1772 3
1773 7
1774 3
1775 6
1776 6
1777 2
1778 5
1779 5
1780 5
1781 4
1782 12
1783 2
1784 3
1785 17
1786 5
1787 2
1788 6
1789 2
1790 5
1791 7
1792 3
1793 4
1794 10
1795 4
1796 3
1797 5
1798 5
1799 4
1800 11
1801 2
1802 5
1803 5
1804 5
1805 6
1806 10
1807 4
1808 3
1809 9
1810 5
1811 2
1812 6
1813 6
1814 3
1815 13
1816 3
1817 4
1818 8
1819 4
1820 9
1821 5
1822 3
1823 2
1824 6
1825 6
1826 5
1827 13
1828 3
1829 4
1830 10
1831 2
1832 3
1833 9
1834 5
1835 4
1836 10
1837 4
1838 3
1839 5
1840 5
1841 4
1842 6
1843 4
1844 3
1845 13
1846 5
1847 2
1848 10
1849 3
1850 7
1851 5
1852 3
1853 4
1854 8
1855 8
1856 3
1857 5
1858 3
1859 6
1860 10
1861 2
1862 7
1863 11
1864 3
1865 4
1866 6
1867 2
1868 3
1869 9
1870 9
1871 2
1872 8
1873 2
1874 3
1875 11
1876 5
1877 2
1878 6
1879 2
1880 5
1881 13
1882 3
1883 4
1884 6
1885 8
1886 5
1887 9
1888 3
1889 2
1890 18
1891 4
1892 5
1893 5
1894 3
1895 4
1896 6
1897 4
1898 5
1899 7
1900 7
1901 2
1902 6
1903 4
1904 5
1905 9
1906 3
1907 2
1908 8
1909 4
1910 5
1911 13
1912 3
1913 2
1914 10
1915 4
1916 3
1917 9
1918 5
1919 4
1920 6
1921 4
1922 4
1923 5
1924 5
1925 12
1926 8
1927 4
1928 3
1929 5
1930 5
1931 2
1932 10
1933 2
1934 3
1935 13
1936 4
1937 4
1938 10
1939 4
1940 5
1941 5
1942 3
1943 4
1944 8
1945 4
1946 5
1947 9
1948 3
1949 2
1950 14
1951 2
1952 3
1953 13
1954 3
1955 8
1956 6
1957 4
1958 5
1959 5
1960 7
1961 4
1962 8
1963 4
1964 3
1965 9
1966 3
1967 4
1968 6
1969 4
1970 5
1971 9
1972 5
1973 2
1974 10
1975 6
1976 5
1977 5
1978 5
1979 2
1980 14
1981 4
1982 3
1983 5
1984 3
1985 4
1986 6
1987 2
1988 5
1989 13
1990 5
1991 4
1992 6
1993 2
1994 3
1995 17
1996 3
1997 2
1998 10
1999 2
2000 5
2001 9
2002 9
2003 2
2004 6
2005 4
2006 5
2007 7
2008 3
2009 6
2010 10
2011 2
2012 3
2013 9
2014 5
2015 8
2016 8
2017 2
2018 3
2019 5
2020 5
2021 4
2022 6
2023 6
2024 5
2025 16
2026 3
2027 2
2028 8
2029 2
2030 9
2031 5
2032 3
2033 4
2034 8
2035 8
2036 3
2037 9
2038 3
2039 2
2040 10
2041 4
2042 3
2043 7
2044 5
2045 4
2046 10
2047 4
2048 2
2049 5
2050 7
2051 4
2052 10
2053 2
2054 5
2055 9
2056 3
2057 6
2058 10
2059 4
2060 5
2061 7
2062 3
2063 2
2064 6
2065 8
2066 3
2067 9
2068 5
2069 2
2070 14
2071 4
2072 5
2073 5
2074 5
2075 6
2076 6
2077 4
2078 3
2079 17
2080 5
2081 2
2082 6
2083 2
2084 3
2085 9
2086 5
2087 2
2088 8
2089 2
2090 9
2091 9
2092 3
2093 8
2094 6
2095 4
2096 3
2097 7
2098 3
2099 2
2100 14
2101 4
2102 3
2103 5
2104 3
2105 4
2106 12
2107 6
2108 5
2109 9
2110 5
2111 2
2112 6
2113 2
2114 5
2115 13
2116 4
2117 4
2118 6
2119 4
2120 5
2121 9
2122 3
2123 4
2124 8
2125 8
2126 3
2127 5
2128 5
2129 2
2130 10
2131 2
2132 5
2133 9
2134 5
2135 8
2136 6
2137 2
2138 3
2139 9
2140 5
2141 2
2142 14
2143 2
2144 3
2145 17
2146 5
2147 4
2148 6
2149 4
2150 7
2151 7
2152 3
2153 2
2154 6
2155 4
2156 7
2157 5
2158 5
2159 4
2160 10
2161 2
2162 5
2163 9
2164 3
2165 4
2166 8
2167 4
2168 3
2169 7
2170 9
2171 4
2172 6
2173 4
2174 3
2175 13
2176 3
2177 4
2178 11
2179 2
2180 5
2181 5
2182 3
2183 4
2184 10
2185 8
2186 3
2187 9
2188 3
2189 4
2190 10
2191 4
2192 3
2193 9
2194 3
2195 4
2196 8
2197 4
2198 5
2199 5
2200 7
2201 4
2202 6
2203 2
2204 5
2205 19
2206 3
2207 2
2208 6
2209 3
2210 9
2211 9
2212 5
2213 2
2214 10
2215 4
2216 3
2217 5
2218 3
2219 4
2220 10
2221 2
2222 5
2223 13
2224 3
2225 6
2226 10
2227 4
2228 3
2229 5
2230 5
2231 4
2232 8
2233 8
2234 3
2235 9
2236 5
2237 2
2238 6
2239 2
2240 5
2241 9
2242 5
2243 2
2244 10
2245 4
2246 3
2247 9
2248 3
2249 4
2250 14
2251 2
2252 3
2253 5
2254 7
2255 8
2256 6
2257 4
2258 3
2259 7
2260 5
2261 8
2262 10
2263 4
2264 3
2265 9
2266 5
2267 2
2268 12
2269 2
2270 5
2271 5
2272 3
2273 2
2274 6
2275 12
2276 3
2277 13
2278 5
2279 4
2280 10
2281 2
2282 5
2283 5
2284 3
2285 4
2286 8
2287 2
2288 5
2289 9
2290 5
2291 4
2292 6
2293 2
2294 5
2295 17
2296 5
2297 2
2298 6
2299 6
2300 7
2301 9
2302 3
2303 6
2304 5
2305 4
2306 3
2307 5
2308 3
2309 2
2310 18
2311 2
2312 4
2313 7
2314 5
2315 4
2316 6
2317 4
2318 5
2319 5
2320 5
2321 4
2322 10
2323 4
2324 5
2325 13
2326 3
2327 4
2328 6
2329 4
2330 5
2331 13
2332 5
2333 2
2334 6
2335 4
2336 3
2337 9
2338 5
2339 2
2340 14
2341 2
2342 3
2343 9
2344 3
2345 8
2346 10
2347 2
2348 3
2349 11
2350 7
2351 2
2352 8
2353 4
2354 5
2355 9
2356 5
2357 2
2358 8
2359 4
2360 5
2361 5
2362 3
2363 4
2364 6
2365 8
2366 7
2367 7
2368 3
2369 4
2370 10
2371 2
2372 3
2373 9
2374 3
2375 8
2376 10
2377 2
2378 5
2379 9
2380 9
2381 2
2382 6
2383 2
2384 3
2385 13
2386 3
2387 8
2388 6
2389 2
2390 5
2391 5
2392 5
2393 2
2394 14
2395 4
2396 3
2397 9
2398 5
2399 2
2400 8
2401 5
2402 3
2403 9
2404 3
2405 8
2406 6
2407 4
2408 5
2409 9
2410 5
2411 2
2412 8
2413 4
2414 5
2415 17
2416 3
2417 2
2418 10
2419 4
2420 7
2421 7
2422 5
2423 2
2424 6
2425 6
2426 3
2427 5
2428 3
2429 4
2430 14
2431 8
2432 3
2433 5
2434 3
2435 4
2436 10
2437 2
2438 5
2439 7
2440 5
2441 2
2442 10
2443 4
2444 5
2445 9
2446 3
2447 2
2448 8
2449 4
2450 10
2451 9
2452 3
2453 4
2454 6
2455 4
2456 3
2457 17
2458 3
2459 2
2460 10
2461 4
2462 3
2463 5
2464 5
2465 8
2466 8
2467 2
2468 3
2469 5
2470 9
2471 4
2472 6
2473 2
2474 3
2475 19
2476 3
2477 2
2478 10
2479 4
2480 5
2481 5
2482 5
2483 4
2484 10
2485 8
2486 5
2487 5
2488 3
2489 4
2490 10
2491 4
2492 5
2493 7
2494 5
2495 4
2496 6
2497 4
2498 3
2499 13
2500 6
2501 4
2502 8
2503 2
2504 3
2505 9
2506 5
2507 4
2508 10
2509 4
2510 5
2511 11
2512 3
2513 4
2514 6
2515 4
2516 5
2517 5
2518 3
2519 4
2520 14
2521 2
2522 5
2523 7
2524 3
2525 6
2526 6
2527 6
2528 3
2529 7
2530 9
2531 2
2532 6
2533 4
2534 5
2535 13
2536 3
2537 4
2538 10
2539 2
2540 5
2541 13
2542 5
2543 2
2544 6
2545 4
2546 5
2547 7
2548 7
2549 2
2550 14
2551 2
2552 5
2553 9
2554 3
2555 8
2556 8
2557 2
2558 3
2559 5
2560 3
2561 4
2562 10
2563 4
2564 3
2565 17
2566 3
2567 4
2568 6
2569 4
2570 5
2571 5
2572 3
2573 4
2574 14
2575 6
2576 5
2577 5
2578 3
2579 2
2580 10
2581 4
2582 3
2583 13
2584 5
2585 8
2586 6
2587 4
2588 3
2589 5
2590 9
2591 2
2592 7
2593 2
2594 3
2595 9
2596 5
2597 6
2598 6
2599 4
2600 7
2601 10
2602 3
2603 4
2604 10
2605 4
2606 3
2607 9
2608 3
2609 2
2610 14
2611 4
2612 3
2613 9
2614 3
2615 4
2616 6
2617 2
2618 9
2619 9
2620 5
2621 2
2622 10
2623 4
2624 3
2625 17
2626 5
2627 4
2628 8
2629 4
2630 5
2631 5
2632 5
2633 2
2634 6
2635 8
2636 3
2637 7
2638 3
2639 8
2640 10
2641 4
2642 3
2643 5
2644 3
2645 6
2646 14
2647 2
2648 3
2649 5
2650 7
2651 4
2652 10
2653 4
2654 3
2655 13
2656 3
2657 2
2658 6
2659 2
2660 9
2661 5
2662 5
2663 2
2664 8
2665 8
2666 5
2667 9
2668 5
2669 4
2670 10
2671 2
2672 3
2673 13
2674 5
2675 6
2676 6
2677 2
2678 5
2679 9
2680 5
2681 4
2682 8
2683 2
2684 5
2685 9
2686 5
2687 2
2688 6
2689 2
2690 5
2691 13
2692 3
2693 2
2694 6
2695 12
2696 3
2697 9
2698 5
2699 2
2700 14
2701 4
2702 5
2703 9
2704 4
2705 4
2706 10
2707 2
2708 3
2709 13
2710 5
2711 2
2712 6
2713 2
2714 5
2715 9
2716 5
2717 8
2718 8
2719 2
2720 5
2721 5
2722 3
2723 4
2724 6
2725 6
2726 5
2727 9
2728 5
2729 2
2730 18
2731 2
2732 3
2733 5
2734 3
2735 4
2736 8
2737 8
2738 4
2739 9
2740 5
2741 2
2742 6
2743 4
2744 5
2745 13
2746 3
2747 4
2748 6
2749 2
2750 9
2751 9
2752 3
2753 2
2754 12
2755 8
2756 5
2757 5
2758 5
2759 4
2760 10
2761 4
2762 3
2763 7
2764 3
2765 8
2766 6
2767 2
2768 3
2769 9
2770 5
2771 4
2772 14
2773 4
2774 5
2775 13
2776 3
2777 2
2778 6
2779 4
2780 5
2781 9
2782 5
2783 6
2784 6
2785 4
2786 5
2787 5
2788 5
2789 2
2790 14
2791 2
2792 3
2793 13
2794 5
2795 8
2796 6
2797 2
2798 3
2799 7
2800 7
2801 2
2802 6
2803 2
2804 3
2805 17
2806 5
2807 4
2808 10
2809 3
2810 5
2811 5
2812 5
2813 4
2814 10
2815 4
2816 3
2817 7
2818 3
2819 2
2820 10
2821 8
2822 5
2823 5
2824 3
2825 6
2826 8
2827 4
2828 5
2829 9
2830 5
2831 4
2832 6
2833 2
2834 5
2835 21
2836 3
2837 2
2838 10
2839 4
2840 5
2841 5
2842 7
2843 2
2844 8
2845 4
2846 3
2847 9
2848 3
2849 8
2850 14
2851 2
2852 5
2853 7
2854 3
2855 4
2856 10
2857 2
2858 3
2859 5
2860 9
2861 2
2862 10
2863 4
2864 3
2865 9
2866 3
2867 4
2868 6
2869 4
2870 9
2871 13
2872 3
2873 6
2874 6
2875 8
2876 3
2877 9
2878 3
2879 2
2880 8
2881 4
2882 5
2883 7
2884 5
2885 4
2886 10
2887 2
2888 4
2889 9
2890 7
2891 6
2892 6
2893 4
2894 3
2895 9
2896 3
2897 2
2898 14
2899 4
2900 7
2901 5
2902 3
2903 2
2904 8
2905 8
2906 3
2907 13
2908 3
2909 2
2910 10
2911 4
2912 5
2913 5
2914 5
2915 8
2916 9
2917 2
2918 3
2919 9
2920 5
2921 4
2922 6
2923 4
2924 5
2925 19
2926 9
2927 2
2928 6
2929 4
2930 5
2931 5
2932 3
2933 4
2934 8
2935 4
2936 3
2937 9
2938 5
2939 2
2940 14
2941 4
2942 3
2943 9
2944 3
2945 8
2946 6
2947 4
2948 5
2949 5
2950 7
2951 4
2952 8
2953 2
2954 5
2955 9
2956 3
2957 2
2958 10
2959 4
2960 5
2961 13
2962 3
2963 2
2964 10
2965 4
2966 3
2967 9
2968 5
2969 2
2970 18
2971 2
2972 3
2973 5
2974 3
2975 12
2976 6
2977 4
2978 3
2979 7
2980 5
2981 4
2982 10
2983 4
2984 3
2985 9
2986 3
2987 4
2988 8
2989 6
2990 9
2991 5
2992 5
2993 4
2994 6
2995 4
2996 5
2997 11
2998 3
2999 2
3000 10
3001 2
3002 5
3003 17
3004 3
3005 4
3006 8
3007 4
3008 3
3009 9
3010 9
3011 2
3012 6
3013 4
3014 5
3015 13
3016 5
3017 4
3018 6
3019 2
3020 5
3021 9
3022 3
3023 2
3024 10
3025 9
3026 5
3027 5
3028 3
3029 4
3030 10
3031 4
3032 3
3033 7
3034 5
3035 4
3036 10
3037 2
3038 7
3039 5
3040 5
3041 2
3042 11
3043 4
3044 3
3045 17
3046 3
3047 4
3048 6
3049 2
3050 7
3051 9
3052 5
3053 4
3054 6
3055 8
3056 3
3057 5
3058 5
3059 8
3060 14
3061 2
3062 3
3063 5
3064 3
3065 4
3066 10
3067 2
3068 5
3069 13
3070 5
3071 4
3072 4
3073 4
3074 5
3075 13
3076 3
3077 4
3078 12
3079 2
3080 9
3081 9
3082 5
3083 2
3084 6
3085 4
3086 3
3087 13
3088 3
3089 2
3090 10
3091 4
3092 3
3093 5
3094 9
3095 4
3096 8
3097 4
3098 3
3099 5
3100 7
3101 4
3102 10
3103 4
3104 3
3105 17
3106 3
3107 4
3108 10
3109 2
3110 5
3111 9
3112 3
3113 4
3114 8
3115 8
3116 5
3117 5
3118 3
3119 2
3120 10
3121 2
3122 5
3123 7
3124 5
3125 6
3126 6
3127 4
3128 5
3129 9
3130 5
3131 4
3132 10
3133 4
3134 3
3135 17
3136 4
3137 2
3138 6
3139 4
3140 5
3141 7
3142 3
3143 4
3144 6
3145 8
3146 7
3147 5
3148 3
3149 4
3150 20
3151 4
3152 3
3153 5
3154 5
3155 4
3156 6
3157 8
3158 3
3159 13
3160 5
3161 4
3162 10
3163 2
3164 5
3165 9
3166 3
3167 2
3168 8
3169 2
3170 5
3171 9
3172 5
3173 4
3174 8
3175 6
3176 3
3177 7
3178 5
3179 6
3180 10
3181 2
3182 5
3183 5
3184 3
3185 12
3186 10
3187 2
3188 3
3189 5
3190 9
3191 2
3192 10
3193 4
3194 3
3195 13
3196 5
3197 4
3198 10
3199 4
3200 4
3201 9
3202 3
3203 2
3204 8
3205 4
3206 5
3207 5
3208 3
3209 2
3210 10
3211 6
3212 5
3213 17
3214 3
3215 4
3216 6
3217 2
3218 3
3219 9
3220 9
3221 2
3222 8
3223 4
3224 5
3225 13
3226 3
3227 4
3228 6
3229 2
3230 9
3231 7
3232 3
3233 4
3234 14
3235 4
3236 3
3237 9
3238 3
3239 4
3240 12
3241 4
3242 3
3243 9
3244 3
3245 8
3246 6
3247 4
3248 5
3249 10
3250 9
3251 2
3252 6
3253 2
3254 3
3255 17
3256 5
3257 2
3258 8
3259 2
3260 5
3261 5
3262 5
3263 4
3264 6
3265 4
3266 5
3267 13
3268 5
3269 4
3270 10
3271 2
3272 3
3273 5
3274 3
3275 6
3276 14
3277 4
3278 5
3279 5
3280 5
3281 4
3282 6
3283 6
3284 3
3285 13
3286 5
3287 4
3288 6
3289 8
3290 9
3291 5
3292 3
3293 4
3294 10
3295 4
3296 3
3297 9
3298 5
3299 2
3300 14
3301 2
3302 5
3303 7
3304 5
3305 4
3306 10
3307 2
3308 3
3309 5
3310 5
3311 8
3312 8
3313 2
3314 3
3315 17
3316 3
3317 4
3318 10
3319 2
3320 5
3321 11
3322 5
3323 2
3324 6
3325 12
3326 3
3327 5
3328 3
3329 2
3330 14
3331 2
3332 7
3333 9
3334 3
3335 8
3336 6
3337 4
3338 3
3339 13
3340 5
3341 4
3342 6
3343 2
3344 5
3345 9
3346 5
3347 2
3348 10
3349 4
3350 7
3351 5
3352 3
3353 4
3354 10
3355 8
3356 3
3357 7
3358 5
3359 2
3360 10
3361 2
3362 4
3363 9
3364 4
3365 4
3366 14
3367 8
3368 3
3369 5
3370 5
3371 2
3372 6
3373 2
3374 5
3375 17
3376 3
3377 4
3378 6
3379 4
3380 7
3381 13
3382 5
3383 4
3384 8
3385 4
3386 3
3387 5
3388 7
3389 2
3390 10
3391 2
3392 3
3393 13
3394 3
3395 8
3396 6
3397 4
3398 3
3399 9
3400 7
3401 4
3402 14
3403 4
3404 5
3405 9
3406 5
3407 2
3408 6
3409 4
3410 9
3411 7
3412 3
3413 2
3414 6
3415 4
3416 5
3417 9
3418 3
3419 4
3420 14
3421 4
3422 5
3423 9
3424 3
3425 6
3426 6
3427 4
3428 3
3429 9
3430 9
3431 4
3432 10
3433 2
3434 5
3435 9
3436 3
3437 4
3438 8
3439 4
3440 5
3441 9
3442 3
3443 4
3444 10
3445 8
3446 3
3447 7
3448 3
3449 2
3450 14
3451 8
3452 3
3453 5
3454 5
3455 4
3456 6
3457 2
3458 9
3459 5
3460 5
3461 2
3462 6
3463 2
3464 3
3465 25
3466 3
3467 2
3468 8
3469 2
3470 5
3471 9
3472 5
3473 4
3474 8
3475 6
3476 5
3477 9
3478 5
3479 6
3480 10
3481 3
3482 3
3483 11
3484 5
3485 8
3486 10
3487 4
3488 3
3489 5
3490 5
3491 2
3492 8
3493 4
3494 3
3495 9
3496 5
3497 4
3498 10
3499 2
3500 9
3501 7
3502 5
3503 4
3504 6
3505 4
3506 3
3507 9
3508 3
3509 6
3510 18
3511 2
3512 3
3513 5
3514 5
3515 8
3516 6
3517 2
3518 3
3519 13
3520 5
3521 4
3522 6
3523 4
3524 3
3525 13
3526 5
3527 2
3528 11
3529 2
3530 5
3531 9
3532 3
3533 2
3534 10
3535 8
3536 5
3537 9
3538 5
3539 2
3540 10
3541 2
3542 9
3543 5
3544 3
3545 4
3546 8
3547 2
3548 3
3549 13
3550 7
3551 4
3552 6
3553 8
3554 3
3555 13
3556 5
3557 2
3558 6
3559 2
3560 5
3561 5
3562 5
3563 4
3564 12
3565 8
3566 3
3567 9
3568 3
3569 4
3570 18
3571 2
3572 5
3573 7
3574 3
3575 12
3576 6
3577 6
3578 3
3579 5
3580 5
3581 2
3582 8
3583 2
3584 3
3585 9
3586 5
3587 4
3588 10
3589 4
3590 5
3591 17
3592 3
3593 2
3594 6
3595 4
3596 5
3597 9
3598 5
3599 4
3600 11
3601 4
3602 3
3603 5
3604 5
3605 8
3606 6
3607 2
3608 5
3609 7
3610 7
3611 4
3612 10
3613 2
3614 5
3615 9
3616 3
3617 2
3618 10
3619 8
3620 5
3621 9
3622 3
3623 2
3624 6
3625 8
3626 7
3627 13
3628 3
3629 4
3630 14
3631 2
3632 3
3633 9
3634 5
3635 4
3636 8
3637 2
3638 5
3639 5
3640 9
3641 4
3642 6
3643 2
3644 3
3645 15
3646 3
3647 4
3648 6
3649 4
3650 7
3651 5
3652 5
3653 4
3654 14
3655 8
3656 3
3657 9
3658 5
3659 2
3660 10
3661 4
3662 3
3663 13
3664 3
3665 4
3666 10
3667 4
3668 5
3669 5
3670 5
3671 2
3672 10
3673 2
3674 5
3675 19
3676 3
3677 2
3678 6
3679 4
3680 5
3681 7
3682 5
3683 4
3684 6
3685 8
3686 5
3687 5
3688 3
3689 8
3690 14
3691 2
3692 5
3693 5
3694 3
3695 4
3696 10
3697 2
3698 4
3699 9
3700 7
3701 2
3702 6
3703 6
3704 3
3705 17
3706 5
3707 4
3708 8
3709 2
3710 9
3711 5
3712 3
3713 4
3714 6
3715 4
3716 3
3717 13
3718 7
3719 2
3720 10
3721 3
3722 3
3723 9
3724 7
3725 6
3726 12
3727 2
3728 3
3729 9
3730 5
3731 8
3732 6
3733 2
3734 3
3735 13
3736 3
3737 4
3738 10
3739 2
3740 9
3741 9
3742 3
3743 4
3744 8
3745 8
3746 3
3747 5
3748 3
3749 4
3750 12
3751 6
3752 5
3753 9
3754 3
3755 4
3756 6
3757 6
3758 3
3759 9
3760 5
3761 2
3762 14
3763 4
3764 3
3765 9
3766 5
3767 2
3768 6
3769 2
3770 9
3771 7
3772 5
3773 8
3774 10
3775 6
3776 3
3777 5
3778 3
3779 2
3780 18
3781 4
3782 5
3783 9
3784 5
3785 4
3786 6
3787 4
3788 3
3789 7
3790 5
3791 4
3792 6
3793 2
3794 5
3795 17
3796 5
3797 2
3798 8
3799 4
3800 7
3801 9
3802 3
3803 2
3804 6
3805 4
3806 5
3807 11
3808 5
3809 4
3810 10
3811 4
3812 3
3813 9
3814 3
3815 8
3816 8
3817 4
3818 5
3819 9
3820 5
3821 2
3822 14
3823 2
3824 3
3825 19
3826 3
3827 4
3828 10
3829 4
3830 5
3831 5
3832 3
3833 2
3834 10
3835 8
3836 5
3837 5
3838 5
3839 4
3840 6
3841 4
3842 5
3843 13
3844 4
3845 4
3846 6
3847 2
3848 5
3849 5
3850 13
3851 2
3852 8
3853 2
3854 5
3855 9
3856 3
3857 8
3858 6
3859 4
3860 5
3861 17
3862 3
3863 2
3864 10
3865 4
3866 3
3867 5
3868 3
3869 4
3870 14
3871 6
3872 4
3873 5
3874 5
3875 8
3876 10
3877 2
3878 5
3879 7
3880 5
3881 2
3882 6
3883 4
3884 3
3885 17
3886 5
3887 6
3888 8
3889 2
3890 5
3891 5
3892 5
3893 4
3894 10
3895 8
3896 3
3897 7
3898 3
3899 4
3900 14
3901 4
3902 3
3903 5
3904 3
3905 8
3906 14
3907 2
3908 3
3909 5
3910 9
3911 2
3912 6
3913 8
3914 5
3915 17
3916 5
3917 2
3918 6
3919 2
3920 7
3921 5
3922 5
3923 2
3924 8
3925 6
3926 5
3927 17
3928 3
3929 2
3930 10
3931 2
3932 3
3933 13
3934 5
3935 4
3936 6
3937 4
3938 5
3939 9
3940 5
3941 4
3942 10
3943 2
3944 5
3945 9
3946 3
3947 2
3948 10
3949 4
3950 7
3951 7
3952 5
3953 4
3954 6
3955 8
3956 5
3957 5
3958 3
3959 4
3960 14
3961 4
3962 5
3963 5
3964 3
3965 8
3966 6
3967 2
3968 3
3969 16
3970 5
3971 6
3972 6
3973 4
3974 3
3975 13
3976 5
3977 4
3978 14
3979 4
3980 5
3981 5
3982 5
3983 4
3984 6
3985 4
3986 3
3987 7
3988 3
3989 2
3990 18
3991 4
3992 3
3993 9
3994 3
3995 8
3996 10
3997 4
3998 3
3999 9
4000 5
4001 2
4002 10
4003 2
4004 9
4005 13
4006 3
4007 2
4008 6
4009 4
4010 5
4011 9
4012 5
4013 2
4014 8
4015 8
4016 3
4017 9
4018 7
4019 2
4020 10
4021 2
4022 3
4023 9
4024 3
4025 12
4026 10
4027 2
4028 5
4029 9
4030 9
4031 4
4032 8
4033 4
4034 3
4035 9
4036 3
4037 4
4038 6
4039 4
4040 5
4041 7
4042 5
4043 4
4044 6
4045 4
4046 7
4047 9
4048 5
4049 2
4050 17
4051 2
4052 3
4053 9
4054 3
4055 4
4056 8
4057 2
4058 3
4059 13
4060 9
4061 4
4062 6
4063 4
4064 3
4065 9
4066 5
4067 6
4068 8
4069 4
4070 9
4071 9
4072 3
4073 2
4074 10
4075 6
4076 3
4077 9
4078 3
4079 2
4080 10
4081 8
4082 5
4083 5
4084 3
4085 8
4086 8
4087 4
4088 5
4089 9
4090 5
4091 2
4092 10
4093 2
4094 5
4095 25
4096 2
4097 4
4098 6
4099 2
4100 7
4101 5
4102 5
4103 4
4104 10
4105 4
4106 3
4107 7
4108 5
4109 4
4110 10
4111 2
4112 3
4113 7
4114 7
4115 4
4116 10
4117 4
4118 5
4119 5
4120 5
4121 4
4122 8
4123 8
4124 3
4125 17
4126 3
4127 2
4128 6
4129 2
4130 9
4131 13
4132 3
4133 2
4134 10
4135 4
4136 5
4137 9
4138 3
4139 2
4140 14
4141 4
4142 5
4143 5
4144 5
4145 4
4146 6
4147 8
4148 5
4149 7
4150 7
4151 4
4152 6
4153 2
4154 5
4155 9
4156 3
4157 2
4158 18
4159 2
4160 5
4161 9
4162 3
4163 4
4164 6
4165 12
4166 3
4167 7
4168 3
4169 4
4170 10
4171 4
4172 5
4173 9
4174 3
4175 6
4176 8
4177 2
4178 3
4179 9
4180 9
4181 4
4182 10
4183 4
4184 3
4185 17
4186 9
4187 4
4188 6
4189 4
4190 5
4191 9
4192 3
4193 4
4194 8
4195 4
4196 3
4197 5
4198 3
4199 8
4200 14
4201 2
4202 5
4203 7
4204 3
4205 6
4206 6
4207 4
4208 3
4209 9
4210 5
4211 2
4212 12
4213 4
4214 7
4215 9
4216 5
4217 2
4218 10
4219 2
4220 5
4221 13
4222 3
4223 4
4224 6
4225 9
4226 3
4227 5
4228 5
4229 2
4230 14
4231 2
4232 4
4233 9
4234 5
4235 12
4236 6
4237 4
4238 5
4239 9
4240 5
4241 2
4242 10
4243 2
4244 3
4245 9
4246 5
4247 4
4248 8
4249 4
4250 9
4251 9
4252 3
4253 2
4254 6
4255 8
4256 5
4257 13
4258 3
4259 2
4260 10
4261 2
4262 3
4263 13
4264 5
4265 4
4266 10
4267 4
4268 5
4269 5
4270 9
4271 2
4272 6
4273 2
4274 3
4275 19
4276 3
4277 8
4278 10
4279 4
4280 5
4281 5
4282 3
4283 2
4284 14
4285 4
4286 3
4287 5
4288 3
4289 2
4290 18
4291 4
4292 5
4293 11
4294 5
4295 4
4296 6
4297 2
4298 5
4299 5
4300 7
4301 8
4302 8
4303 4
4304 3
4305 17
4306 3
4307 4
4308 6
4309 4
4310 5
4311 7
4312 7
4313 4
4314 6
4315 4
4316 5
4317 5
4318 5
4319 4
4320 10
4321 4
4322 3
4323 9
4324 5
4325 6
4326 10
4327 2
4328 3
4329 13
4330 5
4331 4
4332 8
4333 4
4334 5
4335 13
4336 3
4337 2
4338 8
4339 2
4340 9
4341 5
4342 5
4343 4
4344 6
4345 8
4346 5
4347 17
4348 3
4349 2
4350 14
4351 4
4352 3
4353 5
4354 5
4355 8
4356 11
4357 2
4358 3
4359 5
4360 5
4361 6
4362 6
4363 2
4364 3
4365 13
4366 5
4367 4
4368 10
4369 4
4370 9
4371 9
4372 3
4373 2
4374 10
4375 10
4376 3
4377 5
4378 5
4379 4
4380 10
4381 4
4382 5
4383 7
4384 3
4385 4
4386 10
4387 4
4388 3
4389 17
4390 5
4391 2
4392 8
4393 4
4394 5
4395 9
4396 5
4397 2
4398 6
4399 4
4400 7
4401 9
4402 5
4403 8
4404 6
4405 4
4406 3
4407 9
4408 5
4409 2
4410 20
4411 4
4412 3
4413 5
4414 3
4415 4
4416 6
4417 4
4418 4
4419 7
4420 9
4421 2
4422 10
4423 2
4424 5
4425 13
4426 3
4427 4
4428 10
4429 4
4430 5
4431 9
4432 3
4433 8
4434 6
4435 4
4436 3
4437 13
4438 5
4439 4
4440 10
4441 2
4442 3
4443 5
4444 5
4445 8
4446 14
4447 2
4448 3
4449 5
4450 7
4451 2
4452 10
4453 4
4454 5
4455 21
4456 3
4457 2
4458 6
4459 8
4460 5
4461 5
4462 5
4463 2
4464 8
4465 8
4466 9
4467 5
4468 3
4469 4
4470 10
4471 4
4472 5
4473 13
4474 3
4475 6
4476 6
4477 6
4478 3
4479 5
4480 5
4481 2
4482 10
4483 2
4484 5
4485 17
4486 3
4487 4
4488 10
4489 3
4490 5
4491 7
4492 3
4493 2
4494 10
4495 8
4496 3
4497 5
4498 5
4499 4
4500 14
4501 4
4502 3
4503 9
4504 3
4505 8
4506 6
4507 2
4508 7
4509 9
4510 9
4511 4
4512 6
4513 2
4514 5
4515 17
4516 3
4517 2
4518 8
4519 2
4520 5
4521 9
4522 9
4523 2
4524 10
4525 6
4526 5
4527 7
4528 3
4529 4
4530 10
4531 4
4532 5
4533 5
4534 3
4535 4
4536 12
4537 4
4538 3
4539 9
4540 5
4541 4
4542 6
4543 8
4544 3
4545 13
4546 3
4547 2
4548 6
4549 2
4550 13
4551 9
4552 3
4553 4
4554 14
4555 4
4556 5
4557 13
4558 5
4559 4
4560 10
4561 2
4562 3
4563 13
4564 5
4565 8
4566 6
4567 2
4568 3
4569 5
4570 5
4571 4
4572 8
4573 4
4574 3
4575 13
4576 5
4577 4
4578 10
4579 4
4580 5
4581 7
4582 5
4583 2
4584 6
4585 8
4586 3
4587 9
4588 5
4589 4
4590 18
4591 2
4592 5
4593 5
4594 3
4595 4
4596 6
4597 2
4598 7
4599 13
4600 7
4601 4
4602 10
4603 2
4604 3
4605 9
4606 7
4607 4
4608 5
4609 4
4610 5
4611 9
4612 3
4613 4
4614 6
4615 8
4616 3
4617 13
4618 3
4619 4
4620 18
4621 2
4622 3
4623 9
4624 4
4625 8
4626 8
4627 4
4628 5
4629 5
4630 5
4631 4
4632 6
4633 4
4634 5
4635 13
4636 5
4637 2
4638 6
4639 2
4640 5
4641 17
4642 5
4643 2
4644 10
4645 4
4646 5
4647 5
4648 5
4649 2
4650 14
4651 2
4652 3
4653 13
4654 5
4655 12
4656 6
4657 2
4658 5
4659 5
4660 5
4661 4
4662 14
4663 2
4664 5
4665 9
4666 3
4667 4
4668 6
4669 8
4670 5
4671 9
4672 3
4673 2
4674 10
4675 12
4676 5
4677 5
4678 3
4679 2
4680 14
4681 4
4682 3
4683 9
4684 3
4685 4
4686 10
4687 4
4688 3
4689 7
4690 9
4691 2
4692 10
4693 6
4694 3
4695 9
4696 3
4697 8
4698 12
4699 4
4700 7
4701 5
4702 3
4703 2
4704 8
4705 4
4706 5
4707 7
4708 5
4709 4
4710 10
4711 4
4712 5
4713 5
4714 3
4715 8
4716 8
4717 4
4718 5
4719 13
4720 5
4721 2
4722 6
4723 2
4724 3
4725 25
4726 5
4727 4
4728 6
4729 2
4730 9
4731 9
4732 7
4733 2
4734 8
4735 4
4736 3
4737 5
4738 5
4739 4
4740 10
4741 4
4742 3
4743 13
4744 3
4745 8
4746 10
4747 4
4748 3
4749 5
4750 9
4751 2
4752 10
4753 6
4754 3
4755 9
4756 5
4757 4
4758 10
4759 2
4760 9
4761 10
4762 3
4763 4
4764 6
4765 4
4766 3
4767 9
4768 3
4769 4
4770 14
4771 4
4772 3
4773 9
4774 9
4775 6
4776 6
4777 4
4778 3
4779 11
4780 5
4781 4
4782 6
4783 2
4784 5
4785 17
4786 3
4787 2
4788 14
4789 2
4790 5
4791 5
4792 3
4793 2
4794 10
4795 8
4796 5
4797 13
4798 3
4799 2
4800 8
4801 2
4802 6
4803 5
4804 3
4805 6
4806 10
4807 8
4808 3
4809 9
4810 9
4811 4
4812 6
4813 2
4814 5
4815 13
4816 5
4817 2
4818 10
4819 4
4820 5
4821 5
4822 3
4823 8
4824 8
4825 6
4826 5
4827 5
4828 5
4829 4
4830 18
4831 2
4832 3
4833 9
4834 3
4835 4
4836 10
4837 4
4838 5
4839 5
4840 7
4841 4
4842 8
4843 4
4844 5
4845 17
4846 3
4847 4
4848 6
4849 4
4850 7
4851 19
4852 3
4853 4
4854 6
4855 4
4856 3
4857 5
4858 5
4859 4
4860 14
4861 2
4862 9
4863 5
4864 3
4865 8
4866 6
4867 4
4868 3
4869 7
4870 5
4871 2
4872 10
4873 4
4874 3
4875 17
4876 5
4877 2
4878 8
4879 8
4880 5
4881 5
4882 3
4883 4
4884 10
4885 4
4886 5
4887 9
4888 5
4889 2
4890 10
4891 4
4892 3
4893 9
4894 3
4895 8
4896 8
4897 4
4898 5
4899 9
4900 10
4901 6
4902 10
4903 2
4904 3
4905 13
4906 5
4907 4
4908 6
4909 2
4910 5
4911 5
4912 3
4913 4
4914 18
4915 4
4916 3
4917 9
4918 3
4919 2
4920 10
4921 8
4922 5
4923 7
4924 3
4925 6
4926 6
4927 4
4928 5
4929 9
4930 9
4931 2
4932 8
4933 2
4934 3
4935 17
4936 3
4937 2
4938 6
4939 4
4940 9
4941 11
4942 5
4943 2
4944 6
4945 8
4946 3
4947 9
4948 3
4949 6
4950 20
4951 2
4952 3
4953 9
4954 3
4955 4
4956 10
4957 2
4958 5
4959 13
4960 5
4961 6
4962 6
4963 4
4964 5
4965 9
4966 5
4967 2
4968 10
4969 2
4970 9
4971 5
4972 5
4973 2
4974 6
4975 6
4976 3
4977 13
4978 5
4979 4
4980 10
4981 4
4982 5
4983 9
4984 5
4985 4
4986 8
4987 2
4988 5
4989 5
4990 5
4991 8
4992 6
4993 2
4994 5
4995 17
4996 3
4997 4
4998 14
4999 2
5000 6
5001 5
5002 5
5003 2
5004 8
5005 16
5006 3
5007 5
5008 3
5009 2
5010 10
5011 2
5012 5
5013 7
5014 5
5015 8
5016 10
5017 4
5018 5
5019 9
5020 5
5021 2
5022 12
5023 2
5024 3
5025 13
5026 5
5027 4
5028 6
5029 4
5030 5
5031 13
5032 5
5033 4
5034 6
5035 8
5036 3
5037 9
5038 5
5039 2
5040 14
5041 3
5042 3
5043 7
5044 5
5045 4
5046 8
5047 6
5048 3
5049 17
5050 7
5051 2
5052 6
5053 4
5054 7
5055 9
5056 3
5057 4
5058 8
5059 2
5060 9
5061 9
5062 3
5063 4
5064 6
5065 4
5066 5
5067 7
5068 5
5069 4
5070 14
5071 4
5072 3
5073 9
5074 5
5075 12
5076 10
5077 2
5078 3
5079 5
5080 5
5081 2
5082 14
5083 8
5084 5
5085 13
5086 3
5087 2
5088 6
5089 4
5090 5
5091 5
5092 5
5093 4
5094 8
5095 4
5096 7
5097 5
5098 3
5099 2
5100 14
5101 2
5102 3
5103 15
5104 5
5105 4
5106 10
5107 2
5108 3
5109 9
5110 9
5111 4
5112 8
5113 2
5114 3
5115 17
5116 3
5117 8
5118 6
5119 2
5120 3
5121 7
5122 5
5123 4
5124 10
5125 8
5126 5
5127 5
5128 3
5129 4
5130 18
5131 4
5132 3
5133 9
5134 5
5135 8
5136 6
5137 4
5138 5
5139 7
5140 5
5141 4
5142 6
5143 4
5144 3
5145 17
5146 5
5147 2
5148 14
5149 4
5150 7
5151 9
5152 5
5153 2
5154 6
5155 4
5156 3
5157 9
5158 3
5159 8
5160 10
5161 4
5162 5
5163 5
5164 3
5165 4
5166 14
5167 2
5168 5
5169 5
5170 9
5171 2
5172 6
5173 4
5174 5
5175 19
5176 3
5177 4
5178 6
5179 2
5180 9
5181 9
5182 3
5183 4
5184 7
5185 8
5186 3
5187 17
5188 3
5189 2
5190 10
5191 4
5192 5
5193 7
5194 7
5195 4
5196 6
5197 2
5198 5
5199 5
5200 7
5201 4
5202 11
5203 6
5204 3
5205 9
5206 5
5207 4
5208 10
5209 2
5210 5
5211 9
5212 3
5213 4
5214 10
5215 8
5216 3
5217 9
5218 3
5219 4
5220 14
5221 4
5222 5
5223 5
5224 3
5225 12
5226 10
5227 2
5228 3
5229 13
5230 5
5231 2
5232 6
5233 2
5234 3
5235 9
5236 9
5237 2
5238 10
5239 6
5240 5
5241 5
5242 3
5243 6
5244 10
5245 4
5246 5
5247 13
5248 3
5249 4
5250 18
5251 4
5252 5
5253 9
5254 5
5255 4
5256 8
5257 4
5258 5
5259 5
5260 5
5261 2
5262 6
5263 4
5264 5
5265 21
5266 3
5267 4
5268 6
5269 4
5270 9
5271 9
5272 3
5273 2
5274 8
5275 6
5276 3
5277 5
5278 9
5279 2
5280 10
5281 2
5282 5
5283 7
5284 3
5285 8
5286 6
5287 4
5288 3
5289 9
5290 7
5291 8
5292 14
5293 4
5294 3
5295 9
5296 3
5297 2
5298 6
5299 4
5300 7
5301 13
5302 5
5303 2
5304 10
5305 4
5306 5
5307 9
5308 3
5309 2
5310 14
5311 4
5312 3
5313 17
5314 3
5315 4
5316 6
5317 4
5318 3
5319 9
5320 9
5321 4
5322 6
5323 2
5324 5
5325 13
5326 3
5327 4
5328 8
5329 3
5330 9
5331 5
5332 5
5333 2
5334 10
5335 8
5336 5
5337 7
5338 5
5339 4
5340 10
5341 6
5342 3
5343 9
5344 3
5345 4
5346 14
5347 2
5348 5
5349 5
5350 7
5351 2
5352 6
5353 4
5354 3
5355 25
5356 5
5357 4
5358 10
5359 4
5360 5
5361 5
5362 5
5363 4
5364 8
5365 8
5366 3
5367 5
5368 5
5369 8
5370 10
5371 4
5372 5
5373 9
5374 3
5375 8
5376 6
5377 4
5378 3
5379 9
5380 5
5381 2
5382 14
5383 4
5384 3
5385 9
5386 3
5387 2
5388 6
5389 4
5390 13
5391 7
5392 3
5393 2
5394 10
5395 8
5396 5
5397 9
5398 3
5399 2
5400 14
5401 4
5402 5
5403 5
5404 5
5405 8
5406 10
5407 2
5408 4
5409 7
5410 5
5411 4
5412 10
5413 2
5414 3
5415 13
5416 3
5417 2
5418 14
5419 2
5420 5
5421 9
5422 3
5423 8
5424 6
5425 12
5426 3
5427 11
5428 5
5429 4
5430 10
5431 2
5432 5
5433 5
5434 9
5435 4
5436 8
5437 2
5438 3
5439 13
5440 5
5441 2
5442 6
5443 2
5444 3
5445 19
5446 5
5447 4
5448 6
5449 2
5450 7
5451 9
5452 5
5453 8
5454 10
5455 4
5456 5
5457 9
5458 3
5459 4
5460 18
5461 4
5462 3
5463 7
5464 3
5465 4
5466 6
5467 8
5468 3
5469 5
5470 5
5471 2
5472 8
5473 4
5474 9
5475 13
5476 4
5477 2
5478 10
5479 2
5480 5
5481 17
5482 3
5483 2
5484 6
5485 4
5486 5
5487 9
5488 5
5489 4
5490 14
5491 6
5492 3
5493 5
5494 5
5495 8
5496 6
5497 4
5498 3
5499 13
5500 9
5501 2
5502 10
5503 2
5504 3
5505 9
5506 3
5507 2
5508 12
5509 4
5510 9
5511 9
5512 5
5513 4
5514 6
5515 4
5516 5
5517 7
5518 5
5519 2
5520 10
5521 2
5522 5
5523 9
5524 3
5525 12
5526 8
5527 2
5528 3
5529 9
5530 9
5531 2
5532 6
5533 4
5534 3
5535 17
5536 3
5537 6
5538 10
5539 4
5540 5
5541 5
5542 5
5543 4
5544 14
5545 4
5546 5
5547 7
5548 5
5549 4
5550 14
5551 8
5552 3
5553 7
5554 3
5555 8
5556 6
5557 2
5558 5
5559 9
5560 5
5561 4
5562 10
5563 2
5564 5
5565 17
5566 7
5567 4
5568 6
5569 2
5570 5
5571 7
5572 5
5573 2
5574 6
5575 6
5576 5
5577 13
5578 3
5579 4
5580 14
5581 2
5582 3
5583 5
5584 3
5585 4
5586 14
5587 4
5588 5
5589 13
5590 9
5591 2
5592 6
5593 8
5594 3
5595 9
5596 3
5597 4
5598 8
5599 4
5600 7
5601 5
5602 3
5603 4
5604 6
5605 8
5606 3
5607 13
5608 3
5609 4
5610 18
5611 4
5612 5
5613 5
5614 5
5615 4
5616 10
5617 4
5618 4
5619 5
5620 5
5621 8
5622 6
5623 2
5624 5
5625 16
5626 5
5627 4
5628 10
5629 4
5630 5
5631 5
5632 3
5633 4
5634 8
5635 12
5636 3
5637 5
5638 3
5639 2
5640 10
5641 2
5642 9
5643 17
5644 5
5645 4
5646 6
5647 2
5648 3
5649 9
5650 7
5651 2
5652 8
5653 2
5654 5
5655 17
5656 5
5657 2
5658 10
5659 2
5660 5
5661 13
5662 5
5663 4
5664 6
5665 8
5666 3
5667 5
5668 5
5669 2
5670 22
5671 4
5672 3
5673 9
5674 3
5675 6
5676 10
5677 4
5678 5
5679 7
5680 5
5681 8
5682 6
5683 2
5684 7
5685 9
5686 3
5687 6
5688 8
5689 2
5690 5
5691 9
5692 3
5693 2
5694 10
5695 8
5696 3
5697 9
5698 9
5699 4
5700 14
5701 2
5702 3
5703 5
5704 5
5705 8
5706 8
5707 4
5708 3
5709 9
5710 5
5711 2
5712 10
5713 4
5714 3
5715 13
5716 3
5717 2
5718 6
5719 8
5720 9
5721 5
5722 3
5723 4
5724 10
5725 6
5726 5
5727 9
5728 3
5729 4
5730 10
5731 4
5732 3
5733 19
5734 5
5735 8
5736 6
5737 2
5738 5
5739 5
5740 9
5741 2
5742 14
5743 2
5744 3
5745 9
5746 7
5747 4
5748 6
5749 2
5750 9
5751 11
5752 3
5753 4
5754 10
5755 4
5756 3
5757 9
5758 3
5759 4
5760 8
5761 4
5762 5
5763 9
5764 5
5765 4
5766 8
5767 4
5768 5
5769 7
5770 5
5771 4
5772 10
5773 4
5774 3
5775 25
5776 4
5777 4
5778 10
5779 2
5780 7
5781 9
5782 7
5783 2
5784 6
5785 8
5786 5
5787 7
5788 3
5789 4
5790 10
5791 2
5792 3
5793 5
5794 3
5795 8
5796 14
5797 8
5798 5
5799 5
5800 7
5801 2
5802 6
5803 4
5804 3
5805 17
5806 3
5807 2
5808 8
5809 4
5810 9
5811 9
5812 3
5813 2
5814 14
5815 4
5816 3
5817 9
5818 3
5819 6
5820 10
5821 2
5822 5
5823 7
5824 5
5825 6
5826 6
5827 2
5828 5
5829 9
5830 9
5831 8
5832 9
5833 4
5834 3
5835 9
5836 3
5837 4
5838 10
5839 2
5840 5
5841 13
5842 5
5843 2
5844 6
5845 8
5846 5
5847 5
5848 5
5849 2
5850 20
5851 2
5852 9
5853 5
5854 3
5855 4
5856 6
5857 2
5858 5
5859 17
5860 5
5861 2
5862 6
5863 8
5864 3
5865 17
5866 5
5867 2
5868 8
5869 2
5870 5
5871 9
5872 3
5873 4
5874 10
5875 8
5876 5
5877 7
5878 3
5879 2
5880 14
5881 2
5882 5
5883 9
5884 3
5885 8
5886 10
5887 6
5888 3
5889 9
5890 9
5891 4
5892 6
5893 4
5894 5
5895 13
5896 5
5897 2
5898 6
5899 4
5900 7
5901 9
5902 5
5903 2
5904 8
5905 4
5906 3
5907 9
5908 5
5909 4
5910 10
5911 4
5912 3
5913 11
5914 3
5915 12
5916 10
5917 4
5918 5
5919 5
5920 5
5921 4
5922 14
5923 2
5924 3
5925 13
5926 3
5927 2
5928 10
5929 9
5930 5
5931 7
5932 3
5933 4
5934 10
5935 4
5936 5
5937 5
5938 3
5939 2
5940 18
5941 4
5942 3
5943 9
5944 3
5945 8
5946 6
5947 4
5948 3
5949 7
5950 13
5951 4
5952 6
5953 2
5954 5
5955 9
5956 3
5957 8
5958 8
5959 4
5960 5
5961 5
5962 5
5963 4
5964 10
5965 4
5966 5
5967 17
5968 3
5969 4
5970 10
5971 4
5972 3
5973 9
5974 5
5975 6
5976 8
5977 4
5978 7
5979 5
5980 9
5981 2
5982 6
5983 4
5984 5
5985 25
5986 5
5987 2
5988 6
5989 4
5990 5
5991 5
5992 5
5993 4
5994 12
5995 8
5996 3
5997 5
5998 3
5999 4
6000 10
6001 4
6002 3
6003 13
6004 5
6005 4
6006 18
6007 2
6008 3
6009 5
6010 5
6011 2
6012 8
6013 4
6014 5
6015 9
6016 3
6017 4
6018 10
6019 4
6020 9
6021 9
6022 3
6023 4
6024 6
6025 6
6026 5
6027 13
6028 5
6029 2
6030 14
6031 4
6032 5
6033 5
6034 5
6035 8
6036 6
6037 2
6038 3
6039 13
6040 5
6041 4
6042 10
6043 2
6044 3
6045 17
6046 3
6047 2
6048 10
6049 4
6050 10
6051 5
6052 5
6053 2
6054 6
6055 8
6056 3
6057 7
6058 5
6059 4
6060 10
6061 8
6062 5
6063 9
6064 3
6065 4
6066 8
6067 2
6068 5
6069 13
6070 5
6071 4
6072 10
6073 2
6074 3
6075 19
6076 7
6077 4
6078 6
6079 2
6080 5
6081 5
6082 3
6083 8
6084 11
6085 4
6086 5
6087 5
6088 3
6089 2
6090 18
6091 2
6092 3
6093 7
6094 5
6095 8
6096 6
6097 8
6098 3
6099 9
6100 7
6101 2
6102 10
6103 4
6104 5
6105 17
6106 5
6107 4
6108 6
6109 4
6110 9
6111 13
6112 3
6113 2
6114 6
6115 4
6116 5
6117 5
6118 9
6119 4
6120 14
6121 2
6122 3
6123 9
6124 3
6125 12
6126 6
6127 4
6128 3
6129 9
6130 5
6131 2
6132 10
6133 2
6134 3
6135 9
6136 5
6137 6
6138 14
6139 4
6140 5
6141 9
6142 5
6143 2
6144 4
6145 4
6146 5
6147 7
6148 5
6149 8
6150 14
6151 2
6152 3
6153 9
6154 5
6155 4
6156 12
6157 4
6158 3
6159 5
6160 9
6161 4
6162 10
6163 2
6164 5
6165 13
6166 3
6167 4
6168 6
6169 4
6170 5
6171 13
6172 3
6173 2
6174 14
6175 12
6176 3
6177 9
6178 3
6179 4
6180 10
6181 4
6182 5
6183 9
6184 3
6185 4
6186 6
6187 4
6188 9
6189 5
6190 5
6191 4
6192 8
6193 4
6194 5
6195 17
6196 3
6197 2
6198 6
6199 2
6200 7
6201 13
6202 5
6203 2
6204 10
6205 8
6206 5
6207 5
6208 3
6209 4
6210 18
6211 2
6212 3
6213 9
6214 5
6215 8
6216 10
6217 2
6218 3
6219 7
6220 5
6221 2
6222 10
6223 6
6224 3
6225 13
6226 5
6227 4
6228 8
6229 2
6230 9
6231 9
6232 5
6233 4
6234 6
6235 8
6236 3
6237 21
6238 3
6239 4
6240 10
6241 3
6242 3
6243 5
6244 5
6245 4
6246 8
6247 2
6248 5
6249 5
6250 7
6251 8
6252 6
6253 6
6254 5
6255 13
6256 5
6257 2
6258 10
6259 4
6260 5
6261 5
6262 5
6263 2
6264 10
6265 8
6266 5
6267 5
6268 3
6269 2
6270 18
6271 2
6272 4
6273 13
6274 3
6275 6
6276 6
6277 2
6278 5
6279 17
6280 5
6281 4
6282 8
6283 4
6284 3
6285 9
6286 5
6287 2
6288 6
6289 4
6290 9
6291 9
6292 7
6293 8
6294 6
6295 4
6296 3
6297 5
6298 5
6299 2
6300 20
6301 2
6302 5
6303 9
6304 3
6305 8
6306 6
6307 8
6308 5
6309 7
6310 5
6311 2
6312 6
6313 4
6314 9
6315 9
6316 3
6317 2
6318 14
6319 4
6320 5
6321 13
6322 5
6323 2
6324 10
6325 12
6326 3
6327 13
6328 5
6329 2
6330 10
6331 4
6332 3
6333 5
6334 3
6335 8
6336 8
6337 2
6338 3
6339 5
6340 5
6341 4
6342 10
6343 2
6344 5
6345 17
6346 5
6347 4
6348 8
6349 4
6350 7
6351 9
6352 3
6353 2
6354 8
6355 8
6356 5
6357 9
6358 7
6359 2
6360 10
6361 2
6362 3
6363 13
6364 5
6365 8
6366 6
6367 2
6368 3
6369 9
6370 13
6371 4
6372 10
6373 2
6374 3
6375 17
6376 3
6377 4
6378 6
6379 2
6380 9
6381 7
6382 3
6383 4
6384 10
6385 4
6386 5
6387 5
6388 3
6389 2
6390 14
6391 8
6392 5
6393 5
6394 5
6395 4
6396 10
6397 2
6398 5
6399 11
6400 4
6401 4
6402 10
6403 4
6404 3
6405 17
6406 3
6407 4
6408 8
6409 8
6410 5
6411 5
6412 5
6413 6
6414 6
6415 4
6416 3
6417 13
6418 3
6419 6
6420 10
6421 2
6422 7
6423 5
6424 5
6425 6
6426 18
6427 2
6428 3
6429 5
6430 5
6431 4
6432 6
6433 4
6434 3
6435 25
6436 3
6437 4
6438 10
6439 4
6440 9
6441 9
6442 3
6443 4
6444 8
6445 4
6446 5
6447 9
6448 5
6449 2
6450 14
6451 2
6452 3
6453 9
6454 5
6455 4
6456 6
6457 4
6458 3
6459 5
6460 9
6461 8
6462 8
6463 4
6464 3
6465 9
6466 5
6467 4
6468 14
6469 2
6470 5
6471 7
6472 3
6473 2
6474 10
6475 12
6476 3
6477 9
6478 5
6479 8
6480 12
6481 2
6482 5
6483 5
6484 3
6485 4
6486 10
6487 4
6488 3
6489 13
6490 9
6491 2
6492 6
6493 4
6494 5
6495 9
6496 5
6497 4
6498 11
6499 4
6500 9
6501 9
6502 3
6503 4
6504 6
6505 4
6506 3
6507 9
6508 3
6509 4
6510 18
6511 4
6512 5
6513 9
6514 3
6515 4
6516 8
6517 8
6518 3
6519 9
6520 5
6521 2
6522 6
6523 4
6524 5
6525 19
6526 5
6527 4
6528 6
6529 2
6530 5
6531 9
6532 5
6533 4
6534 14
6535 4
6536 5
6537 5
6538 5
6539 4
6540 10
6541 4
6542 3
6543 7
6544 3
6545 16
6546 6
6547 2
6548 3
6549 9
6550 7
6551 2
6552 14
6553 2
6554 5
6555 17
6556 5
6557 4
6558 6
6559 4
6560 5
6561 10
6562 5
6563 2
6564 6
6565 8
6566 7
6567 9
6568 3
6569 2
6570 14
6571 2
6572 5
6573 9
6574 5
6575 6
6576 6
6577 2
6578 9
6579 13
6580 9
6581 2
6582 6
6583 4
6584 3
6585 9
6586 5
6587 4
6588 10
6589 4
6590 5
6591 9
6592 3
6593 4
6594 10
6595 4
6596 5
6597 7
6598 3
6599 2
6600 14
6601 8
6602 3
6603 9
6604 5
6605 4
6606 8
6607 2
6608 5
6609 5
6610 5
6611 4
6612 10
6613 4
6614 3
6615 25
6616 3
6617 4
6618 6
6619 2
6620 5
6621 5
6622 9
6623 4
6624 8
6625 8
6626 3
6627 7
6628 3
6629 4
6630 18
6631 4
6632 3
6633 13
6634 5
6635 4
6636 10
6637 2
6638 3
6639 5
6640 5
6641 4
6642 12
6643 8
6644 5
6645 9
6646 3
6647 6
6648 6
6649 4
6650 13
6651 7
6652 3
6653 2
6654 6
6655 8
6656 3
6657 9
6658 3
6659 2
6660 14
6661 2
6662 3
6663 5
6664 7
6665 8
6666 10
6667 4
6668 3
6669 17
6670 9
6671 4
6672 6
6673 2
6674 5
6675 13
6676 3
6677 4
6678 14
6679 2
6680 5
6681 9
6682 5
6683 4
6684 6
6685 8
6686 3
6687 7
6688 5
6689 2
6690 10
6691 2
6692 5
6693 9
6694 3
6695 8
6696 10
6697 4
6698 5
6699 17
6700 7
6701 2
6702 6
6703 2
6704 3
6705 13
6706 5
6707 4
6708 10
6709 2
6710 9
6711 5
6712 3
6713 6
6714 8
6715 8
6716 5
6717 5
6718 3
6719 2
6720 10
6721 8
6722 3
6723 11
6724 4
6725 6
6726 10
6727 6
6728 4
6729 5
6730 5
6731 4
6732 14
6733 2
6734 9
6735 9
6736 3
6737 2
6738 6
6739 4
6740 5
6741 13
6742 3
6743 4
6744 6
6745 8
6746 3
6747 9
6748 5
6749 4
6750 18
6751 4
6752 3
6753 5
6754 5
6755 8
6756 6
6757 4
6758 5
6759 7
6760 7
6761 2
6762 14
6763 2
6764 5
6765 17
6766 5
6767 4
6768 8
6769 4
6770 5
6771 9
6772 3
6773 4
6774 6
6775 6
6776 7
6777 9
6778 3
6779 2
6780 10
6781 2
6782 3
6783 17
6784 3
6785 8
6786 14
6787 4
6788 3
6789 9
6790 9
6791 2
6792 6
6793 2
6794 5
6795 13
6796 3
6797 4
6798 10
6799 4
6800 7
6801 5
6802 5
6803 2
6804 14
6805 4
6806 5
6807 5
6808 5
6809 4
6810 10
6811 6
6812 5
6813 7
6814 3
6815 8
6816 6
6817 4
6818 5
6819 5
6820 9
6821 4
6822 8
6823 2
6824 3
6825 25
6826 3
6827 2
6828 6
6829 2
6830 5
6831 17
6832 5
6833 2
6834 10
6835 4
6836 3
6837 9
6838 5
6839 4
6840 14
6841 2
6842 5
6843 5
6844 5
6845 6
6846 10
6847 4
6848 3
6849 7
6850 7
6851 8
6852 6
6853 8
6854 5
6855 9
6856 3
6857 2
6858 10
6859 4
6860 9
6861 5
6862 5
6863 2
6864 10
6865 4
6866 3
6867 13
6868 5
6869 2
6870 10
6871 2
6872 3
6873 9
6874 5
6875 10
6876 8
6877 6
6878 5
6879 5
6880 5
6881 4
6882 10
6883 2
6884 3
6885 21
6886 5
6887 4
6888 10
6889 3
6890 9
6891 5
6892 3
6893 4
6894 8
6895 8
6896 3
6897 13
6898 3
6899 2
6900 14
6901 4
6902 9
6903 13
6904 3
6905 4
6906 6
6907 2
6908 5
6909 13
6910 5
6911 2
6912 6
6913 4
6914 3
6915 9
6916 9
6917 2
6918 6
6919 8
6920 5
6921 7
6922 3
6923 8
6924 6
6925 6
6926 3
6927 5
6928 3
6929 6
6930 26
6931 4
6932 3
6933 5
6934 3
6935 8
6936 8
6937 4
6938 3
6939 9
6940 5
6941 4
6942 10
6943 4
6944 5
6945 9
6946 5
6947 2
6948 8
6949 2
6950 7
6951 9
6952 5
6953 4
6954 10
6955 8
6956 5
6957 7
6958 7
6959 2
6960 10
6961 2
6962 4
6963 9
6964 3
6965 8
6966 12
6967 2
6968 5
6969 9
6970 9
6971 2
6972 10
6973 4
6974 5
6975 19
6976 3
6977 2
6978 6
6979 4
6980 5
6981 9
6982 3
6983 2
6984 8
6985 8
6986 5
6987 9
6988 3
6989 4
6990 10
6991 2
6992 5
6993 17
6994 5
6995 4
6996 10
6997 2
6998 3
6999 5
7000 9
7001 2
7002 8
7003 4
7004 5
7005 9
7006 5
7007 12
7008 6
7009 4
7010 5
7011 13
7012 3
7013 2
7014 10
7015 8
7016 3
7017 5
7018 7
7019 2
7020 18
7021 8
7022 3
7023 5
7024 3
7025 6
7026 6
7027 2
7028 5
7029 13
7030 9
7031 4
7032 6
7033 4
7034 3
7035 17
7036 3
7037 4
7038 14
7039 2
7040 5
7041 5
7042 5
7043 2
7044 6
7045 4
7046 5
7047 13
7048 3
7049 8
7050 14
7051 4
7052 5
7053 5
7054 3
7055 8
7056 11
7057 2
7058 3
7059 9
7060 5
7061 4
7062 10
7063 4
7064 3
7065 13
7066 3
7067 4
7068 10
7069 2
7070 9
7071 5
7072 5
7073 4
7074 10
7075 6
7076 5
7077 9
7078 3
7079 2
7080 10
7081 4
7082 3
7083 7
7084 9
7085 8
7086 6
7087 4
7088 3
7089 9
7090 5
7091 4
7092 8
7093 4
7094 3
7095 17
7096 3
7097 4
7098 14
7099 4
7100 7
7101 9
7102 5
7103 2
7104 6
7105 12
7106 9
7107 9
7108 3
7109 2
7110 14
7111 4
7112 5
7113 5
7114 3
7115 4
7116 6
7117 4
7118 3
7119 13
7120 5
7121 2
7122 6
7123 4
7124 5
7125 17
7126 5
7127 2
7128 12
7129 2
7130 9
7131 5
7132 3
7133 4
7134 10
7135 4
7136 3
7137 13
7138 5
7139 6
7140 18
7141 4
7142 3
7143 5
7144 5
7145 4
7146 8
7147 4
7148 3
7149 5
7150 13
7151 2
7152 6
7153 4
7154 7
7155 17
7156 3
7157 4
7158 6
7159 2
7160 5
7161 17
7162 3
7163 8
7164 8
7165 4
7166 3
7167 5
7168 3
7169 4
7170 10
7171 4
7172 5
7173 7
7174 5
7175 12
7176 10
7177 2
7178 5
7179 5
7180 5
7181 4
7182 18
7183 4
7184 3
7185 9
7186 3
7187 2
7188 6
7189 8
7190 5
7191 13
7192 5
7193 2
7194 10
7195 4
7196 5
7197 5
7198 5
7199 4
7200 11
7201 4
7202 5
7203 11
7204 3
7205 8
7206 6
7207 2
7208 5
7209 11
7210 9
7211 2
7212 6
7213 2
7214 3
7215 17
7216 5
7217 4
7218 8
7219 2
7220 7
7221 9
7222 5
7223 4
7224 10
7225 9
7226 3
7227 13
7228 5
7229 2
7230 10
7231 4
7232 3
7233 5
7234 3
7235 4
7236 10
7237 2
7238 9
7239 9
7240 5
7241 4
7242 10
7243 2
7244 3
7245 25
7246 3
7247 2
7248 6
7249 4
7250 9
7251 5
7252 7
7253 2
7254 14
7255 4
7256 3
7257 9
7258 5
7259 8
7260 14
7261 4
7262 3
7263 9
7264 3
7265 4
7266 10
7267 6
7268 5
7269 5
7270 5
7271 4
7272 8
7273 4
7274 3
7275 13
7276 5
7277 4
7278 6
7279 4
7280 9
7281 7
7282 5
7283 2
7284 6
7285 8
7286 3
7287 9
7288 3
7289 4
7290 16
7291 4
7292 3
7293 17
7294 5
7295 4
7296 6
7297 2
7298 5
7299 7
7300 7
7301 6
7302 6
7303 4
7304 5
7305 9
7306 5
7307 2
7308 14
7309 2
7310 9
7311 5
7312 3
7313 4
7314 10
7315 16
7316 5
7317 9
7318 3
7319 4
7320 10
7321 2
7322 5
7323 5
7324 3
7325 6
7326 14
7327 4
7328 3
7329 9
7330 5
7331 2
7332 10
7333 2
7334 5
7335 13
7336 5
7337 8
7338 6
7339 4
7340 5
7341 5
7342 3
7343 4
7344 10
7345 8
7346 3
7347 9
7348 5
7349 2
7350 20
7351 2
7352 3
7353 13
7354 3
7355 4
7356 6
7357 4
7358 5
7359 9
7360 5
7361 4
7362 8
7363 4
7364 5
7365 9
7366 5
7367 4
7368 6
7369 2
7370 9
7371 21
7372 5
7373 4
7374 6
7375 8
7376 3
7377 5
7378 9
7379 4
7380 14
7381 6
7382 3
7383 9
7384 5
7385 8
7386 6
7387 4
7388 3
7389 7
7390 5
7391 4
7392 10
7393 2
7394 3
7395 17
7396 4
7397 4
7398 10
7399 6
7400 7
7401 5
7402 3
7403 4
7404 6
7405 4
7406 7
7407 7
7408 3
7409 4
7410 18
7411 2
7412 5
7413 9
7414 5
7415 4
7416 8
7417 2
7418 3
7419 5
7420 9
7421 4
7422 6
7423 4
7424 3
7425 25
7426 5
7427 4
7428 6
7429 8
7430 5
7431 5
7432 3
7433 2
7434 14
7435 4
7436 7
7437 9
7438 3
7439 4
7440 10
7441 4
7442 4
7443 7
7444 3
7445 4
7446 10
7447 4
7448 7
7449 9
7450 7
7451 2
7452 12
7453 4
7454 3
7455 17
7456 3
7457 2
7458 10
7459 2
7460 5
7461 7
7462 9
7463 4
7464 6
7465 4
7466 3
7467 9
7468 3
7469 8
7470 14
7471 4
7472 3
7473 9
7474 5
7475 12
7476 10
7477 2
7478 3
7479 9
7480 9
7481 2
7482 10
7483 4
7484 3
7485 9
7486 5
7487 2
7488 8
7489 2
7490 9
7491 9
7492 3
7493 4
7494 6
7495 4
7496 3
7497 19
7498 5
7499 2
7500 12
7501 4
7502 7
7503 9
7504 5
7505 8
7506 10
7507 2
7508 3
7509 5
7510 5
7511 8
7512 6
7513 4
7514 7
7515 13
7516 3
7517 2
7518 10
7519 4
7520 5
7521 9
7522 3
7523 2
7524 14
7525 12
7526 5
7527 9
7528 3
7529 2
7530 10
7531 4
7532 5
7533 13
7534 3
7535 8
7536 6
7537 2
7538 3
7539 9
7540 9
7541 2
7542 8
7543 4
7544 5
7545 9
7546 9
7547 2
7548 10
7549 2
7550 7
7551 7
7552 3
7553 8
7554 6
7555 4
7556 3
7557 9
7558 3
7559 2
7560 18
7561 2
7562 5
7563 5
7564 5
7565 8
7566 10
7567 8
7568 5
7569 10
7570 5
7571 4
7572 6
7573 2
7574 5
7575 13
7576 3
7577 2
7578 8
7579 8
7580 5
7581 13
7582 5
7583 2
7584 6
7585 8
7586 3
7587 9
7588 5
7589 2
7590 18
7591 2
7592 5
7593 5
7594 3
7595 12
7596 8
7597 4
7598 5
7599 9
7600 7
7601 4
7602 10
7603 2
7604 3
7605 19
7606 3
7607 2
7608 6
7609 4
7610 5
7611 9
7612 5
7613 4
7614 12
7615 4
7616 5
7617 5
7618 5
7619 4
7620 10
7621 2
7622 5
7623 19
7624 3
7625 8
7626 10
7627 4
7628 3
7629 5
7630 9
7631 4
7632 8
7633 4
7634 5
7635 9
7636 5
7637 4
7638 10
7639 2
7640 5
7641 9
7642 3
7643 2
7644 14
7645 8
7646 3
7647 5
7648 3
7649 2
7650 20
7651 4
7652 3
7653 5
7654 5
7655 4
7656 10
7657 8
7658 5
7659 13
7660 5
7661 4
7662 6
7663 4
7664 3
7665 17
7666 3
7667 8
7668 10
7669 2
7670 9
7671 5
7672 5
7673 2
7674 6
7675 6
7676 5
7677 7
7678 5
7679 4
7680 6
7681 2
7682 5
7683 9
7684 5
7685 8
7686 14
7687 2
7688 4
7689 9
7690 5
7691 2
7692 6
7693 6
7694 3
7695 21
7696 5
7697 4
7698 6
7699 2
7700 13
7701 9
7702 3
7703 2
7704 8
7705 8
7706 3
7707 9
7708 5
7709 4
7710 10
7711 4
7712 3
7713 7
7714 9
7715 4
7716 6
7717 2
7718 5
7719 9
7720 5
7721 4
7722 18
7723 2
7724 3
7725 13
7726 3
7727 2
7728 10
7729 4
7730 5
7731 7
7732 3
7733 8
7734 6
7735 16
7736 3
7737 5
7738 5
7739 4
7740 14
7741 2
7742 7
7743 9
7744 4
7745 4
7746 6
7747 4
7748 5
7749 17
7750 9
7751 4
7752 10
7753 2
7754 3
7755 17
7756 5
7757 2
7758 8
7759 2
7760 5
7761 9
7762 3
7763 4
7764 6
7765 4
7766 5
7767 7
7768 3
7769 4
7770 18
7771 4
7772 5
7773 5
7774 7
7775 6
7776 8
7777 8
7778 3
7779 5
7780 5
7781 4
7782 6
7783 4
7784 5
7785 13
7786 5
7787 4
7788 10
7789 2
7790 9
7791 13
7792 3
7793 2
7794 8
7795 4
7796 3
7797 9
7798 5
7799 4
7800 14
7801 4
7802 5
7803 13
7804 3
7805 8
7806 6
7807 4
7808 3
7809 9
7810 9
7811 4
7812 14
7813 4
7814 3
7815 9
7816 3
7817 2
7818 6
7819 4
7820 9
7821 13
7822 3
7823 2
7824 6
7825 6
7826 9
7827 5
7828 5
7829 2
7830 18
7831 4
7832 5
7833 9
7834 3
7835 4
7836 6
7837 4
7838 3
7839 13
7840 7
7841 2
7842 6
7843 8
7844 5
7845 9
7846 3
7847 8
7848 8
7849 4
7850 7
7851 5
7852 5
7853 2
7854 18
7855 4
7856 3
7857 11
7858 3
7859 4
7860 10
7861 4
7862 3
7863 5
7864 3
7865 12
7866 14
7867 2
7868 5
7869 9
7870 5
7871 4
7872 6
7873 2
7874 5
7875 25
7876 5
7877 2
7878 10
7879 2
7880 5
7881 9
7882 5
7883 2
7884 10
7885 8
7886 3
7887 9
7888 5
7889 8
7890 10
7891 4
7892 3
7893 7
7894 3
7895 4
7896 10
7897 4
7898 5
7899 5
7900 7
7901 2
7902 8
7903 4
7904 5
7905 17
7906 5
7907 2
7908 6
7909 4
7910 9
7911 9
7912 5
7913 4
7914 6
7915 4
7916 3
7917 17
7918 5
7919 2
7920 14
7921 3
7922 5
7923 9
7924 5
7925 6
7926 6
7927 2
7928 3
7929 7
7930 9
7931 8
7932 6
7933 2
7934 3
7935 13
7936 3
7937 2
7938 17
7939 4
7940 5
7941 5
7942 7
7943 6
7944 6
7945 8
7946 5
7947 7
7948 3
7949 2
7950 14
7951 2
7952 5
7953 9
7954 5
7955 8
7956 14
7957 4
7958 5
7959 9
7960 5
7961 4
7962 6
7963 2
7964 5
7965 17
7966 5
7967 4
7968 6
7969 4
7970 5
7971 5
7972 3
7973 8
7974 8
7975 12
7976 3
7977 5
7978 3
7979 4
7980 18
7981 4
7982 5
7983 7
7984 3
7985 4
7986 10
7987 6
7988 3
7989 5
7990 9
7991 4
7992 10
7993 2
7994 5
7995 17
7996 3
7997 4
7998 10
7999 4
8000 5
8001 13
8002 3
8003 4
8004 10
8005 4
8006 3
8007 9
8008 9
8009 2
8010 14
8011 2
8012 3
8013 5
8014 3
8015 8
8016 6
8017 2
8018 5
8019 15
8020 5
8021 4
8022 10
8023 4
8024 5
8025 13
8026 3
8027 4
8028 8
8029 8
8030 9
8031 5
8032 3
8033 4
8034 10
8035 4
8036 7
8037 13
8038 3
8039 2
8040 10
8041 8
8042 3
8043 9
8044 3
8045 4
8046 10
8047 4
8048 3
8049 5
8050 13
8051 4
8052 10
8053 2
8054 3
8055 13
8056 5
8057 4
8058 10
8059 2
8060 9
8061 5
8062 5
8063 4
8064 8
8065 4
8066 5
8067 5
8068 3
8069 2
8070 10
8071 4
8072 3
8073 17
8074 5
8075 12
8076 6
8077 4
8078 5
8079 5
8080 5
8081 2
8082 8
8083 4
8084 5
8085 25
8086 5
8087 2
8088 6
8089 2
8090 5
8091 13
8092 7
8093 2
8094 10
8095 4
8096 5
8097 5
8098 3
8099 8
8100 17
8101 2
8102 3
8103 9
8104 3
8105 4
8106 10
8107 6
8108 3
8109 13
8110 5
8111 2
8112 8
8113 8
8114 3
8115 9
8116 3
8117 2
8118 14
8119 4
8120 9
8121 5
8122 5
8123 2
8124 6
8125 10
8126 5
8127 17
8128 3
8129 4
8130 10
8131 4
8132 5
8133 5
8134 7
8135 4
8136 8
8137 4
8138 5
8139 5
8140 9
8141 4
8142 10
8143 4
8144 3
8145 13
8146 3
8147 2
8148 10
8149 4
8150 7
8151 17
8152 3
8153 4
8154 10
8155 8
8156 3
8157 5
8158 3
8159 4
8160 10
8161 2
8162 9
8163 7
8164 5
8165 8
8166 6
8167 2
8168 3
8169 9
8170 9
8171 2
8172 8
8173 4
8174 5
8175 13
8176 5
8177 8
8178 10
8179 2
8180 5
8181 11
8182 3
8183 6
8184 10
8185 4
8186 3
8187 5
8188 5
8189 4
8190 26
8191 2
8192 2
8193 5
8194 5
8195 8
8196 6
8197 4
8198 3
8199 7
8200 7
8201 4
8202 6
8203 4
8204 5
8205 9
8206 5
8207 4
8208 10
8209 2
8210 5
8211 17
8212 3
8213 4
8214 8
8215 8
8216 5
8217 13
8218 5
8219 2
8220 10
8221 2
8222 3
8223 5
8224 3
8225 12
8226 8
8227 4
8228 7
8229 9
8230 5
8231 2
8232 10
8233 2
8234 5
8235 17
8236 5
8237 2
8238 6
8239 8
8240 5
8241 9
8242 5
8243 2
8244 8
8245 8
8246 9
8247 5
8248 3
8249 4
8250 18
8251 4
8252 3
8253 13
8254 3
8255 8
8256 6
8257 4
8258 3
8259 5
8260 9
8261 4
8262 14
8263 2
8264 3
8265 17
8266 3
8267 4
8268 10
8269 2
8270 5
8271 7
8272 5
8273 2
8274 10
8275 6
8276 3
8277 9
8278 3
8279 4
8280 14
8281 9
8282 5
8283 9
8284 5
8285 4
8286 6
8287 2
8288 5
8289 9
8290 5
8291 2
8292 6
8293 2
8294 9
8295 17
8296 5
8297 2
8298 8
8299 4
8300 7
8301 5
8302 5
8303 6
8304 6
8305 8
8306 3
8307 13
8308 5
8309 4
8310 10
8311 2
8312 3
8313 9
8314 3
8315 4
8316 18
8317 2
8318 3
8319 9
8320 5
8321 4
8322 10
8323 8
8324 3
8325 19
8326 5
8327 4
8328 6
8329 2
8330 13
8331 5
8332 3
8333 4
8334 8
8335 4
8336 3
8337 9
8338 5
8339 4
8340 10
8341 4
8342 5
8343 11
8344 5
8345 4
8346 10
8347 4
8348 3
8349 13
8350 7
8351 4
8352 8
8353 2
8354 3
8355 9
8356 3
8357 4
8358 10
8359 4
8360 9
8361 7
8362 5
8363 2
8364 10
8365 8
8366 5
8367 5
8368 3
8369 2
8370 18
8371 4
8372 9
8373 5
8374 5
8375 8
8376 6
8377 2
8378 5
8379 19
8380 5
8381 6
8382 10
8383 4
8384 3
8385 17
8386 5
8387 2
8388 8
8389 2
8390 5
8391 5
8392 3
8393 8
8394 6
8395 8
8396 3
8397 9
8398 9
8399 4
8400 14
8401 4
8402 3
8403 5
8404 5
8405 6
8406 8
8407 4
8408 3
8409 5
8410 7
8411 4
8412 6
8413 4
8414 5
8415 25
8416 3
8417 4
8418 10
8419 2
8420 5
8421 9
8422 3
8423 2
8424 12
8425 6
8426 5
8427 7
8428 7
8429 2
8430 10
8431 2
8432 5
8433 7
8434 3
8435 8
8436 10
8437 8
8438 3
8439 9
8440 5
8441 4
8442 14
8443 2
8444 3
8445 9
8446 5
8447 2
8448 6
8449 8
8450 10
8451 9
8452 3
8453 4
8454 6
8455 8
8456 5
8457 5
8458 3
8459 4
8460 14
8461 2
8462 3
8463 17
8464 4
8465 4
8466 10
8467 2
8468 5
8469 7
8470 13
8471 4
8472 6
8473 4
8474 5
8475 13
8476 5
8477 6
8478 10
8479 4
8480 5
8481 9
8482 3
8483 4
8484 10
8485 4
8486 3
8487 13
8488 3
8489 4
8490 10
8491 4
8492 5
8493 9
8494 5
8495 4
8496 8
8497 4
8498 5
8499 5
8500 9
8501 2
8502 10
8503 4
8504 3
8505 25
8506 3
8507 4
8508 6
8509 4
8510 9
8511 5
8512 5
8513 2
8514 14
8515 8
8516 3
8517 9
8518 3
8519 4
8520 10
8521 2
8522 3
8523 7
8524 3
8525 12
8526 14
8527 2
8528 5
8529 5
8530 5
8531 4
8532 10
8533 8
8534 5
8535 9
8536 5
8537 2
8538 6
8539 2
8540 9
8541 13
8542 3
8543 2
8544 6
8545 4
8546 3
8547 17
8548 3
8549 4
8550 20
8551 4
8552 3
8553 5
8554 9
8555 8
8556 10
8557 4
8558 5
8559 9
8560 5
8561 4
8562 6
8563 2
8564 3
8565 9
8566 3
8567 4
8568 14
8569 8
8570 5
8571 5
8572 3
8573 2
8574 6
8575 12
8576 3
8577 7
8578 3
8579 4
8580 18
8581 2
8582 5
8583 5
8584 5
8585 8
8586 12
8587 4
8588 5
8589 9
8590 5
8591 6
8592 6
8593 4
8594 3
8595 13
8596 5
8597 2
8598 6
8599 2
8600 7
8601 9
8602 9
8603 4
8604 8
8605 4
8606 5
8607 9
8608 3
8609 2
8610 18
8611 4
8612 3
8613 17
8614 5
8615 4
8616 6
8617 4
8618 5
8619 13
8620 5
8621 4
8622 8
8623 2
8624 7
8625 17
8626 5
8627 2
8628 6
8629 2
8630 5
8631 13
8632 5
8633 4
8634 6
8635 8
8636 5
8637 5
8638 5
8639 4
8640 10
8641 2
8642 5
8643 9
8644 3
8645 16
8646 10
8647 2
8648 5
8649 10
8650 7
8651 4
8652 10
8653 4
8654 3
8655 9
8656 3
8657 4
8658 14
8659 4
8660 5
8661 5
8662 5
8663 2
8664 8
8665 4
8666 5
8667 11
8668 5
8669 2
8670 14
8671 8
8672 3
8673 13
8674 3
8675 6
8676 8
8677 2
8678 3
8679 9
8680 9
8681 2
8682 6
8683 4
8684 5
8685 13
8686 5
8687 8
8688 6
8689 2
8690 9
8691 5
8692 5
8693 2
8694 18
8695 8
8696 3
8697 9
8698 3
8699 2
8700 14
8701 8
8702 5
8703 7
8704 3
8705 4
8706 6
8707 2
8708 5
8709 5
8710 9
8711 4
8712 11
8713 2
8714 3
8715 17
8716 3
8717 4
8718 6
8719 2
8720 5
8721 17
8722 7
8723 8
8724 6
8725 6
8726 3
8727 5
8728 3
8729 8
8730 14
8731 2
8732 5
8733 9
8734 5
8735 4
8736 10
8737 2
8738 5
8739 7
8740 9
8741 2
8742 10
8743 4
8744 3
8745 17
8746 3
8747 2
8748 10
8749 4
8750 11
8751 5
8752 3
8753 2
8754 6
8755 8
8756 5
8757 13
8758 5
8759 4
8760 10
8761 2
8762 5
8763 9
8764 5
8765 4
8766 8
8767 4
8768 3
8769 9
8770 5
8771 6
8772 10
8773 4
8774 5
8775 25
8776 3
8777 4
8778 18
8779 2
8780 5
8781 5
8782 3
8783 2
8784 8
8785 8
8786 5
8787 9
8788 5
8789 8
8790 10
8791 4
8792 5
8793 7
8794 3
8795 4
8796 6
8797 4
8798 5
8799 9
8800 7
8801 4
8802 10
8803 2
8804 5
8805 9
8806 9
8807 2
8808 6
8809 4
8810 5
8811 13
8812 3
8813 4
8814 10
8815 8
8816 5
8817 5
8818 3
8819 2
8820 20
8821 2
8822 5
8823 9
8824 3
8825 6
8826 6
8827 8
8828 3
8829 11
8830 5
8831 2
8832 6
8833 6
8834 5
8835 17
8836 4
8837 2
8838 8
8839 2
8840 9
8841 9
8842 3
8843 4
8844 10
8845 8
8846 3
8847 7
8848 5
8849 2
8850 14
8851 4
8852 3
8853 9
8854 5
8855 16
8856 10
8857 4
8858 5
8859 5
8860 5
8861 2
8862 10
8863 2
8864 3
8865 13
8866 9
8867 2
8868 6
8869 6
8870 5
8871 5
8872 3
8873 4
8874 14
8875 8
8876 5
8877 9
8878 5
8879 4
8880 10
8881 4
8882 3
8883 17
8884 3
8885 4
8886 6
8887 2
8888 5
8889 5
8890 9
8891 4
8892 14
8893 2
8894 3
8895 9
8896 3
8897 8
8898 6
8899 4
8900 7
8901 13
8902 3
8903 4
8904 10
8905 8
8906 5
8907 5
8908 5
8909 4
8910 22
8911 8
8912 3
8913 5
8914 3
8915 4
8916 6
8917 4
8918 9
8919 7
8920 5
8921 4
8922 6
8923 2
8924 5
8925 25
8926 3
8927 4
8928 8
8929 2
8930 9
8931 9
8932 9
8933 2
8934 6
8935 4
8936 3
8937 9
8938 5
8939 4
8940 10
8941 2
8942 5
8943 9
8944 5
8945 4
8946 14
8947 4
8948 3
8949 9
8950 7
8951 2
8952 6
8953 4
8954 7
8955 13
8956 3
8957 6
8958 6
8959 6
8960 5
8961 9
8962 3
8963 2
8964 10
8965 8
8966 3
8967 13
8968 5
8969 2
8970 18
8971 2
8972 3
8973 7
8974 5
8975 6
8976 10
8977 4
8978 4
8979 9
8980 5
8981 4
8982 8
8983 4
8984 3
8985 9
8986 3
8987 8
8988 10
8989 4
8990 9
8991 13
8992 3
8993 6
8994 6
8995 8
8996 5
8997 5
8998 5
8999 2
9000 14
9001 2
9002 5
9003 5
9004 3
9005 4
9006 10
9007 2
9008 3
9009 25
9010 9
9011 2
9012 6
9013 2
9014 3
9015 9
9016 7
9017 4
9018 10
9019 4
9020 9
9021 9
9022 5
9023 4
9024 6
9025 9
9026 3
9027 13
9028 5
9029 2
9030 18
9031 4
9032 3
9033 5
9034 3
9035 8
9036 8
9037 4
9038 3
9039 9
9040 5
9041 2
9042 10
9043 2
9044 9
9045 17
9046 3
9047 4
9048 10
9049 2
9050 7
9051 9
9052 5
9053 4
9054 8
9055 4
9056 3
9057 5
9058 5
9059 2
9060 10
9061 8
9062 5
9063 13
9064 5
9065 12
9066 6
9067 2
9068 3
9069 5
9070 5
9071 4
9072 12
9073 4
9074 5
9075 19
9076 3
9077 4
9078 10
9079 4
9080 5
9081 7
9082 5
9083 4
9084 6
9085 8
9086 9
9087 9
9088 3
9089 4
9090 14
9091 2
9092 3
9093 9
9094 3
9095 8
9096 6
9097 4
9098 3
9099 9
9100 13
9101 4
9102 10
9103 2
9104 3
9105 9
9106 5
9107 4
9108 14
9109 2
9110 5
9111 5
9112 5
9113 4
9114 14
9115 4
9116 5
9117 7
9118 5
9119 4
9120 10
9121 4
9122 3
9123 5
9124 3
9125 8
9126 14
9127 2
9128 5
9129 9
9130 9
9131 4
9132 6
9133 2
9134 3
9135 25
9136 3
9137 2
9138 6
9139 8
9140 5
9141 9
9142 5
9143 4
9144 8
9145 8
9146 5
9147 5
9148 3
9149 4
9150 14
9151 2
9152 5
9153 11
9154 5
9155 4
9156 10
9157 2
9158 5
9159 9
9160 5
9161 2
9162 8
9163 12
9164 5
9165 17
9166 3
9167 4
9168 6
9169 4
9170 9
9171 7
9172 3
9173 2
9174 10
9175 6
9176 5
9177 17
9178 5
9179 4
9180 18
9181 2
9182 3
9183 5
9184 5
9185 8
9186 6
9187 2
9188 3
9189 7
9190 5
9191 8
9192 6
9193 4
9194 3
9195 9
9196 7
9197 4
9198 14
9199 2
9200 7
9201 5
9202 5
9203 2
9204 10
9205 8
9206 3
9207 17
9208 3
9209 2
9210 10
9211 4
9212 7
9213 9
9214 5
9215 8
9216 5
9217 4
9218 5
9219 9
9220 5
9221 2
9222 10
9223 4
9224 3
9225 19
9226 5
9227 2
9228 6
9229 4
9230 9
9231 9
9232 3
9233 4
9234 14
9235 4
9236 3
9237 5
9238 5
9239 2
9240 18
9241 2
9242 3
9243 13
9244 3
9245 6
9246 10
9247 4
9248 4
9249 5
9250 9
9251 6
9252 8
9253 4
9254 5
9255 9
9256 5
9257 2
9258 6
9259 4
9260 5
9261 17
9262 5
9263 4
9264 6
9265 8
9266 5
9267 5
9268 5
9269 8
9270 14
9271 4
9272 5
9273 9
9274 3
9275 12
9276 6
9277 2
9278 3
9279 7
9280 5
9281 2
9282 18
9283 2
9284 5
9285 9
9286 3
9287 4
9288 10
9289 4
9290 5
9291 9
9292 5
9293 2
9294 6
9295 12
9296 5
9297 7
9298 3
9299 4
9300 14
9301 4
9302 3
9303 9
9304 3
9305 4
9306 14
9307 4
9308 5
9309 9
9310 13
9311 2
9312 6
9313 4
9314 3
9315 21
9316 5
9317 8
9318 6
9319 2
9320 5
9321 9
9322 5
9323 2
9324 14
9325 6
9326 3
9327 5
9328 5
9329 4
9330 10
9331 8
9332 3
9333 13
9334 5
9335 4
9336 6
9337 2
9338 9
9339 9
9340 5
9341 2
9342 10
9343 2
9344 3
9345 17
9346 3
9347 4
9348 10
9349 2
9350 13
9351 7
9352 5
9353 4
9354 6
9355 4
9356 3
9357 5
9358 3
9359 6
9360 14
9361 8
9362 5
9363 5
9364 3
9365 4
9366 10
9367 8
9368 3
9369 9
9370 5
9371 2
9372 10
9373 8
9374 5
9375 13
9376 3
9377 2
9378 8
9379 4
9380 9
9381 9
9382 3
9383 4
9384 10
9385 4
9386 7
9387 13
9388 3
9389 4
9390 10
9391 2
9392 3
9393 9
9394 9
9395 4
9396 12
9397 2
9398 5
9399 9
9400 7
9401 8
9402 6
9403 2
9404 3
9405 25
9406 3
9407 4
9408 8
9409 3
9410 5
9411 5
9412 5
9413 2
9414 8
9415 8
9416 5
9417 9
9418 5
9419 2
9420 10
9421 2
9422 5
9423 9
9424 5
9425 12
9426 6
9427 4
9428 3
9429 9
9430 9
9431 2
9432 8
9433 2
9434 5
9435 17
9436 5
9437 2
9438 14
9439 2
9440 5
9441 7
9442 3
9443 8
9444 6
9445 4
9446 3
9447 9
9448 3
9449 4
9450 26
9451 4
9452 5
9453 9
9454 5
9455 8
9456 6
9457 6
9458 3
9459 7
9460 9
9461 2
9462 10
9463 2
9464 7
9465 9
9466 3
9467 2
9468 8
9469 4
9470 5
9471 17
9472 3
9473 2
9474 6
9475 6
9476 5
9477 15
9478 5
9479 2
9480 10
9481 4
9482 5
9483 9
9484 3
9485 8
9486 14
9487 4
9488 3
9489 5
9490 9
9491 2
9492 10
9493 4
9494 5
9495 13
9496 3
9497 2
9498 6
9499 8
9500 9
9501 5
9502 3
9503 8
9504 10
9505 4
9506 7
9507 5
9508 3
9509 4
9510 10
9511 2
9512 5
9513 13
9514 5
9515 8
9516 10
9517 4
9518 3
9519 9
9520 9
9521 2
9522 11
9523 4
9524 3
9525 13
9526 5
9527 4
9528 6
9529 4
9530 5
9531 9
9532 3
9533 2
9534 10
9535 4
9536 3
9537 13
9538 5
9539 2
9540 14
9541 8
9542 5
9543 5
9544 3
9545 8
9546 10
9547 2
9548 9
9549 7
9550 7
9551 2
9552 6
9553 4
9554 5
9555 25
9556 3
9557 4
9558 12
9559 6
9560 5
9561 5
9562 5
9563 4
9564 6
9565 4
9566 3
9567 7
9568 5
9569 4
9570 18
9571 4
9572 3
9573 5
9574 3
9575 6
9576 14
9577 4
9578 3
9579 9
9580 5
9581 8
9582 6
9583 6
9584 3
9585 17
9586 3
9587 2
9588 10
9589 4
9590 9
9591 9
9592 5
9593 4
9594 14
9595 8
9596 3
9597 9
9598 3
9599 4
9600 8
9601 2
9602 3
9603 13
9604 6
9605 8
9606 6
9607 4
9608 3
9609 5
9610 7
9611 4
9612 10
9613 2
9614 9
9615 9
9616 3
9617 4
9618 10
9619 2
9620 9
9621 7
9622 5
9623 2
9624 6
9625 16
9626 3
9627 5
9628 5
9629 2
9630 14
9631 2
9632 5
9633 13
9634 3
9635 8
9636 10
9637 4
9638 5
9639 21
9640 5
9641 4
9642 6
9643 2
9644 3
9645 9
9646 9
9647 4
9648 8
9649 2
9650 7
9651 5
9652 5
9653 6
9654 6
9655 4
9656 5
9657 13
9658 5
9659 4
9660 18
9661 2
9662 3
9663 5
9664 3
9665 4
9666 10
9667 4
9668 3
9669 9
9670 5
9671 4
9672 10
9673 4
9674 5
9675 19
9676 5
9677 2
9678 6
9679 2
9680 7
9681 9
9682 5
9683 4
9684 8
9685 8
9686 5
9687 5
9688 5
9689 2
9690 18
9691 4
9692 3
9693 9
9694 5
9695 8
9696 6
9697 2
9698 5
9699 9
9700 7
9701 4
9702 20
9703 4
9704 3
9705 9
9706 5
9707 4
9708 6
9709 8
9710 5
9711 13
9712 3
9713 4
9714 6
9715 8
9716 5
9717 9
9718 5
9719 2
9720 14
9721 2
9722 3
9723 9
9724 9
9725 6
9726 6
9727 4
9728 3
9729 13
9730 9
9731 4
9732 6
9733 2
9734 5
9735 17
9736 3
9737 8
9738 8
9739 2
9740 5
9741 9
9742 3
9743 2
9744 10
9745 4
9746 5
9747 13
9748 3
9749 2
9750 18
9751 6
9752 5
9753 5
9754 3
9755 4
9756 8
9757 4
9758 9
9759 5
9760 5
9761 4
9762 6
9763 4
9764 3
9765 25
9766 5
9767 2
9768 10
9769 2
9770 5
9771 5
9772 5
9773 4
9774 10
9775 12
9776 5
9777 5
9778 3
9779 8
9780 10
9781 2
9782 5
9783 7
9784 3
9785 8
9786 10
9787 2
9788 3
9789 9
9790 9
9791 2
9792 8
9793 4
9794 5
9795 9
9796 5
9797 4
9798 10
9799 4
9800 10
9801 16
9802 7
9803 2
9804 10
9805 8
9806 3
9807 9
9808 3
9809 4
9810 14
9811 2
9812 5
9813 5
9814 5
9815 8
9816 6
9817 2
9818 3
9819 7
9820 5
9821 8
9822 6
9823 8
9824 3
9825 13
9826 5
9827 4
9828 18
9829 2
9830 5
9831 9
9832 3
9833 2
9834 10
9835 8
9836 3
9837 7
9838 3
9839 2
9840 10
9841 4
9842 9
9843 9
9844 5
9845 8
9846 8
9847 4
9848 3
9849 13
9850 7
9851 2
9852 6
9853 4
9854 5
9855 17
9856 5
9857 2
9858 10
9859 2
9860 9
9861 9
9862 3
9863 4
9864 8
9865 4
9866 3
9867 17
9868 3
9869 4
9870 18
9871 2
9872 3
9873 7
9874 3
9875 8
9876 6
9877 8
9878 5
9879 9
9880 9
9881 4
9882 12
9883 2
9884 5
9885 9
9886 3
9887 2
9888 6
9889 8
9890 9
9891 13
9892 3
9893 4
9894 10
9895 4
9896 3
9897 5
9898 7
9899 4
9900 20
9901 2
9902 3
9903 5
9904 3
9905 8
9906 10
9907 2
9908 3
9909 9
9910 5
9911 8
9912 10
9913 4
9914 3
9915 9
9916 5
9917 4
9918 14
9919 8
9920 5
9921 5
9922 7
9923 2
9924 6
9925 6
9926 5
9927 7
9928 5
9929 2
9930 10
9931 2
9932 5
9933 17
9934 3
9935 4
9936 10
9937 4
9938 3
9939 5
9940 9
9941 2
9942 6
9943 4
9944 5
9945 25
9946 3
9947 8
9948 6
9949 2
9950 7
9951 9
9952 3
9953 4
9954 14
9955 8
9956 5
9957 5
9958 5
9959 4
9960 10
9961 4
9962 5
9963 13
9964 5
9965 4
9966 10
9967 2
9968 5
9969 5
9970 5
9971 6
9972 8
9973 2
9974 3
9975 25
9976 5
9977 4
9978 6
9979 4
9980 5
9981 7
9982 9
9983 4
9984 6
9985 4
9986 3
9987 5
9988 5
9989 4
9990 18
9991 4
9992 3
9993 5
9994 5
9995 4
9996 14
9997 4
9998 3
9999 13
10000 6
