
# Carmichael numbers that are also abundant numbers (i.e.: sigma(n) > 2*n).
# List generated by Daniel Șuteu.

2059832906607460252767290568443059994787898033540634712711845135488141590979778401392385
104839378567273535326333989187467825684502909839483372104871087869347999936961956982617345
239051714793423272684163898905288502269835779869180901674895160530593277832356489612440065
838491515158548702013015470462843550937966427427588671684566118228324315960543570386828545
3124798785386128434833495809820403255436681927492003113283965485915266292477845338988364545
3428026483099636033616009182503994942440705173819670304797378494438313556674786452360312065
49288987596544884799879194931133744492729194789407111499229402978488430151640701817679618305
73934357561392413358411488988050485696928364936506046677052198782603537382850013007083734785
75002327367886359945431384127298870096560486765846712465085302761676178638901477819620725505
16359731627655268711550614129828849959208401933541484537183342137881442172759843212577779855105
290388223534327426307956870845255080338968256182138610659149733538657840688521241876620529059585
1447216195593005398648353707933247354204563393181444771890011664700344297440538854252794280387585
2050222770372550554323267720953963601363820698627252818938445687085323309254089582862054255135745
4092647067229109824221850811515322666720000558855990866430603111974233934698390101563680602517505
19782726564280757352074216740449450780799832105303108420100520882864462148158065821907601560259585
28279117406670348985058965165038720901561118678076518447498230238094095613710504692643658493039105
145969394164747551523612853344847318149290414085914820779600598124839389469710839549276086576049665
14357474584386667021307990476330627964105829574089389767102083198300656577900604993843842872783518465
42472648953277652256317461809709140419204856354546033335609327655760893653474469475236234714766953985
326306822331683326564142139092149016640810176313989074289191372295784922337046039799000885678933676545
921419623265562623096717808474853144451070951631410115607268753521016972220003379938879486594793539585
3796572143857805068407782742051485920859705385262659059098973863986660350646816830384413588956342914305
239686669535114480391234524049480545286100507747785183652620492621273918816799627554770307981567514715905
1307528013790743877112924130806940442976093924888513397627170857677043997942668731464176971102965942002945
4483433378290910108502092467048896487443345736646147206557870626917912951981408093054235586240392035824385
77330804731013067215425603926203781351515128185986166087454730584676346988316900563973917031659035555861505
121971031193445839637167359474884544111122029928158399460273478213493277816496260982206284059042886318229505
168897338625816366452400445498695381928518290040021988850539513737618332255686157181610174563397929761013505
1184466005757596656443972854158329435546887325551711910808531250836865755061913285368528140285249997855587585
6264366207939950432861399385988892384891234582671503018818655920919635643541858292567891173436987317519275265
38442310562596217911665459643265229332179330584747987135121040555904630416573797822738132515816798052149452545
171998397564776985866797380377543517829947503961982992690969734854712489457390393653032016415088204040010522564865
522478484443479287115752507706619274793725884731663873525685121828522661618206741273551815899321448548749832419585
30377059806795727976284548067494844746836163318658225814480851349689297884313731274539265820478124898257916181905665
6920535221334823883924756088616973016990243550409038809489621931774875066592236969165074030094992614297887868668002305
15573629078981860493937432337882446464109531356973808160180671120092458125219271783149765436484617292486616131659122945
299306386538766241949405396269796595055497583004509425866182293878637701606191986875531516571430545534057711641540189185
1102351746095883825184680682977821981950842491871857974340167446819638035675771832712994230766396738218663764090927760385
1330527164124588502281816403678084269982917160452569692781558570082785800156209023976524782827641853261904351353121323265
274335354364950624206449210175854021821106955222261398669286006183395273109978646669060592821363873171078156706047074248705
1616258724135014880570273860464904426724343465085641600639765481954852010687409698981136736431046892503254298245715099755728385
1647546583042308061128954629464535642304567965279218152469807195846009938254903901645374392096107996459305867759799813288171265
4762943010025256709198712964127241306077119392384456745548156089302238183551394020005129095475885785133477494454927427033113345
35770100050387348669925194984130730539300145841067182300002365048626091719024662915580554243345990557540818673816180625665794850305
392176959006447647791739244300508174945570679995792528246390716835149170838895776292305703262692411711812851033074354338985816529573463081022465
15672580239277874726513771000611717450405757488026474898156330909705577930229226077525188949004066008196423680969325751084018458000016027238941185
236504125804919097241774515843893431178902849394985281950042791784268999386539349122008930487753022808608121271885897017345631922989785222558136584281211180461850115436662396869737254276118276540878873041106791169502465
3650967200545569544247334889170124663801196640911269164659780283430480686867654044537704434047930872099161113155559285376759136485838114466336573920103787528272489446322752566202675075626619016981353278198427521713147905
429793242538590308946176026622307981303783195974490523228538398880954379493417904381408060355657465886697508072480699588892833140219672622657845944375981982322154769849506800478217665382681490585690183390030019118172116301058180060845169814785
6311344283839648901081380858298046065060581406878600566224693913779046114250746149951964709423004231982838731636017587470385404907875686871759626589959687660944443084146988526511886813003883039067325626348438954241760686853591642974145411130167717615708657071602502145
23169259330652445037639430659034474739311781841490343991247284973957705797250790268156065913866088470679719301294484973323015382886445836262732621334428244851806116825748445584316174483282046522565928451327796328669481550979717137931095308497041566308438617059555968131585
2086538352559295325637448534180884690575414025809342079856868868695783466945518087293621866632215783934748934381822821430394663937538890115214678464493190459651080826509339630117601906108552995855346379365782117550195049231633489235150241839100555265698132201125505210821356545
742738189777086442886204477984996833523559707217818002340574410192204739214228137592918025176732797705628101056762772300625218702414652520252414884396367396909893568725658367182245586873653595022942255311082392730595053341904897439853976520069754580387304854830626672105172017312013130155209988268739544525029187342401104963455482504129399525922179585
566083820473827613506842343404173789448352450219709896521860160306038669548383081393331004597652434711707934824100625307209177234122532196073072305794843940839262049142373105912612154695000129610055523370429985802833878413947316938692234980260629713093619467115288316952506227128869523139594493579371802974683711355823702880537680040874231184503770343756498945
1317689129790114456155776904189505132431609342103903153926479516956487008481855177871392862591479544658121045194384395851184645044311507479420105053410603486650253066551093820428752953450899131579190903739410017297115709691960572576916952825862729594329394912045035669643012680520178940023817941329140779517431516534262622432344494338959918695364486068476480288670465
70612870221829104444791588314779414270616577056523794384267050872512004832167371746506951598805653365004963612991063894978761003342040796131188946369779033803359773478349356059567956124781123209889807389915053227860904162462290503085563892191750051376446558032521640523347805687162751999992636983335856823428156443012106217537597049268104110779044409513744036226318716195401985
212027676154584839241498713874767930183897687920501656315912022196238530191598217403141534399522061734563245269027166056193417270935471993103939280141157235339957366658238880788743870116482514680467694918182826928054863880840739392582359447623748746086728912605262143476118074656261942145389972155387938610289031498885555007114000362045835937697646040067937888368343829725429505
293704261822873968440328001567322976674825399839117774762673364098772284012658575519736143477741827196948158314218308343078251272252678808701963761138092032734875068048169405766629056803483149710379521966472204505650851796616510647719125110332703342712654897625331221299419872841467740291599817033329358258899823776277457145596877713813274648257753794198816415050929236864597071110063166219083719708990177337345
