
# Fermat pseudoprimes with abundancy index (sigma(n)/n) greater than 1.9.
# List generated by Daniel Șuteu.
# This list also includes several abundant Fermat pseudoprimes.

38353281032877674865
230095742333467274265
3019290700432821598785
8858506500859999247265
9203642931201060526185
24773130788808935997465
27089017981142656002465
31308982087787301161265
75284436184655594560665
429388072625313108651345
633708839387221385771985
1032696215473711246041585
1842836800348739399588385
4426632427184293146004185
7688948031590981544893505
10465205408327147468454465
13436161237966288348110585
30289748358904212366572385
39538135593184253701940265
39898386437874778336787265
70947778565387733971345385
72470737079074199634873105
73711976235989293754215665
76863331618321292940799905
85866492509341408342261785
127444196257207077901596945
145073898865096645000020465
150063631706284339346567265
198408004487570768403697185
218924994654832550816515785
425642378859822103831835985
442225839201279757222663065
609299754103181490100455705
715078976810695783966984305
728017010426459878356936705
1153582279094600286115568385
1190324161271480565742195785
1370862939340854730059272985
1504365280336092033497621985
1702542939919785835329602145
1879885492855813512827741985
4053661696261126299213447585
4573962688092697241241003105
4599571954351447541647843665
5075374094652256078647827865
5199107697670350683087252385
5802838202266548919958465985
7230125917048186101477111585
7350260917726775183194963905
8074730241975744403202730585
9091111472619529729336024065
10300141479743074871884756785
10692178820203219650901894305
17025349672639350613302796065
17084546821247081021858516505
17517615873590203450718182545
22472137786063822097451514305
30449076023716600364958107265
34742187522900518220477982065
35273097305381349443361836505
38049785538164232203093987265
45826551216547421445974632785
47612000298758459081183930265
49620020457296351661052117665
63637762192592505508422575745
69005384736845165359024177905
107610215354872003380017675265
111645383068902484178312119185
161966655558096544961120098785
174307066386225320421636146385
266337095804598854461505143065
296874628838164374175009735905
312907540776171796354385990505
312941981633767592778466058265
328792188469554413787912913185
354180333169425271425090478305
396844533034293762890865937545
400606201461393797282756286945
489030883187969813729562908385
502842654664711108711768588785
573235141035231770576012596065
645594111323042188838365498665
687704738507315339413174636065
794303096757862828725581896905
1004804760565947206125206250305
1010931096949623793292620054785
1172265662831612093248920680265
1217938326303927912964279183185
1251628874940469309478218007985
1455392118896988500001436526865
2632787600289811236737758837545
3278282922943952669012673870465
3408969812288315229589174403865
3541786746163049575596308487585
4012474197083982596288546087865
4125799098581345329437336507465
5342312048305923332973700232865
5727067525276862533791577298745
5821477606342877287368646390305
9239040473268653691499587195465
9533306207623287851029246042065
9749003923054115831712701644545
15021123981508133376474804080865
18907601628943912824086582218785
35784743100970575065929487616705
38132629606479688691811773076705
55428474928216449147566945330865
57906078469638922486730186684265
64670514507983736925250669255265
67587936489217493570229013909905
76318017347929116984103462366785
82493833111262286648925017091065
87387019904510156806492791858585
87895297193716551995238355436865
93934885805169798001550107714545
105387508322768155989363740545665
107229832196671258888818651430785
131842944869156427818487833361105
132347545071766089959558349668985
133827964992298179624505570630545
136356025528168559061942093684585
139919773284892603401054736144065
156693987228084145384168898338065
158840045301912694880524620720465
165028615150045948862568112088985
165239025020103519486726103523145
170621697254329579132962399376065
221710438966028512789409434618305
243866649873946252322949481085385
246822751554125790891593410608945
278820572780705409055084332113265
282385466973939051351462060010785
300123090410859359269218849600345
303158659430755143165760511885985
303874597856107607075523212740305
304740732375157335714579744005385
322493336841436522405674725799105
367024848693328298360810833975065
381324510392756498781202097492385
387982713396692542829488001878665
492943322232514319567698541788545
508084932586704844617027055057785
552442890821872822679477936029665
639279061696677004929094997372145
693120348586654260210806900496465
818051026420648157618586048127185
932794363136224939401054218319105
1083596784964674786093750816898545
1117796205480676984140108708942465
1132535995673545452074924146972665
1182105565560735722323112854462305
1399191180695832195871642149010305
1478063056140608549194441575901185
1512202138814932474003788773022945
1772308634743518001048112493563265
1822417689270215910967789704913905
1828254145323253193126462994095985
1880912885739309802784109423461745
2133093800299032225382194690807585
2133953025400867244670598061423865
2201919959403887053057635130686465
2217094007419773276491519306067585
2287709002355045200391806665302985
2620169904670649052334519366844385
2808318768443105058329181490200705
3171499087422339770459876285636865
3251737339210603894707428128300545
3272153029633574712422504284120545
4591040244551171250543284881884585
4833099172631956809990479520912465
5025411622280599240220414680699905
5209133419833816637038614201245785
5852099268226164573942393509582145
5967676085161534267524188786662065
6543514918337095245925022641540545
7312902431936398279809242694422145
7498662035166948223473696801664665
7524734886496885612348386867978705
8216737111818541950499230458667585
8385896837789475876785817239239905
9388675693618381254830605728242385
9754468055368158654930911978128665
10011381401181358333616852848581105
10447289441352212971401048004419585
11362901945911161626371263327238785
12797231116315170358020860619130185
13411021492961763181342513721903865
13497119764422697125730039231703505
13601847067080810138853782099634065
14551581435876756828342221794502145
14878295727297151713495624140632185
14937031663388588808520167969931665
15518993621388264659147795168653785
17723091658087387931540711531185185
24327344553607496110335411412130505
26255767929858116926122505028554185
27309684938443347717529831531656705
29103162143736503230224565232067585
29858258064440279056131618507381945
29940186345422248272411356263445505
33043524980537994743463628088287185
33673850955820654343636326952841345
39013822576743629432213888634606465
41771944171151419698571866577673865
51303650659573808638224550732968705
53284372598621002891913195372701665
55221383927074509592577489350774785
56326192833396129468517389766052985
56447971336495112504114265659281905
58520718640577432290020650472856065
71687873483665249219040214713674545
73128681871294139320002599098336065
74126235491644474576266059943455745
76771978626215466351825845949955785
77845070008380322302330624738533745
81782217581186197425716012280617985
85830373129944756290950117046405505
88075011140658036772869012216779985
89898614637612858622874721035627985
95232935093163427870007414104051665
110171781460984299682315588875520545
112095455739382874413162629771193545
116252166558593996496051152805682545
124584952395359745739244307474625665
132172036807936457027836272829240545
132646923683145883149686345458204545
136175808701462527139922181690151865
153624452237067633787047773198692185
157518216164533981793389966801972785
168733432314256365975822626825585985
179727207485655750942111862001213985
192795372695688279769068350975825385
211791331461455546057792702268365265
214779129997435175598146810113368345
229081343587719621485049462727091265
240352204095266223489158635796895105
283337695776262010226243580658682705
286262926807330411545250286926066785
286371944095000731692415942426279105
311372849761879777745265856209890145
317573873062443153176483961136983345
322441752447492522756643203754145865
443926655700085541222863665154897785
445189321755424029458615327968524945
672969321906405532334469525128530785
676567257947225222262018507036928065
680706620105314987082581317154423905
842093220376768559910896416224977985
845983513132916854448145760766062665
858803726063140112440548579309157065
906701068060826731332771049276502145
912098258406493259426752330740901065
1059971488479774614486102822498900865
1064665588985200594298683825594289745
1101712655493573679737220704641840865
1272149922823018773298121687350204185
1307763706737482534510416375505479905
1321714178736718004440308009720680865
1468507387947929223850073019963044985
1870069878761164624398559915723977465
2253001994974994745869058882735589065
2709234858677130479992333078982444505
2781106158417862032515794168406938665
2797148676542619034911260891148907665
3107353551594110575521369407046227985
3337327252560486737555885119453399185
3633908679871617437399672496374945505
3886519340726929358635279428922173585
3947983067760207185417697621184456905
4456497873665944483494630908043512865
5010766391791082887389992186484728865
5061126687044739265207232154952160385
5551200871830513970028352466076188185
5978491035210069698837703378301455345
6064328386724947900820425746605809785
6228462687393916800989656937475580545
6300600793547364457581507177797963265
6477784823860722257749776438353491665
6551770670602971094367255659450624665
7422471381001608121761770692090982385
7528989392322215101563931396245685185
7632105336711603076314327500997622785
7711658421333844915441478785735588665
7929459929344557796897535217763640265
10932144280887665453938956611980148145
11188420062660109059016836239101375905
12429220194832918350874701876177146145
13413369968119019761205035169393780865
13619855197403642505743435147863830105
14642487449893934823749842119714743865
14667788708150540780525796742659509505
17090829780435545762566819873943734785
17635176954865731407938599761667898185
17756705905424964171420578122295288265
18166591631703246488351065840968382785
18322261399861557009937979582411606865
25639819491786171868292791081505422305
25672209626127189039853982416727017665
25906783122677594400579282675391626945
27205560782315439815129090111246170785
28480146561932233988453007412720345665
28844796485536100081448193017155039145
30111692341423617835383649863453310545
31100796406972655865935924425216986705
33303739629240150548869060761954646785
34978545715445631544276222099578173505
36338916630301513878781308184509485985
37292135777498035358155702596308927745
42585759400778907186312321104913795105
46447832220105791958578224127586652065
46782554172484002493802029159240673745
47795117766058727948601227992376478585
51171748864854561165987855476904902385
58361005458182925354581213657907242505
73287901625915049770255574723353950305
87565347551744604306091327531408221345
91005481684802493465607447987855429065
102534308917486270239177566253355289385
106529149962512686162141011137241391665
153030088402316436535616577113194570305
159125861037198673639549389585826566465
161652791383338209058333884526811603665
169390486152443772253118653614440862465
175284393835624358419303643043505199265
180959983027381004190174576987837099105
199541381804398052939391846308410460385
253270678172525013339972267237493034145
260674548154258395463492854324055262865
268914750591474077221158519544737548865
286740868215926560020269747010325561185
301153464627386708780887273262792222865
305278018706697348457472759579696813265
307687373433417032717533503914521423185
314075346513509362553434229333040738465
315078270863512196093493563730735512385
340625313437260955175439884475404590145
389030994273155781414132062008027000185
389070990460152895292891577255663796305
423193602757711264388306068672023767745
426109948568028485328734569991047363905
426754540142355612161332781739967634985
427867916380781385906156062791536112065
436647615412230096597618353186892747585
451116478402669600913355774636318356865
468692435592384655210775389637104224585
539739209063385690475460378146144096065
545976075599085404985512831610496380465
571283515763890887811780168119259526145
585687613107194761813900816178573544585
622954968705991636578957389228347679265
648523107560746174194202655044121711745
705392764225530216513907918844190899865
810407683307371673819034638320429751745
939880404460583370109962880771588524465
1254930372392549808980688228520895523585
1261563393261752660183260244117000035065
1282167983712673796596700934076485283785
1332122553476011142438614209009066509265
1439435204752616909295373902767722805865
1543076887924863001876195037675263900305
1579199355731741033092298599542699163905
1631849972056035217490093858604553862145
1668270821664620487052370918764481267265
1683397025406680920009273481912611765185
1792757075193136571758613524326072600705
2183870213690503886457172212652003805505
2270825379832809487900926623865233742465
2678221667369461615815471378693802292865
2768468882102248617203739920576303403585
2840720426920814523476330347997581376385
3307098624318336884912041438460661977505
3406237183594896860092389411741603832065
3421589017892141783401038049906979742945
3470207934739664512679701940114447720865
3513760035233812100186804884075949587185
3598245479949550092241071988945849503105
3740377768832666106304684188061807913505
3890282783208731946872903919141710323905
3944063886395483622870314707546780909185
4063581522231582923434600747137088024065
4101289132531460175744560496809816044665
4231916210297478008899583168004061499265
4364041317714390581034776829159193156305
5397366815764940916809078818828029154305
6095370697597830673982015890767489217665
6288334821605635907324431410761754332145
6438964428807308475108853142501854978305
6471878436752039020266496586047436619585
7274986886903964762337389790472229145185
7720802037890828874419948005671810172545
9369882940893900324352266288751900367745
9427674695184313573925329699979761014945
9621805331218770687445847930774240981985
9658444130505151572363659603545442117505
9852983718074070717672037874939211301665
10092362094594076578926570519025778129785
10191352666581883129207506964410484550145
11039299638459979003245353102818034278185
11247272477688498444115938876329625700545
11469401989269741100974356437050342626865
12234027891863426050167504772380311828865
12307245196289752064299250959997105624865
12562758934558272338405770514974026287985
12804114195310937542216014575625232525185
14054820754889634518329259528506503340545
14246543577845626502236302858712589998785
14559070368158999079798598647187837683585
18044292977754732919665292591829332821585
21019652801741816423381255094629339193465
21065224152775978046042025846988022730705
21390901721026369191457007893559655082305
21838599870787525664117084785150092905985
24808364697733824659243267665950142766385
26752282285061781108532062928274615181105
27662223472890346931571873695519897083905
28005842179161907229848058562567005164545
30046685714504767169736850454955210678945
40131228031854782845106447421556193479785
43145665426524843818068696634463511362945
45737634436431198836267992527251680040385
47011423920882244304476778674633910552385
48569206049280107737670789804565930568065
49500811980775926684527332109406662751105
50461511755520841940770290986983887789385
51500271818328716279317946119285497150345
52581698035255914044052699045282093554865
55026284760317764212725406635053911075585
61125531641723229038201448955489960885065
63507044574120563395352359559068994882385
64718481302861787816775873133531790623745
65734392820749389105792990587688875311105
67190462911126877171884960163556426292185
74981484900517693021989949058511491819265
75161153477541482894249995745723612410065
87544759730297286565704565997172615894465
88338527657562766136835121106422084913985
98146961330939366255341286595569617031745
98601563579298753871785166769257946482305
108254492856553522544262410256562318984185
132611741075884677602592322147876143393705
135210076544676785916544143876480664099905
138644065621660815635936219855521591926705
142016567889726054215458689304679758926465
156515780623900938078461926787104800683505
165709828801165348659987395193678463554945
191547607346554653102333765352297871289705
207359666704041670850314477519612608024705
211741460397276406229735658887229321366945
254024213153946043427396117312246817486945
291384914653747021686520636698662554359465
302737567529157314822333838386014336919985
404056476533682721025625613232007531274785
443344850568450275876075022602497352743665
626062478158213760008320912707988862628985
627227909123642420730467818700818759298145
775852689995596243882685565541501171584105
821197280120147538345573128123122512684465
853191962049764103472587358198166305844985
856507695833478868116283598109606868062945
1175919481218146028832831441034846285660265
1330855027023388986575946928980782761705185
1447019058278583487014876666838646972760705
1466837220978613130046079545399236115917505
1483646124107392332238998972380764696931745
2296507613541355819202340403805697419530665
2444971651821939063795899331473791777439385
3103407565985618019928959366114527903467185
3284737847991248846745004812032868219533505
3492459260740446380623347308847035481956865
4372049098344394835607785976931594874965185
4372722389473075008528972268368465511144185
5109897022300287487480925034712282108522305
5545650091440986835268875015108408363906945
5782416652671505144874525681328715536401985
6752727999005617757947385377498566305370945
6984085403927538856904615963905431639915105
9778871557927179501223097854805735119587585
10566938288027102965551366901211602326177345
11655160077342798594492693471342384547796985
13496288239771963346632239214359443893506585
14470122821881303970212852593003903516440385
14668303520838100896033108625044852180569985
17725898762781984091012346574545217652360305
17733434172394150193802617817544887816238785
18328820233319147076345586200756572121975105
18579849091166838011881117241236145829355905
21898155471906236510207377534906502449059585
25638910747040967220148896342594438173042465
28141704122187601110396120316564280243764665
32847224662444464547538185018949816701721985
33248144979899602196311149551953497012303105
33893416928272501373276761592544528547613385
37074022571292412087167242940541642527847905
37869718715198249143094504161390591262878305
40082545358736095024485609999219033032817665
41606480014875046977402831006184468103851905
43137071093548256331018512043789513857433345
43149244704794218020801421361687709060792465
43502516985853501805353173385040503830615585
43896954104021088455373482654504929963842465
45431940825100863857402363817498952940758305
46328453670514761189396912072960024882607905
55109587685023573349975703487155500580828705
58983382439441107063131597946401884975171745
65171537592386198714496260714728574087015985
72106778977161392803346344780426646242724145
74143301387901742377149295365258755145754945
74453687586489731089395253458314410861839105
88413750804425971836992033000469636533983665
91858440532061356477703620704336194098561785
96094766659110773739111041208055929239176905
98089813695673649547150704465689952152219545
104218464815136937688132622425591846968504305
128126252983023220513137149099573267478428145
130786313569116028226413421476176825189379905
142719507386680378791290928871359089982759105
144207772231811849028507037512700788119982465
152887123722536585035634850734761720393073505
158980481592422766585590226618885122143897665
168346399289150207734860472052886377600461185
174905346365137293043913732044267094084033865
190727369441861373143497397997176360131537665
197062841529004129984350387311214851130108585
209687821274858753028139991864270071967298945
228875813189443164264201572507637444300860985
282592755902671498139666096829405488851569345
297069073261306722920223598132286505870581145
326310644306403837434524663421422572681546945
348247448911254732650694309663609737895193665
373581827104238205118587491768783568499499985
407245596865094525771876030903930894637662505
514735456916738936328422890685297944072602945
530427308328363531126935971237303729032511065
551093296182421790160716852443831912878236385
562810586465292406289427221028205458810635265
565570118619014963450121359502880946583913665
654654943026654012231736598210854065296068545
718874424525256596969016168156163048320266465
813344672205703190964437587808204591728238145
867010233288137162056997643744807612744337665
915502310531733116528718629727861778081228545
1009973297470892537327045926041845118906799785
1049322885191469820635161806841676814039673265
1177059715761219117658883587886332755445055385
1249095709614080242704355769560954664485562145
1398201554754733699567909956000229136100540705
1945509299863482586290521857975503412209022305
2012729986647758693189432627820105025467340545
2036696470695907331269877386164856547915631105
2172547400320184239982859298947761422450175265
2333701781461859896687343779319588397864955185
2424625178341020934412071711633588824392159865
3843712668988841336457491965069576049018462745
3923512931128697708824521406843083072079459305
3991554127476330332463919727683799211932494305
4197226024966266919963654876112351805879975105
4364346984833653043796036797865693899552075265
5124946122903389685359301187009114732989408705
5231346387251952092341915740533939104763849745
5316485715925214447819593121163055580246953665
6350413235465069249821503577947301564967517345
6546551391913992747893983431149994996208414305
7809882662788846083790351302538459352299028865
8968646484647034732064728852827730784902246585
9315981688172328122588282620464677560515524385
9892516955910799111045665400655182609688630145
10575666746939752057336334077410916331349907905
12438439077040915585869605385152875435349422785
14089090063942564942304718922492104414299518785
14838771573465179721154060891008771078627858945
16825490006845026396922457652694596566604911745
16978046646089960712136752430806579765873519105
18008174791645745805279431977944341106676838145
18863158939077229618712807894662311406182166785
19225542239659465176915840155600510678891030145
21216661800448641305896312280721139257963593385
22575923259519236207701095414524634101209180545
27003020981643182770302279000638785314587493345
27981383081042511670445602510601896188673366785
28347865704349888828430138201526348256258770585
29309870794777798249480230836165230201239067905
35443081353568416606831341900469429255562882305
35874549016852550059002722513558043148292111745
36626211482540528907863330556582247605833827905
40398112132376433562241325172725114212043446265
49487682632739250721836928075805868618151903145
49594973679760582240633181678933792280103508865
51675912568011780778776610256177161345548383505
53164608199240888465073547064767296123395781505
57733745873975131864669652863576734745342715985
63424449875540560118277864612472678256398565505
71659355515204000091336777485562533148784687585
77656826394438083202078063483899223458294753505
93346177059438473943291982011981157843306052865
95136650062904849789453454655042962681266472705
101033951296407264517560165559094394163155807945
117478442898392350076329166977984221114185009865
120506410212796281526393926689099190221160798465
121249819456297668158361044399778168072406201785
122936357438344846608907405772710982046358989345
131260757718131619562141365481639453278406158945
147389450602941335575325060531092832116295992065
188019470073454038172710653802388477437175236705
209462182340225027522694596547301234394762340705
255781020208706199496990968121603581320404620705
400318715849213926965456616209749484017821291905
404135389253432193087793754427718010087847451665
456229883645756955117103690396780015874757610065
560018786556244129666779428604530235137097332265
602978361206281678295870432035713460710391528305
676149909378481450836765208923943083871856145465
750669087912018149737970401619727651123232502145
753365283208999625444015886799699706172021849345
840277232358104276639967210264414013804183800705
883974302259716538091299933043431148558047940545
966757480678274985995212386746344614930235396545
1081361047411124002762879047616221609268584015105
1107732055749281971608829977814479162426132520065
1111340003726894588308869714271609825087706703105
1133891619021620485067853225715742695311392799465
1550515738742789621396175558505355326897104291585
1578276297805794077044662251975519742701039657265
1714418023047666325770563212452322684374943255905
1819602114546560673076547830450656519590039676945
1854038026010241728825908190563688431905808863105
1895074785119701600705377422676134187328636205505
2030891570390793000258213858844561485875002467585
2164892491952178645435337960312607252653292740545
2182959324705271407484326179067007189850495796945
2261543092153133434044810629909273804565738257865
2781056315505833453947118778407199228535226914305
3464658623073627762807988520354719925316652443105
3522670947102306834044087248682007865838761355265
3600010284583930474994903180009832586479419834145
4248192312401863520795630193639565565821381119585
4329507978114728761663501544321254997376165603105
4413706209125016117397181271222649790241795207465
4812972228980518132271620247302305468001785143265
4856611425683482316162632970962755200324350969185
6303725815589082009407719012212540255727015508865
6313006649549188974785006393347022121354053463105
7278294849030097097558762038290141906586370072865
8088876139444378331452310821669137557324559478065
8360879247062142072476242452391089552717501127905
8404026987498481793467010910994989603643743179385
8436687300114125053503595751817266004540774875745
8625115359080787742036647578614459500494553665745
8731701002998610327345732509176576262543160912865
8904004496297243497273760722038406062263061085665
8912541157773704856248850726153279748167674593185
9844603535982602845289561991082274016143204328705
10007964487832718820711114234235193788131318062465
10294932075823102565555211446950101881558845387305
10908681278956172404499769635925079191641958384705
11336193221183504689784451204112817479033183186785
14249823523644999572691454524135175927728080144385
27715724368548614700335853060678502571143789895745
30554935698692508778384342424563388280202123929345
32354999518579645875186038705260391570165436528705
35226544511640968468117185376544271849238515776705
38689509652590150458521510396538683610190394830465
40300531434278928320737309456369657941611086136385
60017799751246941581701590371634310673866775505105
66930721948600780832334891457178146355290956057345
74146656449312606644949681171445329036724724782585
79797067825329148425678263485691988419659215814905
83608400947968548043246176345350430162640535738785
101972013291534148041916651677662854467882958392705
105916273873188191116358654021737386831806885542305
112985360260476403168635453721168597036467992002305
169924244359793168218923565056295604317030419420465
189969362158035231653468438808751612077706025884305
215699042827601667316729760492394310778296507577985
240067451717858924086078248419228559831473645333985
323548480068202856399990773308355439724255961136385
327717178242803514092029289380144610823172476411945
373020553694503025247094407081414933116827022465505
373476880461503164775610146693284411825347419426385
373913268868662308706934267449885927302688623864865
409828029860683807666599583561124342881023523983105
417548402509737169635025677242667111064966534706145
418434587081270374809891647090482893659877246461985
436955887882776288299432174119590533871958621991505
474537692205044521116556191250701020248599196118145
665713768400605934634575999125585504538916009700065
667153083251479342274856598322954985679355596369305
669304085258967607030755058322994491065268503830465
733376341582487374916382622009007729718901884658305
1019439382849756766107011908776370020205892698555865
1084750536696639780543829933572494143928999916006705
1220504970963738054330944237156425729675802061087585
1458435948288941455696896096771995288510048570414385
1586460048908336144819544370897063026788218465781505
1808311460754726798037370506907241080516405590241985
1941088889848555256232133433224269012774475549586985
2859177654788484752653984660287353084033392299873345
3839525455148424553186886545352616723782528596909185
4338934419016780564466696631003733001813696036485185
4485190461528959234501236443693682653213012534110385
4899856299584863138737230040441981737463534244985985
5633151997660729378962354005095104088066740177865665
6079461119399518846157509086699465293651883459704265
6306948147598506188341330470027294090574137531148305
6474117703883589389971119325650086883483808819258665
7039301463463911872388977089661211914108020886545665
7843011927166506799823402817815990656866946239391185
8840911761402256443518708408034070280162998458994305
8853406981722626829673501752133298402956945417713105
10217865543636704076767880231018820943843805434790465
10537379926156525968179928031328109695256951528021345
11436698848615145624522812167585191806884352961115465
13772426514533602389554289275282719933464375461023905
18324199296528369643710689094829325758885303308048705
19012636080421038938299996292492609216395381736908545
19599419160149492611672840593470043489539060577922305
21957918890126226801548942852835775101533981034874785
22014630017874466751371666687567552376069491648152705
25227398808120870358506635456012731443936714906116385
26142824230501941951946994974582639225411762299822105
28372903573883820144872703713489286337144948101390945
36068899005084560076759739827426293908820198495565105
40257165210514868714669242594215466142032558547116065
44481583108456226929877178748290681494647996790491905
49951511359871660004460900507052656375404359976754905
56040783006432490617239282375481951384538289353052385
60508599197013927907080645319556300970995521642281585
64271060983519922069919681716468579293545539940923745
64916357013010084782131744985375058070133523041100665
85327776031469171061611435119744068099939855569696385
93097233462972639976350893358610352249916692242603905
110212301538010519981018193073249177911668419479454945
144273344013074504252589745398500316452327424284753985
185804020483999704383377854245940210577286731568173185
208028528840434602269169585703091981368927381063592145
212898346990621749969415859926098193664165687428852545
224906436908031007079087447570104271409064434499731585
226945662520199420213834382721647082984334227227006465
294505178075264388636674854870356517773306985604383785
354129093211499358552996444482960748400787019379312545
365939678547285166847655325739268872426174074828394745
415463888980231286722431061151073503747561119464687105
416077182705765070402153908606360925709194291683565185
468804540409961829931018288923016670303209077525106305
555385881837969384461386805114747741697881330167516065
564969562497390743973251401590373348606075607203545345
665883134744389740617355737692534686606383382997679265
679034082743949232238663285527287288876799110863346705
816472825097451355652274553806169024791908701516399905
832101126837804064890393352307734961710717395757559265
867081884147902800114148004035636246097083336455020865
925019571604452721395679510189771994811667092039530145
933406719736385516790244918588244810215937985820572705
993521557605363752490044780611872917342510978848738305
1086740995471832010551341128010017967775639723605661985
1712928022736001657437035367611577294639589883088004705
1737263696433140019350462446164735824905366603213719585
2195994257774594725201892680638973069617006724939781985
3883122717047165882149709544597100643381690800928065185
4201555322808680370141475712596987301212368097533401745
6267813455762138479788386549368814298136077356301251265
7418319304644475559008522415683514178323844230700832065
8164690017243701939751058377389947491828994622733922785
10391422454572109071042405917446859201605141272080845145
15546180918797079047163156666693170523310774676642162865
16068949403392919154075612370341935224248372485244305505
17923264584467175860097639165854906121330421602445049745
19044069805529290457789742339929199015499748580860766945
22397276457635793273246014620534842393521461236849089745
24433979188619066254618855747877381810963502048527665665
25387991488946694627767032525016535700004715721827902145
28210620433699160968040440892404146248278957586883403905
35845091037362718642583851375056344022482870503971677665
62183753029748111580083426694452757026923925938685242305
71691939276207619931314815380198380240522335928712802465
74042966933911671592169737960479380895377034024220214865
78766078543014403046866773763363170831332554144884899265
127945526290217656395223064999943654873847884652284592545
193459824414947452611372971996346980154121802757172012545
240630250365724630362698692445280101760424829294393406465
347544804576833207495196349834023384987689539605377823105
357301817907196479850684922548075554789176710478140112385
370476272103780435119901063531280537792991981208945003585
737929915801341160150647285810955465993935518625766992705
779551322951482550340219275431845821818182317453398081665
787657096977875284314398738237379658194239612237133144705
1065170487417052065283789267012104223976127699992379099585
2677643934889443480120459459654999193401329202875606180865
3243771449934489563420280731826154811398657190689660346145
3521782835397676946933688469202532605577443098683804760065
3686709175107991096532150579118091721064122340007838044785
4220158305250029907670095973715066124089120417035689553505
4458187585944145020727100588605702609629401058115042012065
4480869812756224982980361246336523683775981809514868335105
8334254115252466455812884388072189240239027649000711693985
16434919376458405148335185917085137785166951881078959368385
17052376262621388560644451774747743728357368693688063284865
22861697425652703835393634577888462773580000863502477241905
25010147711312605793032133796518749070922859445854280943105
25712739517441636372105475222144661962087793892757688997185
32626908641764016659835532206300626943241320477872945828545
39887122855477569351470029863827572028846272231236796088385
43225442828665203343551053810841050234922320859806912515905
43617367716744687169157471518421517820008148133440053527745
54442680296009483338790529619830434506936272454094470554945
83929961868126246820141143600626161173163737039232406516865
84690954440072015706269621582516575166390900873829713283585
147465374607852928390563120422261065966810528248875192051265
175019279236748699802375519069822768297957899961168948106785
208864012142717809603893905415629383280703525398942993883105
226638977350964872855547834371681875658821442846238952260865
538117795311245770691848304369195495230138182064909290458145
839363327864729874359487191942135344679553853090370502721185
1076166736512942230986197756502078642166312690969361913157505
1204629871503292680845969376082840526401667115339606384374145
1286754527135281077618073992106243955350494847060895462784705
1425749042117535691112524948637461640474594594231085017068545
1569196268484118806906575162725706178297089963527100821817505
2215351116173516203829705825916100548160379300591878217129985
2726576000404055676888282870099557684107558797191585974525665
2768347873560407762689098818902929900263309343470278283249985
2871704100213356318972403991131116083563533004863320689430785
4696039762198264200673961742751797642394508349212677647153345
4759416662425593070513704994787452216628205301437173145400065
6889175581743852984074118147326203926713050330769828645469345
7322885982395824538656905005505911735578949790146187144098145
7401372698459427093715141009902489161373065518042151573619585
12492495099028177216769135406790403675538624687838083630973185
13877965945313554306014661145634265269366116283582085835062905
14412192513054899010532954508122570676822692536898161874517985
17080569076369804023720246535455478809404678002928279290669665
19222562436167761392958723543983155047230068977017479310633105
21735355747738858221724407770659644200025485058748770371779905
21914762632334874666568887863703980114107732096818317751941505
27974863795893090960230965223628876028701381681601300706365185
32149354616137510262377528546733909784732819106400685782705505
49619164548494076358485360085028000849457165404574906593198145
55511806649044800636187271213310041289867418635082600757950785
56744079421702130826635908825016045331676775222641898077559745
70645059546993989049525668788039137829109673814884831496080705
71202946164441873166999145103267400400048507844490767074011905
96575617503741482021640791861376593523200847532295910631907265
138253310212863641683177680521780136691136799274728648750284865
149824307412014285797537763203072744032701914138320937509441345
151382180439468784518237236698056708647325493794691330480288065
311711892590547973302819120577086071925303785003444553409405185
329217622315045581361377316558770425459067449424810872242671105
661847127692475482515635098701988524583562784848894538456136385
699177242901215844952491647476996222051262265977000379251093505
738403120358970712811833990095379996524800144348145698260302465
856832446705363063968603643425895801652503477562304269424808545
872625913350889414575685928822667274214422890574349665683090945
922723577834882097089155855930848203988124904422542752754582465
1865177560080929280362337287012098731274743038863752060923907105
2530801475840494577154722780516981189252148819675896213312993985
3004155693546863469914689737960253861534153985773941018538817985
4941808546075660419264067599369649016479539371630778521435976705
6270663452586551653903770441325536394102379106603835077625549185
7547788243613256402302713172686325861345954579662207587927336705
7666025802962800486367079449618612550940051598938093550614978305
9927261326727173538524778929692075351655991423102586482352143105
12630752002984063837849752947314580680730361716351272615755670785
14528634372802949026298064925609466349944920915994190406309741665
16130751161320787755103386812035143794353858112781193905695834945
16277008606700760914635077380808608130954166411643954085112051905
18571834138590672838737539649602176887168943632625142230078924065
21770929640953969664117438666299775090442718199831892449356738305
29262976480072221250156509329234413403512310612642811494784524865
39120286253045159687955828732457704068211848036437983688873907265
44181041092632451863994500365125906091058066549365702838575250945
47075694600925132483952687753066135110680206374164000678725510145
81589033151084250133500565645815738267723532999916357480990338305
103422473434254258406578401161628789814765947625601111261022261985
105161524805240366709058039597602269943218394495186556284955598145
113538527191204749591153492128034795473085514587333151296139843905
161306756243551064414812486850059032308088022654178585965299697665
206831713590631906199930305415404000473870135015474574175480358465
270517778706516049735780368824786736766144869871664141194220947905
425774977070736599762642651800293112652587778918654850184863207105
510165972297828862787041831418374295007705356049510862032792984705
532057082863195449134505969301410806321306212649583194092664367105
955026971765851062952603803211329311467213625612265304065529900545
1278750038628091408751750288858093432956742467782077458553726804865
1552745838841398266508887779222077058590768444594055433270772979905
1986941770042678162666251666146672833343399713562953797309232156545
2206948942280833820386780957648323379377299669825663586360240675585
2400970110567522463822510441237268053612794894629664807287629344705
2559389305441368380150335007836794845224791838083291551448755206785
2674908522805588552447926211678208272203960669774362737458995648385
4000989020688383007217443071318208557028535897726078316093730258945
4257729832547320435980592050650497881620944345772843174944677901185
5144805056626190173714951121678010732658213058196345455514379104705
5320545913501092447675195491124737936843959756711740708422094421185
5376572997524080830919669899224904570584204649531998786658444000705
7159462077869196281550233195559335160740556096112424610783300898305
13016272797835777798445806475909174990210355856569558434782677030465
13230761331990867971803226521036245353513598702573374772813677034465
15815139890654317643937302702704031050555817098797837887948139322305
26571318449740901886014967952522489811079654863007923189263499058945
35356749993598309063675779472825379655037079524233293037045486039585
40453063347551768522808113964004213079123794114525108567740717602265
141915910911151658207444810058401367672090914142703166185742311655745
177341012594819494885856131418917508869089689755681759280161467695745
185141271952530186175480693977667189861595562346293147513699299040705
194441849358859857219778632532971499408791064774642948981936116486465
275555233487498558175486033052843225721174034178141132425578170707585
358474070804634041180678690202716291459886688868341099845148478231265
455813107742864465403472983832979032247474887745259748298121686307585
827588008789372248232972619716809961612337262401865327317326749111105
1448312115717644423203587835363428419615098083083308456611197428565505
1739622701879367812707969936093782008993940900221426061083135865339585
6875635544599926867821174457124584741100479458932779291265922196819585
9047618972435603987488318917325039705326960903669701782446291971297985
14598800188324092362053456997615098206828398992104227487074744017438785
20345962912818531380995935633735010564403882802767699886384333622799745
31002029402716809723076056285173395596388361337974544972428844793329345
92759306155762341602084948266661376698494134127558759886677083707560545
98135646736775791130334272511998311961281252715947164322187965016321505
158228717341641101850242745532175800347309503811524146338053803768435905
298426881004444857035142668952028656121735559671865295886609671326881665
477200401448751408742391000348527447957160578206773218032128392863373185
491896708780692913086233336161177111688288417736742053147590609457629505
549415623484792134017815332905067598502154815002674095988532885398434145
818305869706767156552417927990671139362374156647120048322142479862448705
1022571680753515460796038847025736758295851157521699581973767593090808705
2295508589882446976051695017523797786297580125201389942619734198699846145
2324949175956856100736896134463166049703063268240143860972160152373465985
9299793838746509105394395680041254564824318671319698607092728412904162305
49703324509233517736815598642522171403771449280803971215696315214592055105
52959786989662810391421187150525098081029601150799478664269145362802883905
77154914347075639328238350277759147903920878881888601579785879550480553985
211800315034836178190722054740339982902942131858187234588082926354005824065
354093694899792799619712318861105817241976877895323554939886753585750673985
446408635686915791658245194570807497432322131244193985466843966890282348705
21964196287740327424915900630414564134022820739432346310976391168802191248705
279587678207880128865500925649495001469668644252585638451105880984496125904705
10595048795419110480015845780225874470152405260516539603890840419286709008962945
20887753712520609532567846922583920638944138819042665757801755042611335817254465
2358873111029282250146624760081781129993667737756440508938417047652057231540754785
649772796144891228010957080477620819797513477230464466785084258888187816274417787265
558040645054574882730705691519647410000213194490794024175524610490957711126395319545985
34614889903601849092796513471514125618069869647091203932346017527902673626915488809464705
