
# a(n) is the largest n-digit pseudoprime (to base 2).
# https://oeis.org/A067845

# Terms beyond a(19) are only lower-bounds.

3 645
4 8911
5 93961
6 997633
7 9995671
8 99971821
9 999828727
10 9999109081
11 99983971501
12 999986341201
13 9999946514845
14 99999856404001
15 999994510007533
16 9999999191658001
17 99999984319096601
18 999999995115616561
19 9999999995077192591
20 99999999696213485101
21 999999987162908249029
22 9999999866106130968001
23 99999999265470480865153
24 999999999568707220913563
25 9999999999146790171911041
26 99999999996216060799977829
27 999999999971275742301133981
28 9999999999999338280833596441
29 99999999999897954636245760217
30 999999999997715333333334638257
31 9999999999992120575778214881653
32 99999999999935667594514464069601
33 999999999999335453855328804840581
34 9999999999999563597935104589200833
35 99999999999999652165389174167568541
36 999999999999997811233437196816552801
37 9999999999999931218572469875647573601
38 99999999999999952277124516051866990941
39 999999999999999931801348960784253144161
40 9999999999999999926649144624150393761341
41 99999999999999996227487922057960021477993
42 999999999999999908950734330937085375723953
43 9999999999999999981345268362492217742986513
44 99999999999999999998537883600500991854791741
45 999999999999999999997228466430845323554259381
46 9999999999999999999682173544256124101309080081
47 99999999999999999996904730171041547401065216241
48 999999999999999999999424097999718312025038021121
49 9999999999999999999953696231211497483796378748021
50 99999999999999999999928303019687159579392009826653
51 999999999999999999999948997505528709983351173642537
52 9999999999999999999999698076580990300769942900696953
53 99999999999999999999999858570375127552280851943782153
54 999999999999999999999999996167908227350453535090152281
55 9999999999999999999999995536604845608090127650418002769
56 99999999999999999999999998325006136823043508328859697633
57 999999999999999999999999918556790623822452858053471851681
58 9999999999999999999999999635046821619452339370757089460033
59 99999999999999999999999997818759699533892308462548195679689
60 999999999999999999999999997205233875351118753386190958614261
61 9999999999999999999999999991555757992198541351885998763974393
62 99999999999999999999999999917315085237263781814511661309592801
63 999999999999999999999999992249490141540824159573361276754590073
64 9999999999999999999999999999146902841626722300091263411586564453
65 99999999999999999999999999901016539159241866787320255436230790581
66 999999999999999999999999999904454913504996954593424119017651534453
67 9999999999999999999999999999913066279393831409267108537311924286941
68 99999999999999999999999999999021544022239182857859880637560913239321
69 999999999999999999999999999999925020605913236202783703348245236328533
70 9999999999999999999999999999999512611523622437647375640005566757274341
71 99999999999999999999999999999991221381317029406598093291636425912803153
72 999999999999999999999999999999028213152589480051502518981241948653139581
73 9988060247201619068265783045063537798653197177311920792688059226223411201
74 99682711507590855444721410646352834012274868485611070803609496070595759521
75 997998066219280246035626711702251655130281165864913689806613439070030611793
76 9994355104249891989793655946457729336863580798067057831997969572687641355521
77 99848194200563750045374752671195737914727080357398857428129797941477153105057
78 999917427403135019213188380395925933459677810481545147588913006281772781396057
79 9924949041097441708135272415666985386388502005602047302194364558477262956923051
80 99759290063591448834497692590502911801009979292215891636946456207932072956620401
81 999538182743641583023169121045739856474947934256513545109812934084705340601731573
82 9972352921896998677239942302742326330831867326209179039077201078617323062290347377
83 99843358434090365260474069615646190221060830809098392994328683771401847802454437121
84 996870543822406148557167263816104290372489303533601635516680449216302497274520404053
85 9976002181769637395877909298577782949602054545081281323998627602733832443910282285933
86 99348956964773447764253888579025596824483380094523203401041145090235625736296300421121
87 999468907388909029695007854604614026480076316995996099077348436190871427051845402247493
88 9999366081498502345901603962251109497644909382903816898365632842920685422423927899239933
89 99680812626572926799461838428896133418543382985815469377877197998548718741029548186944641
90 997572017834851973559798117162337914324310105029244205126005698865838943753286543029924493
91 9980933286398747214575878100782874576668950451843416449490699373995486505489756754138933893
92 99645043759593871534725527768548753767015353877131906742776264520551288102655473832133440697
93 989991188048285616470945726332788101877939349541674453652057911015174226047508086374116640001
94 9996243287444240742029844309126011991432625852146304717683839557583326572080296426170345763417
95 99646884960291933308504088241075538678557160814410606290187143234462403694388370733689571347233
96 991484522916636079273467833348566868478129705750835376344473246576024605618404423290608717772373
97 9967993943397323995858657829145044643921581981218252511591775477104006409195517856366440039153033
98 99437565282025908411411971821936241317879155103787293658550399234456083567050131175641307751600701
99 998450260155951043052377812013619414369808326293588836534625219867367601132812055226112164798865281
100 9967792095608901337577144836350310768032228414896964434910552628784702725307207640993369370437761689
