
# a(n) is the largest n-digit Carmichael number.
# https://oeis.org/A063400

# Terms beyond a(19) are only lower-bounds.

3 561
4 8911
5 75361
6 997633
7 9890881
8 99861985
9 993905641
10 9999109081
11 99976607641
12 999629786233
13 9999501351841
14 99994742993377
15 999922265173441
16 9999924433632001
17 99999201310035841
18 999996386511276505
19 9999998594193164041
20 99999909886025682781
21 999990008390175972481
22 9999914811584822124001
23 99999202256470063229761
24 999993932700122117162161
25 9999899365149924125011201
26 99997665086539735905657961
27 999997259675910851815004161
28 9999991107757037064011765761
29 99999888386728525953212707201
30 999980619128676707350848783121
31 9999796646336663224455217949401
32 99997945631591253706064425800001
33 999977180195425595235104638569601
34 9999882532936753576555051871942401
35 99993666052054715186313379537384321
36 999995388870068471063867576222897281
37 9999198212530651904124841229836245001
38 99998970273544727174908055682258700201
39 999933157167977175302634044361972949081
40 9999395289961325623179795678393808332973
41 99995229716325186404835924467087707250401
42 999998766575433470255972410932158956668481
43 9999689756785379360760410342622733818211201
44 99996643773669665411027948184506774849583361
45 999865941724642378428767300948493373368396001
46 9999724157155156726721081463197980144382795521
47 99966618784857356453158394431468418842804149601
48 999688511554068158372470599136187365960032952321
49 9995017210217573294574867387395204041075752960001
50 99998131443772285674305703155356093204623157440961
51 998887446339120378363917806474741762743377760778321
52 9982928582417331568264115251168543431472241756304001
53 99990110801741305803503486597675880818599087730988481
54 997435732515839286015236869517863354838513195754962881
55 9998791912490214173867130737926786827640769705194124401
56 99950595359036512658678523614503380084160985498417271601
57 999772240434051375234930365192646406717569051947413041313
58 9971044955301038908681859669567634709985823795977292595501
59 99951493561726516947046926400949301422588389701527035465921
60 996729048501314615472854136907831246819485178312831530098161
61 9998855344184714388856188927930861790243320680150566453320241
62 99901340725992647751703405069237676873733950166576488724318481
63 997817397776199298489764280027236079796643881536027035344985601
64 9997976303062761583241376609836418145524438167780257024878811201
65 99803539842722878235448010494845694906640860336342156325248296641
66 998529970781499034462499620823326216437353072708752205214827340001
67 9965545609768070363015130029471126828169017447501420712621672550657
68 99381354317080395985482709224316630807491251361764816513209099809601
69 998309643904405920973454011264783463111104783891653631149209164625641
70 9993855136129026218181466342155624351840374710803172601958747804875161
71 99983013888769384447547317897751994042142854753433692950670632299170721
72 998668354693408805743255802514392462897150246699825809659256795654848001
73 9994344286122729959000648882198308615279984176558538566192750423151152001
74 99815713991861126839624566791810038432011209314396642179115803893777481841
75 998619797017964506726880013559315743555016077193071271842821771713383267601
76 9994355104249891989793655946457729336863580798067057831997969572687641355521
77 99524043190380365032627205729680404188011483771837923791448578378335016870785
78 995352643463136135943107834408409283475441622207020744184937092591754976739201
79 9897397887878373499724470365691831947110450201834913790285257158924010145977001
80 99759290063591448834497692590502911801009979292215891636946456207932072956620401
81 999322150825756917967226967452273538209131326786433139080668771283599104634414721
82 9989536195676347977101999279760761506516100183512501763934993843803857182489584041
83 99843358434090365260474069615646190221060830809098392994328683771401847802454437121
84 997362021092818360309701053766942989875327615784875878312033397630934509999319468865
85 9927230401031755606670487999761914429672304747437309390939377754467671509115398489561
86 99348956964773447764253888579025596824483380094523203401041145090235625736296300421121
87 986178217213078141605492352306536263930702859191273156411649462540450107315974635229441
88 9956966468985305239654446514826435585320594391674948979932431936846030175400229205129081
89 99680812626572926799461838428896133418543382985815469377877197998548718741029548186944641
90 998180279903403284019619924237731799869430051869927367885334091451139526897200258276569201
91 9913488966543546225789637061768521212927423577680492006061568247012147600722803050435624961
92 98079425414183093292772430016803589405842924809923510899343613312776284284360923517355375041
93 993111477149355025549323246812770004741759783592207057747616286070250096468339496800957051561
94 9844960926290353415613420160983856380692958324146296988527791335160254833911843788245985240161
95 99953460835917145886692828082556110531345644183604306085042124827867166968280739210592619178281
96 989798121033228607813986696618133768046544895925315509123068386227547783159590921295178642441601
97 9926835183920988637780157728649101511730577969867479555032237047825060884439875521409364802400001
98 99927070116355958346014816836726552295652071400640415018304377534249479330649333380010243786205505
99 998450260155951043052377812013619414369808326293588836534625219867367601132812055226112164798865281
100 9988840728367562917543297938931130692352705314132641168674899593152285204444201959059232092655534801
