
# Overpseudoprimes to base 2 that are also Carmichael numbers and have 4 or more prime factors.
# See also: https://oeis.org/A352987

84286331493236478328609
238785721672990932002636641
652162324135615141105247041
24093635618510843745257459857
70201340991569558116402968001
227771286623746431430565559601
364543837598620783648982405593
379761920988045627933452831281
587842501908060265498668978001
852094992418367767673138945281
1368694721729290496203016089633
2002635347236414389575345940001
2437443916983976622621799865681
3167470077082470185005786098433
5505702247696344017805924008641
10391807355519825575323215933457
13382452004298186715268710384801
17417673663161549960021158512481
21302371512974194634310008508001
26662226078360163563063587743553
39490030829120097045698850411361
44628724197148881681527707058401
66881583662363279305861165297129
69179342843172823012163248862401
76994618157758554556569340572801
273458689212810990379501410911281
292423443068103911528459252608801
394011632924304519812069864833633
401838991863044826103804699709041
412192953065970422677464231121921
556414872104916001114137618979201
1103991222454722891428788042700161
2571469406672422379523774505676353
2617446114842174254821350818326097
2699020620946888509427982918820001
2900001849841169520098271726864913
5428835230288836691927704445828129
6478499873705946083256571242490561
7511724697193856147666447750397249
8084354479037248791129340994392321
8833142055219042900843207790291081
9506357462388666171402893101570081
9635337045104371040969860299937921
10337639827910366709435308462298721
13693039264673849279947083464462401
14459218996995048292983431294194801
14549166520423641138258158455740961
20567320971345954717707965565530993
23230410128724094074976941708942097
27250385977795907534257015300482241
39734073355969068474918050912842561
40016123763424959216769511822962129
42247899124763642957033360514057889
75528180024216379214277485754528001
79888915531205299309263860477375041
111154535495477730216717105857750497
116485662168299514834052417819582849
126453510483042947332332120003223921
127881284506739732843864427975583993
178909110598955733602233433566608961
185713234088757990014027690220556441
186964991840607848386047923677480801
216420657234070004916006091242564097
486722152055844412739584351049862001
599865171989739498812717008455191761
722720466072597275407824176336099857
878755653262562063118812520874098337
1053468041013649689488064864261465841
1384750875024305113621963687432394881
1412654379691735729257992118135863137
1417149344189005811938667590100166241
1422182489829320536949128098226252681
1444435600521430070660187384454544401
1578903238917001884404651834100974401
1756370281289148014228100125273310961
2281712229262202315671949869927478881
2578471143585361371396822847056740353
2906781134504119285196168274690695161
3737395414662305950985188031878850401
4414392580364218540394396392493990401
5505316966082125483574130958739173777
7191423162458599875951078367188613921
9578262813798239250076375459064075161
9960262464867630729823843329499345801
10315407981593789994506158672484884921
10443577076259238298026435180849907857
11987173160813243754412359011897254273
12208816539872524512643896622538455201
17520515638872032802856511396483648353
20161652496425346192205109060042048161
21277577823092410249686552693086941441
22554487463331566330876101935996306433
23013716517279489604203750308266677313
26408027130092288950663253754042930433
35413475331436671573427246280261246161
40320892346387429122547266884890319361
71444687256373062127103823183414066721
72705315691229014544627229589189379521
72922512159250079700229921987306936321
79670152451316094890837981167319364513
85830798714363603568435460362034211841
103472754525079015133782504739398934881
113780460749203628574015597474785961601
116944529669758053360995772861548144353
131237260739972516252829218526797048497
139125746605923004013836695880402171201
142450616464056302326538682734413403041
147201398774748273148111019681387739361
153342932744945561645362539210160546801
159312208609566726514948396339931013937
166631470879518961725638558386272134401
176329863142329261315883769907646731121
186603887698066120784693292503084262721
188269013527090053493726863679532555953
188352068255581132918977211779443327953
197271697549143068894365125484911952609
203743261517621166973464280048400941441
278929040181936975511963240665077429761
296991077722428726154869663272466660337
344836455755874202810930880953218119761
373861478801217418037321094213212652481
381246894479116114053667179032230695073
459519376652923043789480903530942118593
492931921190048036553012355686403825921
576141300068943282822421368984894275521
602968517775630875484495448623878459401
636249068158982389800275438327054224801
795412238364726223655605256624798161633
992619543595238569773479173284730994401
1023614894539737339236967994094915816833
1095263819118696847793356614529265038561
1482918856703852277990995514161193862081
1512374651413395427224421970109143917249
1522168434422860122804302609522571210241
1762030040750976066639980225236015524481
2019021332439974088821564603820950723233
2101521307644842314071399574997545017121
2210604607885019877286137750570522862081
2631059581496404856818800653228837760841
3080517488554256261360091662709856912801
9520870786944618437620110512636845844881
9913957944958640606863500773569537538113
10233640895152208305254643557074826322561
10849212322672446490844051455125386799361
11102509681717064119923928849087681624081
11765523946318482184593377400235348017673
14300075489449055495431916801780983635841
16489210064231164746691696799853659125441
16759982453460062233114239483217706969761
19912114100433693549576749056395224091841
21589511588125474863241413227824108050721
22116217860170551218345551252613553132801
26116901775520543792201557133641472543441
42999223078717429747205388196025351369353
51168272902281814976639395095931657012801
57668789669676523456183032285159317656321
58382905819841806106870593335341683087969
60410829951994006797792569453552118595201
62795553214562682136456577683734606360001
76073303708234150446995039298602647164633
76587687111391653888705121133700864889921
92474375571155633758125176848970177104801
102021334675571529261679457238472022786281
184427342781088556268761229124618136253409
253922320723705766029309857263652521631553
312627309266935091914646364331560647467201
313489510255697094505199327125898528877601
317225290827492677011271897833899535141441
351875170777483388989563392313343931321089
483360872055992550162026539477123732544281
551592268685330323782733277747845315380193
830993786167102322074061308779277145755201
1318500145853177546130842669453523694965601
1454736294951541384347618942024284945826241
3157343757823970959759947380425728583752001
3393207326362887226239952535670156330174913
3671872609094524152575035298192898561638161
3848515708338676403444146123852434164444641
5805231246207180356507676627834704416816321
28964758764918034851998274632449902967735572001
2903990552952008013837935387303856838391173621441
26443753597988302064741975018501215395754317777669534195294433
