1 5
2 5
3 113
4 37
5 397
6 1613
7 61
8 953
9 457
10 14449
11 30269
12 8101
13 246241
14 107367629
15 384773
16 312709
17 47392381
18 184481113
19 1249
20 12112549
21 1759217765581
22 54001
23 140737471578113
24 4981857697937
25 26317
26 1801439824104653
27 415878438361
28 525313
29 174877
30 368140581013
31 118750098349
32 108140989558681
33 2559066073
34 70334392823809
35 472287102421
36 9444732965601851473921
37 13334701
38 3019242689
39 604462909806215075725313
40 4977454861
41 148067197374074653
42 23650061
43 22170214192500421
44 579017791994999956106149
45 8861085190774909
46 4611545283086450689
47 2416923620660807201
48 17637260034881
49 15975607282273
50 53425037363873248657
51 473000157711296729
52 1041815865690181
53 37866809061660057264219253397
54 1746518852140345553
55 1453030298001690873541
56 10384593717069655112945804582584321
57 359006912765190408181
58 370244405487013669
59 536296539263941
60 4036962584010807014809213
61 6027043735173469
62 94291866932171243501
63 90133566917913517709497
64 5951631966296685834686149
65 308544695409769427309
66 449329386292232535250647435097
67 165041853060421
68 921525707911840587390617330886362701
69 12763660054721
70 180846660913
71 661521349351105339668937661297
72 12004541501954811085302214141
73 40544859693521152369
74 11011808951971745915313242336927641
75 2854495385411919762116496381035264358442074113
76 12458723489217613
77 24865899693834809641
78 2203942033439148343973
79 30007459254393181618012897
80 27037028118448801270021
81 9716134201585679932947173
82 12127627350301
83 187072209578355573530071639244871112681892570202113
84 215656329382891550920192462661
85 41435606371227835355919073
86 175739665310505752968877740350313227534889
87 2430065924693517198550322751963101
88 2995240087117909078735942093
89 11575709336636595278866333
90 95016376135553173181
91 19125556519918081
92 1258710725115650761
93 4029292065629191839853
94 456376431053626339473533320957
95 20844252715379252090938485003447004944677
96 25564774360363212740382247547878573
97 8925278993793241
98 51480369709170501304394118553664009
99 1008116715344410461444141839610180239223178503751442552629
100 9739278030221
101 28474083676894571496726280348891354240661831606009
102 76401557052661070266405340180269721
103 496817081109150685921
104 27290812893120485231161
105 6920400848110359047653995057624941367485834954585997077
106 20111008087273
107 1131832377932535124189124787988905860893840561
108 867988564747274927163124868127898657976489313137639569
109 142406868765525436670617
110 2380142106509122200127345885819001687213
111 2705981985587527191852752325795076108854553
112 3192261504216112476901
113 9447623200404223747744805461919020208953
114 21535805979875847804128272826013997
115 3931002956111648245378728475226109181
116 1137139284834559382500297
117 722501809616926841
118 2408840984250243046611173150925486103064449
119 883423532389192164791648750371459256584513952652893606156996040365965313
120 3533694129556768659166595001485837028996511802181406170435598282024550401
121 1753477469677913202190537606674204157
122 1008787906424294727221
123 100319871877063413185018007465640733935158188658416446422313
124 5791487405427228378717709
125 86245368961389419078481015822433
126 621109541542884571802304568790331501283098925929529
127 7226904352843746841
128 10073811610622418028425741738319757818107396980605471702450570926313
129 114193878466223527772144221955949216864968539889
130 219681126844282487641411054552829164292094374447461
131 4279318502765963680153103023323603817
132 47565948855249030607648469764544867603199396453249495641
133 10038055841545956979111137292020661
134 185382112947811828276076281
135 3477396520339709531699943780276325113101
136 275700717951546566946854497
137 225117233926884384606401
138 44330544153812472562387530302993597418712010163095512613990869
139 16876658717031589479860902742568825114336243721
140 42430753264205191544205509903443731248177379622499698300170116993673305525189
141 3108270227561166513471139050917630250627849827446163307471742778796333223910258298061
142 23480412082098913326841
143 27104597605222620344658636930905719658537966922119059605669826321
144 398410160527221094178749181184472290805236187881699426313
145 50455592168903227107903715726570129520096917
146 28957956380769874950233378106381841334009221
147 9041801377211026170562298804509441444474688829821
148 272007548484389196113813589140615077929661
149 552173839617265152659704124779513957
150 15971330269144846039246876225999124906492824909441141855981389550399714935349
151 77925614902328634480464127349
152 4661238510194037168171640348416494420579729021
153 546889939021685433057736691102762671948973556024580503929914710243151433970315133
154 46599659711047809652593889369
155 31708712839380693639084162903122131487175778757880224663030412281476609697721592057097
156 15122794963477958801767628736641696877820044716621489
157 15169173997557864184867895400813639018421
158 108949095809771517125302430496978608561882505209357
159 941396844552167207405295631468520833853321097281378533376591802258419089359612381121
160 1260176658389613436649482957
161 20771818970392243836470263731452936244474866163020311768392678268525318218329
162 89295869413431533471180244960220417186167213322759001
163 676225826717693246267753651425201502096185217869204605841
164 57359552840232729272050732344127387095760550049341106277536966974866107800837
165 1484943149750594078473339925841207618951167421144378836638232405672667978963835563038783794577
166 1236405128000120870775846228354119184397
167 810588698942075108925924575715920568690550140693814498830552864651471361
168 13431124120336562918666975517036239789950504948468214261420946773108132277940224495937597
169 6076641073580952475695104794440298557698483213644441
170 102671532071844990337672376582103112849
171 514547592795563165706564951879355960859701
172 9092066631772024419721
173 8155560532912743764446220549478473972441
174 71886806411385266818871175012413599350287882353789
175 657605388714787226759598226179270662456521
176 18347988927920572092886567162416695526372519913346248798338768106859275713914500070771500472538615219486721
177 1233543116965757249960186045978355098736794559825696610738581566785845486218161
178 16626056552365093538112370746362015693271895976713
179 3145185672054137784488534636638077540704689552753876876520635956733
180 685768086213879870822884038313998613512717997
181 1339272539833668386958920468400193
182 10675784729679713992243592197878625185297616730291770841553592167207738941
183 300613450595050653169853516389035139504087366260264943426013315702268533480936328328948524855350568033150042113
184 95182145276032220952887590829559989957882004841669
185 4376768360872861760031758404910303809066590647902070989705658651666447738499753620859601
186 368369611799940446768423995249736531020438623110694148118590026541052243923101573202476429301
187 1606545773279325100753216665442817637284047671432352410624001
188 643140441812089542905454541325063138146515420520205671316030911067522417744362207143248681
189 19374604600475631905788312572374943948829658143534071951076650300376107132677427609991909
190 146077849095258012979038455861030312917057687842761187789973177
191 796732921351689778028429514802841413308490080221880165043342071066639149
192 4123799501879742337097171753935219884236636973702835509033461793103634521
193 153863873820448335737269313228545091582370817
194 740937845723768217496178586197479645559424891924155328721323912096182804542977944276773
195 4607199245446735526396979761573315938962515016172415277872301181129066430193418592410653479532030129738241
196 148872056543513628821642952172163869
197 209086520473378319758803015333608547221871242913009008051822576432523388981
198 278250615653964496453789380561052231353575125393909944975170902735006837
199 185155691294150619421
200 50413349061344713980656933915442680983935004502502523729
201 231211221365136401660508426634634156276006399514316762272841324333642070061489755389098909697453461772997
202 4343952637722706853771280086533392805261
203 62474894279346163099394986996638655383444073179820270094537973613640797069
204 13336720310605842975259952816448849283990680938489330771771124722348868478590337
205 76322226733741791880102224082789
206 6629779253617808212577131602784892270157925644318409817438227184419395425039021
207 70982860646842521026353258216696559196049790022985672261
208 1251163891299967635860272509229764287909
209 715184516961555073718763152204309023374763734759797329820801952363803521337
210 61215612744362229891517172886374051822671685076055638391932761
211 247094426455224525461990628799903470541784293855807684095709
212 536640191949478471151063687160773441802481640603401837182503852092255482451655337073364381101
213 755329623338365767690003976874558819319370593128035091773
214 491173083725172740713871230056877
215 5021212857211460545431575720246662915704947247012537535229103913
216 2462843654525988669239501269502065212007715024348408715241952545162751012208749156397095709314494853176239820644242950333121
217 2714804953442921912706470542501
218 1242918828844873812911901981613600813540994700977415372594292457823518264146350640662974065115123273441335573
219 562428917603422426410519249158018509055198515761927106454643936887015984608067863534177571963311973
220 84998535361121926317825290336868414402467054590903922313327679343257
221 21770500743334902390232636763380303999940453678866485862332373206777733758314817576740365328171527170481
222 297518585659725800133717615262210026192247517437901418982937846097045544005437712492264661
223 3158839865138344808918003626275925940303029
224 671048202247096343034439578787654778771797299271267191082765173697
225 167492662366086159754243716971425975609769042253235653089858087720535378464975242689068993
226 5826957718315520568633040017293555450660222118573613540472014058220207820032015817
227 276505365946489396265921196884370221
228 372141426839350727961253789638658321589064376671906846864122981980486452795766387922536388620964160938928854673786761803650320718322728961
229 6261723151446186463290924787550835342654946727586561553
230 443569338979894054090701637906080705148970910378363206139880256418352080409357535502603463736256470316166317546057941
231 381245244168307683916110189448251815510606591683179198413
232 934679543354395459765322784642019625339542212601
233 20302309294704931122598601105674308468575275657217112120355141633083494145900946314170113733
234 71480402861675621827588464800435686040398437348131862678029
235 13069986864076131112511481053390016640271992301459565850340749
236 1656356227982058657394041821129733144353123888780393
237 964940030786362496024778501055934983034069633005358801247485608101536894961388465706602405381440825127901
238 56836071443608698851991785350698048717877631023589943482165752163457349
239 35227740072249929415794245594378197379232110032047681
240 690334244203667768780188232261447302669446513889511437469473686404677228258113619758096230361214201159016493949
241 52036844810534252870493289590184117
242 374977879576343942460423884051937400901
243 6144793408643039671781838523123136564262878350989411988346808108641719181
244 350000113790274485117608195498144854771206594206143335374881117929449
245 303884247595513633964998216124945852558847811385278996404458706697
246 83586746792166730234950444170453916248790250609465237264900219568050856355673
247 197641128914857897767608810041
248 2974258990777788509084966006651256422818583437165134160996709189
249 250725910414554898705232362551606870630472122336467342388374089
250 6592352576422405842686679637480708650164392620241
251 23955200130962885316031188743472921551370044637376885100853352090103419603199281
252 5849536035946943021725873925722340491384209122316361
253 23299139900642135368682920483464340090358513723577291781278961
254 2942217275446836060915662955633008904309423811233656353
255 252034617015131423595449410423536569489098076053355833574552632139920437893909
256 468383649705223522489840060072331811903055628901420829
257 4703926977279374565197888130749239443491820058201589517278230851784639293914375180705738625581
258 1628456355410411547509613374150158051231656743052344513161858038422883778013
259 63508246255656419476497530845836533234603640097242109638332271037652783578416125981327200758409
260 69942606743667323359831455665538654122351296133781405313574467496259670721868759285318910517215429
261 71524734742969903728015051968752485005803698463404930100756245311341924488156267434225082878661380071322218753933
262 3065581111593982777238141477447662979750101
263 9392396536849310162219679060234990926569354610977313388928101121216194183812873986720959197944361
264 325677219500088789382068280589865594240446411021613358474846182871067924321953
265 336660347301294900786909488130846712603057391861979903875843544923655128574249514931507881975332284926309
266 10302618538463706881919168802267214976698025268786024969097949007147098082005358484869
267 56572100240550827493717760601840252805820555191884341619239678481
268 433832252080828559162129980719774594106468749753444564315220021
269 38449218738315469929205966725331314088065108320477713389494264194381646386092646421
270 53998160321399444864854478827138796226087104782101617897
271 722628487007333300889070952274522903788152000950317800951137249137593238625208293906895542820245972508757701
272 58667143263986421516267329456613824034637210132132719276662651471416009944414974681293473225275567960288728818761
273 1900764616062635859310295270842876366114322092780097
274 1496065788071742890012822928063153445784598021413069044090849
275 17760830258779040432995274039068504510656444594752334547806268081
276 3905882319245789677968338961726814899057590774820715155192889264170639572458833909055070113577826696814298234936017
277 589714615922410300690986084250228909898781883621
278 94349060620538533806038864524706722272923030510411010709405157506140604059803721301958901240218896281444763185086744231830023931842905863688854615311926972570714033357
279 59421461573850504006982847948661818814805487210212023402297579182507736713009
280 727151598136704709175817482455241543644981786172521
281 6038339879714466163586487329581230225467073952666304685401930080392998659827438163336248625170473444809613830523763336714319009936637956595096844874501190241674865724621
282 974302344812193037047033242167132772483528759269329224300359163273521
283 262240094796597243398803698701290277956077074504877826371140929
284 877413699044682963205016857485187072922435591963938934646136174081659663502250546814351103843678136617
285 1237759397860761078663675245265933946628311911155163607046752889205396325441722880875457480984852804684553922008074753076441560514465579828585775722489
286 54548448417035525285296706600697802231332535444840384058588783585067967122373
287 330694239512100333740526418770125403301
288 424542904202198496973482037228766792037254377244621
289 34478559847008252667865105115632594885274778766245257481539946813
290 9649512089945435449267166282745949963716641091869925195000985158909881293850627735805348326497
291 345452034724403761908154266484106477738844668414831610202655261317305351568009
292 265073872895903591765282835094842751905542652121
293 7296091998331006862176472076795786955466649660669780453254758955282799088636332463613918504982112194304549213961
294 1091803431492504846832486277706826923179735412515419565500865043600869499097193
295 491520739753705342411404745699451850502832390064549409383863309885291021149029952934812506517
296 2421810995759277297047906805933487377898749836098852848331262650781493907381
297 99405172698491052036213280949468938090897764734943018098727448753589491133614402824641
298 2218779067499582339067290978353010236951779059077095769276334837651692278800790251295975617420904006591344801089
299 220116836861523139590966646441081657640475369403154266557075567803180941925678925655846764793
300 3571063752373727959434120513220011301363863161567383982128636656862221716975343445451820353
301 238036191726442289473437174240498674032292286442039646843848246081071829
302 470055724908713162354624693928419223350920241
303 15403835953879173962068206058299265602737531886153737492481382867963001285981734564522264468576268553949122452441
304 1135199898082249374691145198891272539453777861033937
305 70215922956051621713037377195110638684576079957295845924735328290270267776117780526372201309
306 6798566308054618863226729043871598429818791906906008616952884968965165566218908707061280028942786735567620573615483003373156134599037061786593887711927122601408878992751613525311147213
307 4079916010527975130254169261381019387581
308 2026369123595988810004099506521517256894109398982031647011433553666968990885685718054513626017408660562661279638376640792313586236623725014497438823877
309 12203320867410510188380523611734609089956226029533122299908988086065903907487610670650694359762710901
310 3173992388626664064950122306645081235260579355090590681
311 75503007256403708051219633740668982144451227849
312 167151693059203651258538223678521800139589649629368247829683865124002155584217612884019447563002501
313 1067447598841776328421379252558671843882665064605130101887661085801377328657400410374119913
314 202391023407225681794615256965768289286087774094547917827258447102891319251335420715127869543187362219036460777506377113516303967022865111837907877
315 249125861310291586125710797989904209165694601157214329912105231226398795497035739722559861675447895954629
316 833133922512264080402167723600665670628391708609729547618954974696349866168680199439507308365995179215712997102668751529856709
317 2679159634436914974078747076556977904910962873770090675108401861724136136667005582217067318351005323357610570490867461
318 1239452537550808288249079720930413534943035207894657500153070319066681282243033
319 71992868104862874131923047022493281388902219014902053
320 95690507360462535775099658477314459779397112691464335566326639701783420441132586004318240645469689998033001772250101667964334626162614979535401638881469340617
321 119392378583983810147806636590501132476590273301
322 963611233816092061724479829975289020689208992300574155588201
323 5520892726037575422778927443566198575488546233712998751593111884607229698680175849210737811254045543786744722800872261
324 5429533351511805585006658722730752029745418618994929389155633015130320430509567021365360669288545765302272826886245986653265463131015764805868334006968185122233
325 706208464866823625847762978542597463702615124802481240296947317973
326 116673471615955250495594573135811240886324188129761242915544029656699856458302557265416070842833803773721563973361830433807413
327 37852713575044072442602976686477195340550941627646038832217033875268367711014773838107321467695623514451103009738932743894597736848801
328 4441995751368686360414408727712997300350230683734857260221007937253405331876493796344839979541422201894479487378393481
329 55459352944091145250021764539420530254739635048979837544303037812930355304051010223933691398348915985122661845856141
330 107773378626413191754138681045904178924951040854961203017588211491247552655545558337263015187071949868548958480669349450861
331 28027699602909657254578457463982501177480794841910647096887392739979701778700734081
332 14779740722240921316338010949994908141
333 70399458533638586424520424370937106046542520213642377672561249881938011715885204355378387143182128654934893226017
334 80980464454106978256638665141825049402098249769075874996220089267286367135046437859600120800311261
335 312119007097134742328978209700769058421902458121821582805367454109670158835039663246756558186935608062761438029523087241093
336 3766916035833225339169894867148503130420981999778818727918035303138558823658264533370613649962816881580380185601
337 3204463548752589209197376298431645135133579703093826615099059138886261772546256092425433601
338 48215097121156108543119614270610794007869403494274343520396197190214727056214122675454620850659755699688600015553361499147543262717973907764384036585016023283814334850680626799656133
339 140080935347599525807916753409841603960972249280132785283776683660072114981600309883876907940369300250274478096460638431743278164900263192495947544589850178954583455274090641
340 1495248534514142522725713655946758008313433751379919088823926933276083374444560702796609
341 3664773970024223087517416442099268139218603471442626908136192177905486566332521338592880226834029976249851781
342 73486196878999413086948188041901299132783400492335253965577982491326384853593467832181
343 249735414621880169158988504658041221092146384320885262469877
344 1468740189804690923425232088264573275022160532415773331255918629926081843453166608661532611698948364558477850211276407281371277758676730864523825546938561927004984028662994621
345 2054740586542333401266011673000050259980601485477802288866515977761223497772297196138150990733432988760511553476744740400253080461536772297274345582421287442967039386042212135217512595322688329520222355377357
346 11505104617434736568103403121113182529875533430292311118996938077679699945098691551329
347 71920480081530831648559823893284732966343556561830873533821593195299195897428033124233475700200901
348 2501820684515174666551583246827580263219557920532382417
349 22980105201316048552953673759814688716732851940088258106155544388383281668335514650102263563515391738622348638850131228546240209
350 127558524535675383756270684374774332045734549459132614685964576226635378461716973531314803851614125853743668678226534946372745304617998924275661418650053
351 12642394631946542929101849281977237099471949976986814409149767309
352 992414235754765766430898315433354713553469007980721
353 253962456907450961746222549917900702195410167300147212434005252550399765750064004648329997
354 2949513214324098356727610935788662195733142939626370610851981717386811177601769604154635572109595842675696751982181349994158336421
355 1812673578356600210879752096461461361649039879309187220192081088333809124445210070173665118976718279015582499941
356 138293209408664718522469268171679594825286238289018889760747374770243093789445237065130541
357 1681611781109317292260742601855192870737698627200468365709442384979835885027733143376899455909101
358 780437137578998057845399307448291575262878244279326173770048941511674421900523662965108755203876257395311476807561386644906100884433760176570369
359 70608721727143669397329063206635905775999573517600208514227485669740369666408575629751102037349451112150865389735314089035290166062355682155269191519129255391994759567685696649
360 57921931026496672031010380889120808958100871018748615224988736588365467329467784165353406291604111284853
361 1271404156872399287891737671484856348156505553205833
362 4616108655563775739090699516490814001344516569625189595571638012139044206901
363 9068870519609321750936555034671139086862571932957765269177284094583255475408078135232256825116586822428351517765983544937
364 5464171612300447210727190275820165889191156988436383043169124086458367078939566066881
365 110548536843482561432129043347858653112293538394977033601320867547717504580370796410422313557
366 43926507332052892403112886588596087696571409473110653197452765943060765474318911511750485661585916482946608373564850420928269422425215398120738660921399996918631793
367 44399394252774652151567131602624448846381
368 15726591482356979687989146047539345080096165816636171525281040503193902102904542005439946212596369499142409
369 6937048690874139689845540385319329845094491476162930986918366899037948020063916983099509793
370 306348113621139151890476907209968096287281782387722997453035538795443747920162046134390255634834352618277584534337503595424277
371 177490047806507009008085935682422722860745950615023125438011746177617133241538367617137429320289253306386754379857349020822288774198668879101114359572384946886412424957423513138164320637598749525841719729225083172149
372 117749161734548097501740887198014996001959317981380088323272083317826479112205495984276604177310521
373 71901244651437494621203020629789835816395581794436018836334251775390087232955568362289
374 4690120849311602564556255474617048571470527313914763048571068784867108772954898375230892532182637709053162102286117231872398267942241123161557552833145010401132718371597103957
375 334079556793235286109498979444955715359558354135946489833752965941692833070540380120493134790131481866273655005191735229619055226858667206948548390724255906995769
376 344479694508930060721218839334068555164581737186334216108317346871394164500577416297529452312926012197
377 168861366548265667201972819341631835804851926537032636456085475099943896495548736378091890423841
378 1806200318406812595415112024861030701589006404045983731010530815505595297453179780958019009399063118305034786234584049239333970257126450738662902294653214105943437175475822492744103396265304328368058222259997
379 59664168210926648575150972992085762219075782695855281
380 37652898068147585468541013574001379815192080193606449
381 189340478259936307556926821084538798956773594080872930492012919670535867070173114738309353256564597114834763985330229063415837545856579093
382 27114441376001634978955573621759309290499573081114532534505305002578255791764403844101991735185701
383 228900048450472315802089421701082239929196050772420769950970371726468154818646479694837
384 2825320553542811338453922512627473596800776933366283884385660474535981108931024483323634409022213342523091267406883132075555727004564633258635938656738042030892580522304633023825392843759162375812611328621954057
385 69389799488285439818199018617995255320729614692713846893667339517193368551655313250229569869804077
386 3577335708409689230693547010328426691267755542121396607620462218662171003295532419343602117417504781891753127676022192597837
387 2411895004292900281395546660593505181460771232409140225928379082174552364699296924127153630085658199296767315617733072279466519101
388 2045542665137096778364207476490643456949245852908375087727719195067463259500883058813451080439090860318365666443084194143701481
389 19834585945739435865870675692939622868444023556916822970416747290220625845169977448415962955526957316200107414484632265454842565558952797440630874205180734304971373101943716456181278171591013
390 52778496912437466057024721106711424874329391654242631519384745738559037253005194661971805062619454388741809206535456615781904447992926064223624384027394338305715724610291424221914544820695221
391 615637916283177009925027007278368858086021771543674990055250498295456709786091101417319607185319374611665930488519774889
392 156239137892700059897284016933537148676930971148371904426929746612859402825863871298802200968678895309189147989219992007986745580703141985470855324010285761
393 192996166380867427644486669090901559595619730409234801271872525379358938984476912847141
394 338153229347093487293402061645864051641494661202651405269
395 94732691570793956856759198414911779734119524415635396799864941098330965560269355785101434237
396 58176637566377853418000850165264832171182866054487257780588606224890843332966778249
397 33716583668208510447368101472499412321
398 218260788638937716294678608992076824191740826006947157127642945993364812167840509910376701335696398156236002482486872682323219778918726171631586086357504160309238862361294066322832506706796461574921505157534580869
399 64530101547812434231113101789559719929481738282490531799666132041248168924151549652709
400 522580251659951527622712978723575668291198992116816431756124044708084497638507735734560224869
401 346129173115857975809709331088291920685569205287238835924196565083957
402 4300495752617255056862674071210088432167701922501232595065985672165804907086848004681
403 65874097117553462819662068177668389112829710046967924024832629384173989112396305742372401507262347419086227835229
404 6294431303819688634461207288767354144746708266400238526086031537036715845104376287323354089620905093920896607285970279329972314308495342799928981436630819452504526325472177877977808272947384881
405 99955085687106603003403929908448870031459502121380706942742021294412969396201454871661393908503248475753086110501277317526222520842273814561517118368958832054864955852739875183051440726404840162030683861132764676177
406 7778262174697629363453785911921127017017123583828869656300351035087381155797
407 13725695010406526520192110294408043629727860454781452514844928005897948080582033682273757471149919942105969186779517296103577786425641
408 11540477765497034889068542384766704711630647898057552288557051288530426873587360766137229
409 5970453949573139817294936212574360466431907432053441009805108206395860704052485299426096220101578499809037470905923641
410 15965363586264291494628224506300120126039963053196835338867449245806612320778760457812721805655896095714497945885207209
411 1913852296731760611627316221766022277021865834118944630683710398231677406868006271751306666272008527419260119867794829
412 12165128473686421949996159745139334880897838493310240239443413423112501
413 20479616908791308390958112842111670963649565226670648384183336430801293532595330256963850553756733583328537250207525765495936941
414 2347014057770785840552331179023392858207590868063687436795671181774983087658271797049
415 23684220554346056314082920128232059002120698394052000062349576820657
416 3638244988703931238644149396663885098892092230831399643541909245261104221389
417 448754693506077869947783431530945364144164620340719368912521094515967066824687296377516441373639277194201459730006547250041701
418 10291669822632551096226296729292632022880283534260123965238167965165863974099625849
419 402788224397613186136219148252318339536265119697949266910596416970040949089174709766596653990270701
420 1594134464626422499699303529392326892149149087065093431203720219292935965349008525241514624308451330188909885660683348809461155671905270331440277389808947157596307173766438637729
421 8076088118228205010596423795903131892117987879938067168368461098963522612825097298881957
422 1894983101754742531364901836229516871450993808984122197674595799630635722500428001
423 180741792270046510260785992253432806753754019500532967795079074762566388913
424 8713948813504072795884125374307509440122315566193525272551195703901656659897271106946782048737102317379477
425 144507924416707201779290994452813096254783946652581676697491553434854270382073087290389109003971338685475808808077715883037980760290782338757650538237025789923792130325060607605429821955957339314443853392719747117793
426 13351778809884424137859797257161262418716868677418807547057130738089951253584428624436056031939843834798685892780644917440404748020024853270814651227898538357037985999454478401153411649264017
427 68180657291921739253566060800081665187450808606894432452676226877326463990161076832037997787649243676890308291061
428 156681132911224420392601148106056138026703317421234997476901101204376713356871005494440297590484193816890473500889
429 60840972318259518418715297086720707421517122794576562413647682529803959667754137734826552834579021595996002260876223559848038750903982341
430 330701500845979393064533145942803398509205320645192267487343614952141738635659897122122756625656232354278599267846586576809985884140960909
431 5315802645361726215864861370211688160495577738749522557054894938751670305697070930203505068551024723778731149
432 382455924635759443996147162443364086166141426054941413829185452380777553422564196491817356171510995001612476428974062909542010256068201683474935106374637301
433 38350411151044053938126080169291738916458800482405483935438018190740632202303569628941
434 205090268516556126864830487870976016595208763069294684852635675164212499318039891989807216586586814307589033319184993049425391088121209227993042236455045521942037488840694040754060322265267336669481565081
435 12821563623802129990096731732216992251632037699230109376885557075883014157684794958234409290128105640065682047517916803900540855935152396977162454487574915810372911643946123363586430234444194890287698555382626937176397347353235047648862081
436 1135133061531070105051986773232548517555496138710526547247119373527146473699734245762851712702780692726758645415624066780963249794655666140598234998460501013
437 125505121934468989677527249776589804829245272058480670052400015785723474920173561422414016263343392892368402685773829394921837307961878154501
438 89351491079690722079928701184260314165874208612181143984797910886981203532251523474471484636308610815872843798109490548658805222528648024650381088078409697921198752352567451085450965921643026046380936725389172439862873
439 3188758478885470474295571185929558031305217689548635665449993279229538815559498269250255574875553049832290543029877706187109
440 3656410513566224091789497141820263562699292191289767529827765062401423935124076480948817248706898603410062826827974890804897380017237298252776236274463525755968996853
441 10564061331846273110498618773513568180096162091805360936133942001516343464997579981675602588989865910452540050413387775511491928283098169
442 6232539004067410123057806712387793375957891420741724919299969108564807333172002370431970081
443 1924074225442585239146597244369170466729321599994182160585088725499223548086309535001509639551924207473157355050759014217106817224837185778981040406173
444 3983899053669984841222674845155736648421760172156945433143597100265024374434790419503438904580763946655526357711331935392409311262424974379715413461877969
445 1114507265608380019031925166208014446781336455104305104511871144338190224551633671128501
446 83500647829429603992126495657689453292565236945666714962413
447 991183273024935751630944825565256572674129477181604487742322686096641087041700150862524524964642206325918643558419830387651356671238501851539044781
448 403973125276101931911601056517879024878076164958176058359533393533010378152572793008930756940590513714209022469757513218613755218069204760611057834471149413
449 73824279790750697459677174230268578735406828450841294480443367988052811341792561022714974559387329336421529566620220055164457290974222654194826393
450 66638930686656337554438796831893522574724140408219246848836142017291202791747265002204058119058399432209648058076744623984429659259400931172606344044739055089466283952086766930385210706705492407344415225028705350084004841
451 95915385602149597826839137326022190431198188650322904136005341286842301713766347701
452 8096484445509891440727753892390030112222214556212699229272156870113454295769240219915718749056052946203456754324595825093328049676411439320321
453 22067160561550131961695647231519548066905664351078959921107028218950108368378586656148085161376478267163545235516502775543377829314213327482035211573994222128266741316222942475629742991390298541578404056153874698769488799809
454 221401366515776128548819130593749690389950368295827270192948850491955129621080973528425755579739336634801897377715652730149282650237033656173061571276246469
455 87158393635550393052900908332239866856287588665981350754059632037928236443137839034995267441848732785163730233054420272986585133
456 2842134357736543681620932742002417099587634433534517966683123851235426119438102652363947917529861
457 1687592168078310668782039646695259436801470202927168400873165961628681559589088996971692114135501
458 76861254158794718514872198517093375733241885011362756156091087198509600727650021673873324385692026665723738436821779570447192729549923030626803426330241451541169
459 7591030446467222422988833769484620362123048600593890420971103240392637084165982735302405528439682450458632221121975390996730409396271715791680916376787146384497833406857716363030424277761
460 1801371822076134624466286288164422242939268897748913987652914430980663931740967099064679549756268388065899037098377000479925057927032917924016205347158232527857
461 4975529738557042762375100770408858270066101031468374157146249904247659077948336217113445473861474917609
462 16992902675241622058829755522093834515078739382956502579440395962333950267798991850398333308443454904086780079405892848280637045812255001
463 7303578636759704696429015047526565550875064103666109076342143949867471714519648387767462382686594684314890213399515348381259691151186454873
464 491208640361891960416306258191736201192620481580085449618664793608903247663851435186737050417874808403185990571375855699759749093325772361418467954237010267045452109673745211083877750579211228857
465 226634791333187118811156702568884671289389307954485586603669143636550742036821235786419544816143874623617908733738835023833679941
466 2582229589739518436091229696172104737580345721576929025695439141891872120638349
467 121306163247935310007411605859333591198362550951930161005915047781686010486148830385882846285976322522561
468 965332397143090214330927572735760111267888858843355844813416726922747195238045855114525727833143998462378759989
469 497786735406091489996341215749571702535368086179829546535013560101193743650763701790814723132472983996015839598992115875646342176081713491767963496893
470 2083374091425990358953436011598957143017363637402146902395989799603591651780426044244054578072078529800247568554835380600624717002279879996747859286451646510508793286934210732514233262521849661131451536400694627403589318830796593
471 986384041165616328476135902971281994244683729971020542753560192861097450969974785131794892735421011115977920438325040711798418132922333092500431939347240227178431924547800350087511702866668949784610689862125580615401251462612688402399013
472 2670383929348266924341948931151336592642126516143095249535829086413119821
473 106296087647296967928523859044316262701800292231597725443848004086696090949470424807446568243810066484693521260467165036943583376908843735396090180467327113431300148258839268791857814716874729142613978141785358352823212931715454203956404768253
474 93165408396880232666501371731042673094063360575114584593768399746563445641651643134138440865385741314394176833
475 1895653587925693390037341481911190720106164931586355668643353216431387666485774360540028987492286612213471816911751924835715714084907815845438349903910245953370541
476 3731115852592670478062190133684533721292008468332542799964169435509182569376903349255652054517483819650025588843053331489119377824651272546874989067871097724388278082935610185702849335140888883970744715586584063935054308278087234747724160742074388658203353845331095995899830053
477 145358591995514424530770236806897692003660350392598668189955844322355397019959967174559764511286799133155355580614904464690307135617030787720530598049265980972578845130243763243991904933025020630812714737663024667301
478 632262676113453676140266610305361606150275146655996506414825307306156604559477
479 797101464887111176681579475637262794554802529051380460990231238554524650746529679950411462036826522138847788940921311070468668960743347002236329090590195968387647681849
480 3021926056357987843960838237079474019753299853403387139125937048009957033146945226863750555099378650844080171812068791221042864642691757920832612191611681954598967421147385822076415140487023630235015452677
481 167429013490722760317107214888084085317182697513594061725830331217170406237757219089914283052282843912708297727303127819549432068892199385227535667676937325228735415026983153634388534312569189
482 116531208688190315950239081662949061722104881446511086726220869184079452213731818406465686914057083200945815697533248643558265654466326597096964943691657267532870367081
483 314684818341558110801794059941216356482012027804360242390093091159691030250073932719717526230438624711875416555422592901819173975304337497224042409365384363008328926407681620862516053005771456022748289905532623000476224925820634071515546486451680210510037560491221573152092752889
484 249147757847883641915066371915681435518884487150405753848378560538360810463103423741441
485 98171283854056260220061539674056526789247791353404686982811399460634228847429798169801353894761612896089712507661426681749362287561059547959853273650844708296955897185946198561852664053514627628308352077898510706674533837704183088030432353
486 28416491553866318948613972681347473038352581577711630551741160025430993649
487 98823504264078329241616979462626752135966768626596246497175446282708352014970022557694476108993152802434269801847990431737550087217601
488 83766155708327797277271780843730003374101993700073606105240913568698349128200028602932945845541814707128489711410988832377127944741921634726505838933484355428934104325284896442798001506608195247773937474055925552472940419964193238450521077759773987441113334000437
489 9924029939311412946053831632051119266258541831325146028258340507436793280685715497505853353531247416768267627600088284813580442526033137061809888050501060921229694081380300494433892028006163218415799926946252157
490 523385523091173698027680774979248965200745297907930860947789455589492272527962974526112639857796325253033047700085842271199639124952541465418317946776158320450145467161
491 1308250056015218806385141829779070914412476244607784970660600268821545232869398268953288750451019620665749288449237472986709418588852060488246643855707765515709015511154152290992913225260050270781596758219924782403716259592314286700392438060586234882291991128099698313
492 21191524576885649345363693031705829100626260896189182192290568761330624876347215722987943165134841
493 2532590032039285263982786071621918234527310767569943381928433747172151180388800973444487333622249380369800935880058681951037866351542566016729
494 17530094314008964745220091949211915137491098937300657930129360720737706118596735104204991372157256098198427550330889822657464126317294513419429939649243137926156256143460470014658725601688222664238057208952797
495 5173409514669641573721146369652315420228721662783763009134791835726299219321995221064062682519085926325829985062517939890609508653328426552966794326345047913450626107537900449993764324795122682881327080021313752954069
496 109523613891960622128918772611717566734022062134617569680233
497 104004713758158600035311182213312327904176488578502499043611459097552735787578478180621737006571781199935237827937486688385041
498 4014303471447798628390508958873900717068756068439556013447103032814790562615707288672715377507789531013853415559355460362645453998454666991979750838160692578596540959166695514115107900112379420925348357261388649358077
499 393365675313871290762104021343891378420400075861779043874750178595766839077953028290450809393
500 19483349086006554230440823071921832347344322854434120910355666615729
501 407438692815827041776127599663177164685005735438285873652221626047805791472594979027702137096988794819476142495700705836021237858950415538049907130508835326454628760896890471128658883513303127265570022401051297822353687224121191294939381
502 465546076575853392861520812109766875786922775332854409926263130225447553414378920511002348801
503 116915296923079194751105214921393734906784043297709710350128034074339895316048985782039331708357316212449068807656654102759746155514539421878901907719444658943138092505191210974217353831415745722074968838624674587121127340425489526624081
504 42390668384367422995811215962485326172037054542602570858154596847583715515820587667318129068842091338379028654278682527799403893
505 293864812149980152979769409075362223748330778005336652000090161137073236771804226590007505708249035217524809103745194508994393504476862952430068234787098377
506 5193069483859262547561233967195081315408513647288910377002905841440764365099866281844279371775363014942949642761692443453473884856782392050344018540503275517197876279382316565466424988041192510714170530158514287321
507 9635098190867663063557444553723682482257932072634406035332232169974706803039379408166722913150922211276854030837331292781
508 267531358052212099069301597744484627948631090150995821678071721087062817362266742493354512978821232085360037744086074234356457
509 55428366683425068887807350474458690594932204874059022263991683600947288340939843175545736630954550653821340429119275536204714322738577321994553858823117023460197142266034325087439630139595118252349436409534404560428875287154909802388284037546519196595229
510 66876794902140550317456266278750452552719714328636314263388051623859725273365242309221638851856750762625422597288402984605344318717146304231224890968081215415394056007086453532953555452842930532461081
511 1503661753722507470549635123038279782353200326667999697175087050010161433204217619151270567017
512 4219294829889025712709537749427234165458639825245369660269845835065735126928062489046147284580646185437248868547304981379836179901
513 75547212713402870972794653314208406059761436308858868971117210437747952564143861608961576964933478003724725036462077682467408434750522982603221931084959459167238066641593454082255314233911053596518791259365871989205309
514 218077088253547751118150364218766113473203559083882843634003476434461277737777
515 5808164952664090853810884795563432967367686636864144555829165289328662388078741445407673429253250756023950125763292552873320240731206601396174108783550181023619069940154556077901112151642861915367418450833475338661
516 8788795087528152183239403145971954081157961043358167031290317589555417282699483963635277859407469926542421213776457729111214788942405433202285817216428366821416462301023451192709
517 133509210137271003855395603822659766682832503991821969066781
518 10736540262455303126186140813020058692194977539140231674020658282974274253806014300335211784527217332944456363108048095816973554061437938639830471551715803543197765473029030332025259329766185539574295911992035868841
519 87617498690976326692136332134024869141350674607904159085124803697593359612618287995251809631448802224196092790317467859015453422272347872203698882710266311133229892521437
520 3274312540446275615800888438173276692739310959762945669481
521 25979188817013733611253280434106954354971669203053803569261058172443743647350312433336641220771480603613211090026030292807719432071288258812053196109
522 276526923439455843798495088669500295156359893248864200580380278100520950551966207997954979758397742483479461801641064044479205513547667925633236790079922156142423191097004874242447883194811832499820552907881
523 125549735804853902384261062489200445266447572638431545450286384783779986052651831442495320352242759401028475605979786429198559911028480626967778551361253310791726604841017
524 41822906909535889077661666703715943999314152327408803650147955974741763345497598130361279115623238936947880646733314409522790352972706995379028999032707071596212675746935590775777835734969403689918927077
525 1312629721225979565410994854167393717409290505324933686633235033890339406018164709314543101145993032920472854821476942372649605181107961551162975810452101
526 1278528509509603435498470176743434012397837215562555081951589185914267900990395524628032190090114799379848644118191324257
527 44926101563383233177309071616590579413843862409832358296147666363501550431555255162295334933800354725778285225415958782524992970540896800592202807127799211204232576397863268054566200552883551616857419974361
528 28293112618251425204557047595921800251689733388661716633216600443877915206431276220767194573017116341979049824171042663940530386132009919208994549433705386779718909395553772850467341052138759867372624140889
529 420193113274271213576006716959314994470627145111430407974207673914957106963499168523146980874342565265280254035289253258312693
530 43273796187686812145643192074766023255384962746038456453838272629699377799919919549592491381338570965963205333873325395818941693597737567553406925893387838170876706675428314020336618644480437690091394665943701842112433597841070317047637072499102512042007783246018897567558320676887265849818604609
531 699652542389221053115110798703314589881048796127345052828504201824175195471825242261424036428589931344419630141787823239548038747848278992468829785078950402244949971433361568757989478923451267737663284684229157431356340335391853950222875799779387571137084614491240494814600203723953339429184797
532 47520898616318982387443310765835795323766356004475649146465316977537724065452365107868300000744317588394356496988261
533 30674614809432474574591573749054681228383234291943458650894948814301828031439151065603976388772817170202278736154863413698265904975166029493377134358612721599079207471077449375334079135840465236418836276504387705440906149961113811021523392046496651298328412845188992110497046107874373
534 399806436189678753878256763596480679593783451495586288670870742978638643223020178415891734933311363363256293454852997557689378545110553245595374290192170393339336620535768847118415885947544004755935694767583789433093342884726463459617092424118077395233
535 8279084560276211871609441641974136986757104077146732346277
536 3220396007271849054865585372724917640843533942016803780901379465184962757059540583373272310713
537 765491787414095872086533028957108679570947582308561114938294833491200126349554506440520061350757800128621168630124159263068242253005756867208145469490067205358730436548743172386089510080067155950377552624927147499111500319080143660742798118201
538 168287022492142163375406364562172727179778151900546239490673495787954645402971356567735434772106003787694986515051903776511404602267457687540253476679147001662623380749885167276826329036431079719412259204982057
539 4629874480961584921649440538874828985000195174985655308954801517700130322859361217443344607142513448640057
540 285672378862947362165694085479661184714427619438693458777730111839593653640536664882961050578954671071961139539141061866258083131569816440963364108076215019614568730064422893
541 7972809260662298457419192524616051892080791400877603127506516722916348870345784103070515656587116007776553127153
542 839827355374635188629207779699479887565926297858498089468409941976953533392068733212002121250040800965852097901
543 1402441471895576651520873719034462746792285700729892375580913248236277415847965522024918831217847995234867037293788053547177599274411739563060929
544 5182672450092198936880089067412987243827823750174953710886821611089844873425857314847516025816199364931579175443339639857655542545913225139944979249
545 175746765075427766176058449289156350729313465678253480896650782291536853887134620371154745539911589960049414833307476990934945793066562392209186797622979772469113495302617131047274435433080179729519445446441757088316148142631980985678575131673291906779328156555530583538603613887790710100569
546 43370221347845929782380561275091927605118496100146661725166345415555751308977716277716014704031378868805201925459583290586059961417107428675862388852976675033
547 15883115150267559641161772963772260999831424911221235519197362273575462453226350957559061
