
# Terms and upper-bounds for A105418.
# Data computed by Daniel Șuteu (05 February 2020).
# For n > 38, the values are upper-bounds.
# Almost surely, for all n <= 250, the corresponding values are actual terms.

1 2
2 0
3 3
4 11
5 53
6 71
7 61
8 191
9 953
10 1151
11 3833
12 7159
13 4093
14 30713
15 36857
16 110587
17 360439
18 663547
19 2064379
20 786431
21 3932153
22 5242877
23 9437179
24 63700991
25 138412031
26 169869311
27 436207613
28 3875536883
29 1358954453
30 1879048183
31 10066329587
32 8053063661
33 14495514619
34 97844723701
35 195689447417
36 193273528303
37 446676598751
38 515396075501
39 927712935923
40 15307263442931
41 15461882265563
42 11544872091637
43 42880953483257
44 76965813944311
45 98956046499833
46 79164837199871
47 659706976665599
48 2586051348529151
49 1583296743997421
50 6896136929411057
51 23221685578629107
52 26599385299156987
53 29273397577908179
54 87820192733724667
55 101330991615836137
56 273593677362757607
57 1486187877032263649
58 216172782113783773
59 4107282860161892303
60 3026418949592973301
61 17870283321406128089
62 48999163945790996471
63 10376293541461622777
64 34587645138205409231
65 69175290276410818547
66 83010348331692982271
67 903890459611768029127
68 774763251095801167867
69 3652455326594491219967
70 13835058055282163711959
71 16602069666338596454369
72 65522834949816327340021
73 80686058578405578768269
74 454527773976203351818201
75 247924240350656373719027
76 722522071879055717695477
77 75557863725914323419121
78 2606746298544044157960161
79 2550077900749608415395817
80 21250649172913403461631947
81 6800207735332289107722131
82 23574053482485268906770311
83 25387442211907212668829679
84 50774884423814425337659387
85 220326730624766167090200569
86 489614956943924815756001279
87 435213295061266502894223307
88 3191564163782621021224304639
89 1044511908147039606946136009
90 8704265901225330057884467189
91 15164765481245908367514271717
92 29246333428117108994491809661
93 63134942003554394019855335389
94 55707301767842112370460590033
95 423375493435600054015500484603
96 574404178228416447553193639891
97 1525142128399588498675721043839
98 2020318144113740608635370733563
99 4159478531998877723661057392629
100 22500798154051071876566481895367
101 69086957712438502381570324692983
102 33275828255991021789288459141097
103 201556445436288474837975809654771
104 262403674247243486109817563512813
105 289024336852036303541248330825627
106 943132046569802674713547184799739
107 709884336127808464838153795010353
108 1916687707545082855063015246528493
109 730166745731460135262101046296553
110 3407444813413480631223138216050683
111 16063668406092122975766223018524653
112 31802818258525819224749290016473073
113 258965805819424527972958504419852217
114 197145021347494236520767282500075503
115 46730671726813448656774466962980841
116 2222303055452906225011052428906201049
117 3831915081598702789855506290964430823
118 1619996619862866220101514854716669921
119 747690747629015178508391471407693757
120 14206124204951288391659437956746182649
121 30239936904106836108561610621377839059
122 105985163476412901553564491072040599541
123 17944577943096364284201395313784651739
124 241919495232854688868492884971022712733
125 376836136805023649968229301589477687241
126 1010213276796536063406893365813061877709
127 287113247089541828547222325020554428393
128 13334815253714276036970992428732416786427
129 11963051962064242856134263542523101183999
130 31135836573265869406898776580006791348151
131 43386001782419654091580262447550446960579
132 90515109600969631281257645576850344247293
133 240919915780024432132069222061691893710819
134 329393331179468432632546619993951628689399
135 1094348092017738098498212737500566568042483
136 381116250951451079078979560323580396830711
137 4655062779478438180178964629666589132718069
138 1437352717874044069669294341791788925190077
139 522673715590561479879743397015195972796399
140 53835392705827832427613569892565185198030793
141 36064486375748742111702294394048522122952691
142 79381070555316524756736028421682888368455481
143 182935800456696517957910188955318590478745583
144 39026304097428590497687506977134632635465647
145 705609516047257997837653585970514563275161547
146 225795045135122559308049147510564660248051707
147 2759717218318164613765045136240234736365076433
148 7091636973132738159008358410702178958901772083
149 1338044711911837388492143096358901690358824953
150 20605888563442295782779003683927086031525904371
151 103564660701976213869291875658178990833773051891
152 61014838863179784915241725193965917080362418159
153 8563486156235759286349715816696970818296479671
154 195086918996745891242154463449127866454316679017
155 944124348724992461320056168790841032717186891751
156 1061872283373234151507364761270424381468763488141
157 513809169374145557180982949001818249097788784617
158 3493902351744189788830684053212364093864963735443
159 4795552247492025200355840857350303658246028656639
160 8323708543861158026331923773829455635384178311157
161 18497130097469240058515386164065456967520396246991
162 60286942539899745375901999349546674560807217397753
163 186341458759690122070969816171326085006131399229319
164 223609750511628146485163779405591302007357679075227
165 192918216127679185202886397918549358594583095672807
166 683982766270862565719324501711220453198976430112643
167 4665113226360242114906161986030375398741736677179307
168 1636881833810611268388127012642236982014644448133027
169 12311689792875526182947841030801968157581575742029721
170 22097904756443252123239714670670199257197700049797061
171 69029645334413206632596442018855479584389005869842373
172 149283623243527747676997183552972012759735573669740497
173 33672997724104003235412898545783160772872685790167029
174 26938398179283202588330318836626528618298148632133621
175 413055438749009106354398222161606772147238279026048831
176 1736030104887139722359064991693709622068102911848611837
177 323260778151398431059963826039518343419577783585603579
178 5531351092812817598137158801120647209623886519131439009
179 4364020505043878819309511651533497636164300078405648371
180 5818694006725171759079348868711330181552400104540864453
181 61682945519852026548923467842799944640654249667889987509
182 3064991081731777716716694054300618367237478244367204187
183 80456015895459165063813218925391232139983803914639114223
184 960874704122912314190683586023243858128949429609118564347
185 582348305529037766176171870317117489775120866429768826793
186 901107378029142648714708051964381799967818603843958079469
187 7907676990867986509129070660095595387472693870467387227967
188 10040910783753303799963889721888825771069978728546961457121
189 25378126156739119494414226769609120080726319863360452034547
190 15006196336158783701044934089855827525994693484421832507381
191 67675003084637651985104604718957653548603519635627872091969
192 37074132124627583261405131280820279770104536843865703841703
193 35308697261550079296576315505543123590575749375110194135039
194 411934801384750925126723680898003108556717076042952264908789
195 612017419200201374473989468762747475569979655835243365007221
196 858001343455666926906804466784697903250990709815177717481417
197 4004006269459778992231754178328590215171289979137496014913469
198 1129878312369602537490442096177379954898423980003526212321251
199 11863722279880826643649642009862489526433451790037025229373397
200 9842495521086315437694517815589620940448493336919606116220877
201 2410407066388485413312943138511743903783304490674189252952041
202 75526088080172542950472218340034642318543540707791263259164663
203 84364247323596989465953009847911036632415657173596623853322169
204 689376420987106828207501737614358756482025084332818126344290269
205 89988530478503455430349877171105105741243367651836398776877023
206 1831909370455248914117836785268925366875311412912383832243568627
207 1889759140048572564037347420593207220566110720688564374314418091
208 25556742655894981342219365116593850030513116413121537252633083901
209 13016198158497821231889892947963417080429844249640621965941145517
210 45122820282792446937218295552939845878823460065420822815262638079
211 28384953613790804227173218399114296210952193682179252642763505551
212 164139079592790302704958175960095712872027902596949591369023749839
213 220497610681041609648765870462684967667686605994899701688713609183
214 29619082031781708758789445286032309089689245581404437540274962431
215 138222382814981307541017411334817442418549812713220708521283157999
216 1717906757843339108009787826589873927201976243721457377335947821019
217 2448510781293954590726594143645337551414310968062766836662730227507
218 6930865195436919849556730196931560326987283466048638384424341208973
219 36786899883472882278416491045252127889394043012104311425021503340347
220 21592310801168865685157505613517553326383460028843834966860447612909
221 89726072501610723066626159586487208335698621281267842788672952860421
222 163023427502926525008377106854321829229649607680050024221673393225717
223 53077395000952822095750685952569897888723128081876752072172732678091
224 74139853334664259435334291489303984352502147161986574323034928185287
225 212309580003811288383002743810279591554892512327507008288690930712503
226 121319760002177879076001567891588338031367149901432576164966246121443
227 8462053260151907065551109360438286577687858705624922187506395666972571
228 6632146880119057389488085711406829145714737527944980830351488121307131
229 34212172320614161899432442145427911324845536272203986478520481406255079
230 12131976000217787907600156789158833803136714990143257616496624612147163
231 6470387200116153550720083620884711361672914661409737395464866459811833
232 421222206727561596151877443719594709644906744457773904444762806533750729
233 87997265921579688289793137244032074518751639395172428578322183853440959
234 295049656325296601912835813112342838092284908560284025233197910567419879
235 96624448855067893024086582071878356334315525610385411772275339133190051
236 279520727045017833391107612422219530824269913372900655484082231063871349
237 4486135125413866461832591310480066544093220831910751260855640745469542331
238 1118082908180071333564430449688878123297079653491602621936328924255485897
239 9662444885506789302408658207187835633431552561038541177227533913319014397
240 19214461829464929584218360320579238859623887378522356169572467439057240059
241 81992746599871897794724899643851062375119174589384192275330787778735636367
242 109323662133162530392966532858468083166825566119178923033774383704980848599
243 39754058957513647415624193766715666606118387679701426557736139529083944851
244 123679294534486903070830825052004296107923872781293327068512434090483384251
245 2152019724900072113432456355904874752277875386394503890992116353174410887137
246 477048707490163768987490325200587999273420652156417118692833674349007339483
247 5682180160327284003939884762389225946901188212351990569319085543357065199561
248 508851954656174686919989680213960532558315362300178259939022585972274495427
249 51054812783836193587638964581467373433350974684117885413881932792551541047259
250 73048525046197521722291851870715223118371494232425590204579686786242072018941
251 14247854730372891233759711045990894911632830144404991278292632407223685873611
252 47492849101242970779199036819969649705442767148016637594308774690745619578647
253 248772066720796513605328288104602927028509732680087149303522153142000864460689
254 774359596774552056895130962245600383768743022451471272013872593052919054467057
255 797879864900881909090543818575490115051438488086679511584387414804526408925099
256 3097438387098208227580523848982401535074972089805885088055490372211676217868117
257 955284736207858612244460626321675239789477373491534653325525068065283319529447
258 10991202220573373237471777092621547503259611825683850414682887857001129102540703
