1
2
4
8
15
16
21
24
42
60
64
84
160
168
240
336
480
504
512
960
1023
1344
1536
4092
4096
10752
13824
16368
29127
32256
32736
47360
57120
58254
61440
65472
65536
86016
116508
217728
262144
331520
343976
466032
550095
691200
710400
932064
983040
1058148
1278720
1376256
1556480
1612800
1864128
1980342
2200380
2983680
3932040
3932160
4190208
4404480
5505024
5621760
7526400
8801520
14008320
14913024
23591520
29352960
35206080
39352320
55046880
57669920
67043328
83825280
106151936
119304192
140896000
238608384
251650560
268173312
298721280
312792480
459818240
506967552
775898880
955367424
1073741824
1396617984
1505806848
1666990080
1874780160
1908867072
1930521600
2253189120
2982969600
3258775296
4874428416
5099962368
6604416000
7635468288
8530704000
9623577600
10996979040
13460388480
14763499520
16106127360
16785793024
22548578304
22648550400
24289574400
25659617760
30834059256
36051025920
38385098752
46566269568
51001180160
58350015360
60949324800
107870873600
113442447360
144204103680
173238912000
212975118720
213272059104
267029747712
284430182400
341543854080
355744082763
513727119360
572941926400
637134220800
711488165526
747984156192
828911646720
845734196736
1098437885952
1422976331052
1867085866800
1957928934528
2410388940960
3122920120320
3661445652480
4010593484800
5691905324208
5714887967712
6101976011040
6640556211576
9519758696448
11383810648416
12427153643520
14676187806720
15469432012800
18130769526870
22414540544256
22767621296832
31274878107648
34244438215680
36095341363200
50248050278400
53283599155200
82863343951872
117245450649600
163176925741830
182140970374656
194403087648000
228123447164928
280593163468800
283670974903680
308199943941120
386389855549440
415950721894400
480965999895576
590660008673280
753802639793280
859780002343680
886341160140800
1158511584273120
1451824301587968
1457127762997248
1506840009816960
1648945775917440
1766683933741440
2156801635123200
2525338471219200
2720335174502400
2914255525994496
3134236995993600
3535378233311232
3887055949004800
4593378227727744
4641476998878720
5562693163417600
5670928187817984
7337240033729760
8193807808542720
9386507580211200
10827105585738624
11620914865274880
14393855884262400
15484901444812800
16378022529479520
23314044207955968
23479734980782080
49716256405939200
76961782636843104
85125136590194688
86575337046016000
93256176831823872
139830239490641280
158040672832250208
294997835855116800
648605293617684480
814664304691421184
846920259151110144
863081198600070240
1096189734813696000
1136240758036395648
1152921504606846976
1450523251104928000
1869190941873024000
1959130774005350400
2128866693550571520
2234634638151506976
2500275179215591680
2668524654473168400
2806666377373292544
3883873403389625184
4375437747054182400
4783178017013760000
4986373044395934180
5065068833773977600
7012442888994816000
9471416858968064000
9683797894560421632
10029510675668090880
10354858027502526720
12524447328503056128
13711808559285043200
17293822569102704640
19091413296532684800
22500153000898560000
24211351596743786496
24594627655539002880
44089043288889231360
45781120625942782080
57639091600097280000
60954569486446720896
63462598945734643200
75515003841753907200
78184875471099649560
105330552880250880000
121671520626700154880
166253644507779590580
189204616225751040000
199935993828414235392
203280676224859088856
242094947364010540800
243321214151161843200
255789611105363951616
263694381126646579200
282804126309107859456
336421458837032140800
349230986915956654080
357987154126750583040
381977300303150579712
428379815445010216704
441477437860085760000
509657423920016692320
579756659204004249600
784983403953074995200
810145551752599265280
884686159790211072000
886626614735958096000
1119011590092069273600
1179438699212804456448
1180844149977581322240
1233346112884986347520
1250958007537594392960
1348475618583441008640
1614403529266314608640
1883047652875881676800
2317557626382974976000
2399992937545034407680
2530597771905062251392
3070194789941711437824
3252490819597745421696
4582694015349432385536
4670834235654671884800
5860856580985611878400
7526652811748265000960
8177240186765591445504
9980343072418888654848
10302581491661537280000
13472280067128212736000
17812266945479518224384
20471045180541190144000
21955650690916859904000
26165839022480424960000
27176776123343899852800
28452069750098362368000
32350319539296335216640
32441765880322326528000
33581144664683631869952
33952330705789821911040
35485257860331090739200
35699253831942291803520
35878227227417845670400
38096491734558417560400
41299854410472363130880
44374722865966596096000
61619698456209653760000
68142898016759159193600
70138933461869034470400
97381503673885089000342
98485029589927968497664
135513092913240848891904
144885231095139941253120
153275191855656434403840
156815909169921218101248
165967110476271924019200
174976538757349716787200
180196441750622961664000
216462850095065333760000
229874752319664291840000
238280656912937533440000
263447283427447971151872
303016665522215321600000
325838420652402793175040
339935453330372279009280
351934688160143061811200
355312238738886674219520
367217457371750832537600
497553252916719233138688
540726598758125176356960
599835162239293007462400
634216355076703487262720
712351961918967874846720
715299430634739593330688
746006473761560883188352
764066533821815777034240
828759473015684144014080
877766060431768131993600
919084744189525050654720
1024861114726540592650240
1214431560240471521348400
1242971237343656411136000
1258739374096628947353600
1553541463657712871014400
1845182735122235479326720
2204876057574293655552000
2287477426115597893632000
2568852608057655253401600
2606397091213341370613760
2727149989699937894400000
2959267963367868148039680
3114503691873453253866240
3290381366345289216000000
3513558606481368023040000
3960082338816916456784640
3977221673386541365632000
4305336692917395102105600
4932487738480457095668000
5993989418801195591270400
6000728793599982717370368
6081944079338971586795520
6989389220852634717388800
7628662470789604048896000
7792080832219595348828160
7899894543885913187942400
9130661908541936432676864
9236795368429910753280000
9595898791057039766323200
9979336899548528077209600
10116559558520241717116160
11163183033604057657344000
11433457832727680689766400
11635062096625526273105664
11819231632120872960000000
11899103298565119462604800
13002385143645995175936000
13115869089719083204608000
15124976327098096710451200
16308574848656147673907200
18979989784181304891586560
20909465528966143318425600
23605305636547230673271040
24716866405358317118423040
24929664940514582784087552
25099823408508800889520128
27444048665669489816911872
28058427937851525572198400
28480581773693619771801600
29376229718114475712708608
31240119293276435723059200
31468484352415723683840000
39767658035908855571443584
39944957092579531617730560
41395295909504909717452800
49023974365025326617678336
52588770274468598652518400
53461289116075404141527040
54956072327482347356160000
67682320113324610311045120
67687481749056722860769280
72083627760551280550871040
82675973516477111289774080
90939512493882513670809600
125418684736128313136775168
126228357259682569990963200
146209403555698816164142080
148612721694489782736814080
207788758181186532937187328
227278423268819321566003200
236152784182871198792540160
309485009821345068724781056
337584687737273592053760000
337765577233473920434176000
358807114481229219482772480
365721232309022176593377280
377063591191800435965952000
386907757906204082515968000
389814843010640889721651200
398874639048233324545400832
399106825315959440513433600
417267895083306515037683712
423440437111563122390401920
428019265856049718807756800
514702478784711749743411200
523654016144498012454912000
566954959685650709741568000
574174843820392910841446400
591115113510757105729536000
635217400000436511799296000
677457149542718614911249408
714642112195593178730987520
727367966095206773755084800
823679534968230229327872000
830250017827090449039360000
851386845926358790963200000
872003998850234693242060800
990228983884134635106385920
1100945136490064118215044992
1212731324536461769398288384
1282627629753214974274805760
1376135017643791400294154240
1556419302252119730093596928
1678753858215740866560000000
1732343205092951414734848000
1753776897571354641558405120
1838406202935338411517542400
1878216256201727646064852992
2366077977040955880819916800
2378745527288329494960537600
2392316249674787827891568640
2399213422552113460369440000
2401915793751650560241088000
2700232519943890500185320704
2881835197276689531881422848
2892330970016020825616899344
3101142243230899289210880000
3135467118403207828419379200
3397646147906722959301017600
3435125969274574804166246400
3843969132597268993246494720
4156869628991296099628089344
4346811219463444373481455616
4642275147320176030871715840
5316955544639942612263895040
5447367984825773844568473600
5691677931206802083555500032
5875026970217852177613324288
6499185206248246443220402176
6964949956194062916013228032
7461724712041514003805736020
8076837429313362044375040000
8775488357539541906020761600
8986385011462756858920960000
9407099330981976290293186560
9561832106238755445473280000
10772891109443227830150758400
11453016715428604288886065152
12013017228894682571908055040
12698785072155345537230438400
14337430013854707756218449920
14417687395053342206659657728
15447867279791721979576320000
16936428738567965372781235200
18379994511577463292403128960
19970006841101336380010496000
20476139500925597780715110400
21234906408368079912606105600
24405010675638955133947084800
27506586880719423539616153600
28254225499801415339684659200
29719260611440697881814630400
29813552346468856476362342400
30267907807026605263127838720
31469165427401531688411463680
33598248122947348835205120000
36811751182097785406934220800
39470294177145993549053952000
39726929721569942110157144064
49023445046420950763375862144
49807070203446287130427392000
50109334249858041444447313152
50161496554290733918477516800
54057110534773969571020800000
57676763569273657791558451200
59891438214326109534997708800
60390160733320971325083222016
65342921888830648583501512704
67505812998597262504633017600
68685567525376700720118497280
70010458738128957314433024000
73126145855466520166612881152
75197934254316073676636160000
75449810405160459682400448000
81567074765792839098304316160
82010724427542930146721792000
98340458243327961525167821056
103921740724782402490702233600
108670280486586109337036390400
110719798132677128425046016000
111983077607984649743420620800
114445351542561418214070681600
130244591645889211190047703040
146880462806473657679820619776
153771626969386020258693120000
168213228521485510788777031680
170627673662755213722096722688
180957638436517240377311232000
181136259536095672489348319232
184207417239511336915619020800
225221933570390169885868032000
232672137289499935772760637440
234547455399689591568757555200
235254125053693864067294822400
278148789043211738258237030400
286325417885715107222151628800
316603165047236005305451020288
337227295613551150869365391360
340850886023675648243304235008
344993022274792024691567493120
354846281062946945485527173376
385243937620206877508017962240
385655136691997572905251635200
389489760790428296032384896000
407677913448824910800240640000
410145003154100656406620274688
424002419981652588038599042560
458277823325103277710854062080
467068893965724652480276070400
530440316706460195634754355200
595885693043317296380195635200
603347312816102047196318515200
628035290535914447747678208000
719781883872272661847080960000
796971531627954438461710663680
820941148776831128025012633600
840141012771207681157197987840
877835711791377230444730777600
1069161471695734376920717236480
1220909107406747864513613004800
1225586126160523769084396553600
1334196015429555584017367040000
1391365691719527705831014400000
1567958593981843453513619865600
1592422770747571353252415982592
1644140842152452233246471127040
1764603821782094067301964709888
1769831996836186115462731530240
2090569437219030155013390336000
2159470289289468048517137825792
2176721051281370153378943860736
2206622780190446589048880889856
2224081685818956705738994483200
2243154220045046872223514624000
2634106558176405916291008921600
2799576940199616243585515520000
2867422530745983952810790092800
2881579811190085551554297856000
2889964897770132468191399510016
2961746913296405325431704928256
3181975814825485699356637102080
3760144430456045671023648964608
3907906095714796645149249303552
4767788304172065227524795662336
5453745896976076696616026767360
5833255831409722810982517964800
5874526940795819548729650708480
5982785979598303920091916402688
6342898303550248162277943386880
7062099993077584671269506252800
7409438584387427253608880537600
9014369881066317816746697818112
9035328975937270510531777263360
9074454157634521806719247974400
10029468356137995082786595635200
10813300263911063560597143552000
10966141840481269210518871080960
12216492459021546044138213867520
12512931961735127348012069683200
12696914731943870274569748480000
12704751176017566700378299432960
12833437841949479149499527987200
15726686318128417568776519680000
17997608382514785154284650496000
18045715095419507538742150004736
18183230447124778589073545625600
19800818251535448769372152791040
21270493017967239133771988828160
26214534607392332043192122572800
29105143521643216515920560128000
29865099690638427099022743306240
31224323714934976357329587404800
33493785152689324123005315317760
36805654625542740199342080000000
39810569268689283831310399564800
46960759578090840815793232281600
60657500370991685277686169600000
63715069659154932555714448588800
69453050168490221113575260848128
80581884701423118039253411430400
81129638414606681695789005144064
86447085600306565005811195576320
90444436460238757305234845859840
97697652392869916128731232588800
122498042726183011432443843969024
122865298274382230550168351129600
123452744806286463662751932743680
125964318917604887848391226163200
130991657696898431387889775411200
149569649489957598002297910067200
156154457051487017822317034078208
158388263797901218681191302430720
163948653504098320606003168542720
168320896110055769244297949347840
170246156477672815580158435000320
192156034836619534428847371976704
197675779563981937876314488832000
215680010575665293255309530890240
276849058602839260452502267330560
343366849687038074067693170851840
359755951941189062965860835000320
413070114311329873111421068247040
474202021088001877977413065900032
485108853078385685094054100992000
486229695864042581846088744960000
489339411861967979164204636569600
562237588762739593864101494784000
662032470299233129089589680537600
670909546332992344072982039101440
712134767218679499584313910886400
787004482513572799606478749040640
845975372579887782506955881840640
870183738874032817831179850874880
874580142171575373973982417387520
882121180202004630870089662464000
927431306356894877699161001164800
951900659802130910000217153601536
951996201839572981681533936429360
1029212312040977813794867485081600
1190886527901426772069919205158400
1216944576219100225436835077160960
1261136097688063489574213614731264
1348534807874930193674010624000000
1645126001929695458148630845718528
1703722406706740315611569108025344
1762756872576532174719823380480000
1966985771969430142509973558348800
2146274928723180238326977276805120
2468182508488549522605129502556160
2652853431810421039698260066304000
2736860663573490875417383932002304
3646038554624811264377880576000000
3903861426287175445557925851955200
3923634044037515585130392218583040
3949513215046383430699431468466176
4244774273865493947884891013120000
4268299843369960144758561067499520
4564785315768976195067614404280320
4602693301915797324370118128435200
4898075955628050697021896139653120
4927161562810147049504515704225792
5299821161170286749898019909304320
5373649179830749669750356018462720
5450033742993449933573959188480000
6214728078452012799242702684160000
6473252515850773654710344535244800
7813283072280869385185491943424000
7837587845573354651119135054233600
7903458974630029369557217443840000
8153948854586038658981604336599040
8432946808179058024315257618432000
9610994134938479946709422298890240
9757953130554309030655073702250240
13779535019042745549734851764191232
14141088842133717121944571084800000
14580306338342283365670281281536000
17853949334150050551208447102156800
18764226156419167529745530014924800
19624751681131771451324749578240000
20476303538220267518751018601512960
23288502127645752279151573982073600
23774362893544015038497676099747840
24526305828916395641721234653184000
26243432694494125619989708800000000
26492706871717435551005718934978560
28214987514870478483318934775398400
29956020483732372276186166456320000
31528402442201587239355340368281600
32843903567185775762558136247910400
32895489577432585449891788174131200
34118574324244090298503609248645120
41128150048242386453715771142963200
45103591381041833364829469933568000
61234676287152959779975987200000000
61301036195734850032747801321499904
77569666274212494192100020331560960
79945793855413983295923579764601600
82995620098142635374792152262377472
95545766652906101623161740989562880
98737830376159585767485786711654400
110937378734924712793200559757721600
112592389231494479938657154236416000
124323709962157557148675150780170240
137664704664299263757805869753958400
138843196687722740351807612371599360
146881459735225057132463833428787200
149569244282204711269824307396608000
161918724714995060277982846569676800
168390178226830943959172728120934400
184012897670457111130457073254400000
206164099277582006131266605285376000
213048632542500394063504991059968000
335683363980352711209446708462223360
344488375476068638743371294104780800
368704695837915820829978583367680000
413240137003446129112683722991206400
439978084596445801541755520994508800
462644077807622625583303793112514560
479879047162850919910266017207549952
480730592668075825466630544603217920
585335083300221259005913011585024000
618960688910908809302579288903516160
657857295683036434726191963832320000
724417437773706146704618649498419200
769956547395878253349352719421276160
874944484775428156134882360541839360
891593892319003025187351020647219200
991813264589425049852500167862173696
1049024019123069286741953804345802752
1221107038974223366622326044770304000
1238982341978693373820252827785625600
1266349477603130718027529442033664000
1390296744766902328371330416640000000
1536811973247446136807692993298432000
2029684556977259063177502049444263936
2147831083137266784723434377052160000
2213348484794695215006520937388441600
2363062978102248817753246352831152128
3251799317495262346779003480635867136
3288829480791459038013109882060800000
3593686719519205465398909114934886400
4015771713438895257845084599615488000
4189567401084053789670624876237422592
4339968941244531210554407296455147520
4446950614496793216989286488598380544
4954478892703638330385234568801157120
5034827481889891292248622267105280000
6031893957672947262970182748801597440
6879852226765442046910590372887396352
9164742157614841451895156010647552000
9701387262165307937501271833696010240
9842586022439280663368288881260625920
10120714329461493429329181597310648320
12843266016219610447646238399528960000
13096734859523336202851882197904916480
13122537911276820292251104094223073280
13188979363639752997731839211623940096
14036844400250851138648263168447479808
15556887074949659579379123375886467072
16284456549024596595192215759581347840
17311254855748844568556025005291339776
17761119887219610782452914620832153600
19970169547700017086381945689997312000
21022270788879286727694302283206492160
26225600478076732168548845108645068800
29352221545937950766732326659717857280
30835090672138827191398113900232704000
36441145562946050690457081340900147200
39137799388913272474403347787415552000
43003696645142183305455640359469056000
44629008443683062567445052784723886080
45988700055788100324577198207223070720
60528105528906870788162198716809216000
61244580567273254736704557398245376000
63785664367576475611837890193125801984
67100399545511842467190650018201600000
67724843523017230927875088175089317120
83546687272906617255545491817496576000
84153545054445325884726972178759680000
85070591730234615865843651857942052864
97988120972108339483888897534145331200
98768868146093505164874841094797393920
110097460947792447972410434854718537728
113153662973055114663393439506235392000
114649474195754072555303318381836369920
119357519043328952923132330298572800000
151108623968137835020819407259567948800
171996305669136051172764759322184908800
192525978914153900090853766080144998400
199995931737819815371906129917546332160
212377756462988919656700677918867619840
220812899615483042633515059881460105216
254689270821404671451283666383268741120
333522146068929686487479856524806717440
337508002138397815356558342889573271808
350921110006271278466206579211186995200
405379756878079249499556971835784396800
422492428789587026591490755910225100800
435322353763277786605519996735979520000
493317838778075919111430847279923200000
601134501992275734816433748664133877760
615839080205626531160884996252631040000
635134681645636607613546212668873900032
706229641740009671598194161224478359552
811705286137122222421560631888969728000
864897386868677753732028728570850312192
913272375951068630865061796595892224000
1011299480302463028311439306013141893120
1222426127575838361981312032880092774400
1276058875953519237987654777869130792960
1659791001521915337640650794084597760000
1771236999108706012325525276615245824000
1786482426334926933182716689016783110144
1794047158050756029182237744300032000000
2025208082579748169589512953913147392000
2879569154490330586323207537362888294400
3404133032381435185819638738988176506880
3784203264740909898932123942690331033600
4033448709635921465544254520006373539840
4201688722190014039187099429805930577920
4598909338857624602966593765558871654400
4771574860583699746903522505234753519616
4786711124751109633375112058428719104000
4899291275184196038000820822422155427840
5184297162325143584139134279825856921600
6114379911770098953316794968563934822400
7187923565642226495608792928303088896000
9042900586828829981574832069929861120000
9296247821839132119910166572650598072320
9898337984541306458534069890783421399040
10852345382517845297289886342699240390656
14419694228491117614575845153812617625600
15479949200082956412080257109013037056000
16207319679770333945847171100718357544960
18044273627925386033095027339190819880960
19300714801908571183889669038306806988800
20700978536286047668537890859395317760000
21608441957639815810121381147739779235840
22449787245615139034976221195597091176448
24981283387694748211538467747119759360000
25088346699455837900199815342456832000000
34638034767586448673515164802625772191744
39106911665406219896050067224652886835200
42769030773186314028862555409669003673600
47365173628246010451952399594944253132800
47832684852651003369247148303450112000000
48613038469792696177427824979102601707520
49536433160563500595393930802965118976000
54290445997016518635260925311238568673280
58747103935337921968510489709565080371200
78038764291454743898739410311533153484800
87027215340030012030758055850674720079872
97480762520757862130052653254528991232000
111612384272200068085465274643324491268096
180903018089868265631726078452366709882880
190160228852366817234652701473560854528000
200553090084484227618471627701478311854080
217765447637072626822349388662394668974080
255496383897728376122687767926130436210688
257235261338385489559452433684742799360000
265509553694539891636353689921752399872000
271308634562946132432247158567481009766400
319755459411955895840944688513314455552000
365574317182363321876090726033327471206144
385974857557909907862097306551943094599680
396808080542661699143559690033435770880000
508029046762931364164446117115926780313600
839844588799274376209258808183808327680000
1135613885200995740453193533234614722625536
1405202843428229084348755122600003187507200
1410154998606582856982676143630968635260928
1476234435048137023013788363358050713600000
1638204018386212534907700623028619592073216
2269364035344119774402392712315995265433600
2474704243677373243509673682895364486594560
2477851125326543656324428047666278173769728
5157152737616023231698245840143799191339008
5297948755059000261273100442699185520640000
5523887377566645832928370056346281705472000
5569162731172117294239779060376174959001600
6552032402968681607860957335596021317632000
6944950441125196009945251536412766686412800
7165106550267851738659155189485708456755200
8508897600272415541809371620564743047086080
11418657618845503684300560458027397103484928
14488427049832225507374951019283733861629952
23767260457424501180239149999316678622576640
28390347130024893511329838330865368065638400
28861388802698103481279561034555336354168832
46796907157843411014721263668794633570222080
47035437185211187376947721059760212279296000
54530444405217553992377326508106948362108928
58326358882953764321977695832566862278819840
59060999288621104393151120692917706319462400
133821156044600922812153118065015159487725568
139893749832279275837063438059860297095577600
248350268196927603733493370334648893582606336
257931083766479477724252036215317210878443520
291938976749902096632110861569775603023872000
338192046819293127194397708811554654064214016
477992881522055308893043830743005178049331200
532326401698257453064140862238124461260800000
671705818286199305512086848671930619265024000
701508051340250693677574394409921806336000000
1040233940157878291034007473071123941294080000
1797720224105734631642601398227069212976742400
4518688272589507685555098119253829338791936000
8094493530261781466163452208093305744916480000
9973840037576304837994604184515108770653143040
11089146531607038912225890157439492728815616000
11090563295072385428800964119978689335132160000
15383834279637793596030239630315870792712192000
23392507371208616947385056185014051741368320000
27903144992165271013907784412583371697710694400
123054379119164231837816384835364794767769600000
130124005209641625237378312897127239301201920000
299500004890186577026355605378405509365760000000
444047571496302655070440265989988564922299056128
1655578346347522792493340919485778080804372480000
1792383420331175950434429131263918898518425600000
2159949615967762028660384915818105193896083456000
6763509034739007258288052656151390965332547993600
11101189287407566376761006649749714123057476403200
11293304789053118599065548133337417303165784555520
30263359625177966555986196991369896372908937183232
398662463101309263431457905169370908352092815386214400
4989680372093758991515359988337845750507257510078971904
13092525473363220948955270211600577425831440944495329280
48949643430560436794021629524876790263031553747866371344635527168
713287896776577122497355829377640852485760737912531339949234978816
1365011183161297760660625369401059175669311045678786273829978112000
38686788011121056578700900574076814908809553749239322473792016482304
44828737039702888991401809596138010582841359879253837507147347271876608
68688966922031309945174465761834751373920047004215278394826366933532672
34493877198688394697394823968609123706029600512135632542151228195491282944
68291319867522039140219316732832546698482706074620908347971766059008000000
4680197395628626023740437467821235429890930954463525515474489833993273344000
26858749569550544873070080560343416018763475799423745716289183150310797869056
54765047586062826077147104232519533773657166644091409455081090503841475985408
97718179472691973067025524016904045403285849149449049247269303180639070060544
13487790701729822904972967765042898578513187190976458260434978753935365910822912
16427754010982202573099555360703773535751785259339896339449186474798412411699200
88551677944411242892294975443276201965497448498065529379599857155248300425740288
1606376105545205480958192524197465863877796712608687336011572840200748052216415256576
6506613515483667018449676450491160367057969293776979604120864113095261465533634052096
34625463861934857866504118671022510711069778103433886737026425811008293190601250177024
18863735795135429357926598339727034593434784361635488470523830097438618848151197459265574980259151872
8510725129299663074179948734832055995366963333251648214276010001851200455618982810891060693293346136247913567433541712734974902272000000
