1000151515441
1000321709401
1000642078801
1001102784001
1001255804641
1001908538401
1002655518601
1002769089841
1002795721201
1002959667073
1003024857409
1003032866881
1003683498301
1003934890873
1004057879617
1005335161201
1006177146049
1006422285961
1006678379305
1007312954401
1007489352961
1007977616101
1008369119521
1008869600089
1008921891601
1009249495801
1009401570721
1009514855521
1009667264761
1009799071489
1009948983121
1010973252241
1011517372801
1012342180501
1012569679441
1012862904481
1013123964601
1013579406001
1013655492865
1013666981041
1013667942001
1014698028961
1014900386941
1014932651041
1015955186401
1015996020481
1016644002361
1017002622637
1017462422201
1018345059361
1018644708865
1018691984641
1019353398337
1019990759041
1020592899481
1021015531621
1021204364545
1021214537281
1021691267857
1021783021741
1022070685681
1023096640951
1023167096029
1023322940641
1023752109601
1023887826001
1025036875201
1025414056801
1025688787201
1025821811521
1026192188001
1026773227537
1026930540961
1027428575401
1028146966561
1028175897601
1028664022321
1028766272521
1028846826001
1028998857601
1029268315153
1029834028081
1029874121641
1030386515761
1030503434401
1030723601761
1031302571041
1031754582001
1032109737121
1032255778177
1033143995521
1033199764801
1033646883841
1033709618305
1033960424113
1034436761761
1035288777601
1036218193921
1036704501421
1036776658321
1037010112705
1037129792161
1037657755681
1037766459601
1038196480231
1038416160385
1039080449953
1039601186065
1039708768201
1040046547069
1041560227441
1041928957441
1042011928321
1042266943081
1042789205881
1043756069401
1043909176465
1043928547201
1044096253201
1044208972801
1044309143281
1044320159233
1044430736441
1044587930401
1045137811201
1045244665081
1046981052001
1047000006361
1047307947841
1047461738401
1047467545801
1047646206685
1047668094001
1048022741521
1048055168161
1048186944253
1048441945201
1048589716681
1049530841269
1050379926121
1050436891945
1051620845185
1052088710401
1052154854521
1052378651521
1052567611201
1052580023041
1052829927721
1053434474401
1053508856401
1054186532281
1054550733601
1054858992769
1055775619585
1055819448001
1056024459001
1056056181409
1056082734721
1056253080961
1056736497601
1057219021405
1057321188001
1057432849201
1058137135831
1058161258981
1058639112001
1058668216321
1058847491521
1059274863361
1059355935001
1060016776561
1060029117001
1060079569921
1060079907601
1060375239001
1060430078401
1061073256321
1061678041921
1061736725701
1062071207233
1062251367541
1062801623521
1063397196181
1063457603713
1064224406401
1064356640641
1064846502721
1065482470585
1065694374001
1066187022901
1066926126001
1067145682681
1067849972641
1067912818561
1068674250001
1068699375745
1068784805341
1069027003801
1069386196321
1070730898161
1070805859201
1071263107201
1071298864441
1071668004121
1071679395361
1072437067801
1073415732481
1073493734401
1074421798801
1074677058001
1074800635441
1074881871361
1074887558641
1075286094961
1075686877441
1076178297601
1076302435321
1076564009521
1076736628801
1076827932181
1076886925921
1077182106001
1077426335161
1077687977185
1078230749401
1079366077441
1079875937161
1079942171239
1080081288001
1080550963441
1081169369281
1082518229521
1082624131201
1083115684561
1083446139601
1083902671153
1084962050965
1085093331841
1085142460501
1085456620081
1086148879921
1086540190561
1087390241281
1087410214801
1087755648001
1087927233121
1088015635201
1088054779681
1088057262601
1088426949841
1089422804701
1089706648501
1089756139681
1090211392201
1091079211321
1091243593441
1091613322801
1091686995361
1091793486421
1092059456881
1092990591001
1093298366161
1093403175481
1094224697281
1094589609841
1094962050001
1095406647985
1095651311329
1096269678001
1096416921601
1096529736961
1097343303233
1097435167921
1098002908801
1098767914921
1098938011249
1098982084321
1099315393345
1099325636641
1099420692481
1099910311201
1100091206413
1100698572961
1101375141511
1101458399041
1101573374329
1102773849409
1102821763681
1103417640001
1104082392385
1104271871401
1104404728141
1104810785785
1105622532001
1105786050721
1106525395585
1107038578465
1107329455051
1107554859181
1108124899201
1108666334161
1109016552001
1109083575601
1109138017105
1109192343841
1109775626785
1109815037497
1109940968137
1109972514001
1109996334721
1110328937641
1110495895201
1110771261181
1110800176201
1110913126273
1111195454401
1111586883121
1111748274001
1111892393305
1112226803101
1112428177861
1112495424769
1112509652761
1112692913641
1112709407041
1112846080501
1112864457601
1112871703681
1113434814361
1113928868521
1114881931081
1114967196721
1115542391041
1115683508017
1116024918049
1116380644561
1117486419841
1118719627201
1118951463169
1119133080001
1119237127921
1119280861441
1119385485793
1119473989921
1119673308601
1120244048561
1120782328801
1121414775001
1121594145841
1121760239041
1121884884121
1121943744001
1122261772801
1123391597833
1123485027841
1123746069601
1123766824321
1124881243201
1124929977601
1125650864521
1125746161345
1126153990081
1126361214001
1126959511105
1127107560241
1127477563201
1127631138481
1128342880981
1128651416641
1128796540561
1129167732673
1129261161601
1129742752321
1129929333121
1130144400001
1130298624001
1131218067001
1132008625801
1132755967201
1132840110781
1134994494817
1135650730501
1136124022801
1136288427121
1136521883161
1137379757761
1137393180001
1137433953601
1137536291585
1139515372801
1139592600961
1140082823881
1140185651401
1140470400961
1141497859321
1141746852961
1142387129521
1142443386449
1142696484865
1142877413581
1143439445401
1143592332961
1144586671201
1144715241601
1144995801841
1145876624761
1146120474721
1147579305601
1148314132081
1148433599521
1149143608801
1149273888001
1150337079001
1150378713793
1151346532001
1151846284513
1152091655881
1152664809481
1152749915857
1152932760001
1153099382401
1154113179121
1154145714121
1154363197705
1154394523009
1154423999701
1154510665561
1154542867633
1155196848961
1155800580481
1156441536001
1156912733341
1157284260001
1157445778321
1157539284721
1157591762713
1158166816885
1158576619201
1158582690721
1158788350201
1159040191233
1160148496585
1161848959921
1161981408001
1164442275361
1164531505501
1164651166981
1165465235089
1165750236001
1165830268681
1165850116201
1166725850401
1167136065901
1167236915461
1167647270401
1168116824161
1168855983361
1169096418721
1170311188033
1170819411301
1170928936801
1172333584801
1172535661441
1172635959601
1172763102421
1172915843401
1173245158801
1173258303001
1173299130433
1173591776161
1173637911601
1175720475601
1175999193601
1176085232641
1176142494241
1176429925441
1177122144241
1177627497697
1177792232401
1177799605921
1178151983281
1178159683681
1178674580161
1178907617161
1179283360321
1180010300401
1180136643841
1180310771641
1180676178721
1181040697513
1181271924001
1181830407121
1182490448581
1183237214251
1183238682913
1183751254621
1184173562881
1184365428337
1184484712321
1185426809281
1185448862401
1185513565105
1185947831041
1186008747841
1186490164861
1187446242961
1188521297041
1188647944201
1188843697081
1188968492881
1189365177601
1189529623657
1189893471481
1190197728721
1190683307521
1190730596185
1191035496001
1191526570081
1191991788001
1192801673701
1192803612001
1192867079041
1192957867801
1194321687241
1194892801201
1195194833665
1196372847961
1196443040001
1196474411881
1196508858409
1197067624801
1197567536401
1197702539521
1198283650201
1198787661721
1199323507201
1199832931441
1200471549121
1200727369073
1201002982081
1201116666205
1201203432001
1201586232601
1201771260001
1202165499601
1202216984641
1202275760401
1202384514001
1202386863601
1202752942561
1203744057601
1203870301921
1203962379481
1204373549809
1205431926931
1205688016441
1206533422081
1206573530401
1206860360941
1206881197201
1208221233121
1208668321537
1208744967781
1208921590801
1210019537665
1210432423201
1210697503561
1210735903681
1210933062001
1211071505281
1211503231681
1212546782161
1212556622761
1212724963801
1212977529121
1213379508601
1213840617697
1214000358481
1214080074901
1214399251801
1215198398701
1215375976801
1215528943201
1215644286913
1216426125601
1216594185841
1216775341057
1217141414401
1217237898241
1217439473251
1217641360321
1218877586641
1218988162561
1219092789601
1219532834521
1219657770241
1219799386081
1219822810921
1220613027601
1220742597601
1220938790401
1221052377601
1221779941201
1222356711745
1222421872321
1222491953761
1222825965361
1222994410561
1223368725601
1223461962241
1223678599201
1224234742501
1224326464201
1225785462001
1226056978441
1226411192161
1227259756801
1227490024321
1227586542001
1228326755041
1228446006481
1228741164001
1228879226065
1229032465921
1229748374401
1230346625761
1230592280401
1230673826641
1230771532501
1230809179321
1230809446945
1231217147161
1231313529265
1232529901201
1233135821809
1233289306873
1233425079601
1233729624961
1233855257545
1234068221761
1234309779001
1234374158161
1235264050801
1236019518721
1236330108001
1236394353481
1236541363201
1238339896561
1238448294721
1238761176445
1238797778401
1238810332033
1239070827457
1239097165321
1239296960881
1239460657345
1240013784241
1240723120001
1240847359921
1241084894401
1241269278913
1242151490581
1242983632801
1243320296401
1243480680001
1244066355841
1244225895265
1244326837249
1244840563681
1245009064321
1245752899777
1245829079041
1246083087601
1246399308001
1246762851841
1246821093001
1248917580001
1249841510281
1250194940281
1250808796381
1250855489521
1251029125501
1251784726561
1253056871521
1253681030701
1254097067581
1254197790001
1254512712961
1254739472911
1255016558401
1255599060121
1255647056401
1255839034801
1255870227781
1256528313601
1256725879501
1257731375041
1258304181121
1259502400801
1260293224321
1262049731041
1262350793341
1262676227401
1263132027361
1263796377985
1264178697601
1264337982721
1264551278761
1264623535201
1265121666001
1265593721041
1265719740121
1266292780201
1266469498801
1266529874401
1268326972801
1268572432681
1268618201761
1268961646177
1270281212641
1271225468305
1271311873921
1271443815721
1271748286081
1272115730881
1272296013121
1272382020001
1272877345741
1274052048193
1274144401201
1274469175681
1274838642001
1276221192961
1276248390481
1276459598233
1276768256401
1278199957321
1279159706881
1279934092801
1280056569121
1281103750081
1281197635201
1281465060481
1282555683181
1282643390161
1282985585281
1284065671681
1284365135761
1284496897321
1286317859905
1286629785001
1287868894081
1288891102801
1289277627001
1289287031761
1289502912061
1289634336901
1290995934481
1291416295681
1292343066001
1292652236161
1292790962401
1294299868177
1294968887821
1295261570305
1296862414849
1297108403137
1297472175451
1297707269761
1298083123261
1298520112501
1298594926861
1299551410081
1299624044401
1300132122001
1300190324161
1300599226801
1300651971841
1300932826831
1300937702401
1301203515361
1301332015621
1301528711341
1301548508065
1302358766941
1302512689501
1302799075201
1303284646801
1303548229621
1303569202321
1303709491201
1304053531201
1304701284601
1304727708961
1305799786621
1305829602001
1305842875345
1305928915201
1306365401881
1306827474481
1307342353681
1308014272027
1309303069201
1310282564977
1310667876181
1310901391801
1311357643597
1312587564289
1312824205441
1313052443137
1313190038161
1314224415505
1314622124641
1315035251101
1315433545921
1315449162721
1316016482551
1316208534481
1316260501921
1316552098681
1316552855761
1316590934401
1316704833601
1317723366961
1317918699361
1317971578561
1318077864181
1318809802465
1319362502185
1319665510801
1320154017601
1320256324801
1320512210281
1320598843201
1322621788321
1322693884801
1324993849201
1325416672801
1325774268001
1325829426769
1326812709601
1327520093761
1327734098209
1328100283801
1328200935601
1329250084345
1329293569801
1330644531061
1331992203361
1332148176001
1332965486161
1333189866793
1333749341761
1334060626449
1334063001601
1334066529601
1334650016701
1335239690401
1335301080751
1335358644481
1335387984001
1335563174401
1336266678241
1336790653921
1337024507209
1337042994301
1337075417665
1337197402801
1338010377601
1339812331201
1340174579041
1340661445201
1341323384401
1341486875323
1341908088445
1342534208401
1343488860001
1344009466801
1344908266561
1346487058801
1346584136833
1346585630209
1347810807385
1348058815741
1348181886241
1348209080065
1348721861761
1348815578761
1349174867041
1349391704473
1349517834001
1349596155601
1350619704001
1350676515241
1350917792641
1351310572801
1351611938881
1352146660201
1352358402913
1352608568641
1352793121681
1353204841591
1353786818581
1354437772381
1354644923941
1354679898001
1354723945345
1355493218689
1355509764001
1355800415761
1357235228161
1358266479361
1358579723905
1358751402361
1358857684801
1359239001121
1360218946177
1360720146241
1360890385141
1361999237401
1362286719001
1362321933841
1362586911841
1363958425621
1364019150481
1364309584705
1364936075581
1366724620801
1366992445105
1367260473601
1367284136401
1367453222401
1367629380001
1367890135921
1367963866801
1369284178501
1369506965761
1369569206881
1369861083361
1370160776881
1370323017505
1370622955681
1370693597041
1372168264897
1372828111201
1372880003041
1373784572161
1373855427649
1373953858201
1375185738241
1375946155585
1376148960901
1376151746761
1376531193601
1376699593501
1377420435469
1378682431201
1379185926301
1379551980601
1380008432881
1380402460801
1381683681001
1381810842721
1383193511281
1383678862501
1384258632121
1384571838001
1384870804201
1385061703201
1385308314001
1385764619905
1386847814401
1388692819801
1389020532001
1389335396401
1389656782081
1389995400781
1390351607041
1390503359521
1390663989121
1391094480601
1391253045841
1392024061441
1392994437121
1393499328481
1393923168001
1394778949201
1395599325121
1395755998561
1395920358001
1396066334401
1396095409801
1396556078401
1396580379481
1396966905841
1397417807521
1397917515457
1397960756641
1398690136537
1398958544881
1399291745401
1400413538593
1400882511601
1401103523161
1402631389909
1402650306289
1402919366905
1403074967581
1403705245321
1403874234049
1403965189441
1404813415105
1405149333841
1405268571421
1405391359681
1405529227201
1405531018801
1406960100001
1407301287481
1407872997721
1408076833969
1408873480561
1409024970145
1409276449153
1409491307665
1409591554021
1409873531851
1410262308001
1410285733921
1410506014033
1410794199361
1411033491649
1411034042881
1411138310401
1411319669761
1412267663521
1412602490881
1413777350161
1413816199489
1414028363749
1414094029921
1414246626001
1414273150081
1414362124801
1414482123601
1414794444001
1415409266881
1416546079201
1417118522401
1417312291681
1417481352001
1418226232501
1418260345321
1419252357601
1419580879201
1420088231701
1420992175681
1421287781761
1422052040641
1422104380621
1422207642241
1422230947201
1422279855361
1422286171201
1422786039361
1423554429781
1424009628601
1426907620801
1426910503201
1427264238401
1427271623713
1427328882001
1427646865681
1427823735229
1428229978561
1428425107201
1430611610401
1430861604481
1431185268241
1432500874561
1432810282177
1433456541217
1433460407401
1433583024721
1433696071501
1433913088861
1433914852501
1434541979641
1434910455901
1434954890401
1434968395201
1435003542721
1435738307221
1436068583041
1436184483031
1436564632321
1437218625361
1437252756745
1437317375761
1438098114817
1438184112001
1439355566881
1439992971649
1440615745921
1441195636321
1441240538401
1442473190401
1442608370281
1442686714561
1443677808601
1443694371301
1444635316441
1444880700901
1444982291281
1445108793409
1446867243361
1447101337249
1447175655451
1447212356353
1447241710261
1447399411921
1447467374305
1447945329601
1448198760961
1449007245001
1449069289921
1449352363537
1449389837281
1450833690241
1450977141601
1451306823121
1452063004921
1452095601121
1452393993961
1453124599201
1453429137601
1454333139721
1454383224001
1455437448361
1455498435001
1455731653321
1455933546145
1456760033281
1458008798401
1458340798201
1458643888801
1459835984881
1459994429881
1460182888801
1460312688241
1460602015489
1460730633121
1460946268081
1461149284321
1461358065601
1461708826705
1462432372831
1462473033841
1462709340001
1462859571601
1463191853761
1463349418201
1463447487601
1463947231681
1464489635401
1464815444401
1464865099621
1465308324481
1465563924001
1465658059321
1466026813681
1466420953921
1467716913001
1467980054641
1468497681001
1468886178169
1470677060161
1470814828561
1471186523521
1471889163001
1472741018281
1472914539433
1472998441789
1473074845201
1473602500801
1475132420161
1476111833281
1476244289521
1476344360401
1476627147073
1477101618721
1477156695169
1478688816781
1479209236681
1479342412801
1479378201601
1479576310201
1479637546801
1479982594861
1480380464641
1480493900161
1480605282001
1481372079769
1481628726865
1481774104801
1482908812561
1482932725561
1483826843731
1484212947841
1484917148881
1486084678981
1486459235521
1486578582721
1487064955249
1487309362561
1487328704641
1487491483171
1487526733441
1487752047145
1488792534481
1489394537281
1490170651201
1490726160001
1491132681721
1491421192801
1492546049281
1493134288801
1493195615101
1493476645753
1494345372961
1494816206401
1495019395441
1495031907601
1495044142021
1495126019521
1495389576241
1496059884001
1496125209601
1496482686721
1496723024161
1496785197601
1497152882401
1497494202841
1497942936001
1498087823401
1498283340841
1498408699861
1498807447501
1499495961601
1499508853921
1499643169921
1499872684321
1500350183641
1500480683065
1500878332801
1501509358441
1501808469841
1502387697889
1502850449881
1502896154761
1502972415841
1503994086001
1504207823041
1505281034881
1505425370401
1505429845921
1505599158001
1506281498281
1507014250561
1507201002301
1507452784201
1507888831501
1508100800401
1508754800701
1508983248721
1509791338537
1511844642001
1511885502073
1512190632961
1512678236161
1512866355001
1513120167901
1514542843801
1514895268321
1515309032161
1515554964001
1515628164961
1515825257761
1516122129601
1516226528881
1516437866581
1516468156945
1516984167601
1518230838601
1518526489873
1518557286961
1519048538461
1519491877813
1519859681341
1520116288237
1520339048617
1520455276033
1520733778201
1522148788945
1522310328001
1522412965801
1522719137281
1522734503941
1522903821121
1523091503737
1523473376881
1523590130161
1524226284001
1525377053201
1526068052041
1526142763081
1526420521801
1526473868401
1526645175601
1526748404401
1526885464681
1527388502641
1527554790721
1527864562081
1528561601281
1529000953201
1529340842701
1529368156801
1529868921841
1529994632545
1530545425201
1531586183401
1532188444501
1532875518721
1533022545601
1533115350001
1533218544001
1533361939201
1533696024961
1533745039681
1533954224881
1534155877801
1534215168001
1534334216401
1534734154801
1534790589121
1535005155685
1535609142145
1536159675961
1536626632801
1537882145185
1538016412801
1538086668001
1538213518689
1538441910721
1538925436801
1539470506861
1539721310401
1540032424705
1540671268501
1540687968001
1540751509657
1540976221681
1541053986121
1541364340609
1543809617281
1544001719761
1544419578241
1544500305601
1545286669201
1545385732801
1545435208801
1545709907281
1546119917761
1546347511501
1546458994081
1546854656257
1546914727501
1546955081281
1547191988161
1547560872001
1547954089921
1548027851521
1549256746753
1549389173761
1549603494817
1550070355681
1550821387501
1550861332105
1552328223265
1552561833985
1552883690401
1552959167761
1553248958941
1553931777601
1554959487601
1555014827521
1555119751681
1555212257281
1555729282801
1556997603841
1557201508381
1557214243201
1557309989845
1557325889821
1557834337081
1558078259401
1558086225961
1558196761969
1558227390721
1558648072801
1558650119041
1558660394305
1558706078161
1559869955281
1559943761377
1560134656417
1560358522801
1560567808801
1560604454641
1560867503041
1562280849361
1562340981601
1562631784561
1562658905521
1563270922081
1563428262781
1564571791441
1565251724161
1565282834961
1565307926281
1565777174401
1566178992001
1567214060545
1567853370721
1567989277921
1568447022961
1569379054321
1569701814121
1570263392545
1570536198001
1570580026093
1570594416121
1571525882641
1572678833401
1573284787201
1573405910161
1573753104001
1573939389961
1574490140497
1574529840001
1574577228673
1574662400641
1575196543009
1575216766201
1575487363801
1576436069377
1576650553921
1577433521521
1577808235081
1578517106881
1578929047201
1579149537421
1579502204281
1579709185561
1579909383361
1580032506241
1580347573201
1580612436481
1582306372801
1582479396001
1582626658537
1583195092081
1583910617185
1585494754201
1585773479521
1586696392513
1587633006961
1587714546601
1589470826113
1589696428321
1590564712465
1590674304241
1590929993521
1591353086401
1592075340241
1592401658401
1592508183553
1592563989745
1592729200921
1593011443465
1593172161505
1593774927361
1594082486305
1594342764001
1594349911441
1594821684001
1594937616481
1595058879745
1595464912801
1595567625121
1596276069697
1596401712361
1596882994561
1597022778121
1597327270561
1597879379845
1598413733281
1598665299841
1598698049761
1599004528369
1599027795541
1599931438561
1601406999361
1601425034641
1602134888341
1602911369089
1602926703001
1603019274481
1603137312001
1603234651201
1603448064001
1604181027961
1604837593801
1605121076161
1605270399601
1605895981921
1607984088961
1608424842241
1609317169201
1609706707921
1609771559761
1609810902001
1609896884905
1610147548801
1610487722845
1610523527041
1610889003361
1611124665409
1612049675041
1612656372097
1612979764201
1613303640145
1614499275313
1614546216361
1616757084433
1617744286081
1617784937281
1617952708801
1619693412481
1620626548801
1620795009601
1621116161281
1621737645697
1621850293801
1621913681701
1622064850561
1622635857361
1622753730001
1622828516401
1623218247001
1623222276481
1623459998161
1624235599801
1624733303041
1625298887521
1625549231881
1625966899921
1626143610841
1626444135361
1630012160753
1630416891061
1630795614337
1631137902241
1632968001505
1633077421921
1633140709201
1634210472961
1634301033301
1634364907561
1634372863201
1635018861961
1635299688961
1635399914401
1635530154193
1635556497121
1635600718081
1636671396961
1636845281281
1636992265861
1637465193001
1637715168937
1639284396205
1639299352681
1639502391241
1640605008421
1640813492611
1641086967169
1641739881601
1641802887001
1641809824201
1641840006241
1643440518721
1643504184001
1643895184801
1644945775201
1645083250561
1645196494801
1645260419377
1645283090881
1645708954561
1646546260801
1647086254801
1647692207785
1648593606241
1648805366881
1649512074001
1651434107401
1651444114321
1652726073601
1652816476081
1653269344273
1653326136001
1653427922329
1653603693841
1654217874541
1655647807969
1655904978001
1656195746401
1657160155729
1657532848081
1657576034401
1657653319201
1657674075241
1658127055201
1658295072457
1658469133441
1659621700801
1659974505601
1661176887841
1661774977201
1661857601041
1662379392241
1663539633865
1664678358001
1664826173011
1665126754201
1666248948001
1666721897281
1667256913921
1667675934001
1668045441601
1668309584761
1668522366721
1668913979041
1668957185701
1669324784401
1669512227293
1670343824701
1670409799201
1671232726801
1671379753681
1671515105401
1671588872641
1671721833853
1671885346141
1672161837697
1673076269593
1673588282521
1674154929889
1674335456641
1675369146781
1675499923441
1677265682401
1678468008421
1678722910593
1678745209681
1678799632501
1680103998301
1680853446721
1680881693113
1681771487761
1681987608001
1682089248841
1682162904241
1682253492481
1682419410001
1682664018337
1682697277261
1682819987941
1683061731541
1683268473601
1683317450521
1683938135881
1684003423201
1684048602601
1685900632501
1686293856001
1686366102961
1686484866961
1687389210361
1688729866321
1688894828881
1688934429505
1689391765153
1689430367521
1689529842001
1690000282321
1690692681601
1690765604641
1690946928001
1691782512001
1691812354849
1692520660801
1693561353121
1693576431001
1694562145921
1694658750961
1694931194881
1695016874881
1695330241921
1697263569001
1697453470081
1698002709481
1698144446881
1698147440641
1698571299601
1699154217361
1699506804601
1700064694945
1700461334521
1700532542017
1700862359041
1700902188961
1701365069041
1702210431601
1702601876521
1702610590465
1702726275601
1703236597921
1703271823501
1703538259201
1703846208241
1704048839681
1704234451921
1704482387461
1705141325785
1705244667841
1705471561921
1707244321861
1710090154081
1710489607561
1710921204721
1711769015881
1711882972801
1712065776121
1712919512305
1713000920401
1713045574801
