9
33
99
259
451
657
909
1233
2409
2981
3333
4141
4187
4521
6541
7107
7471
7777
8149
10001
11111
11169
11649
13833
14817
14911
15211
19201
19503
20961
21153
21931
23661
24013
27613
34113
34133
35113
45527
46497
48433
50851
51291
54913
57181
63393
65311
66991
69921
83119
90009
94139
95161
96657
97273
97681
99297
100001
101491
102173
108691
109737
115627
118957
122221
128713
130351
131821
134821
134863
137137
139329
145181
147001
147201
158497
164761
170017
179881
185361
188269
196651
201917
203841
216931
226273
231337
234421
237169
237817
245491
247753
248677
253099
256059
257601
269569
274231
274821
281821
287749
287809
291201
298033
301081
321201
330033
339021
341503
346473
351809
357641
358203
364277
366337
372731
390313
413339
420343
451091
455971
458641
460251
463241
463489
475641
492101
497927
505363
507529
509971
511969
570351
586993
588193
589537
595231
601657
603961
607321
632641
634351
676929
686169
754369
760761
827281
841633
847693
868001
880237
886033
903169
906193
909709
927081
936573
963857
974611
981317
989017
997981
999001
1004329
1005697
1038331
1039441
1039849
1041043
1069993
1080697
1080801
1090051
1096681
1111111
1128871
1146401
1163801
1167607
1171261
1182721
1242571
1267801
1272271
1275347
1279201
1287937
1294411
1298737
1306369
1362061
1376299
1394171
1395921
1408849
1446661
1450483
1462441
1498981
1531711
1576381
1583821
1602601
1621089
1679931
1705621
1708993
1711601
1739089
1748921
1756351
1758121
1803413
1810513
1826209
1840321
1846681
1850017
1863907
1884961
1887271
1892143
1894651
1918201
1922801
1926761
1942957
1943341
1945423
1953671
1991821
2030341
2056681
2146957
2161501
2171197
2184931
2190931
2194973
2203321
2215291
2237017
2254461
2278001
2290289
2305281
2305633
2314201
2358533
2386141
2392993
2411421
2424731
2432161
2463661
2518041
2524801
2525909
2539183
2563903
2585701
2658433
2694601
2699431
2765713
2824061
2868097
2879317
2887837
2899351
2916511
2947281
2949991
2960497
3005737
3084577
3100833
3167539
3204993
3209053
3247453
3255907
3316941
3362083
3367771
3369421
3398921
3426401
3429889
3488041
3506221
3520609
3523801
3593551
3596633
3658177
3677741
3736401
3740737
3764307
3788851
3815011
3845601
3846051
3879089
3930697
3942657
3947777
4010401
4014241
4040881
4064677
4074907
4095081
4100041
4151281
4182739
4225057
4260301
4281057
4316089
4326301
4363661
4372771
4373461
4398801
4454281
4469551
4499701
4543621
4558401
4627441
4630141
4637617
4762381
4784689
4909411
4909913
4946733
5014881
5045401
5056051
5160013
5180593
5197837
5203471
5216953
5271251
5276993
5308181
5309161
5371651
5406787
5474657
5477641
5478913
5479201
5495023
5610561
5623409
5665011
5690251
5732217
5780941
5792851
5824711
5834851
5887189
5892511
5943301
5950501
5956741
6070201
6096181
6298513
6339673
6425851
6457951
6522387
6541657
6577081
6648741
6724861
6738601
6761041
6774499
6822541
6830891
6906901
6934951
6997981
7027681
7085541
7159329
7200793
7207057
7399233
7406311
7467009
7521361
7532713
7596211
7619521
7644673
7648033
7652101
7678501
7686647
7756201
7765759
7839777
7935873
7968511
8009587
8021287
8024581
8054641
8056951
8070217
8074881
8174089
8332381
8380537
8408731
8417251
8421037
8529193
8581801
8601127
8622049
8659651
8677691
8769949
8772121
8843001
8889791
8902321
8908609
8941529
8948701
8968259
8970921
9159601
9336961
9396049
9411489
9411911
9417331
9444451
9450241
9497697
9515143
9564241
9651851
9667953
9692137
9756839
9776701
9831817
9895217
9921129
9961281
10006501
10011001
10086769
10100101
10276297
10300081
10520641
10555721
10556113
10566673
10654177
10757377
10812561
10845293
10864701
10875151
10922241
10923709
10934533
10983649
11043229
11060057
11122111
11169797
11194877
11199441
11234861
11243953
11247661
11249481
11322671
11371431
11381371
11453761
11539801
11546051
11612371
11630449
11644333
11691211
11692791
11726209
11771551
11804497
11812609
11925101
12011201
12188737
12193631
12344321
12345679
12353671
12558799
12712369
12718081
12755161
12799697
12895377
12942567
12968161
13071521
13072879
13079221
13106521
13131313
13232617
13322261
13348321
13354561
13357433
13375329
13390201
13391521
13436001
13449241
13520321
13524929
13562489
13628401
13651261
13710223
13780621
13781131
13809217
13835053
13850801
13876101
13909559
13970521
14135101
14299681
14524609
14549601
14555221
14615633
14632537
14677631
14684629
14717341
14719041
14842301
14994561
15019913
15071941
15099787
15136993
15374209
15406289
15420681
15438241
15444917
15495117
15507193
15517321
15737121
15752017
15771751
15894121
16008901
16011601
16017541
16032841
16099921
16144831
16335001
16413441
16491649
16493777
16520533
16535023
16561201
16621697
16651093
16709661
16728121
16864321
16964611
17000017
17095573
17099629
17118829
17122051
17191081
17227681
17315137
17324833
17491951
17516059
17667241
17931453
