35
185
301
481
1111
1261
1333
3421
3565
3589
3913
4495
5713
6533
8365
9331
10621
11137
12209
14315
14701
16589
17329
18361
20017
21049
22049
22321
22945
24341
25585
29197
30535
31021
31411
34441
36301
37231
39305
39493
42121
43621
45451
46873
49321
49661
49771
54481
57133
58969
61579
64285
72541
73261
74023
74563
76921
82937
84151
87061
92053
92833
94657
94681
94697
97309
97751
104377
105001
106051
109061
110305
111629
115669
117397
122695
124073
125209
125563
125809
128627
129301
144781
147109
151387
164081
171361
173377
178709
178945
180901
181351
181949
188501
193285
207929
208681
215605
216001
217381
220585
224497
225589
238855
239945
241849
245659
247969
256961
264661
268397
271207
273637
281449
289441
293281
295121
297259
303901
304057
306341
334411
341317
344761
345521
346801
352471
357715
361501
363091
367537
375871
379561
384865
391141
392977
395281
403921
413641
442331
447719
457561
459307
487621
531265
535339
538981
544321
567721
577441
577681
584527
585631
586117
595885
599041
601441
619201
623857
640921
641173
645569
653411
656111
660265
661709
679583
679861
682201
682465
684881
694321
709435
714871
718921
721153
732733
747385
748369
749521
768481
775333
778813
801313
804805
824461
830705
838177
853381
861595
863185
882379
913105
914551
924001
924265
930385
935389
947761
949781
973741
994153
1028521
1029721
1032037
1033853
1056511
1065841
1074529
1079365
1080289
1080905
1085471
1123357
1123505
1148929
1154131
1169101
1179931
1208605
1209937
1227361
1246441
1269191
1272349
1300981
1313005
1324909
1334311
1346941
1365407
1379053
1379617
1380751
1396201
1406371
1415305
1420693
1433185
1433969
1446241
1447681
1458241
1474567
1484881
1492663
1496881
1500961
1514461
1542623
1543381
1549861
1558921
1592935
1605353
1620011
1623329
1623623
1628533
1629181
1630609
1634221
1645501
1650595
1667713
1679617
1680913
1682221
1687105
1703221
1718317
1722913
1731241
1734301
1753327
1767601
1769377
1777793
1782439
1786969
1819439
1831285
1850761
1863061
1872865
1881121
1898401
1911397
1911601
1922401
1925201
1925281
1925401
1930067
1949851
1953391
1991263
1992641
2039329
2041081
2084377
2121061
2127685
2131381
2149441
2169881
2193517
2225665
2228161
2240281
2284621
2304757
2337301
2368571
2392241
2405173
2406401
2407441
2408341
2440165
2444771
2457599
2481745
2497981
2517763
2530531
2553061
2553985
2568055
2596721
2628451
2629801
2689345
2699551
2722721
2723053
2725021
2727361
2745281
2783509
2786057
2830213
2832337
2858401
2863393
2885401
2937949
2938699
2948947
3008581
3051841
3093697
3109141
3140641
3178981
3191761
3215485
3216721
3236905
3239281
3261661
3265361
3272101
3288511
3289105
3299105
3305993
3309967
3323341
3342827
3358369
3358417
3362893
3364957
3367441
3371329
3372529
3388021
3390193
3405961
3421285
3421729
3443497
3521701
3524921
3582619
3600433
3600805
3619561
3703441
3707371
3752173
3781141
3821101
3830971
3844849
3886813
3890461
3968341
3981979
4005991
4023541
4040281
4108621
4111381
4112305
4114433
4128301
4131251
4156321
4170709
4208281
4224533
4234021
4252741
4280401
4296961
4313881
4318861
4343689
4370101
4384693
4417001
4425001
4428385
4460545
4465201
4483729
4523821
4587415
4615207
4618081
4633981
4705345
4746653
4767265
4775953
4784137
4828891
4863601
4869541
4884241
4921801
4985857
4997665
5062069
5070001
5073199
5075161
5085613
5105647
5109157
5122133
5164765
5202121
5221801
5262985
5294521
5334193
5379361
5384785
5412871
5427841
5492089
5502061
5506315
5506501
5531461
5601421
5696705
5718721
5722289
5728177
5732545
5745961
5783849
5783905
5795761
5806591
5806801
5831071
5836861
5902849
5910121
5919853
5938141
5938171
5952871
5993281
6089941
6101485
6151949
6154241
6157601
6167161
6186607
6227497
6233821
6253921
6273521
6288877
6330721
6351745
6356395
6422065
6465121
6469789
6477941
6500221
6503321
6505591
6539821
6543265
6570481
6577121
6578065
6603301
6668795
6696017
6696097
6733945
6755251
6825673
6834205
6873517
6892249
6931717
6955873
7071181
7204093
7214969
7357945
7361201
7370521
7374121
7392781
7418269
7423771
7434541
7439641
7440553
7444291
7451383
7503145
7503733
7532953
7569505
7569883
7622129
7630553
7640299
7683397
7686401
7687435
7697921
7721041
7737121
7753501
7777441
7783297
7803301
7887361
7891657
7948081
8036653
8081137
8106121
8143981
8163877
8230897
8269057
8270801
8293381
8300281
8302097
8306389
8332741
8343601
8353073
8386561
8387569
8401849
8403913
8405821
8408065
8417281
8449501
8474005
8478913
8502551
8504281
8543041
8550841
8564353
8569981
8596849
8678935
8727005
8748541
8777849
8780903
8812291
8831641
8835301
8864017
8946571
8952113
9004801
9029581
9095581
9140257
9186385
9216899
9219901
9227417
9240121
9341263
9387973
9393895
9408841
9433117
9454711
9464065
9560671
9576001
9650641
9821813
9835541
9885943
9897121
9920509
9933301
9963073
9989161
10055585
10077697
10124569
10171441
10201621
10262161
10303151
10331665
10366741
10445671
10501681
10504621
10512181
10527217
10548761
10620961
10654669
10672663
10699585
10751291
10778041
10826905
10926343
10926601
10941049
10964749
11029439
11067631
11088013
11098465
11110555
11137237
11184841
11203193
11206531
11268251
11279041
11350261
11351341
11416837
11549809
11566213
11652901
11681761
11844469
11873905
11886361
11912161
11921171
11923699
11960389
11973781
11990809
12113761
12190801
12240103
12254221
12268201
12274081
12306385
12321037
12389701
12430453
12466837
12494665
12585511
12613151
12673153
12691967
12768001
12796273
12833569
13053811
13114001
13129561
13129921
13163473
13260241
13303441
13326733
13338161
13347685
13361329
13423141
13435921
13496981
13566421
13757299
13758001
13821193
13851619
13857517
13866391
13922701
14043757
14129021
14129893
14166361
14203561
14302471
14326145
14342527
14444689
14499661
14535973
14621641
14622265
14654701
14663281
14696449
14782573
14826031
14826835
14853301
14860301
14903461
14932645
14940289
14953859
14997841
15021301
15087983
15257971
15269281
15283273
15340573
15358033
15513121
15543893
15560651
15604961
15795577
15846145
15860065
15873481
15895681
16013701
16075745
16142641
16210801
16277263
16286401
16322041
16388281
16390381
16566121
16643953
16654717
16656589
16666585
16710877
16755481
16773763
16861117
16862743
16871905
16945633
17136505
17170171
17193541
17249345
17313521
17349307
17420977
17425261
17449417
17460781
17471147
17544209
17545501
17630041
17645689
17655901
17764867
17832803
17872801
17875213
17899897
17904433
17928001
17980093
18164521
18184141
18210401
18238393
18299281
18365941
18374161
18429289
18460201
18487921
18510769
18537961
18613505
18739621
18746581
18861221
18984923
19010321
19129201
19311817
19415341
19447681
19451161
19488913
19561133
19591601
19625311
19728401
19797697
19972009
19975501
20068621
20108953
20134621
20165761
20172673
20196013
20214241
20286841
20296009
20296901
20473633
20498401
20504881
20676311
20722561
20818513
20870641
20963041
20981701
21042793
21116551
21164417
21181447
21183709
21288865
21330961
21331241
21349945
21453091
21493633
21578377
21632293
21732271
21777601
21795997
21881617
21927529
22051561
22064057
22065319
22079345
22080745
22094905
22137193
22174021
22187161
22199297
22259989
22322461
22376761
22409269
22475713
22563073
22634209
22649161
22800961
22839629
22918141
22951981
22965397
23083561
23129633
23131549
23135161
23153221
23197801
23244451
23254309
23305297
23329985
23401057
23403061
23403481
23564821
23569633
23600851
23804941
23811041
23888161
23994961
24011521
24081265
24274705
24311701
24365341
24368677
24488773
24493441
24531991
24547195
24654673
24697351
24735061
24804937
24947839
25042447
25073821
25124581
25152721
25241437
25248851
25358293
25383961
25390801
25414885
25533577
25681201
25683841
25751981
25758253
25765201
25834357
25962049
26086501
26103569
26163271
26205361
26385497
26551681
26682661
26796457
26807521
27045721
27129887
27300553
27316051
27340051
27358981
27519521
27718489
27773887
27805345
27835801
27850601
27937981
27949769
27984133
28043065
28080121
28358287
28458217
28559441
28612981
28687321
28708219
28832753
28844165
28871815
29059699
29234401
29241829
29342951
29354833
29437585
29498641
29570881
29666785
29755237
29775565
29818297
29871937
29978209
30013829
30059305
30084145
30272005
30437551
30513349
30529669
30625093
30657529
30691585
30792421
30874489
30908953
30992041
30997681
31032085
31065217
31066237
31157641
31161541
31199923
31536277
31767715
31775341
31882087
31916977
31921351
31955665
31978117
32004601
32079961
32306581
32321809
32406265
32476861
32504239
32527801
32605273
32818501
32866561
32976343
33154849
33183745
33281617
33339385
33369301
33369799
33764251
34055281
34084181
34370443
34400731
34459321
34460801
34536385
34609393
34632197
34696531
34705585
34723901
34869517
34892221
35129047
35204027
35238541
35266729
35482861
35496913
35510383
35590945
35671441
35732497
35780293
35783881
35845633
36014671
36245665
36334441
36607681
36705901
36782281
37005001
37081123
37214695
37417153
37558885
37569745
37580065
37724611
37771261
37860361
38027341
38187877
38281681
38525605
38576461
38633365
38654197
38714713
38723521
38834849
38983585
39096181
39219001
39244681
39251455
39292891
39388609
39536641
39557197
39569761
39619201
39634201
39669841
39674909
39678121
40114793
40121101
40323817
40327223
40330411
40581601
40596289
40882741
40916591
40920661
40978741
41148721
41195701
41307281
41363641
41446957
41489701
41544301
42061837
42167161
42262561
42275567
42304513
42396871
42417001
42495049
42764453
43154671
43285427
43387129
43430101
43431535
43597501
43707781
43750201
43770001
43786289
43837361
43981561
44019757
44059445
44114701
44195221
44354521
44417581
44489341
44501689
44534881
44544211
44639533
44760581
44784037
44873245
44921521
45106957
45213643
45374293
45429805
45538343
45772441
45775561
46106761
46163161
46173833
46296481
46372261
46379501
46457993
46519249
46802701
46840201
46981585
47131657
47294857
47308621
47363257
47378389
47388889
47411521
47454247
47461129
47517377
47600477
47903753
47907289
48016261
48235681
48304481
48327427
48392065
48425521
48526451
48566197
48672001
48679649
48802741
48804661
48960409
49038031
49141729
49290241
49312651
49506721
49593061
49618801
49660417
49666891
49716901
49781891
49800673
49923661
49974901
50292121
50399389
50414401
50465321
50613451
50615269
50779873
50859721
50889985
50919733
51024961
51172129
51430381
51435361
51439873
51532705
51574573
51623501
51898351
51909799
51923761
52056241
52206661
52247401
52357141
52388821
52433921
52481233
52590781
52644169
52692151
52882513
53363269
53509501
53870705
53935201
53949761
53965885
54004645
54069517
54085601
54180841
54192061
54357031
54382411
54400457
54523037
54586651
54630937
54777721
54807841
54852721
55174561
55384033
55587553
55650385
55830251
56126521
56203021
56208001
56308591
56322961
56354035
56467489
56495461
56567485
56599889
56832541
56872153
56938321
56950037
56951729
57334609
57490489
57608881
57609397
57649501
57681481
57693491
57792301
57906841
58106977
58275829
58428049
58434769
58494859
58562101
58804285
58810753
58828771
58874881
58895473
58914181
59106853
59234521
59296645
59330581
59398201
59487481
59496431
59704801
59734465
59734753
60110389
60156409
60233977
60355549
60458401
60794281
60841441
60876841
61055233
61100551
61230943
61234537
61363541
61442641
61563113
61602557
61616161
61758901
61900741
61905853
61910707
61992649
62021953
62193781
62481709
62713261
62812981
62817601
62847505
62857861
62934841
63405901
63577921
63645985
63733645
63736651
63969337
64049371
64186057
64281841
64423961
64510669
64875097
65016301
65052181
65123641
65203061
65221381
65307841
65374849
65431681
65468833
65714113
65978881
66104545
66143161
66164917
66166801
66199105
66221221
66298561
66311785
66316321
66578491
66803221
66803329
66918181
66996931
67205501
67224959
67406149
67706501
67815149
67879171
67949761
68225521
68283397
68461573
68616241
68650921
68700541
68894981
68995585
69048577
69078101
69429205
69432217
69502537
69571363
69579841
69773705
69805177
69821401
70015861
70119985
70202341
70761601
70766921
70780801
70905097
70918849
71048341
71158501
71350201
71384563
71628841
71835193
71937109
72115831
72283009
72343621
72548641
72559411
72616861
72783901
72827209
72856081
72951061
73255015
73429189
73470961
73678681
73705633
74004841
74360353
74869021
74897581
74943601
74985607
75298141
75298609
75520001
75644251
75760201
76237057
76436731
76462771
76465957
76482793
76808513
76941901
77040601
77090413
77633641
77637463
77709901
77846273
77920621
77929633
78161593
78166219
78265361
78281309
78861097
78892633
79037569
79308073
79310897
79359841
79403113
79511041
79593151
79671241
79921921
80283031
80296489
80455765
80472757
80484001
80566669
80748391
80806615
80821801
81010501
81221041
81372985
81534391
81653873
81775981
81857251
81946243
82165513
82170691
82210051
82923905
82962241
83073901
83270561
83288339
83400761
83615981
83681221
83717011
83861551
83870851
83895751
84191509
84216661
84358177
84365281
84511297
84633661
84707965
84979153
85115917
85124305
85146973
85158305
85276009
85402801
85722841
85896721
86300641
86413081
86456581
87121741
87130633
87213673
87238729
87570145
87852601
88020833
88132169
88134085
88249921
88283201
88467211
88598017
89067361
89158081
89252821
89322481
89598529
89984801
90423109
90459265
90498689
90508561
90531247
90555805
91023481
91085905
91474201
91616801
91805473
91843981
91849849
92037749
92041093
92104393
92297941
92382121
92449441
92500487
92572561
92939281
92972377
93095821
93311573
93461281
93517021
94026337
94111361
94116961
94177903
94187593
94210777
94265473
94542841
94612771
94620241
94669381
94680337
94684261
94775927
94805161
95175721
95184293
95262721
95291821
95297293
95405281
95541601
95599621
95914711
96234817
96273001
96311785
96698909
96777781
96878101
96907721
97091401
97219361
97281505
97286785
97401637
97602523
97655041
97903681
98002633
98156761
98327071
98365345
98543251
98815201
98982001
99335065
99461539
99627557
99676721
99687481
99832993
100303141
100359001
100375561
100384417
100670869
100839745
101058751
101136961
101515373
101547217
101771881
101949001
101993101
102001045
102268801
102534145
102544465
102584971
103011481
103115041
103159537
103448809
103484101
103535111
103620323
103700521
103885601
103896481
103991329
104039965
104078533
104097097
104097781
104427505
104489785
104560261
104626705
104703061
104730949
104979841
105395005
105462961
105726895
106004641
106040705
106146091
106285201
106299811
106582681
107047981
107154145
107344693
107357041
107556373
107583049
107668705
107746261
107823661
108070201
108128791
108217381
108264031
108308701
108383905
108905231
108906901
108991951
109012177
109114369
109114951
109216561
109219753
109521457
109529809
109603501
109655801
109774373
109821097
109883071
110001361
110245681
110287801
110331001
110339681
110589865
110598131
110793457
110852821
110856349
111045565
111174595
111397417
111446113
111459601
111461981
111574051
112060495
112062133
112165931
112260001
112350169
112387681
112535881
112723007
112930489
112940569
112988305
113316529
113492941
113646721
113740933
113955089
113997601
114276905
114334441
114388093
114422041
114569947
114605569
114628931
114791977
114805597
115020781
115190401
115312757
115392397
115454269
115510609
115614913
115735201
115805593
116099785
116143681
116256401
116385841
116613641
116856541
117068161
117637741
117855991
117942973
118026181
118054721
118576657
118579441
118705771
119135233
120666601
120755183
121386721
121452877
121501081
121867417
121909201
121955581
121970017
121983841
122180449
122459119
122516485
122517433
122706649
123238781
123478381
124007905
124180591
124185721
124208281
124505941
125081773
125335853
125387737
125437141
125804665
125914321
125944321
126449713
126590545
126603973
126839441
126857165
126904051
126933871
127277161
127286341
127367251
127403281
127504931
127641229
127979761
128144897
128429497
128541841
128609461
128835181
128921653
128981243
129047041
129059665
129302993
129334465
129534769
129623401
129798901
129816601
129874921
129970321
130021441
130349521
131015281
131041747
131092105
131183221
131504143
131715745
131762413
131808931
131849201
132047417
132054841
132186757
132323101
132563621
132643141
132645745
132806171
133128073
133128917
133490881
133515721
133796521
133861729
134084989
134118505
134433181
134622181
134865001
134998801
135376969
135573985
135632423
135827281
135830371
135851941
136098469
136200437
136372501
136591585
136642201
137345041
137608705
137813129
138281221
138308017
138414781
138450481
139018945
139163281
139194433
139214521
139221121
139414705
139546873
139621105
139792069
139935601
139938085
140127001
140769487
141007249
141079537
141826513
141841609
142084921
142107727
142439941
142584841
142844269
143559433
143984833
144254551
144347905
144465071
144703801
144973487
145404715
145464341
145537345
145574617
145601941
145892069
145975021
146021633
146065921
146136719
146812621
146916595
147003601
147024865
147952981
148037617
148201141
148216663
148359509
148402081
148486261
148695505
148871017
148878577
149227441
149382971
149407273
149731261
149733601
149797585
149848201
149900881
150316777
150322441
150370921
150403997
150457819
150726121
150874285
151939711
151958623
152307505
152478593
152776261
152799401
152894089
152906617
152922641
153091261
153273289
153339481
153472801
153625601
153843341
153859033
153910945
153953537
154316233
154375201
154461961
154574641
154645201
154697089
154816201
154936937
154948513
155051713
155290249
155290501
155320417
155346647
155474051
155715481
155752567
155981869
156587581
156761101
156918997
157309777
157542533
157853521
157984961
158026561
158317021
158437801
158525641
158693221
158799301
158837801
158868181
158874661
159034681
159275269
159294661
159684265
159733021
159849361
159873169
160086901
160150393
160261921
160356637
160703341
160821505
160937089
161093773
161768161
162096901
162387821
162395521
162396073
162712681
162797137
162922849
162961201
163124869
163339561
163400473
163511929
163676269
163703449
163729483
163800901
163808569
164072305
164256769
164279569
164292577
164522401
164600173
164965945
165056321
165060145
165088561
165267361
165291001
165662111
165678481
166101391
166225333
166264021
166308961
166315681
166536097
166805633
167304853
167372437
167768545
167890801
168125899
168167281
168247261
168375043
168572341
168696781
168701053
168727141
168905065
168950881
169086341
169166401
169392169
169407577
169655941
169818481
170129161
170195635
170354809
170486213
170491777
170523361
170697349
170697859
170761561
170898161
170916481
171306253
171464437
171528505
172528651
172681561
172783573
172964741
173309221
173647585
173881981
174307897
174362461
174645661
174802721
174914497
174937393
174940921
175103503
175308101
175385953
175536973
175883305
176247121
176274287
176356201
176367049
176379841
176641921
176797841
177064213
177474661
177550591
177594649
177734341
178023421
178385729
178498945
178691197
178906897
178918741
179193001
179277121
179707133
179740321
180084841
180277021
180563801
180634561
180873265
181039259
181117729
181431361
181446409
181917001
182644501
183001933
183132811
183219517
183228347
183345163
183436177
183469729
183952801
184062565
184238209
184603417
184993121
185124967
185247301
185358161
185984761
186125633
186138031
186305041
186379501
186910861
187570945
187712533
187947271
188053921
188070265
188192161
189169345
189287785
189482107
189679969
190130161
190577677
190658521
190938661
191219341
191457397
191476243
191681257
192016945
192451561
192475999
192628511
192800833
192917221
192936241
193547341
193562821
193665277
193683673
194099521
194649001
195007801
195024565
195233545
195275521
195867541
195933241
195991951
196099201
196257793
196765651
197104321
197587081
197805043
197877961
197920009
198034831
198041501
198210049
198267745
198313961
198415201
198546877
198547921
198554765
198560209
198598033
198762397
198961321
198963311
199232161
199405441
199574701
200031283
200083333
200178433
200308861
200350153
200584933
200600569
200752501
201146137
201279001
201430705
201573737
201576523
201590677
201809071
201949351
202565651
203063329
203432689
203967553
204189901
204228001
204512257
204605641
204814981
204835789
204965377
205235561
205288441
205541935
205704181
205823873
205973857
206001901
206413165
206591905
206601949
206624401
206669281
207214837
207324961
207651571
208213349
208397377
208464887
208470505
208495777
208681057
209208181
209633005
209932465
210021721
210154561
210249781
210517709
210519331
210600181
210886561
211188781
211260505
211490777
212152249
212256301
212263045
212340541
212412493
212600557
212662801
213249961
213371977
213657841
213973051
214075093
214305337
214533985
214619581
215226641
215333821
215686177
215968705
216086221
216145189
216267851
216519745
216718393
217134401
217186537
217262101
217556753
217729697
217735321
217801021
218023751
218385241
218707945
218885701
219029329
219051223
219176413
219529135
219802589
219914971
220471841
220701601
221497303
221798017
221819905
222116563
222205369
222661621
222796001
222981265
223326241
223398469
223627265
223779781
224190247
224671801
224757001
225127981
225445921
225590653
225749701
225844361
225870637
226523137
226747729
227172001
227882161
228451561
229031321
229052461
229082281
229302109
229894945
229913281
230231581
230260819
230278321
230295745
231786241
232173941
232320529
232554037
233107201
233232221
233394367
233544421
233809537
234087481
234617041
234671581
234715021
234887521
235443079
235477561
235733641
236126557
236617261
236671981
236905429
236929441
237217429
237268249
237735041
238223881
238376821
238566721
238616897
238725601
240049057
240334165
240391801
240671551
241301341
241630201
241679089
242126173
242210221
242601661
243129169
243300493
243640873
243698131
243732385
244292245
244400129
244644901
244915471
245083861
245710945
245805781
246157081
246287041
246446161
246558145
246666187
246790201
246947581
247137661
247231477
247250251
247276765
247426609
247497601
247736545
247873561
247878667
248031721
248054401
248152843
248162761
248328679
248393041
248550401
248668861
248696839
248986921
249183037
250301611
250449109
250505281
250625881
251293285
251297641
251366009
251628961
251661565
252065465
252960841
253173493
253206661
253613587
253704781
253868581
254026201
254047981
254054369
254055913
254120959
254130301
254527561
255330001
255401389
255538465
255655765
255925337
256167473
256267153
256453991
256604065
256867681
256940245
257047381
257455441
257543287
257968235
258207041
258778153
258844951
259225441
259417201
259445213
260610641
261125747
261162589
261688981
262011361
262182481
262239757
262604101
262733221
263124613
263146741
263483353
263856385
264098341
264337141
264369151
264484621
264487871
264508561
264509665
265361041
265924921
266135341
266453881
266547841
266702761
267068341
267430801
267567701
268253831
269236045
269505601
269526097
269827741
269841985
269865901
269901841
269933833
270930661
271260593
271310341
271487251
271550143
271739881
271807597
271830469
272150281
272343751
272377261
272408321
272412181
272986201
273540961
274117441
274140595
274475953
274840021
275240461
275265145
276018961
276066253
276105413
276134501
276414001
276570493
276604705
277603915
277636681
277749121
278102917
278233345
279164557
279867805
279987281
280083701
280105169
280283401
280747801
280984915
281107261
281263109
281406301
282012661
282110401
282202597
282291101
282610477
282672841
282772945
283273381
283336417
283893877
284035207
284174401
284688937
284908993
284955973
285088141
285405901
285588577
286774073
286823593
286854947
287278603
287821261
288138721
288281245
288334901
288997633
289051393
289979677
290699501
290807713
290893345
291172609
291520693
291636283
292251415
292260865
292374433
292441969
293049241
293096041
293843341
293987233
294094351
294774949
294856441
295239385
295560757
295735265
295794001
296236873
296744281
297014641
297171629
297245477
297273697
297489361
297835681
297938701
298036945
298424071
298589521
298772209
298843049
299048101
299147369
299254501
299474911
299587201
299789221
300016561
300261751
300304513
300311311
300392281
300635521
300866581
301521031
301549249
301611017
301655341
301664881
301873201
302047969
302098633
302204033
302759041
302943901
303910111
304247581
304384117
304764721
305246305
305430301
306125683
306313855
306524441
306533305
306652531
306820021
306878221
307086607
307137061
307688161
307688851
308106241
308148751
308283001
308568691
308880481
308952547
309102841
309171169
309220381
309255301
310151281
310915585
311141377
311257441
311324401
311403061
311682361
311944513
312254219
312485167
312688909
312931081
313314211
313536421
313678153
313769951
313820801
313908481
314147401
314620489
314736661
315558829
315754261
316289161
316315117
316525483
316733257
316835359
317089297
317671831
318095365
318187801
318269281
319160437
319609501
319853731
319935781
320185981
320589181
320956441
321046633
322150501
322166593
322943921
322973185
323064487
323141065
323554447
324005041
324132929
324166081
324272033
324382033
324384217
324565921
324860005
324878713
324893251
324942241
324957601
325172737
325712401
325802701
325917181
326031721
326613151
326702531
326940481
327017341
327258961
327737017
328011331
328531081
329128801
329427451
329631841
330075037
330245461
330466333
330851413
330884993
330972097
331365055
331603201
331868197
332014801
332503681
332858701
333183457
333571591
333828353
333889453
333927049
333957793
334046545
334350121
334421641
334445701
334987741
335244001
336105505
336117601
336488881
336617965
336691681
336765121
337202821
337214041
339033221
339525649
339634081
339669265
339942205
340155649
340168081
340419041
340552081
340748641
341396197
341416993
341564269
341981557
342193237
342974521
343256401
343533421
343997545
344064109
344336221
344382169
344461349
344489693
344719861
344753605
345378331
345524257
345646657
345675961
345729253
346502989
346859521
347098081
348340501
348400963
348566401
348807215
349138567
349395367
349617181
349701409
350240311
351259021
351381889
352000981
352385965
352392355
352517177
353336977
353343281
353586961
354083821
354280741
354536401
354695687
355807585
356423041
356533217
356708657
356991571
357190681
357282913
357359957
357415957
357424921
357582061
357998641
358285301
358586341
359190257
360519601
360553753
360925405
360929461
361031053
362397421
362588941
362619181
362944987
363036785
363867361
364087441
364176073
364195657
364324681
364531321
364545181
364985101
365414329
365432017
365509691
365837851
365841001
365858011
366307969
366328033
366499393
367024321
367474861
367589581
368131853
368494561
368660161
368870041
368962273
369217201
369217661
369410041
369435661
369639361
371379701
371482849
371867041
372139801
372330385
372383857
372874789
373097681
373422961
373459945
374018905
374203201
374280841
374343985
374949763
375632821
375766561
375819613
376096033
376330801
376343317
376352521
376398001
377332501
377968753
378393265
378432493
378734203
378866593
378956141
379131121
379509271
380129761
380239861
380263081
380407841
380913301
381116881
381179263
381604843
381848473
381876001
382053853
382471033
382588511
382619701
382900051
383143451
383985281
384192145
384522685
384939589
385444381
385577617
385779961
385789591
385832809
385838245
385863985
385954561
386224681
386407477
386431633
386649121
386660713
386925551
387385021
387772273
387976037
388962211
389017801
389133421
389610481
390311041
390943711
391150099
391323431
391388113
391595281
392673205
392999089
393247027
393402781
393629977
393766309
394061311
394440301
395216713
395290765
395487821
395676667
395864869
396443281
396565741
397088101
397162921
397223905
397364113
398213809
398292961
398582543
399778201
400167001
400241089
400436201
400839553
401627611
401723291
401896705
402199981
402206761
402243841
402358321
402935365
402947797
403163137
403176901
403353473
403666009
404425621
404475361
404851321
405467941
405661081
405956801
406457563
407264221
407945737
407956081
408042181
408449003
408937321
409092553
409762849
409765721
409875313
409926781
410121661
410176831
410216521
410334337
410476261
410716601
411357817
411507181
411703405
412507601
412905001
413243143
413483941
413670661
414006041
414371917
414741961
414817417
414832969
415212361
415953553
416105281
416521513
417570049
418015441
418079465
418156921
418192133
418516957
418539745
418717993
418813921
419312851
419349601
419455153
419666833
420944161
421138801
421211935
421272391
421390451
421806401
422242465
422560837
422770621
423001501
423317671
423568321
424230241
424582273
424651255
424814447
424852237
425087551
425337023
425339461
425745901
425942609
425991841
426259001
427349539
427374305
427870081
428336209
428631697
428874733
429243167
429329629
429359113
430276537
431633821
431661569
432001081
432224101
432942511
433118401
434076373
434363179
434644033
434970829
435169129
435367045
436523473
436646665
437010913
437945869
437987809
438068005
438260005
438479041
438565969
438579661
438870913
439282153
440020945
440180519
440199145
440253121
440257081
441109201
441307777
441393857
441437269
441460285
442338721
442506709
442534393
443353633
443566441
443688649
443832481
443938321
444183005
444323341
444362401
444490621
444502501
444637621
444676909
444755065
445040161
445350241
446337061
446715221
446801641
447758389
448137145
448148653
448997701
449495641
449604001
450631361
450640667
451023001
451118981
451275343
451417061
451672849
451678693
451698589
451721761
453032137
453168577
453350161
454393969
454439665
454691453
454766287
455064841
455465101
455852761
456650473
456660517
456809569
457024465
457053661
457438577
457497847
457506793
457854841
458185633
458471105
458946181
459053713
459197761
459933811
460010881
460601197
460662529
460714717
461328553
461640169
461679121
462921481
463047481
463118041
463480501
463697137
464056561
464294377
464416933
464930929
464978221
465429361
466040665
466157341
466210753
466406201
466679431
466778161
467146909
467440129
467674897
467707801
467781445
468369421
468500033
468837901
468856297
468971041
469489021
470455301
470491561
470823289
470931553
471968281
473237401
473347213
473610271
474211921
474343601
474468229
474663887
474732481
474946741
475573249
475683841
475992397
476059523
476621377
476783665
476991841
477114001
477461651
477855041
478158695
478160761
478532041
478629001
478746269
479398501
479854441
480101581
481166731
481284457
481368961
481763161
481831681
483214117
483815401
485686349
485780881
485797621
486112705
487560043
487991521
488508481
488613601
488640577
488987335
489031045
489276121
489335041
489573361
489770863
489955201
490521361
491900521
492051649
492290617
492325751
492870001
492919105
493228801
493249861
493307977
493387441
493513957
493527961
495295801
495310033
495573121
496150705
496605073
496782841
497154817
497185937
497639233
499537963
499924321
500153473
501450181
501644521
501793381
502048741
502060561
502325821
502449481
502516081
502554313
502826101
502885741
503140261
503271697
503319601
503538385
503969041
503994745
504296731
505025197
505174801
505226767
505513889
505680301
506317141
507074581
507183901
507607921
507673153
507970051
507970711
508094281
508198213
509395501
509487805
509850121
510209561
511959505
512669521
513352891
513808417
514270891
514321057
514536985
514578611
515158141
515886841
516775361
517370581
517393501
517824361
518189113
518665981
520277287
520380721
520399381
520465045
521063749
521465413
521601301
522260371
522397153
522824905
522903613
523149553
523156801
524573281
525015505
526054501
526147081
526926601
526980241
527881051
527974201
528651997
529250701
529377697
529732867
529774669
530228821
531036379
531703985
531803701
532005013
532481489
532835689
533054341
533090221
533104489
533289505
533661001
534033361
534298421
534412171
535020481
535435441
535879153
537280801
537361921
537558211
538412033
539537941
540479017
541003961
541453147
541533637
542743417
542865727
542889901
543470851
543478001
543730181
544007773
544511881
544553161
545278265
546497953
547047931
547477057
547704613
547817497
548187781
549219889
549304687
550045783
550312621
551476241
551632081
552077281
552163333
552634849
552726481
552768079
552775105
553056401
553168981
553592761
553601809
553724329
553883905
554951729
555531517
555602419
555881711
555992873
556016161
556268497
556560871
556613377
556945201
557573905
558105901
558316721
558490187
558629947
558709621
558771931
558930961
558958483
559536721
559918633
560516581
561160321
561636697
561817589
562754521
563031613
563615779
564882445
565594177
566585443
566820013
566938441
567062161
567653833
567809281
567815617
570192481
570199393
570605713
571077193
571264201
571460977
571492481
571596499
571840193
572126861
572268601
572801581
573181381
573435133
573584857
573725257
573938785
574086241
574987771
575094169
575378101
575563465
576065281
576778211
577081681
577269181
577362721
577852651
577947161
578077697
578191849
578472805
578821531
579144511
580112677
580593181
580677457
580923505
581075341
581506561
581515273
581680153
581748509
583418701
583642081
584436349
584893585
585397657
585799669
585910045
587031571
587409031
587539291
587647201
588689101
589525921
590039911
590335831
590360641
591784901
592904801
592988305
593560573
594041701
594474229
594615061
594615961
595471997
595627913
595628389
595866241
596280049
596311769
596419453
596453131
596999401
597458413
597733111
598484941
598778545
599108293
599112001
599420341
599538121
599945233
601537861
601604941
602707501
602865901
602925661
604379665
604398029
604636033
604792681
606366397
606640501
607921315
608354929
608712961
609338821
609474241
609484681
609708481
610152049
610200961
610317761
610675633
610712593
610826041
610876729
611872885
612071161
613181395
613242001
613756441
614499145
614729045
614890081
615195127
615244481
615321097
615440641
615651661
615677401
615752051
615875989
615924901
616478941
616552273
616649261
617167501
617257561
617334481
618015553
618104701
618521761
618772561
618781465
619063831
619185601
619451281
620749441
621852673
622125505
622229609
622940305
623326753
623499361
623608441
624186865
625322161
625694329
625771861
625989253
626274661
626779297
627146521
627366941
628107301
628108993
629021017
629838241
630615721
630642673
630856201
631155505
631500193
632371201
632669071
632717353
633559105
633944033
634273321
634322521
634882273
634925329
634946017
635129681
635228449
635314597
635500183
635970721
636552001
636747931
636911641
637786561
637895545
638072305
638243011
638285761
638850049
639648361
639999841
641069729
641328961
642242503
642290027
642925921
643866721
644280553
644291761
645354865
646779505
646895569
648183061
648219001
648321451
649235341
649687369
650659073
651194401
651510415
651772045
652941541
654339181
654346391
654649789
655059961
655219207
655612651
655914013
656645665
656679001
657024097
657294001
657414577
657876031
658603441
659422261
659798569
660022705
660061081
660159601
660408385
660475201
660751309
660814561
660816997
661303729
662745241
662846185
662873653
662923561
663757879
663765709
663779089
663817921
664149383
664171249
664295281
664295521
665965405
665978821
666234361
666332941
666447145
666522661
667074337
667523161
667578871
668239201
668635111
668903761
669834127
670275217
670438861
670567301
671199157
671312161
673236271
673319083
673996885
674234281
675236329
676553281
677389049
677833321
677842981
678545209
680064001
680121901
681906721
682331833
683116849
683226193
683443681
683921531
684372481
684463981
684634133
684822779
685113793
685128577
685565881
686483605
686492041
686570821
686934529
687104741
687258449
688007041
688874641
689634481
690598441
690694273
691000441
691326397
691727713
692602849
693506641
693947311
695641921
695797921
697201297
698297941
698680621
699030401
699498757
699565777
699640705
699654073
699762961
700398847
701454979
701600971
702038737
702104257
702105733
702234361
702402481
702652897
703777777
704110639
704674363
705419387
705493009
706363093
706546945
706720609
706908301
707265451
708009949
708477997
708579601
708680561
708800833
709879301
710101441
710195095
711027073
711300241
711840361
712077745
712247041
712629841
712708001
712954867
713946133
713966779
714309289
714316681
714332521
714434377
715543393
715564271
715869929
715896181
715950301
715996331
716169301
717217705
717794873
718092607
718655581
719265551
719281081
719335261
719370511
721089601
721231561
721636801
721695833
721930399
721962241
722590141
723540961
723544921
723914897
725068021
725683451
726712993
727274161
727791961
727835329
727861039
728260921
728929201
730065409
730142401
730142683
730704133
730759537
730942681
731578393
731895121
732279121
732384313
734008969
734017585
735671881
735806545
736346065
737263681
737511193
737724521
738699235
738846901
738939421
739436545
739595221
740031721
741205193
741400229
741956641
742100869
742135381
742515193
742709545
743660401
743758561
744202177
744310117
744478901
745414601
745708657
745979761
746067673
746243953
746759861
747665201
748202209
748940977
749006353
750237193
750631033
750709609
751070341
751259665
751316749
751491329
752334157
752369905
752549671
752550913
753104641
753345181
753512881
754332149
754901971
754979809
755048449
755914501
757227637
757411345
758417101
758677105
759163663
759334801
759513601
759643633
759731761
761615101
762133751
762326621
762863473
763492441
763703941
763725781
763878661
764789531
765275221
765311081
766583245
766751185
767617777
768615541
768743053
769360945
769640873
769746121
769857463
770536453
770752081
773383681
773423101
773757577
773897797
774109627
774362161
776372401
776385985
776536381
777465781
778105081
778907161
779174491
779392153
779518405
779786131
780024601
780498811
780731641
780812461
781325953
781571461
781615801
781780141
783307841
783309241
784062301
784349353
784513297
784635469
785241073
785667037
786060301
786157087
786677041
787086661
787138177
787663981
788441473
789595841
790470649
791805805
792113641
792113921
792643837
792968377
793038121
793453501
794092321
794517751
794844289
795111241
796353391
798499031
798527341
798871921
800257745
800877169
800925181
801114121
801607561
801634681
802169953
802312705
802781785
803014241
804224785
804247705
805014481
806898191
807272401
807450001
807811201
807895777
808201381
808693249
808956163
809093377
809349661
809630101
809800321
810097601
810176797
811014529
811307617
811556737
812036461
813387169
813654217
813738751
814252063
814677877
814878541
814899523
815074597
815226121
816062401
816513061
816900283
818162563
818375041
818679841
818811601
820390789
822097711
822123121
823669949
823847681
824584345
827177033
827479549
827723233
827806321
828489901
828634561
828792803
829388011
829620397
829729849
829812061
830565013
830583937
830723149
830747521
830981251
831035569
831160513
831489409
831821327
832841731
833601601
833666911
833824181
833860189
834611777
834822157
835157009
835878121
836010605
836984737
837113941
837281611
837990301
838750561
839423677
839840065
841048729
841425337
842060671
842216041
842512141
842955961
843136057
843350881
845142085
845486467
846285001
847762273
848321101
848332681
848365189
848435641
850625777
851624437
852223681
852332869
852703201
853172461
854187181
854202241
854325745
854762041
854921041
855211015
856364353
857111905
857138437
857421247
857448467
857672201
858186733
858805351
860297761
860506693
860524481
861522157
861871501
862434445
863980261
864377185
865692985
865984549
866769361
867100417
867323521
867387781
867516013
867981409
868389113
868791665
869109281
869866201
870971245
870990241
872665345
872946757
873108397
873953869
874355041
875328721
875825641
876532501
876782341
876790081
877160593
878053177
878072071
878319001
878404759
878571001
879172477
880218361
880314971
881295793
881386921
881433061
881573051
881841205
882063001
882305281
882355915
882488917
882841051
883526401
884047621
884113561
884193181
884771011
884814697
885157105
885528461
885540745
885811081
885946657
886902913
887367565
887420101
887481329
888433105
888838273
889712101
890955745
891003361
891437041
891958201
892213211
893868403
893878201
895961377
896063365
896369881
897167309
897763945
897776413
897791801
897916207
898042297
898166513
898663585
898747585
899180881
899246503
899600833
900005041
900174721
900270611
901564453
901929601
902477521
904203637
904819201
904876361
905242945
905396401
905989867
906823009
906989185
908909761
909102881
909373933
909814753
910816681
912100801
913000273
913678129
913849111
914195537
914402413
914634883
915222401
915330001
916108921
917198041
917994961
918154339
918882901
918999649
919078889
920529601
920656681
922026877
922150153
923992807
924195361
924593869
926026081
926332471
926702371
926752321
926863393
927275041
927375031
928606501
928693081
928995445
929497817
929609497
930662111
931153777
932098133
932440537
932667541
933262261
933406201
934311313
934571041
935335441
935900329
936629785
936662687
936686689
936815617
938007301
938030101
938256841
939284287
939488761
940281733
940776391
941330377
941333761
941631697
941791841
941831485
943083571
943320817
943651729
944613121
944657443
946770001
947485351
947608201
949904173
950875381
951047461
951109841
951232133
951443153
951757441
952555241
953145505
953289793
953370133
954518401
955050241
955720921
955772947
956138821
956178721
956272141
956558387
957218305
958113745
958159099
958568941
959148841
959155561
959619649
959926969
960120217
960300097
960521101
961193101
961416961
961504589
961527529
964168349
964368181
964850173
964963441
967113001
967571185
967637041
968335481
968391217
969139009
969848083
969886801
970314241
971153821
971326441
973298485
973352251
974204561
975573061
977859037
977987881
978136831
978491485
979913617
980017291
980424961
980565301
980612305
981174517
981286255
981330001
981365569
981759961
981898841
982134091
982228801
982916257
983883601
983884513
983986345
985336561
985563217
987665581
987873811
987912361
988060591
988789321
988933393
988946101
988964471
989283481
989389621
989490217
989637211
989770861
990177661
990502801
991059917
991115371
991358353
991363309
991633105
991829641
991901681
991936435
992283265
992591821
992698513
993195121
993350713
994517533
994737745
995161441
995625727
996196741
996431761
996798001
997547713
998128951
998395489
998914561
999336001
1000429057
1000795537
1001367445
1001407849
1002438491
1004078321
1004345701
1004891761
1005572401
1005742621
1005745261
1006107061
1006833673
1006921441
1008201637
1009761377
1010284921
1010458021
1010533381
1010903041
1010962877
1011388141
1011755989
1012434589
1012927201
1013532661
1014195721
1015381387
1015540501
1016313145
1016342281
1016990065
1019046301
1020300799
1021039501
1021495321
1022226941
1022273785
1022868911
1023022001
1023092161
1023293089
1024038721
1024243507
1024262041
1024910581
1024926805
1025040851
1025411941
1025529649
1026052771
1026278681
1028050661
1028064961
1028236369
1028811421
1029587581
1029925201
1030446781
1030940953
1031109101
1031317021
1031343265
1031353961
1031797921
1032170041
1032475081
1032658081
1032898241
1032998461
1033417921
1033895161
1035159049
1035741889
1036944001
1037020801
1037492149
1039645321
1040018941
1040209261
1040357161
1040603201
1040960641
1041946849
1042349831
1043327041
1043404921
1043684605
1043754265
1047200641
1047322081
1047602689
1048264801
1048330081
1048446505
1048834501
1049980861
1050334495
1050432055
1050723757
1050972385
1051412461
1052494657
1052585509
1053052621
1053732751
1053899749
1054729585
1055801293
1056067447
1056264211
1056471841
1057062913
1057078301
1057333105
1057376107
1057639051
1057667041
1057956589
1058151901
1058816533
1059182491
1059492961
1059541561
1059618281
1059816313
1060104241
1060148233
1060282441
1060794769
1061529001
1061595601
1062328201
1062690379
1062790561
1063411201
1064507123
1065107641
1065259585
1065269269
1066306081
1067853745
1069176961
1069683403
1070368705
1070556037
1071225961
1072074529
1072287385
1072963207
1074539857
1074585601
1074593641
1075173121
1076113441
1076543041
1077349201
1077808513
1077999121
1078663105
1078837817
1079835121
1080059761
1082302993
1082504989
1082755477
1084087241
1084158041
1084329961
1084864501
1085623561
1087534801
1088094385
1089220861
1089240373
1090185623
1090240861
1090432981
1090819801
1091925361
1094840545
1095116881
1095485029
1096147801
1096411189
1096424077
1096870861
1097895457
1098365185
1098468973
1098590641
1099140337
1099140683
1099195147
1100412001
1100927281
1101786781
1102181641
1102461985
1102667297
1103232313
1103276989
1103376001
1103578021
1105941689
1107159601
1107428221
1107649901
1107724333
1108687069
1108760771
1110590749
1114323841
1114450913
1115181001
1116167641
1116256141
1116320641
1116616249
1116789421
1117244341
1118545201
1118769571
1118841553
1119010861
1119088717
1119145105
1119550381
1119912781
1120023871
1123635103
1124383051
1124501401
1124776973
1124809561
1124872561
1125176221
1126093321
1126399105
1126695061
1127118541
1127316301
1128531601
1129390421
1129510033
1130322943
1132218241
1132541953
1132794301
1133654401
1133818561
1134135001
1134263305
1134581617
1135103867
1135121341
1135577953
1135621201
1135685633
1135709185
1136264545
1136281105
1136727505
1137460897
1137750401
1137752887
1140250711
1140750181
1141708393
1142751217
1143077701
1143159421
1143431017
1143631261
1143820051
1144500661
1144624031
1145196361
1145588921
1145609041
1146410881
1146920321
1147834153
1148416513
1149720677
1150184113
1152683533
1152687601
1153077121
1155306241
1155664531
1155677423
1156155673
1157166001
1157328661
1157724577
1158100945
1158118105
1158670691
1159030693
1159202773
1159568641
1159693417
1160735665
1160744531
1161296081
1162179361
1162717585
1163842261
1163895613
1166086819
1166098021
1166621401
1166881261
1167478145
1167576427
1167954985
1168118597
1168616737
1169462941
1169729281
1170614593
1170961681
1171835785
1172443537
1172587783
1173071059
1173154501
1174318993
1174460197
1174784401
1175172001
1175736871
1175854441
1176211207
1176476467
1176540001
1176692833
1177169521
1177246837
1177281451
1177897609
1178677045
1179951301
1182799801
1183231891
1185295105
1185618781
1185662401
1185915841
1186500473
1186891483
1187898377
1187980561
1188295921
1188512131
1189410985
1189665361
1189955845
1190260891
1190488921
1190753407
1190768041
1190996893
1191159469
1192047473
1193005477
1193062993
1193584601
1193719345
1194035401
1194296545
1194676673
1196624689
1197464833
1197547741
1197969301
1198486381
1198790209
1199023201
1199042527
1199538061
1199706355
1199871493
1200491713
1201006501
1202804881
1203052669
1203928921
1204446673
1205045761
1205709121
1205803291
1206057529
1206344881
1206682813
1207357201
1208228401
1209194701
1209229477
1209419551
1210309889
1211545921
1211820229
1212126895
1212506063
1212737401
1213106401
1214479981
1214573981
1215034601
1215043297
1215112921
1215332665
1216070401
1216305181
1217199841
1218899501
1222601953
1223113801
1223333101
1224383317
1226845081
1227189121
1227343969
1227887401
1228466785
1228644001
1228713973
1229292541
1229360231
1229772391
1230355981
1230621001
1232141521
1233546301
1233596471
1234157909
1235253721
1236108421
1236313597
1236326977
1236694921
1237286401
1237788301
1238459905
1240475653
1240628407
1240929781
1241055481
1241439733
1241771329
1241946109
1242134311
1242195265
1242278801
1243036861
1244978281
1246423001
1246604321
1246873537
1247850001
1248140521
1248920093
1250496073
1250891005
1251169921
1252615585
1252954081
1253218381
1254077101
1254605185
1255910761
1256909941
1258102561
1258454041
1259493985
1259586001
1260438145
1260534601
1261754521
1261805971
1262106199
1262446657
1263124621
1263211981
1264221505
1264835929
1265198257
1265385661
1265390785
1265557657
1266557881
1266596605
1267185361
1267324037
1267498669
1267678945
1267755385
1267878001
1269481501
1269852193
1270374001
1271364709
1272103309
1272542209
1272655681
1273549201
1274090401
1275318703
1276449721
1277321107
1277470321
1278406801
1278968401
1279861129
1279883761
1280025649
1280075041
1281050467
1282471297
1283079421
1283161951
1283870281
1284208705
1284680209
1284798733
1286011469
1286035381
1287121879
1287334945
1287936469
1288097041
1289237977
1290019393
1290419809
1290674113
1291625473
1291637923
1293539393
1293584041
1293930001
1294428961
1295600983
1295714113
1296040357
1297556023
1298109241
1298441665
1298478181
1298879401
1301379691
1301750201
1301932801
1302145267
1302257197
1303570081
1304000705
1304336321
1305569231
1306867465
1307167129
1307482381
1307996281
1308240337
1309158865
1309517353
1310903341
1310982401
1311105151
1311672961
1311719377
1313320213
1313699905
1314363649
1315474513
1316475749
1317173521
1317357553
1318532455
1318968257
1319090293
1320530821
1322208361
1323580153
1323639577
1324429393
1324559041
1324843201
1325090365
1326333451
1327745989
1328033233
1328302541
1328517451
1329325201
1330215601
1330710221
1330872913
1331189341
1332226873
1333491877
1334398681
1334531281
1334634301
1335274081
1336227361
1336287077
1336348651
1337221921
1338093361
1338486721
1338953383
1339021465
1340610481
1341456337
1341618097
1341751265
1342086721
1344025501
1344317041
1345075681
1345459861
1346607739
1346630401
1346699761
1346781745
1347238927
1348472269
1349141977
1351429441
1352237741
1353862081
1354256065
1355932531
1355937877
1356234061
1358920535
1360314577
1361101691
1361536541
1361605279
1361670121
1361770741
1362183901
1362363157
1362625381
1363732201
1363735921
1363935457
1364219473
1366431991
1368276481
1368376381
1368550981
1370457601
1370778751
1371135761
1371762001
1372491121
1372683121
1373452033
1375236721
1375655941
1376588431
1377672121
1379364361
1379781877
1380609601
1381325009
1382092801
1382700211
1385015059
1385846785
1388484917
1388629453
1389227617
1389266449
1389272851
1389555217
1389594821
1389765301
1389930151
1390137841
1390742641
1391233141
1391730913
1392086593
1392320557
1394713321
1394733049
1396009741
1396183367
1396198481
1397091931
1397915201
1398046801
1399766401
1400342881
1400436337
1401134833
1401216121
1402084657
1402886269
1403046163
1403665781
1404368641
1405902961
1406972701
1407132161
1407597553
1409049577
1409747033
1409792801
1410181921
1410798481
1411318441
1411427161
1412756801
1413112411
1413643841
1414623521
1414798273
1414822777
1415065861
1415904229
1416345481
1416687181
1416782485
1416807113
1417260001
1417837669
1418077981
1419448801
1420057633
1420331641
1421197597
1422361585
1422799673
1422880621
1423005493
1423717703
1425834721
1426015501
1426152421
1426201141
1426852153
1427327689
1427539009
1427543041
1427612341
1427834071
1428002161
1428613021
1429371901
1430083873
1431187759
1431808561
1432286401
1432317355
1433850809
1434745501
1437082309
1437309253
1437383221
1437866561
1438534153
1438934981
1439854741
1439978365
1440752827
1441150165
1444322497
1444673881
1447555033
1449266561
1449927361
1450277011
1450641061
1453849651
1454114689
1454334001
1455539401
1455844321
1456571581
1456659961
1457452321
1458345817
1458758251
1459785457
1462735693
1463679169
1463907265
1464702781
1464734377
1464789313
1466410801
1466777053
1467195521
1469179621
1469476645
1469740429
1470226801
1470308401
1473169321
1473649345
1474060561
1474236361
1474255069
1477142395
1479713401
1481271001
1482197761
1482254797
1483507537
1483548419
1483626313
1484116921
1484199289
1484498341
1484796421
1485970543
1486693657
1487351321
1487529241
1488103681
1488270721
1488358369
1489022263
1489506481
1490313091
1491174401
1491818581
1491865669
1491931441
1492353017
1493173441
1493517511
1493589841
1494991873
1496165581
1496487059
1496975641
1497872545
1497927017
1498310641
1499499145
1499815651
1500115249
1502001481
1502176321
1502350861
1502434501
1502682721
1502787049
1503485437
1503834553
1505520721
1505810353
1506694501
1506920077
1508588185
1510197277
1510215421
1510648321
1511751601
1512395389
1513701071
1514653057
1515001969
1515755281
1516010497
1516211089
1516272521
1516828171
1518776461
1519027081
1519095271
1519129081
1519900621
1521465661
1522498429
1523018701
1523348401
1523816257
1523848129
1524277201
1524924493
1526634103
1527188461
1528092193
1529877889
1530057145
1530326381
1532046881
1533125881
1534096423
1534769563
1536388001
1536694933
1536785041
1538071061
1538701009
1538978041
1539273737
1539274861
1539665293
1539803629
1540740961
1541394401
1542488905
1543358881
1543922185
1544373181
1544783381
1546263745
1546394941
1546486669
1546517935
1546617241
1547702221
1548555841
1548901081
1549251299
1549651501
1550980801
1551166561
1552293889
1552817449
1553588281
1553618305
1554709501
1555981057
1556329633
1557609769
1558094161
1559121023
1559496781
1562478181
1562605201
1562756041
1562801857
1562826457
1563027445
1563359185
1563995665
1564357631
1564763905
1565791067
1565891245
1566393193
1566553261
1567090867
1567777051
1567779577
1567940683
1568328301
1568359913
1568461249
1568917285
1569659917
1570298401
1572848023
1573049521
1573116013
1573225561
1574150761
1574230285
1574482141
1576798903
1577847211
1577971121
1579215205
1580676571
1581772501
1582518601
1582527241
1582874113
1583766961
1584463321
1584794669
1585551361
1585568881
1585701265
1587455939
1587982561
1588988281
1589863861
1590196609
1591095823
1591121041
1591358041
1591451293
1591911799
1591913401
1592689393
1593352831
1593842005
1593949921
1595229301
1597184761
1598362921
1598527021
1598562541
1598605489
1599315121
1599352267
1599414961
1600425773
1601274481
1602770401
1602872701
1605194197
1606749061
1607153251
1607988901
1608550321
1609251049
1611232129
1612013305
1612023817
1612254169
1613938453
1614498145
1614806281
1614892033
1615828501
1617024241
1617519457
1618405921
1618854385
1619714881
1620207793
1623442081
1624124989
1624486967
1626240421
1627301071
1628289901
1628604901
1628949421
1630247711
1631015641
1632031829
1633604401
1634164561
1636690777
1640537041
1641878785
1642430417
1642664611
1643179297
1643821441
1644256321
1645020833
1645191841
1645567885
1646848117
1647241961
1649159873
1649383273
1649916751
1650588601
1651667161
1653958153
1654097641
1654912921
1655347681
1655699305
1655784901
1657584253
1657944883
1658576701
1659195253
1660616569
1662410081
1662615641
1663067641
1663808455
1665181099
1665630961
1665873397
1668279361
1669380961
1669492441
1669638205
1670062969
1671117883
1671922441
1671949441
1672461901
1672655041
1674889129
1675911641
1676772361
1677119893
1677350305
1678345921
1678433641
1679190241
1679519297
1679596397
1680821281
1680977081
1681381801
1682045281
1682181329
1682581681
1683548353
1684044781
1684257049
1685453341
1685510321
1686021871
1692288001
1692567521
1693425889
1694127601
1694954233
1695366457
1696216081
1696804957
1698360841
1698492601
1700097751
1700468497
1700622721
1701493477
1702637977
1703202733
1704570121
1704900421
1705176901
1706454829
1706730373
1706908751
1707263701
1708285441
1709098031
1709563045
1710695041
1710733921
1711300801
1711536385
1712105921
1712214721
1712526553
1713031657
1714161205
1714163011
1716440801
1717239889
1717899001
1718090221
1718314439
1719340561
1720732861
1720806097
1721396881
1721838301
1722200701
1722691801
1723419661
1724595301
1726365343
1726801861
1726936093
1727194153
1728123619
1728408565
1728687961
1728988309
1729067693
1729205401
1729415941
1729534951
1729749385
1729864061
1731368521
1731445921
1733606461
1735822381
1736808497
1738437841
1739154457
1739433529
1740068221
1740754621
1741080661
1743358231
1743933241
1744429681
1744458401
1744617265
1744691761
1745076697
1745787121
1745794459
1745953081
1746766021
1747341505
1748521321
1751462809
1751822881
1752304321
1754113921
1754804561
1755103141
1755369265
1755691561
1756465921
1757207539
1758484771
1759378697
1759418389
1759531481
1762538581
1762696801
1763549537
1764076861
1765207921
1765903561
1767701233
1768468081
1769484485
1772036215
1772628781
1775658259
1775880601
1775920897
1776198061
1777219471
1777388299
1777496401
1777533577
1777554613
1777937161
1778383465
1778550049
1778563207
1779578419
1783502785
1785451519
1787197843
1788866005
1788922591
1789106881
1789509961
1791225641
1792336141
1794772669
1797927481
1798276789
1799289181
1799388181
1799390051
1799688277
1801822945
1803108097
1803419905
1803610501
1804077241
1805208991
1805555201
1806483841
1807335737
1807973785
1808038141
1812099073
1812205013
1812472795
1812995041
1813531837
1814015017
1814576401
1814640337
1814887231
1815963521
1816383001
1816853581
1817609921
1818240481
1820346481
1821718837
1822486021
1822856761
1823689297
1823766557
1823888989
1823910145
1825800445
1826362651
1826368213
1826564545
1826651905
1827702101
1828182427
1828884421
1829462881
1829945965
1831178089
1831178581
1831831261
1832895961
1834023457
1834094413
1834173601
1835195545
1835447671
1835578045
1836267187
1837392721
1838068801
1838632381
1838745541
1838841901
1839640321
1839812521
1839860713
1840833523
1840926961
1841030821
1841560561
1842249517
1842624901
1842989401
1843095541
1844156341
1844283673
1845732421
1846296361
1847380417
1848098561
1848400357
1848592201
1848980059
1849189441
1851155389
1851996265
1852317251
1853264321
1854112141
1854544705
1857451141
1858664233
1860770881
1860988501
1861387417
1864274917
1864393441
1865813431
1865880361
1866354205
1866464641
1867661335
1867736417
1868174881
1871052697
1871501633
1872442657
1872606049
1874326843
1875224521
1876367809
1876380121
1876958701
1877300101
1878092089
1879746721
1880275321
1880345809
1881315437
1881682921
1882413649
1882953865
1882990201
1884104641
1886351545
1886526721
1887348721
1889329001
1889720785
1890571981
1892629921
1892832877
1893233581
1893385495
1893445141
1894573309
1895080951
1895229577
1896826561
1897658731
1897712857
1897920817
1900854001
1902660001
1902847129
1903394191
1903720501
1904180473
1904528641
1904758369
1905241591
1905985081
1906960861
1907088331
1910274397
1910388481
1910668033
1910834113
1911492787
1912289981
1912524265
1912540297
1913062033
1913903641
1914248785
1915658641
1917291181
1918045585
1918156681
1919798101
1922905837
1924195585
1924806661
1925492381
1925998201
1926126721
1926685181
1927063489
1927251943
1928929069
1929345481
1929743761
1929926545
1930063201
1931455177
1931522629
1931880133
1932418369
1933657057
1933712389
1934402809
1935725281
1936598401
1938646889
1938954241
1939808261
1941151213
1941326749
1941813641
1942232101
1942836001
1944225001
1944378601
1944596791
1945290733
1947834253
1948781959
1950010741
1950026221
1950514561
1950758173
1951492033
1951746301
1952665121
1956141361
1958535601
1958704177
1959023249
1959567241
1960168001
1961610157
1961736841
1961917441
1962259201
1962284101
1962699421
1963725505
1964014465
1965084121
1965239497
1966629101
1967008555
1967407381
1967585057
1967691265
1967696677
1968160723
1969741313
1971944785
1972522861
1972743697
1974312341
1974337633
1976246701
1977714781
1978554121
1979280901
1982219653
1982554177
1984121641
1986408001
1987740271
1987965211
1988198701
1988672533
1988723161
1989337697
1990569349
1991706445
1992909865
1992910465
1993640845
1994184985
1994207489
1994389601
1994928481
1994937979
1995964153
1995997745
1996410001
1998520273
1999817009
2000400949
2001733273
2001972259
2002483913
2003467411
2003501341
2005546649
2007464761
2009386861
2010708901
2010730177
2012073505
2012104249
2012592817
2014084729
2014121677
2014282181
2014658845
2014732621
2015093521
2015663521
2017574431
2018378641
2018802241
2018921653
2019856501
2020170601
2020615777
2021443201
2022666121
2022755365
2023966441
2024183161
2025345091
2027351929
2028036133
2028558841
2028680041
2030153329
2030444173
2031164641
2033224481
2033258401
2035809181
2035855081
2039007757
2039816089
2040194521
2040772081
2040987961
2042618689
2045290759
2045350513
2045568421
2045994337
2049336961
2050291393
2050620661
2052136945
2052331051
2052500347
2054397241
2054698321
2055106171
2055159601
2056131841
2056344481
2056358081
2058872881
2058875911
2059334641
2060618077
2060752681
2060979661
2061675433
2062505593
2062651361
2062877671
2064364081
2065019905
2065040041
2065553281
2065938301
2066877001
2068472791
2068700041
2070385801
2071779073
2072404081
2073471521
2073825601
2074252801
2075772097
2077449841
2077982089
2078127811
2078541631
2078613121
2080919737
2082222583
2082673243
2082889771
2084027887
2084297645
2088126151
2088561385
2088816301
2090311841
2091151441
2091318373
2095902001
2096349113
2096758123
2098100935
2101036501
2101123921
2101735039
2103690721
2105082001
2105229521
2105550901
2109012181
2109048085
2109467123
2112013531
2112699905
2113095763
2113527361
2114510273
2114907781
2114909161
2116759793
2117950381
2118208457
2118597955
2118716041
2118867121
2120010601
2120561101
2122888801
2125196893
2125581661
2128425481
2129184131
2129418265
2130740903
2131954561
2135013553
2135075281
2135400961
2138454865
2138514049
2138759897
2138770921
2139251297
2139333157
2139385979
2139439141
2139925261
2141264581
2142195433
2142414001
2144093401
2144294857
2144384887
2144935585
2145072511
2145294295
2147153701
2149255487
2149877665
2150629573
2150969633
2151145745
2151431341
2151933701
2152828153
2152969417
2153340949
2155967881
2156315701
2160828121
2161467361
2161524817
2162352637
2162501083
2162656021
2164393141
2164546021
2164832113
2165027941
2165467081
2166413041
2166751081
2166797737
2167461217
2172625885
2173964161
2174956561
2175077521
2175957901
2176477381
2176677361
2176735681
2176782337
2176828993
2178463249
2178980161
2180144161
2183163577
2183995261
2184565033
2185102921
2185694641
2185758757
2185792021
2186446069
2186498701
2186639269
2186761501
2186953561
2187948145
2188940869
2189209681
2189775319
2190321001
2192218561
2192237461
2192590741
2193895561
2195554681
2195675257
2196977905
2197423729
2198354041
2200581107
2200804993
2200808233
2201616451
2202377065
2202947461
2203866145
2204038145
2205265921
2206607221
2207092609
2208357253
2211441049
2211616733
2211685213
2212279381
2213993761
2214146341
2214197581
2214552601
2216386261
2219008177
2219258845
2219286895
2220197281
2222633881
2223196769
2223367681
2226262897
2227004443
2228487601
2228944861
2229264145
2229417001
2231111413
2231321017
2231859721
2231897921
2232716641
2233247677
2233311089
2233410841
2234000341
2234807701
2235776533
2235881449
2235895681
2236114163
2237536261
2238594073
2239815901
2240238001
2240360281
2241511405
2241630721
2242209001
2243719141
2244175333
2246007133
2246352121
2246563301
2246806981
2246809153
2247094561
2247155521
2248028161
2249447761
2250292687
2252042185
2252059201
2254875601
2256138109
2256353569
2257572013
2259226321
2260131913
2260550797
2260855031
2262749947
2263110193
2264189761
2264263729
2264317441
2265210337
2265504241
2267234641
2269271641
2269808245
2271501361
2272015777
2272629481
2272667761
2273314051
2275432705
2276943661
2278829281
2279367091
2279751181
2279757961
2281146517
2281460119
2282650657
2283430117
2283767341
2283821761
2283836281
2285539201
2288123461
2288256481
2288656945
2289673981
2290361221
2290516561
2290863601
2291469121
2291895391
2293041661
2294146621
2295406591
2295546157
2295669181
2301316033
2301885041
2304456053
2304982081
2305011409
2305590001
2305992649
2308531759
2311566901
2311823233
2312406601
2312734321
2312940721
2317698793
2318248297
2318513653
2318526301
2319963271
2320300081
2320990201
2321251129
2321522281
2322929437
2324977681
2325804481
2328755185
2328819553
2331431633
2333010751
2333809621
2334049379
2335058713
2335576321
2336184913
2337083281
2337520681
2340771431
2341075843
2341282441
2342275471
2342977901
2344054721
2345211457
2345843917
2346001841
2346036097
2346147037
2346832567
2348675317
2348805985
2349319921
2349498499
2349701761
2350787041
2350838141
2352534121
2354019553
2355216001
2355259501
2355266041
2358473833
2358522001
2359774081
2360042545
2362345261
2362535767
2362912993
2363895073
2365435501
2365443001
2366694265
2367123265
2367422857
2367986531
2368185481
2368206977
2371069261
2372081281
2372330521
2373279697
2374165249
2374456501
2374572157
2375346961
2375617957
2375991187
2377862461
2378573891
2378679781
2378699371
2378701801
2378718505
2379117889
2379610351
2379998881
2380496633
2380842689
2381121889
2384294401
2385749731
2386428577
2386825585
2387226583
2387675861
2388245245
2388667645
2388694177
2388989063
2389179889
2389350911
2391692941
2393195071
2394556561
2397128041
2398220329
2399689945
2401260961
2403020641
2403623713
2407387801
2409101617
2409912793
2410605241
2410653961
2412396761
2412912613
2414787937
2415267505
2415932353
2417423053
2417827141
2418056593
2418860641
2419919041
2421822301
2422506979
2423385847
2423548729
2424755831
2427686977
2428032685
2428899089
2430590131
2434028545
2434451545
2435318705
2435372473
2437287301
2438513785
2441947201
2444736533
2445117361
2445448105
2446115761
2446137577
2447800741
2448113473
2448357481
2451338281
2451395401
2451889231
2452590001
2454152143
2454996181
2456268701
2458335097
2461061149
2461565665
2461719661
2462147281
2464892821
2467099153
2469879091
2470248361
2473322729
2475711001
2476333157
2476813021
2476970521
2479346497
2480477221
2480483669
2481023161
2481189341
2481554557
2483833249
2488564585
2488737421
2491072921
2491077661
2491210561
2494425571
2494435801
2494447705
2494965985
2495416883
2497177345
2498384581
2498427961
2499678361
2500208641
2500365601
2501059681
2501507581
2502003043
2505124273
2506163101
2506308553
2506616869
2507243437
2508140545
2508649201
2509912081
2511429481
2511689671
2511699841
2511942161
2514814795
2515472389
2517017497
2517883705
2520690445
2520848161
2521067669
2524159705
2525848321
2525900833
2526485689
2527601891
2527849585
2531385001
2532831463
2533915781
2534641561
2535672745
2536288561
2538427109
2538605161
2540147905
2540404945
2540775745
2540812681
2540972071
2544628645
2546273881
2547601201
2550081577
2550766429
2551223533
2552165155
2552615521
2552916581
2554179001
2556804961
2557646771
2559688597
2560321177
2561488021
2561816161
2562263677
2563139521
2563295621
2564258321
2566191745
2569019941
2569098029
2571593869
2572313881
2573547857
2573734465
2573803141
2574771313
2576458369
2577100033
2577274411
2579340289
2581668799
2581982989
2583022261
2583499141
2583902231
2584018289
2587308281
2588107249
2593116781
2593244701
2593746065
2599415317
2601838861
2602510633
2604354985
2605258441
2605995901
2606675281
2607772321
2608147933
2609153317
2612138803
2612655541
2612753809
2612923921
2612943841
2613268561
2613365833
2614041601
2615397121
2616229201
2616482305
2617012405
2618292145
2618760031
2619169345
2620116721
2620982629
2623206697
2624751865
2625047521
2626838281
2628243205
2628272101
2629778737
2630722501
2631231361
2632839017
2633104441
2633310841
2633498561
2633662753
2634411361
2634643441
2635992031
2638442297
2638617697
2640208609
2640416065
2643585551
2645009713
2647285633
2649070867
2649236161
2649444337
2649896965
2650656241
2652517801
2653313653
2653899769
2653926529
2655357841
2655663521
2656439605
2656999021
2659425601
2659447561
2661676993
2664118673
2666120185
2666756401
2668579417
2668597259
2668607761
2670892381
2673898151
2676100141
2676734401
2677595213
2679713401
2681607601
2681909665
2683585801
2685182617
2685810205
2687026321
2687487073
2687732713
2687853961
2688287981
2689569907
2690662921
2691660301
2692118461
2692193581
2693185051
2694390997
2695496077
2696366017
2696506201
2699753761
2701039771
2702587201
2703714007
2704383551
2704410661
2704491241
2708074751
2708842865
2709204121
2709957277
2710456321
2711619001
2713132261
2714115821
2715247081
2717310529
2717549929
2718425557
2719600093
2720550113
2720554081
2720712541
2722306561
2724266161
2724390817
2725631233
2727213161
2727516961
2727537155
2727821161
2731189577
2732112721
2733445441
2734102945
2735463151
2735463745
2736962633
2738579329
2738974421
2739393811
2740654823
2741755537
2743275601
2743499713
2743607905
2745972901
2746839877
2747431873
2750711905
2751098617
2751316633
2753719741
2754344761
2754376051
2755356193
2755968301
2756460511
2756696983
2757489505
2761153751
2762709271
2762895565
2763969265
2764053937
2766561373
2766702961
2767489561
2767581265
2768683841
2768908177
2770338349
2772198001
2776012201
2776771799
2777295665
2778458761
2778923041
2782972501
2784010013
2784427969
2785080889
2785209373
2786434561
2787228361
2787691141
2788210801
2789271101
2791857811
2791865665
2792082931
2792309221
2792788909
2793538217
2794394401
2794823461
2794842439
2796401581
2796990139
2797204033
2800511821
2800801585
2802444085
2803726549
2804881321
2804974705
2805347821
2805930949
2806019581
2806297777
2807033761
2807145401
2808359905
2808377281
2808634501
2808734677
2809847041
2810043985
2810100001
2812050757
2813401801
2814177901
2814298345
2815003153
2816014081
2817030295
2817352681
2817382049
2820758401
2821141441
2821428181
2824210897
2824629193
2825101651
2826825001
2827780817
2827961221
2828498801
2829256951
2829396241
2832649381
2833466401
2834224801
2836406821
2837228101
2840854465
2843447881
2844272309
2845137361
2845199209
2847914665
2848302145
2848859545
2850310049
2851117771
2851488163
2851522741
2852138821
2853252013
2855736217
2855876101
2857959181
2859840001
2862056341
2863326961
2863410593
2867574529
2867880961
2868006521
2868469657
2868542209
2869646581
2870340601
2871465637
2871581581
2871867961
2873100061
2873190145
2873754001
2873954665
2873958001
2874180673
2874339937
2876939101
2877228667
2877415369
2878250881
2879552809
2879996365
2881085341
2881996273
2883457561
2883652705
2883925765
2884364161
2885015881
2885757469
2886959881
2887069417
2888754643
2889449281
2890948601
2892431701
2893852201
2894668129
2895228841
2895817681
2896593701
2897432299
2897795629
2897909561
2898372401
2899408393
2900231647
2900448163
2901817009
2903269441
2904057793
2904676633
2907995689
2908291159
2909261557
2909883517
2911064899
2911694761
2911769209
2911965493
2916886897
2917673893
2918070145
2919416401
2920703941
2921095801
2921236321
2923311601
2924404003
2924426941
2924686031
2925011153
2925434401
2926908391
2928013921
2929539209
2931802849
2931829681
2933105617
2933563781
2935029841
2936171593
2937997081
2938349701
2938438777
2939220865
2939384029
2940468301
2942681281
2942787001
2943765631
2943802657
2943989683
2944080133
2944744705
2945052793
2945366737
2946469789
2946591865
2946872347
2947602241
2948012341
2948475473
2949048649
2950267409
2951120789
2951813305
2955134365
2957843281
2958458581
2960659361
2961041921
2962012093
2963169001
2963951695
2966278861
2966320873
2967127789
2969033341
2970970093
2971664921
2971946161
2971992187
2972784001
2973795641
2974769767
2976407809
2976601201
2977409665
2978533351
2979666841
2980362569
2982376417
2983273567
2985422551
2991011713
2993309353
2993497009
2993925781
2996498881
2997775105
2999583871
2999680993
2999871361
3000147241
3000151201
3003300901
3003454609
3003649201
3005168783
3005318377
3007405681
3008123141
3011757673
3011806393
3012466501
3013167745
3014421301
3014543089
3016575745
3017294957
3018302869
3019324769
3019764853
3023778811
3024695521
3026119681
3026377201
3026606401
3027190247
3028119073
3028209697
3028609387
3028646401
3031135837
3031955497
3032829505
3032870041
3032923153
3033135377
3033429001
3033944101
3034194409
3035057455
3035783101
3036065221
3037785181
3038171011
3039203761
3040349845
3042375337
3042863461
3042996781
3043641601
3044636687
3046167601
3046534261
3047149561
3047570785
3047600641
3048468961
3049647301
3055712545
3056330641
3056770921
3057129109
3058474537
3059759809
3059789041
3060128401
3061723841
3061883641
3062058553
3063054961
3064147633
3065199985
3066369985
3066754241
3066802201
3067787281
3069270511
3070208261
3072944161
3074152861
3074534299
3076611601
3076617637
3076655605
3079469041
3080600227
3081304921
3084452593
3086169121
3087644077
3088102441
3088828561
3089157721
3089749969
3093479641
3094297921
3094552801
3095027209
3096920905
3099935521
3100384981
3100485943
3101215459
3101611969
3102881161
3102941101
3103979537
3105241441
3105333265
3106875241
3107727433
3108070501
3108629309
3109705873
3110630401
3111333121
3112330081
3112590937
3113223037
3115882999
3116366821
3118411501
3122632387
3123476101
3123578849
3123735481
3125387521
3125626441
3126762145
3127610293
3127821329
3129749785
3131385601
3131507041
3136376269
3137264569
3138046561
3139804405
3141820981
3143441687
3143547121
3143993081
3144134593
3144160915
3145491685
3146322601
3148999561
3149707433
3151198081
3151385941
3151834057
3151967197
3152711161
3153972241
3154312261
3154753693
3155318881
3155441437
3155535541
3156300577
3158772241
3160401361
3161577781
3161757457
3162382777
3162620545
3163467745
3163651381
3165485401
3166201585
3166697185
3168181273
