9746347772161
1436697831295441
60977817398996785
7156857700403137441
1791562810662585767521
87674969936234821377601
6553130926752006031481761
1590231231043178376951698401
35237869211718889547310642241
32809426840359564991177172754241
2810864562635368426005268142616001
349407515342287435050603204719587201
125861887849639969847638681038680787361
12758106140074522771498516740500829830401
2333379336546216408131111533710540349903201
294571791067375389885907239089503408618560001
130912961974316767723865201454187955056178415601
13513093081489380840188651246675032067011140079201
7482895937713262392883306949172917048928068129206401
1320340354477450170682291329830138947225695029536281601
379382381447399527322618466130154668512652910714224209601
70416887142533176417390411931483993124120785701395296424001
2884167509593581480205474627684686008624483147814647841436801
4754868377601046732119933839981363081972014948522510826417784001
1334733877147062382486934807105197899496002201113849920496510541601
260849323075371835669784094383812120359260783810157225730623388382401
112505380450296606970338459629988782604252033209350010888227147338120001
