69
295
423
531
581
1119
2893
4043
4163
4257
4509
5975
12977
14927
15753
19105
25369
27225
38013
38799
39771
85675
98531
157375
217349
264439
324643
330977
352593
382881
417661
639209
725833
742019
910475
973517
991859
1039129
1054755
1161127
1216801
1451871
1521009
1641941
1657163
2164133
2317261
2703819
2829599
2849251
2877931
2904385
2906285
2911219
3009999
3019701
3224525
3871075
4064381
4092675
4530373
4667173
4713155
4760245
4897083
4909423
4938119
5180107
5996767
6660151
7314925
7334927
7761249
8800513
10652557
10771235
10914175
11018191
11534581
12896491
13613109
14637791
15681797
17807393
21864577
23496997
24953409
25855697
25867171
27878639
28708749
31110957
34081027
36282701
36520969
38784195
39002293
39074671
39166221
40672887
43219825
48789153
48880119
50478919
51646099
54128395
54457113
57680081
61132343
63452979
63910687
68673785
72309929
76318031
79860371
80671199
82183719
82941109
83804317
85012653
88222819
94004301
97684375
98440773
98591981
101902005
104910509
107497051
107519571
111560007
116019963
124825931
127813979
129283603
134727987
144075345
147470821
161990063
168770575
174268669
181440451
182248649
191939473
198119525
204130837
205829773
221612465
239417681
254863983
258234399
258313131
265600445
293856023
311746473
316094939
329967605
346237327
404568281
409852341
426591105
432423679
433440599
433533881
434644083
438170607
443591005
458480159
459940643
487597451
489242577
493393865
496605085
503608977
510494437
530867873
546347291
554620223
557742319
573250261
608735903
621493447
632215809
638156269
656967701
667116487
705408675
711795587
730289919
767423381
790355951
821448169
831059431
908329727
924974119
951205261
961988063
966850511
973647281
1009372461
1024051809
1060258411
1094977417
1096025509
1182586441
1260313627
1302174997
1302481249
1330100363
1340442747
1340757999
1345989647
1347453031
1360539061
1369147123
1377705681
1380998295
1466618387
1513774993
1578884031
1605255331
1607883003
1643557031
1700348917
1731908531
1794900907
1867057747
1913004785
2118255421
2123117617
2245029031
2310841051
2316386907
2319661049
2355966587
2392982519
2441546875
2454394699
2484414829
2493309921
2609112323
2700667287
2794638407
2802980593
2827453485
2924397683
2927162339
2931901869
2961954881
3003379185
3208702769
3607737839
3609169483
3769335931
3883006763
3893761247
3954091555
4003149899
4168142047
4201491585
4241615231
4313172113
4360284431
4407531703
4456263825
4513007143
4561074369
4592967721
4606906919
4715558639
4856783485
5022656639
5023581563
5034253797
5158831781
5212797583
5396011123
5417597335
5441822523
5493443841
5558526233
5874272187
5889405019
5990866619
6112151035
6392139301
6481053467
6561481277
6630608395
7172519129
7197717999
7314084235
7636631553
7759519333
7868667017
7876930823
7910782225
7916573225
8075475531
