268
469
651
871
1876
1897
2105
3484
3523
4411
6097
7161
7294
11581
12431
15577
16485
17353
18157
19093
22281
27001
28609
37051
44205
48709
60551
66788
69055
70189
73633
76201
77653
81797
85281
92631
98301
106597
115717
127099
131773
136885
143561
145245
146797
157651
168821
180571
197449
217801
227761
236041
248209
260221
261051
274303
283276
285391
286492
293601
303979
339171
339556
355033
357735
366601
371917
381633
396917
398449
404236
425461
439453
445553
446681
449905
468573
480547
484901
502153
524145
534169
535933
549199
564145
591631
593761
657073
665601
671809
685441
706441
726285
782857
783511
786345
798391
798637
846951
860692
873705
897171
913521
948385
950197
971299
984385
1043801
1058533
1062061
1085969
1107577
1108381
1134307
1153684
1175773
1195381
1200277
1211217
1239491
1266769
1313767
1376515
1388037
1452493
1478764
1488169
1516411
1518961
1558621
1576645
1584523
1612891
1647061
1652287
1677441
1696708
1713049
1722001
1764883
1775047
1789253
1870171
1901065
1908361
1946753
2012101
2039809
2073037
2073722
2096161
2101841
2169241
2181427
2182726
2231691
2284633
2344057
2410409
2414881
2447809
2542273
2566837
2734597
2763521
2775073
2794177
2817313
2871561
2873161
2899365
2956681
2961617
2968981
3014781
3075001
3080233
3087745
3116101
3162841
3415573
3431941
3512341
3517069
3545241
3603757
3731833
3741421
3749473
3797761
3841981
3893631
3901769
3905779
3912427
3965329
4002091
4083157
4103281
4143061
4181399
4281529
4329481
4339221
4339657
4405765
4491127
4510507
4544941
4584637
4587841
4648261
4746001
4785433
4808681
4814821
4875601
4887181
4902001
4922164
4961265
4982491
5002513
5087617
5153545
5232781
5273101
5409601
5431489
5460049
5470747
5521537
5683141
5727131
5756617
5793017
5879485
5880871
5902513
5973181
5992081
6029479
6265321
6507241
6622993
6770953
7006099
7054081
7076929
7112665
7137793
7226821
7249789
7305613
7317271
7317481
7318741
7340035
7385209
7514017
7597821
7633201
7635551
7644097
7647465
7658863
7716403
7718893
7781281
7790146
7850519
7953241
8038153
8057951
8118895
8200036
8241871
8250409
8418697
8464177
8521027
8588685
8608519
8625781
8642869
8646601
8733517
8769619
8805061
8832433
8934681
8954617
9014113
9054113
9136291
9183733
9252901
9353233
9380301
9457921
9543409
9557227
9569389
9664501
9679138
9693091
9792205
9843987
9898099
9928401
9933001
10020139
10079231
10149763
10165441
10224145
10316857
10382281
10420081
10525813
10667685
10792033
10881052
10883329
10928809
10963837
10982881
11039197
11044093
11134321
11166013
11200705
11210641
11231017
11236069
11367421
11448541
11460421
11502141
11701717
11722789
11756317
11971571
11973637
11979199
12012001
12044389
12088669
12095041
12207361
12263251
12293701
12295801
12299171
12352561
12443431
12477745
12606529
12731737
12840751
12950497
13089907
13136221
13341601
13471441
13683913
13735201
13760929
13862971
13893421
13985651
14099155
14131987
14182129
14245741
14265109
14312323
14334739
14398501
14499281
14607541
14613103
14615371
14653441
14684901
14731201
14742613
14796601
14833841
14848417
14863516
15015853
15080437
15130201
15286343
15362513
15383361
15476266
15495041
