1241
2485
4381
4453
5183
5257
8449
20557
22265
23281
23953
24601
28471
32305
44821
46313
54823
68341
75701
79729
88621
91945
99883
102857
109837
129137
151585
169597
172711
178421
181405
194509
200531
228565
255109
266605
270865
271937
294481
303121
311893
319813
320677
324241
348613
374113
383761
399091
402469
411445
429745
434605
446845
447709
449785
476617
486421
495397
497641
509671
512257
515389
521305
552245
582905
586531
591481
616777
633313
646481
688345
700273
747571
765745
798931
812153
815689
819553
837445
841249
870409
885157
890305
902701
906457
906661
918851
925453
938485
951517
969221
1001701
1019233
1027621
1029997
1167311
1171429
1208929
1239745
1299619
1330861
1344745
1392329
1420141
1502281
1510261
1630657
1656089
1674109
1723081
1747345
1748569
1771609
1779697
1788281
1817869
1821901
1825681
1836101
1856533
1914221
1936001
1970605
1976329
1985351
1988317
2026553
2035573
2046205
2060065
2061301
2066821
2091085
2119393
2135965
2186161
2200273
2254021
2280937
2307823
2309501
2321341
2323441
2328445
2358265
2365837
2407609
2409611
2416261
2590861
2612743
2643521
2698213
2726791
2786401
2847313
2925037
2975551
3014441
3047137
3133585
3224033
3263845
3271933
3312661
3355885
3432353
3465865
3519937
3520129
3528505
3574165
3681089
3683161
3707281
3718201
3720817
3839863
3936605
3944689
3996917
4054609
4063969
4075553
4106881
4117645
4145621
4150873
4166839
4172741
4231681
4274701
4294333
4347685
4386377
4485241
4514803
4610389
4642681
4696363
4803505
4819681
4825231
4852237
4858429
4863469
4875073
4887931
4888741
4900213
4901761
4920565
4925809
4937065
4976461
4979881
4988893
5131573
5177497
5197801
5208205
5307757
5321053
5348161
5365621
5525833
5576209
5610721
5649865
5685505
5808985
5817265
5819213
5820217
5835505
5854021
5870521
5874121
5874841
5882843
5895289
5903437
5969521
5994541
6061321
6129541
6275089
6298921
6327217
6438001
6473933
6555473
6685505
6685705
6700057
6711985
6776965
6820963
6898501
6979969
6997753
7005445
7214545
7251089
7271749
7280683
7291459
7305665
7398373
7427971
7483741
7505501
7525645
7533973
7538393
7546945
7556741
7627321
7679893
7733713
7874911
8000521
8018101
8061985
8072161
8097661
8232805
8349529
8401351
8548717
8870521
8883745
8916751
8945161
9028709
