40
344
609
1417
2121
3045
4205
4870
6161
6892
8295
9253
9265
10353
10933
12061
14385
15981
17230
17661
18019
19865
25345
25909
35551
37333
44317
45221
45795
46421
51301
51649
53153
57565
68920
76861
82389
83433
84941
86331
88305
91669
109981
111853
115217
127441
129381
135285
146305
156793
162345
183401
199317
202681
205465
217237
218505
229159
244545
250771
250820
259501
263467
265069
267859
271945
288985
296440
301151
305921
308721
317032
319261
326717
364849
368722
373891
374101
400573
417361
432481
433057
446257
451426
472312
473221
473240
511161
520937
528193
528409
542445
555205
586207
632270
640001
661871
670345
675469
693811
735721
761761
805957
849201
880453
886501
890791
895665
934649
942481
949641
974841
1002037
1008577
1025185
1032045
1077321
1077901
1082865
1089561
1110001
1126273
1141561
1149841
1191697
1242255
1243801
1262791
1297645
1314649
1315387
1332311
1336163
1349805
1351633
1363261
1365241
1396901
1412881
1415737
1459009
1475161
1495385
1497403
1501185
1540301
1543153
1614081
1639729
1676113
1679581
1748845
1783761
1850185
1864579
1887697
1889681
1927081
1958689
1995085
2002567
2007901
2024549
2106601
2151577
2162469
2183041
2250381
2252269
2268541
2322001
2326472
2333121
2372461
2395331
2405521
2419903
2514301
2567573
2595361
2596561
2622865
2624329
2688229
2707381
2725309
2758481
2824081
2846901
2866969
2951791
3015409
3057781
3113873
3159905
3164161
3175489
3186730
3210691
3220189
3240541
3257761
3266185
3268531
3300193
3351705
3362977
3429190
3440481
3456321
3463057
3493207
3533041
3547657
3585781
3615901
3673441
3756805
3780721
3802161
3804637
3868401
3886261
3888001
3888811
3917145
3951631
4043213
4056151
4120001
4138561
4202245
4217905
4249805
4315201
4437811
4438760
4473685
4498201
4541509
4567321
4572841
4622541
4641697
4658081
4687339
4688521
4788217
4830553
4948456
4976521
5001929
5009953
5047581
5147761
5181401
5195341
5254679
5266191
5396581
5405951
5413285
5425693
5520601
5535201
5620585
5663749
5726485
5740161
5873707
5881357
5886079
5911813
6025051
6079951
6274585
6280617
6310373
6338305
6372091
6425965
6537529
6597367
6671413
6677051
6695101
6746901
6779163
6788881
6794137
6829201
6858145
6907687
6947501
6995293
7145281
7154161
7217665
7218949
7342381
7358791
7477485
7489105
7522165
7565545
7610761
7631197
7637469
7730273
7773901
7841001
7874833
7900321
7998781
8028613
8036161
8075251
8101261
8165269
8245741
8259461
8261785
8344489
8478883
8583505
8590585
8629501
8637211
8673233
8740513
8766551
8792785
8848819
8990356
8995161
9047545
9101533
9132565
9210401
9225071
9285481
9336277
9384661
9520561
9543701
9554881
9634321
9692293
9781471
9784915
9807553
9855385
9862957
9923017
9931201
9984961
9993841
10012729
10044321
10073311
10143301
10167193
10169287
10205317
10232377
10305401
10340481
10445741
10477201
10498645
10563801
10596781
10633161
10651265
10655371
10702501
10765261
10780393
10791883
10857151
10866961
10917985



