370
3290
11599
12605
13245
13755
13881
18855
19390
19426
22689
24431
25607
27321
30721
32773
35791
36806
46641
48741
51130
52941
59445
66469
68851
73109
97147
112486
113445
119641
120481
126017
126497
135481
150021
154630
180613
189181
209101
246555
264705
274789
287521
306406
348271
349881
357910
384105
385713
402001
433665
443641
468631
471329
510151
513051
557317
565861
566983
569121
584661
587995
741385
857693
859961
891265
903441
933765
946281
955651
1018349
1032826
1068301
1101001
1120161
1164983
1212359
1215289
1268191
1362857
1365670
1468081
1488046
1515121
1534181
1552609
1666381
1741845
1754191
1891810
1911790
1912281
1970710
1984009
2056406
2149129
2201011
2243953
2275285
2286945
2295701
2298259
2312441
2362177
2563857
2587201
2676691
2695210
2702501
2748721
2809891
2889521
2937223
3019621
3104561
3165921
3166905
3203881
3257803
3269737
3279821
3482753
3487066
3594439
3603601
3610587
3660313
3682081
3734911
3761605
3825889
3878281
3884881
3898921
3955381
4098886
4177297
4217633
4269355
4297345
4358809
4395403
4458641
4493917
4499985
4523069
4650557
4662945
4790881
4894723
4958161
5042951
5154941
5281363
5290605
5366341
5501041
5578881
5593771
5599141
5670765
5681401
5745741
5775169
5810905
5851241
5904081
6123509
6132435
6251779
6265441
6391369
6398701
6482131
6540381
6564961
6601051
6631561
6680209
6859953
7073361
7091731
7107070
7125405
7312483
7324929
7349341
7431466
7461989
7470769
7506955
7551901
7676881
7971845
8027410
8076283
8156041
8171581
8172165
8231601
8472241
8492641
8865121
8889805
8896609
8931479
8980693
9007801
9128101
9166367
9342481
9346555
9373513
9404941
9434611
9440393
9526465
9627926
9654721
9784001
9841251
9898741
10396501
10440613
10450243
10589023
10651177
10711735
10853899
10941751
11012921
11215513
11320001
11367009
11389463
11467351
11535679
11623665
11700361
11892991
12146449
12191081
12327381
12337669
12730477
12865561
12889873
12972861
13091553
13140073
13184749
13193105
13413610
13416265
13445131
13592641
13594121
13642195
13738999
13794931
13810213
13827685
13865597
13886527
13900017
13968263
13978603
14031753
14163010
14182201
14238601
14345121
14407615
14527561
14806485
14899351
14974881
15117319
15212401
15362047
15606001
15645057
15684337
15684469
