90
207
505
1446
2829
4545
6969
12661
14645
15906
18685
20911
21183
24541
27910
31386
34845
35681
36865
37269
42813
44137
47673
48985
53029
57065
57541
58257
58931
68773
77265
77941
85849
86871
90049
96709
118693
144565
145345
153217
162161
170185
173801
174801
186345
203743
204385
205505
217177
220338
240465
252241
265393
277391
285729
288901
291385
302293
320965
345246
350911
351985
358045
369357
371101
382285
386513
392491
397881
401677
417601
445395
456031
458141
496161
503485
519101
542743
563305
585357
597943
611433
648241
672631
682065
694945
706873
749685
772321
829081
844629
905815
926333
941965
990369
1091281
1147057
1154077
1178341
1196529
1197505
1222497
1245241
1246753
1257901
1258741
1260671
1269181
1278761
1292001
1351611
1364005
1409661
1428645
1462921
1468045
1476366
1522945
1523681
1540657
1580491
1633069
1701701
1704415
1783771
1827465
1874661
1921929
1946341
1954593
1962073
1974031
1977646
1991485
2000305
2036665
2062603
2069241
2188051
2233185
2308833
2359181
2388537
2410677
2473201
2509405
2529433
2567881
2578941
2586105
2603301
2631913
2674985
2685695
2726410
2885011
2935969
2998993
3004819
3012885
3051301
3100801
3105649
3180321
3183421
3268261
3268865
3368737
3394009
3408553
3432889
3463230
3510001
3554905
3603781
3630849
3638053
3686681
3757987
3776761
3871117
3876885
3914557
3959110
3977205
4016629
4045861
4085411
4123141
4128577
4174181
4291247
4311201
4373821
4391641
4399345
4401801
4451581
4511681
4632209
4730133
4782205
4784347
4857393
4871621
4907085
4984981
5028937
5039551
5044245
5062737
5071477
5184873
5218165
5330539
5552821
5595601
5720331
5811641
5886343
5913281
5914381
5928801
5941513
5980465
6020881
6048361
6147745
6182021
6186385
6200587
6207769
6324571
6420481
6483493
6488901
6512061
6648601
6679135
6762253
6861637
6883521
6912585
6928221
6970809
6985261
7090705
7148861
7166841
7217981
7232769
7369545
7564026
7690645
7705951
7724113
7802481
7872041
7872259
7906837
8001631
8020321
8022015
8051983
8229985
8447265
8521873
8599121
8625849
8664589
8734081
8734753
8760319
8770609
8794441
8956111
8994397
9138705
9160651
9201817
9270633
9480199
9622111
9689233
9775585
9938905
9944131
10054045
10171981
10175537
10268317
10269377
10330785
10525741
10539401
10577890
10802065
10825181
11014771
11213121
11274831
11295385
11360917
11450269
11556117
11563273
11601685
11670361
11673685
11712061
11845131
11852353
11899245
11986633
12072145
12140621
12141151
12150415
12248909
12361361
12386305
12403343
12446461
12527065
12669121
12744281
12784903
12922211
12937537
12997185
13030421
13080813
13094353
13112815
13155409
13157653
13197889
13264681
13299781
13755601
13801495
13814617
13814641
13867381
14001521
14018041
