80
208
280
292
520
730
910
965
976
1168
1435
1456
1606
1936
2120
2920
3160
3485
3640
3796
3952
4336
5110
5320
6280
7030
7540
7570
7696
8176
9490
10360
10736
12520
13432
13870
14036
15184
16405
17290
17776
18655
18896
19885
20440
20710
21115
25360
25543
25669
26572
26576
27010
28912
29680
29870
30256
30706
31940
33670
37960
38740
38836
39565
45136
49045
49786
50635
55042
57020
57616
58618
60016
62488
62935
65365
66136
66430
68839
72976
75628
77980
79570
82270
88816
89776
96880
97966
98576
104440
104755
106288
115333
115480
116494
117676
118096
118285
118990
123151
123509
125560
126904
127856
131944
134290
134416
134590
146146
146224
147376
152581
155365
157456
157645
162476
167770
170236
172426
172432
176176
190651
196840
198535
199576
200141
201370
206830
207856
210520
211960
231556
232246
235060
240514
241360
243373
253456
253576
254332
262120
264496
265720
273430
280090
288496
292861
293320
299440
308056
312760
314146
316090
324220
327856
342739
344656
348986
350416
355510
357490
362846
368131
371566
383555
388360
389236
394576
396526
397606
403690
405640
425720
429520
431941
432730
435226
436789
449674
457126
459316
478990
496120
498736
513190
516520
524656
526408
527644
532631
536770
540280
545896
550885
552370
552610
561808
565181
579880
586576
594295
609301
610930
626392
637630
639730
652366
652912
655216
661453
662824
672605
673660
684376
688870
692056
692677
720476
727637
729781
731071
756280
758440
781480
787816
802270
804016
811504
834416
838864
849181
853516
857704
878461
878917
890947
893432
899944
902812
903991
907621
911170
926776
936976
946810
951886
989080
989296
996556
1006621
1028716
1033096
1033552
1038160
1051492
1058065
1062256
1065070
1086736
1092610
1094128
1094512
1096381
1099672
1103830
1113776
1115452
1115920
1118821
1141981
1142485
1152656
1166686
1172176
1197565
1209160
1234576
