38
741
969
2965
3705
7709
10777
17081
22971
23591
24028
25363
30381
30476
33801
37069
43149
52777
57979
62985
70465
78091
88961
98345
107601
110409
114133
114391
124499
126829
137671
140505
149129
165481
169005
176111
180843
195649
197489
248417
255421
256327
266257
270901
300945
329745
337516
340145
368905
411661
419761
424657
439413
453561
456532
458833
468385
481897
488281
496145
551161
563901
574617
610171
617605
621358
652891
655265
662169
677293
755105
816565
816803
821371
873361
897209
937051
938431
954465
986371
997162
1070281
1090011
1114411
1119431
1126849
1143591
1164745
1196273
1242631
1251321
1284721
1385841
1400101
1408369
1461881
1483729
1488313
1728231
1784081
1791453
1851499
1861105
1869641
1869661
1903261
2131876
2139649
2173429
2197065
2228785
2265889
2277777
2349617
2354509
2376601
2378401
2420821
2436799
2443009
2457985
2506219
2536777
2550769
2562037
2577237
2658305
2869921
2892633
2963221
2988857
3008289
3103169
3150865
3151301
3312721
3323461
3388593
3413901
3430505
3487681
3502451
3520963
3535881
3577993
3603745
3667665
3703285
3849418
3852721
3902809
3967009
4232467
4235701
4261153
4365073
4379293
4411641
4443871
4540601
4547299
4605701
4675805
4763551
4987545
5030161
5105841
5112861
5141441
5154605
5167117
5216033
5339377
5364283
5397729
5418691
5429689
5585145
5587777
5605665
5782465
5882647
5898157
5934433
5952937
6004609
6028252
6089071
6117211
6183521
6242811
6255831
6329089
6390019
6532711
6535909
6548851
6888881
6993193
7095245
7115683
7191633
7192497
7259341
7270985
7500545
7502743
7514956
7591051
7651253
7666369
7671641
7818241
7827121
7893121
7981559
8215169
8252437
8365377
8389621
8397931
8500353
8511196
8527933
8576191
8629217
8643769
8664391
8709791
8711041
8727405
8736521
8855122
8866681
8871283
9118801
9287265
9483211
9621811
9642205
9701305
9702673
9739491
9952051
10106993
10217353
10262881
10351849
10371649
10441545
10453609
10554961
10647757
10680931
10719001
10733599
10887967
10947061
10994413
11039041
11080941
11146561
11256873
11285167
11293685
11336881
11434865
11523121
11585041
11686141
11719657
11777701
11810881
11829001
12111905
12205201
12229521
12296329
12479063
12527593
12562969
12571161
12585049
12624349
12637105
12657779
12761491
12810265
12836785
12928249
12982285
13089151
13135621
13495169
13554201
13599745
13748705
13807477
13892909
14202589
14223061
14256313
14414101
14415787
14534857
14575921
14628841
14765561
14943045
15137187
15185503
15187691
