87
361
529
783
785
1413
1431
2871
4553
4699
5181
7065
10027
13357
14769
15921
23805
26353
28991
31753
34191
34417
35443
36801
40977
45847
47081
52345
54165
60399
65341
68143
81317
83981
88183
97831
100101
105271
109765
113521
116433
117157
118561
118849
126169
142767
143251
146507
154129
159259
161943
178991
187137
195105
204885
205147
273277
281881
314331
316041
338031
349885
351209
352465
373201
377203
380323
404753
409537
422241
445777
477667
479979
488071
495721
498317
508863
520417
536565
560933
583857
593461
597001
605781
613873
625049
650161
652257
652761
653923
696609
782757
811201
829531
888221
895141
905797
920837
975031
1011877
1033705
1037359
1061545
1067197
1082201
1105021
1197241
1215765
1223639
1226641
1229229
1252291
1257433
1266049
1267471
1273429
1299961
1303985
1352241
1426945
1431739
1438711
1455861
1465281
1469791
1481905
1485403
1529551
1543345
1545037
1683181
1696339
1707281
1751341
1774945
1826641
1837701
1852993
1858177
1936765
1948393
2047221
2067787
2076673
2104873
2134933
2171781
2280251
2313361
2313649
2318733
2322751
2346721
2357091
2380281
2385193
2404513
2434561
2480879
2521927
2539741
2542159
2572445
2573569
2588951
2651545
2670529
2778001
2781505
2880481
2893333
2915851
2966829
2990385
2999221
3001645
3054481
3072961
3095847
3173441
3194621
3201147
3269169
3299649
3360151
3416137
3473185
3483401
3498433
3509201
3549745
3550119
3557143
3619747
3759841
3794239
3798301
3800421
3821185
3836961
3897793
3929761
4042123
4061305
4204691
4324741
4333561
4399921
4465121
4488767
4489777
4527713
4571881
4584763
4613941
4801849
4856671
4965301
4974617
4990465
4997323
5037121
5079537
5182621
5222523
5301031
5321889
5398691
5438161
5474089
5483011
5512861
5523661
5531913
5572051
5658045
5676161
5705197
5744929
5801473
5831137
5914981
6073411
6077033
6094485
6122161
6154219
6155185
6168793
6192733
6323311
6396965
6408337
6513985
6640873
6653447
6658861
6699969
6847045
6895881
6981589
7011631
7037441
7046887
7049505
7053157
7067581
7231061
7237791
7282045
7343757
7353529
7413697
7473061
7547681
7566651
7575683
7583157
7586281
7590439
7636087
7673061
7706401
7811585
7844873
8110351
8135779
8146601
8153041
8242921
8391527
8393071
8428267
8454601
8473081
8599681
8672305
8752161
8762785
8837641
8931681
8970391
9058219
9090001
9157429
9246313
9254521
9303883
9316313
9366319
9379161
9431461
9441641
9526917
9541351
9656809
9816421
9856897
10066129
10106721
10111249
10153597
10233081
10247357
10262561
10292941
10356589
10362031
10385017
10411141
10420105
10449169
10542121
10592101
10611217
10661211
10747171
10786901
10796101
10861831
10909669
11017161
11177623
11279521
11282305
11332819
11335941
11410849
11528353
11543137
11649541
11709601
11745001
11764257
11793211
11936497
12053537
12053809
12096085
12152481
12239173
12370501
12424537
12476465
12483073
12492961
12495631
12585203
12601863
12652201
12764205
12844045
12935557
12957681
13023469
13042121
13061301
13315339
13351339
13443345
13477213
13517041
13672693
13703971
13769033
13959361
14081211
14108261
14166001
14257097
14291993
14381593
14453401
14560001
14661571
14681601
14775993
14804065
14868473
14942161
15006853
15020591
15375823
15377941
15531491
15560385
15634261
15764373
15980599
16004371
16102297
16126951
16159861
16219729
16381761
16424279
16440301
16464223
16482411
16530291
16641101
16685131
16715161
16790899
16850233
16965261
17146441
17233105
17323945
17329133
