49
221
323
343
425
637
931
1225
1369
2825
2977
3325
4165
4753
5525
5725
5941
6517
7345
10349
10961
11221
11425
15043
15181
15793
15925
16511
18631
18829
19465
20501
22393
22411
23225
23725
24871
25039
28153
28861
29821
30457
36121
38165
38845
39817
40831
41159
43225
44149
45325
48025
53725
54145
56497
60385
60685
60781
64141
72343
74425
75145
75829
80137
84721
89425
90113
94129
99451
99937
101905
104977
105301
109123
109561
109649
110293
111151
111841
112897
116705
124865
129385
134113
134881
145027
145825
145873
146965
148525
162925
164399
171865
175693
177331
182665
185725
193477
194161
195773
201085
211141
211825
219817
239071
239365
241129
248501
252721
253045
270481
272161
280525
282637
285817
288769
291109
299761
302281
304237
311725
339913
359905
362401
367885
370681
370921
381601
394825
395941
398413
402781
408851
417761
417925
419881
433693
433993
443797
444925
446941
450925
460507
474631
475741
478109
485293
492121
495805
501025
504985
506305
511525
513247
517273
536185
548497
551057
553945
559531
559825
560821
564721
584461
589645
596545
601901
609805
616477
617785
619141
623917
624025
647569
652213
657001
671509
684481
695761
696673
698425
712465
721225
750925
759565
761425
771001
773857
790153
803585
813671
828541
842725
857209
875197
877897
881881
894473
916045
917701
918205
922381
924451
936433
940933
953785
968485
975833
982093
1011517
1024345
1026545
1032181
1063705
1075321
1077805
1090771
1093321
1102759
1108225
1110421
1112521
1126909
1127897
1154521
1165841
1177991
1214185
1220465
1222661
1245889
1274065
1274197
1280497
1306631
1313641
1333603
1333651
1335757
1352233
1360489
1361837
1368913
1374517
1401841
1406989
1423801
1437265
1458217
1492393
1516145
1519525
1525201
1526005
1531921
1565201
1566589
1588573
1588651
1606925
1623721
1634689
1659953
1671145
1674085
1677025
1692401
1733473
1737913
1747957
1749511
1750525
1760521
1764445
1784609
1799941
1802425
1819081
1838305
1847557
1858501
1866361
1895725
1903405
1931401
1961825
1962301
1988371
1998061
2000719
2003365
2010121
2040325
2047991
2058049
2090977
2108417
2117281
2117291
2118025
2139193
2144401
2168401
2205025
2223361
2263261
2272381
2291191
2306305
2310925
2326105
2346463
2353225
2358577
2367001
2374645
2382745
2405725
2423345
2442277
2445433
2468233
2488081
2505871
2538445
2588845
2589949
2603989
2616325
2624425
2632525
2632981
2646721
2665681
2668225
2685865
2703073
2714713
2736901
2742481
2773057
2810557
2813041
2835685
2837233
2843231
2873731
2896621
2912491
2927425
2928913
2958865
2967301
2972341
2978269
2978821
2995825
3004105
3011479
3065701
3082981
3100393
3123757
3126337
3158101
3180385
3209273
3214081
3264331
3273463
3308725
3319813
3321409
3337321
3356665
3384445
3427081
3431539
3432481
3439261
3445681
3449887
3453529
3513889
3570541
3576665
3644161
3646825
3682105
3707641
3715621
3730441
3746953
3786901
3789721
3847481
3850225
3872161
3896137
3896425
3897713
3906211
3912601
3913267
3927001
3952585
4030249
4065601
4077491
4077961
4091941
4107025
4113841
4238065
4278583
4330081
4371301
4388077
4432753
4499321
4499425
4517801
4535311
4558081
4558313
4575253
4589389
4595185
4656709
4672825
4687801
4716361
4734127
4771313
4859281
4948973
4997461
5050865
5127997
5143873
5149441
5161861
5166385
5167981
5240665
5252065
5261059
5302045
5322241
5322871
5345089
5391829
5391841
5397301
5405833
5445661
5480209
5533561
5623363
5654761
5671891
5709529
5714773
5718817
5723641
5772637
5780503
5784491
5795281
5814901
5857345
5876261
5936869
5965541
6015601
6048241
6055501
6073381
6074141
6098665
6119425
6126301
6129571
6205213
6235217
6283081
6292231
6303907
6339865
6365941
6397573
6399253
6421325
6423361
6439231
6445465
6448993
6458347
6536245
6548689
6564481
6583213
6590441
6640921
6675841
6743821
6758605
6811861
6818497
6823505
6851425
6882961
6885061
6922441
6927649
6931393
6938611
6998441
7003693
7026001
7083979
7091057
7144291
7145425
7154881
7195105
7196911
