245
329
833
1267
2303
2305
2989
5537
5951
9457
16771
22589
29965
34465
38857
39185
39997
46879
56791
60865
66049
77287
83513
100345
101179
110593
111169
112945
114191
127243
136729
140605
151669
157201
168265
173797
205387
208351
216487
218197
223585
249401
254065
260465
262483
270361
289969
297745
303745
328153
333577
357307
362671
373885
406441
408517
414761
417205
437521
438703
444865
461461
468073
482923
492851
516781
532441
537751
541009
556621
557479
592385
609427
651817
664301
719929
721033
733357
758345
808165
866113
904021
905257
911911
917329
937321
956545
989101
1056553
1059031
1064983
1070977
1080721
1108705
1140943
1152961
1213681
1248319
1289413
1303841
1304485
1313251
1322251
1329985
1336483
1339921
1374985
1417285
1418131
1418497
1418821
1432939
1437709
1457431
1468285
1485289
1534699
1584241
1607311
1642303
1688785
1722721
1723297
1755433
1765111
1772545
1791703
1827865
1847581
1920065
1927441
1964069
1964929
1971697
2090323
2101267
2130913
2132651
2141893
2144845
2181505
2419789
2430937
2450281
2491441
2505371
2543977
2549663
2576305
2591281
2608453
2631809
2646389
2657665
2679799
2727127
2856751
2859619
2879383
2905579
2980033
3003091
3035551
3058357
3065957
3080309
3120517
3165391
3255271
3270709
3288145
3343105
3388771
3421081
3481345
3499777
3505657
3529765
3536983
3540745
3577001
3638467
3712765
3719081
3723751
3863281
3870685
3892609
3903257
3985345
3987265
4038361
4070629
4089233
4176661
4178065
4178965
4187833
4190029
4240951
4265989
4292509
4294849
4317265
4370107
4376737
4381105
4427905
4435249
4469201
4518853
4520113
4548817
4553297
4619681
4639843
4715569
4732051
4796173
4811443
4820101
4838321
4929547
4957201
4983151
5053105
5091917
5136001
5140531
5152033
5178229
5184481
5202385
5421361
5423665
5456809
5482387
5569453
5611753
5636599
5694661
5769947
5800681
5810845
5864951
5869501
5903905
5957077
5978791
5986085
6075971
6086641
6175639
6225805
6257251
6307669
6338201
6508417
6558091
6651745
6671611
6711769
6760513
6761851
6866401
6887809
6889645
6963943
6989605
7009033
7033117
7056721
7066423
7080697
7131943
7138585
7285063
7327381
7360003
7437313
7453909
7514501
7531609
7559461
7567501
7609951
7613389
7673345
7701079
7957321
7959403
8013265
8031241
8066851
8067523
8073289
8115337
8128121
8210341
8218591
8225545
8263681
8324941
8331361
8335351
8362945
8411657
8489845
8490529
8551999
8686009
8698171
8706985
8708353
8731801
8747245
8902369
8976833
9130513
9251809
9259705
9275905
9312409
9428833
9488983
