117
129
215
369
387
585
745
1017
1341
1677
1935
1937
1981
2193
4633
5289
6273
6705
7281
8385
9685
10277
12169
14577
15665
17433
17445
19221
22789
23347
23985
25753
27233
27781
30315
30545
31089
32929
33169
37639
38985
41697
42521
44595
50009
52441
52585
54641
57681
58769
61411
61705
66105
69851
73297
79417
84185
85183
87165
88199
88929
89655
91417
92115
93041
96105
104361
113985
120841
123777
126721
131401
132727
135441
136665
142545
145751
154155
158197
160777
162841
168385
170065
171001
171405
172393
175841
178573
189931
196451
218881
224245
224705
231211
247809
249873
252227
252591
254185
270293
274905
277885
277957
284221
285165
287641
298521
299151
301145
324801
335329
338185
343785
349405
352729
358345
358561
360729
373633
380401
390641
394219
400695
406105
407745
412581
421521
422281
424579
445953
450253
452145
457601
466817
470989
473265
505905
508165
519265
521569
524041
527653
528513
536851
537985
560143
563873
564561
578377
585661
597657
602705
618355
630241
643237
653385
655711
699161
708849
714753
725481
729521
732961
750135
751607
757665
762433
769841
774677
786457
817713
822753
833137
834001
837329
843193
877273
885105
888337
888449
914481
941881
947505
961351
982567
991795
1002401
1003969
1022851
1025685
1027461
1064497
1071721
1098571
1109089
1109305
1113477
1119265
1148659
1189787
1217545
1221841
1232265
1249365
1250011
1261063
1275633
1295857
1305985
1309441
1320463
1326249
1335321
1339361
1377649
1388829
1392643
1394289
1398601
1450261
1475845
1489489
1489567
1511793
1531781
1546021
1567033
1567457
1592065
1615905
1639969
1644697
1645645
1669081
1679745
1694641
1743361
1745929
1754721
1764505
1770145
1838809
1854315
1897105
1905949
1910533
1922845
1941321
1963171
1969929
1984243
2020785
2045961
2048773
2049265
2154945
2155985
2192401
2202985
2228473
2278953
2297177
2321449
2334681
2359309
2400217
2462895
2471085
2484001
2487853
2495347
2513085
2517057
2526191
2527785
2531341
2586937
2616901
2626849
2684017
2706901
2710305
2769761
2769845
2769931
2779841
2788229
2791647
2794699
2814461
2816577
2848621
2889901
2915185
2984401
2984917
3009667
3018569
3035611
3053961
3056873
3092753
3143295
3194113
3211201
3217393
3253801
3267619
3271291
3281697
3290665
3296881
3301741
3392551
3408945
3436665
3446221
3448921
3451585
3469665
3470041
3472693
3495689
3513057
3569473
3598201
3610993
3617265
3618721
3720977
3746161
3748097
3762305
3783599
3793401
3802033
3808897
3819985
3925441
3928351
3940305
3943369
3945187
3948785
3968955
4005865
4042021
4046951
4055107
4071229
4087945
4144937
4155801
4169355
4213785
4214449
4233397
4247841
4278801
4313997
4353665
4380153
4408291
4434641
4504465
4515617
4539041
4663849
4667121
4671745
4687411
4744785
4749473
4764201
4809505
4941861
5017873
5038393
5042661
5043529
5046109
5050135
5067937
5117169
5168065
5171641
5189521
5194141
5216779
5231201
5350681
5381681
5392161
5398273
5424345
5508601
5513185
5547121
5553081
5562265
5566041
5651017
5695105
5721365
5730583
5757921
5780385
5797441
5802707
5815477
5882669
5887861
5911453
5941585
5942105
6016297
6038309
6091985
6096221
6165985
6192889
6213457
6216739
6227681
6250069
6279967
6284721
6301387
6329457
6361239
6384407
6451849
6510415
6513081
6517953
6539281
6558795
6570865
6584153
6640897
6696209
6712561
6758193
6765369
6783465
6797491
6854415
6859489
7004341
7089013
7116607
7152561
7154201
7174201
7204177
7209481
7246317
7284481
7285033
7346529
7353001
7361345
7560281
7581201
7673441
7678639
7683589
7698601
7729981
7743001
7757685
7764037
7861621
7935889
