351
1405
1636
2209
2529
2863
3406
3481
3653
3861
4777
6681
6903
8596
8931
9409
9945
10179
11452
11947
12645
14989
17141
18265
19526
21268
21682
22121
24921
28036
32877
33644
34003
37219
37466
40833
40852
42361
42706
42993
45981
50041
51985
53001
54397
61391
62341
69345
77421
83629
88933
102561
105931
113821
131131
137026
145106
148876
149409
149797
153145
164385
168868
169767
173011
176121
183001
196401
208676
227449
233543
235521
236223
247321
253117
263441
263601
269991
273921
307051
308386
310505
318052
325117
335188
336169
340441
365651
368901
404921
407277
417301
436765
442927
456651
466669
471577
480844
488761
496189
499393
504481
505791
507871
513085
574645
581501
598921
603681
608761
610091
611893
647396
648908
658945
695683
705861
731111
750106
786916
797441
800449
801693
803641
811073
815121
868105
878941
879445
906961
977051
1011863
1012441
1025677
1025881
1060601
1063585
1084006
1084941
1089361
1104463
1107081
1116441
1121781
1151809
1153474
1195507
1214869
1232841
1233401
1238221
1248831
1274393
1287861
1302301
1303733
1313191
1316485
1340821
1342881
1351701
1401148
1449931
1460539
1492876
1526419
1533753
1553791
1568261
1570591
1585651
1588951
1595107
1596166
1619965
1648065
1648681
1736801
1749286
1781431
1793221
1815937
1820563
1831261
1833561
1851517
1869013
1877361
1951273
1953793
1958931
2069565
2070586
2082901
2085211
2088657
2094898
2136103
2165001
2167291
2211651
2274441
2277505
2294551
2335861
2357476
2385685
2429245
2440945
2479191
2506924
2522611
2558617
2584021
2596411
2601397
2631097
2635751
2647876
2685943
2733705
2794545
2797969
2804841
2846143
2862685
2864233
2892101
2897851
2925361
2926503
2963511
3014373
3017421
3170833
3187945
3200121
3233849
3309921
3310471
3349801
3433579
3454948
3466684
3506977
3570301
3675097
3678049
3685851
3721845
3794905
3802801
3854851
3886246
3890727
3923101
3945241
3968398
3996591
4045627
4065061
4177117
4205001
4301596
4328371
4351285
4358761
4413105
4445237
4553731
4575041
4805023
4850561
4886323
5010151
5020237
5050931
5085873
5147884
5229883
5252481
5288345
5342821
5351356
5353101
5360527
5398921
5418946
5419009
5441565
5484277
5490745
5507881
5516479
5542489
5549291
5629273
5673031
5712433
5744116
5781916
6006043
6047485
6053641
6060421
6074601
6128569
6130501
6171705
6216001
6265546
6272201
6291406
6312111
6332257
6365476
6410101
6434596
6468841
6496147
6529276
6543153
6559723
6607531
6622045
6656293
6658876
6725449
6762047
6769009
6850467
6859001
6859889
6909787
7002801
7020217
7108465
7122745
7217057
7271809
7318417
7378651
7417249
7455591
7470385
7559305
7565401
7670181
7673653
7704141
7716457
7739901
7742251
7744361
7764471
7860001
7869349
7887673
7944201
8014006
8042221
8052441
8073913
8167321
8195365
8205901
8376831
8415613
8520469
8609041
8629201
8630091
8677033
8690671
8701281
8782371
8866711
8878001
8913885
9038365
9046801
9107803
9109621
9130516
9209773
9217689
9261805
9455293
9514089
9590641
9611605
9656361
9674785
9759097
9857881
9896121
9896131
10016253
10019001
10209001
10306387
10341829
10391401
10396945
10400239
10438921
10481857
10671121
10801081
10848577
10950781
10960513
10976521
11001349
11056221
11089261
11140531



