39
195
841
985
2561
2743
6501
7171
7543
7585
12505
12545
12805
12871
13429
14111
14689
15067
21667
22261
25141
30921
36445
38221
38417
40385
41371
41961
43537
45449
49471
58255
60085
60905
62605
63013
67771
71969
78881
88381
91681
92621
95033
97469
97693
107161
114017
115417
124609
134413
135745
140097
141373
143027
144535
146791
154201
157807
158701
164697
164791
165677
167323
171121
173911
189345
204289
234481
236321
244549
258661
267031
269809
273649
283417
292945
298849
310389
350545
353249
354061
360487
361101
361801
365041
365761
379793
379861
391409
401637
404101
428861
430501
437431
445787
450697
456621
473785
474001
480841
486785
492697
494273
496873
499469
529201
531201
550551
565993
577253
601561
633391
638261
653089
658177
662117
668197
686545
701521
702001
711491
720001
735745
743041
744011
773431
781105
781985
792065
816001
819169
828641
840489
848569
862357
873301
876129
878305
901021
914993
922945
944441
946171
949681
967921
987281
1004251
1006265
1016809
1017505
1046305
1047201
1052259
1067937
1072297
1081967
1097821
1115687
1147199
1230281
1246463
1267761
1275205
1282501
1285801
1329553
1343077
1344811
1436721
1454933
1477153
1509089
1513081
1558657
1582593
1601101
1621777
1641601
1644865
1645391
1701715
1720401
1796969
1816035
1890433
1895791
1947205
2000141
2020747
2091013
2109921
2114809
2129905
2223145
2226631
2269549
2303065
2312161
2329651
2331481
2335261
2371777
2379201
2399657
2411981
2449833
2462581
2487185
2497105
2501041
2508931
2523631
2538251
2553941
2561329
2606901
2631451
2653561
2678413
2701777
2717221
2734021
2751085
2752945
2826601
2866531
2876991
2908705
2937341
2944369
2946865
2955451
2996401
3001897
3014985
3024685
3054397
3062865
3077309
3102815
3106721
3119101
3132429
3147661
3167461
3193411
3201805
3210481
3234121
3243641
3248785
3272821
3310801
3316501
3391249
3629055
3650401
3715897
3740833
3761377
3846079
3866369
3922913
3990421
4030741
4111811
4141297
4145077
4170293
4178471
4200799
4238061
4251169
4253971
4298527
4308721
4341121
4341665
4388581
4393601
4436041
4530961
4592701
4594993
4722937
4778327
4885813
4897465
4899047
4909585
5101919
5108521
5109787
5121313
5128201
5134141
5153371
5222449
5233369
5240703
5245561
5304751
5331313
5332913
5352499
5367517
5378641
5391241
5401937
5417065
5462563
5530583
5556111
5577121
5627953
5636761
5730859
5764417
5767021
5815681
5880001
5944081
5959265
5975905
5981599
6000697
6014905
6056161
6060647
6133641
6205607
6244393
6304717
6317411
6360337
6380323
6452041
6475981
6498701
6527445
6536821
6582145
6592657
6619483
6642217
6656677
6698341
6707683
6784271
6802517
6897561
6926881
6940193
6974785
7090753
7107145
7111441
7147685
7263169
7285249
7323081
7343257
7403293
7429461
7532281
7545511
7568273
7587385
7615201
7630393
7660441
7661659
7689683
7794305
7796777
7832089
7835305
7867781
7949059
7996067
8059687
8117385
8224295
8229205
8277961
8284865
8303905
8346001
8455393
8457801
8487781
8568121
8688737
8690053
8717507
8721217
8729281
8773621
8812441
8815633
8848001
8859931
8893057
9004357
9010977
9022073
9045649
9048313
9085303
9104401
9123661
9154657
9174829
9195073
9231041
9371881
9372945
9374209
9384805
9433601
9444943
9465181
9513361
9522381
9631921
9639577
9676369
9692077
9704101
9763777
9775351
9782609
9832861
9843361
9884869
9964753
10008307
10052251
10216585
10252771
10276309
10337921
10438381
10453573
10705105
10765151
10861201
10895377
10930459
11013997
11056189
11144881
11210431
11270611
11299133
11348385
11446597
11648377
11677541
11677597
11707345
11717185
11751265
11762461
11765535
11775691
11865113
11868599
11921821
12092821
12114091
12128497
12177931
12339841
12579421
12705985
12721591
12816961
12881121
12917665
12924041
13007251
13111841
13113101
13168441
13181351
13199901
13227565
13340395
13464121
13528581
13560361
13602653
13698203
13705777
13763593
13811473
13847065
13914721
13924945
14036119
14082545
14297851
14380873
14399671
14407331
14489581
14517049
14608133
14633771
14635545
14655433
14657959
14676841
14714011
14835521
14887105
14943377
14971897
15019421
15041521
15045589
15157661
15258241
15332951
15371401
15398251
15585233
15690065
15778321
15797497
15798113
15802561
15894841
15929981
