16
45
261
1228
1305
2149
3991
4005
4912
5833
15805
19729
20591
21781
26245
26361
27037
27937
33001
37701
66397
70579
71071
77293
84931
91585
96433
107407
123721
129493
152497
171613
186457
191545
196981
209161
215821
223011
227701
247699
252587
257651
281827
302905
308791
311605
312949
316513
335881
337441
357011
362113
369847
375849
378109
386059
387001
387676
422521
424387
425809
433553
436861
458965
482241
504071
514423
530803
540451
577793
583381
584785
585901
616177
635797
652561
670283
710877
712463
735703
741745
746721
755481
770251
793921
819685
842101
852165
855553
878233
897121
913939
943937
950779
971065
974341
976151
980145
1000369
1003276
1023193
1029241
1039969
1040299
1052845
1055773
1082029
1083521
1128361
1147576
1157545
1158345
1192501
1226701
1234051
1241461
1265761
1274659
1285201
1337639
1342123
1348993
1369189
1389391
1406991
1419856
1440217
1459327
1467709
1500013
1526161
1526689
1658385
1664641
1675969
1680211
1708673
1712201
1719577
1735471
1786123
1823887
1828321
1830741
1832836
1834561
1840159
1844267
1855381
1871857
1938509
1943761
2008007
2028577
2039401
2064481
2103929
2132911
2209981
2234441
2278305
2278861
2290949
2297296
2460367
2508419
2510357
2525689
2536741
2555161
2560001
2564311
2616811
2631737
2684773
2695897
2709889
2742385
2750971
2805133
2840671
2854471
2855299
2947033
2948401
2995147
3045133
3048553
3058485
3079621
3085221
3087721
3108313
3112957
3116971
3134131
3228481
3281191
3285613
3285829
3331549
3336697
3361945
3365421
3404745
3406165
3465113
3479503
3482145
3534201
3550153
3563561
3611881
3627061
3652993
3663727
3765361
3832457
3837271
3852289
3876001
3891961
3920365
3976624
4031479
4050817
4050865
4098221
4109833
4249001
4255681
4266389
4277617
4281613
4293181
4322579
4334419
4434001
4453721
4485141
4563193
4730563
4740629
4745505
4755751
4774821
4791241
4860641
4872405
4883737
4893697
4906405
4951105
4953141
4962497
4970539
4982951
5040757
5056597
5065219
5095777
5186429
5186621
5188041
5206001
5222673
5245201
5280601
5293201
5323687
5356351
5367061
5413201
5467543
5470126
5522401
5646961
5710941
5870761
5871097
5887531
5890771
6055345
6076009
6085761
6231583
6294421
6300611
6373627
6417641
6427045
6469633
6486981
6513409
6634057
6659137
6683503
6731911
6957361
6965401
6975961
6979681
7057009
7072897
7092469
7103017
7123909
7209511
7244239
7272901
7309576
7395841
7461421
7536781
7563721
7564253
7617073
7644061
7659045
7742857
7848853
7860997
7917757
7933801
8044219
8045929
8065273
8073601
8075431
8217121
8218601
8300359
8357481
8401163
8424937
8560207
8581301
8582113
8600281
8647057
8827717
8918401
8959861
8962841
8963263
8993203
9057421
9072397
9234253
9276085
9282727
9353761
9520441
9546481
9649624
9717001
9730313
9732493
9745627
9774037
9845857
9960749
9968257
9986869
10064401
10084817
10107361
10183811
10202347
10217861
10219177
10374439
10434397
10451711
10488865
10532273
10584101
10709389
10732577
10756261
10761985
10902193
10924129
11066671
11183089
11207485
11239021
11278781
11306197
11320289
11364085
11500921
11518081
11559211
11579113
11617801
11680417
11777551
11805907
11809117
11917141
11935651
12068785
12105501
12157021
12165921
12170413
12185137
12318541
12423676
12532027
12589045
12656879
12669897
12801251
12862981
12878077
12942823
13193776
13213003
13235077
13326391
13438981
13599931
13650401
13698961
13749165
13830361
13865041
13982785
13990033
14026888
14062291
14114737
14136553
14165113
14268421
14312533
14397241
14542951
14623945
14652496
14713421
14725099
14795985
14901589
14954401
15042889
15047811
15065173
15213073
15217577
15257089
15266251
15268753
15302881
15491347
15491969
15502213
15510991
15511681
15596659
15647281
15824623
15825901
15834787
15838087
15877933
16062121
16119649
16163857
16225459
16270723
16512337
16567453
16584201
16752503
16772317
16772581
16882237
17014801
17014861
17021863
17089061
17256961
17472907
17507341
17640961
17653819
17675905
17705161
17758585
17888449
17900641
18061561
18095773
18111773
18150749
18301465
