493
899
901
1273
1519
1537
2077
3283
3577
4097
5729
6031
6409
7657
8023
12103
14539
15631
16513
16549
17593
18299
19747
19981
22933
24157
24929
26129
33337
39061
39463
42679
52297
53599
57137
62377
66197
71303
75313
76447
81217
86549
101773
106981
112201
115843
119833
135137
137801
144739
149089
149611
149761
164689
187891
189007
195517
204421
214081
231217
232667
239149
245353
252301
276241
276289
290377
296641
297541
301093
306793
307241
314041
317341
326017
329707
333529
334033
344989
347263
360809
370417
371659
375193
378541
393427
395009
397409
420763
422569
430273
439621
445081
467089
469603
479689
484561
501881
517969
520087
521101
530689
541501
551551
555713
557641
568111
573937
582673
585781
603043
613921
616337
627589
666181
672049
711607
718733
720853
729337
730639
739297
746029
766481
783871
805141
808759
810433
810901
830881
832133
849091
852397
855049
862057
862759
863777
887281
893809
905293
929461
935221
935767
975937
979069
998713
999037
1019341
1023961
1049629
1053781
1108741
1111201
1146973
1181953
1197361
1201033
1222577
1229053
1241983
1247657
1299229
1308727
1309201
1323049
1347761
1365661
1373701
1374977
1376663
1380689
1384201
1386259
1390753
1411477
1447289
1469377
1536577
1544569
1546657
1557829
1579123
1586293
1601761
1622701
1642531
1642897
1644391
1751969
1845337
1863337
1871377
1888921
1933687
1956601
1971073
1983101
2020141
2025151
2042239
2054689
2094223
2112479
2177929
2205841
2209091
2218961
2243557
2244433
2280019
2290709
2296549
2297329
2323711
2356627
2382721
2409481
2468641
2491129
2541721
2620081
2631961
2636737
2654279
2657473
2663041
2672293
2725913
2734081
2772173
2786581
2790397
2821339
2822833
2828539
2836561
2846701
2855833
2936227
2943109
2950081
2962387
2968777
2984653
3005821
3039829
3048361
3109393
3128749
3136141
3187009
3192349
3218761
3230107
3301381
3306577
3309181
3310037
3339883
3355561
3373651
3495457
3553921
3591133
3616561
3668677
3765601
3774901
3810583
3846637
3947281
3979633
3989917
4001977
4041841
4041871
4051957
4106641
4155689
4177189
4207801
4236001
4278553
4335877
4372621
4401163
4422991
4439959
4449151
4472227
4497661
4513321
4531177
4553521
4576699
4597741
4613203
4637941
4652473
4656421
4664383
4725547
4756321
4764329
4770761
4786537
4861207
4885489
4886401
4896977
4908641
4914631
4961009
5049793
5052641
5059531
5062513
5104261
5120983
5163013
5165281
5165857
5223841
5252113
5279131
5298877
5330261
5334821
5338417
5366071
5384053
5412001
5454001
5460961
5493397
5497849
5507161
5561191
5576617
5617489
5618161
5625739
5641921
5732923
5788909
5806549
5811169
5817007
5873491
5910577
5927041
5969329
5973787
6063031
6063991
6147217
6164641
6255991
6297089
6405041
6431101
6436003
6443983
6645241
6673787
6688039
6740041
6745627
6765967
6851221
6898957
6915601
6956677
7050121
7062301
7070041
7092301
7112251
7169257
7222501
7234129
7237733
7261937
7296433
7379581
7518511
7569301
7712629
7721077
7765811
7766461
7821331
7878049
7881679
7902577
7936633
7942753
8016841
8049313
8097553
8178037
8416681
8437441
8585629
8615681
8670403
8676577
8747809
8764873
8784061
8804131
8805473
8832409
8890753
8909077
8951401
9007297
9035237
9043001
9135421
