115
175
575
1771
1975
2425
2885
4207
4537
6931
6943
7501
8725
9085
9361
9809
13825
14425
15025
16675
25477
28855
29665
32131
38323
40369
43387
43873
47479
47617
47725
52555
53641
54901
58297
58765
63595
63701
69115
74629
84925
85609
86657
91525
94753
105121
105175
113425
113527
117569
118105
130429
137425
143659
145981
147241
163681
167869
169027
179521
179725
182065
187525
191521
192997
195325
201373
204373
205561
207691
209749
231487
231695
241741
256159
259073
262675
279757
280945
297505
308581
319081
331201
332353
346777
347309
354655
354817
389233
401383
414961
426811
434401
440089
441325
450961
453817
456301
464485
483805
485185
487351
492383
494533
501643
510301
520903
524797
524833
526981
534619
544789
547573
551449
551953
554311
558925
570349
598909
619147
626179
633349
636679
636925
655525
663205
682993
720529
723115
724951
736345
758911
763693
772225
803051
811921
817231
824149
834359
843389
854701
858443
900883
949165
959923
960247
984187
992413
1009225
1043699
1053025
1064371
1085077
1090741
1096825
1099697
1114855
1147861
1160425
1186975
1199317
1200601
1208305
1228825
1237153
1241425
1257127
1261711
1272727
1307251
1341025
1395631
1399225
1457425
1474601
1493341
1497001
1504639
1506925
1526869
1528969
1562705
1579753
1590841
1599481
1603675
1616177
1624129
1694341
1720225
1732801
1755775
1759759
1766953
1780921
1801675
1801721
1802701
1802971
1817641
1890145
1928083
1964521
1981225
1992775
1998325
2013121
2019745
2037991
2042741
2049031
2073565
2077531
2084603
2152981
2155825
2174551
2181637
2220469
2229775
2250631
2254897
2285557
2297557
2324101
2421013
2431001
2457325
2473021
2494075
2498341
2508961
2569381
2592721
2617849
2726737
2751175
2755585
2836051
2862823
2865619
2877505
2923921
2959201
2967265
3058771
3066149
3105727
3110831
3162133
3170665
3171151
3213409
3223753
3234841
3240673
3260377
3273913
3378025
3378475
3414113
3422959
3434509
3473137
3480391
3505861
3564265
3593257
3652285
3732229
3751105
3767401
3777385
3792601
3798865
3806425
3808211
3815029
3885761
3915793
3918901
3931489
3985325
4024621
4041775
4072043
4148053
4229401
4309321
4320589
4332913
4349593
4362697
4431061
4490071
4502449
4508101
4522771
4554775
4577833
4591189
4591225
4618849
4644023
4646161
4665781
4778551
4782553
4824925
4825873
4867021
4887745
4931101
4980769
4995025
5034325
5073751
5121649
5213503
5216653
5239675
5242045
5243725
5314921
5438281
5447917
5460085
5504101
5505733
5529475
5560283
5596537
5598541
5640209
5658661
5725345
5776213
5865553
5884489
5899921
5909275
5914441
5986225
6003361
6005461
6038305
6069649
6070681
6108301
6123313
6129001
6172141
6201985
6211529
6223225
6289465
6314707
6319261
6319601
6407731
6412381
6420277
6433801
6445681
6447823
6447937
6494437
6528925
6550951
6600241
6612997
6634351
6649501
6668389
6677497
6696967
6702085
6772501
6809221
6838525
6871825
6876269
6904465
6916969
6917653
6938425
6993379
7049459
7128325
7140889
7166629
7206301
7284721
7304299
7447141
7455565
7509601
7546573
7547473
7561801
7612151
7623901
7626277
7629049
7704061
7722013
7756525
7789937
7802705
7838353
7883317
7927801
7977025
8031163
8054761
8076565
8077483
8170741
8180641
8213725
8243521
8280025
8287969
8289601
8290051
8290673
8294425
8308825
8316091
8344831
8353225
8367409
8378137
8411905
8450509
8467489
8487425
8579089
8600761
8621665
8669425
8669725
8692291
8707501
8736601
8737961
8799337
8896271
8900389
8904841
8987437
9008701
9151129
9157831
9192295
9454145
9524737
9549151
9578467
