249
405
747
1245
1345
2025
2241
2421
2905
4239
6225
6391
6723
6725
7885
11205
12105
15471
15521
15883
17485
19505
21789
22865
24651
24817
29497
31291
33781
34279
37765
38097
38391
39005
48033
49765
56025
56425
56725
57685
60525
64989
66981
67525
71361
82045
96363
98185
101025
101461
105825
107485
108945
110971
128401
130465
133425
138409
144673
148737
151985
155711
156289
159111
165637
169201
170181
174581
177205
178885
180225
180865
191191
198121
212065
215131
224667
227025
249939
253233
259585
260377
262879
291745
311461
321127
334905
362881
363049
399313
408111
416571
417241
428031
435501
453265
464025
472851
475861
490621
491265
500725
506341
544725
560925
575605
586561
602497
602829
603905
619501
629721
646945
650941
702025
733525
737425
741073
745921
752445
766381
766783
797585
806345
816561
850365
859465
867525
905185
960367
1006209
1010581
1022841
1030401
1066585
1072261
1073611
1091389
1098441
1115271
1115631
1120307
1121401
1121745
1128563
1137121
1143325
1145649
1154817
1156771
1159459
1221769
1243521
1257201
1276405
1325731
1328913
1345513
1351725
1357105
1379211
1397305
1445445
1453349
1462117
1486225
1493209
1514305
1550785
1649791
1659141
1662739
1662767
1672533
1674525
1696941
1702465
1852065
1853971
1854217
1920205
1974321
1993411
2026701
2029765
2031025
2031757
2049913
2051325
2060641
2098825
2144737
2153281
2191905
2261169
2268225
2303665
2306487
2441713
2461321
2489751
2510983
2542401
2549681
2571921
2572471
2583873
2641849
2661217
2663857
2690611
2756845
2780863
2794527
2818567
2829553
2888271
2897441
2946061
3014145
3035665
3051805
3059729
3060025
3065761
3067099
3090571
3120385
3120525
3153585
3264381
3286865
3300661
3315425
3378805
3420873
3440101
3458533
3460225
3582529
3608425
3632845
3672487
3691425
3701173
3704751
3730761
3752281
3828231
3837505
3907225
3990181
4029571
4077145
4116385
4119025
4140925
4220965
4308613
4339777
4398913
4478929
4508057
4520545
4699099
4708341
4848961
4889809
4911193
4938085
4938583
4950945
4983901
5063451
5086521
5121133
5145751
5172885
5201925
5238241
5256511
5304261
5306025
5396371
5398561
5402885
5482489
5524065
5582331
5589025
5603001
5674801
5685633
5744845
5745601
5782693
5902129
5926921
5989285
6028705
6063425
6114361
6118801
6149925
6246331
6252805
6277041
6509425
6521905
6556585
6570281
6591445
6618745
6625665
6669061
6708825
6727585
6767521
6809265
6852667
6914391
6934291
6973825
6990841
7029685
7136481
7155669
7172425
7269739
7326113
7345045
7504525
7538725
7577221
7683985
7767047
7795201
7813105
7846405
7868281
7917121
8008465
8014861
8040877
8141221
8194009
8199225
8515551
8640549
8700525
8716945
8743801
8789353
8881361
8912905
8935273
8942905
8961481
8966241
8968077
8975683
8997781
