1479
2845
3451
5685
7395
7397
7483
10991
14331
16501
25233
32045
32215
33419
39391
40919
48365
56695
60451
62101
62785
75055
81185
82505
90865
112529
121193
125749
126731
130065
130441
146821
155005
159355
159559
162255
163189
164227
164865
182631
207145
210511
214513
220951
244101
280517
321113
341011
353365
357151
369057
417979
426561
463385
485895
494537
498745
512669
527017
565471
587571
606883
616351
625321
628745
634481
636055
667437
676541
698581
742961
791401
864847
923623
934235
955927
963073
1005889
1006261
1006561
1025977
1037969
1067005
1072565
1080997
1085035
1112585
1119945
1141295
1152385
1181245
1188565
1201441
1221121
1232443
1243321
1271041
1399321
1402585
1449505
1450015
1518661
1575561
1615031
1666601
1726435
1752589
1792841
1820185
1831691
1881951
1945663
1961785
2008941
2014881
2015065
2059435
2083093
2110591
2130601
2148001
2151871
2194633
2301979
2319101
2349145
2402851
2439361
2473555
2542861
2546141
2548657
2591701
2605153
2611567
2687633
2692885
2724001
2837161
2854369
2860879
2892721
2933031
2986681
3041305
3063181
3078785
3088101
3122191
3169961
3326545
3359441
3362005
3419941
3453229
3473151
3495921
3581645
3584581
3585901
3608029
3646721
3689119
3727001
3774205
3891889
3935755
3968705
4056401
4075417
4365937
4373403
4466155
4498795
4544695
4551451
4593745
4636781
4657633
4682301
4765831
4814485
4870041
4901365
4919005
4948705
4972891
5052315
5065363
5092001
5099601
5118751
5151511
5153941
5160221
5184201
5207437
5215651
5274061
5296821
5315383
5348081
5441821
5556977
5773251
5778357
5832349
5922529
5964037
5971201
5999631
6037993
6048141
6122561
6165951
6188629
6546345
6550897
6616901
6633145
6636631
6651877
6672961
6864985
6933265
7022341
7047145
7179313
7213213
7254181
7269751
7312369
7414561
7487871
7540435
7549751
7636415
7664365
7684345
7781251
7877545
8082823
8093751
8099497
8130253
8162705
8212945
8233129
8283557
8410087
8410389
8478665
8489545
8639961
8655601
8711281
8725665
8738133
8749441
8810965
8813905
8853265
8956081
9089263
9257061
9287407
9444691
9588505
9641311
9729181
9744865
9849817
9896635
9904285
9945289
9948965
9961901
10008141
