42
525
777
973
1925
2849
3439
3885
4417
6105
6545
7437
7645
7825
8203
8857
10325
10609
12649
13025
13209
17193
18487
19425
19561
20265
21691
22645
22849
24325
25377
25993
26825
28105
30361
30525
33865
35705
36001
36019
58501
60409
66025
68779
71225
75545
81367
82025
82705
87585
87709
88507
90361
94101
96385
97873
99385
100553
103785
106057
108273
110425
120205
120505
125569
142801
149961
150049
158599
159225
163429
169051
169345
176113
177045
183721
189057
193627
194737
200585
200911
207089
207823
212861
221425
245273
256177
268849
269425
280189
282865
302253
316225
322441
324863
330225
335611
341023
344071
344505
345865
346465
367225
381277
388465
404817
423721
428449
429825
443521
452585
461945
468013
468025
473851
485329
526885
526974
549857
550725
557299
565201
570725
571225
585607
589771
606985
612721
618071
619441
649473
649825
660313
669061
682585
691525
720633
736489
759025
796609
806617
826633
859129
866305
871561
893569
900025
900681
923377
929985
966151
971665
1041401
1045369
1057265
1079921
1081325
1090999
1124191
1126021
1131945
1134739
1140217
1159225
1160657
1166425
1178265
1192917
1193005
1200265
1221925
1223509
1226953
1232029
1250305
1263185
1298501
1302847
1382521
1403425
1425425
1435525
1484329
1492345
1510225
1528021
1586827
1617825
1638545
1650649
1687321
1709401
1780051
1795339
1837325
1841425
1897489
1909057
1920985
1942849
1954207
1972837
1981045
1981897
2008545
2015083
2020921
2030113
2040225
2048689
2057385
2103673
2124577
2156451
2164537
2170009
2190881
2192725
2196061
2216353
2287801
2320825
2334601
2376473
2441257
2442925
2463385
2472145
2479519
2490433
2513825
2521321
2533465
2534665
2539965
2549337
2586025
2638801
2667169
2706825
2726185
2732257
2776305
2791273
2801161
2844913
2861171
2892253
2899945
2922791
2952001
2964673
2973301
2995867
3085105
3110641
3134449
3134809
3134825
3180705
3245233
3284905
3288601
3318249
3346147
3366385
3389101
3396673
3409945
3428425
3439171
3454165
3471825
3492097
3502681
3535609
3567025
3572723
3591113
3618489
3651753
3677245
3678913
3684409
3749025
3763825
3782845
3798433
3847207
3858141
3919141
3924109
3926071
3937379
3941623
3959137
4020553
4039297
4060421
4085725
4089511
4131325
4149145
4159729
4174885
4252105
4260217
4273093
4339081
4356613
4364965
4365889
4377433
4456753
4467529
4485481
4591889
4597825
4603105
4646053
4646089
4718077
4723841
4732201
4783101
4815505
4819825
4880785
4897761
5016649
5092801
5153051
5173441
5187073
5193685
5202631
5239697
5323591
5394489
5471301
5490977
5551813
5560921
5580433
5587399
5640481
5641825
5679631
5757241
5772647
5794041
5827081
5838643
5859673
5861725
5913985
5920705
5923225
5925809
5962105
5964859
5987329
6037465
6093277
6103351
6106537
6110809
6148401
6207601
6258889
6265765
6281605
6317601
6323041
6340769
6341281
6353423
6376609
6411925
6463501
6503317
6516181
6528691
6535945
6596353
6603961
6637225
6637489
6698065
6754033
6776809
6835105
6881889
6900685
6902425
6905089
6930397
6948193
6959001
6998365
7036105
7174081
7178593
7196725
7221481
7255105
7290961
7292505
7307025
7447693
7455265
7485049
7489725
7536457
7577185
7723825
7742161
7753837
7824505
7895425
7968781
7981519
7996561
8022385
8057665
8061025
8106193
8135809
8258449
8342425
8355985
8360209
8371177
8447879
8515345
8535241
8538061
8542657
8564761
8616025
8631589
8661319
8676241
8729617
8796865
8819521
8833033
8851321
8950439
8962129
9040025
9061781
9073405
9157582
9161391
9166537
9168667
9196825
9265457
9320169
9347569
9349345
9396817
9466561
9504201
9640345
9832713
9897105
9968725
10016225
10066849
10097857
10120425
10274641
10362513
10366993
10477483
10551073
10558065
10588681
10599745
10625371
10649485
10669261
10699525
10711225
10811281
10862665
10900225
10953577
11002601
11043505



