111
289
629
1443
1445
2479
3585
3757
5291
7613
10381
10693
11849
13481
16129
18785
19279
21097
23479
28033
31501
32227
34221
34997
36741
40885
41847
45305
51121
51245
51393
53465
54871
63571
69649
74481
94831
96145
97393
99361
99705
103965
110001
118201
123981
124653
128945
131521
134953
135541
139009
153253
154837
156621
162097
166753
170545
172241
238757
242321
249121
270613
275485
277321
285073
306001
306043
314833
317683
321811
335257
344877
359529
366691
372385
374833
384097
405105
451945
463061
489391
491509
518245
519949
523069
529737
564213
585469
633241
636401
657379
692121
693547
695045
695527
699805
713323
733897
742303
759781
766221
770185
771205
780589
800241
825563
828997
832609
845043
864569
882385
898261
951451
977271
1000961
1007385
1009545
1040845
1047191
1087689
1089985
1098913
1165537
1182039
1187011
1229713
1237861
1255403
1291693
1329841
1370965
1371709
1375045
1434885
1461061
1475005
1490521
1566241
1567531
1580345
1609665
1649071
1678281
1682473
1701001
1734553
1744345
1762033
1784991
1827985
1844401
1891477
1935897
1945837
1985737
2007105
2017445
2020681
2061137
2082781
2085137
2093569
2101411
2120791
2128105
2136121
2141491
2150779
2186497
2192065
2235651
2277745
2299573
2313473
2320381
2330261
2348193
2395861
2448433
2459101
2493673
2500105
2532421
2556145
2595253
2604911
2627551
2635177
2641465
2673001
2693769
2840251
2867019
2871681
2879969
2913205
2917441
2917951
2960569
2980461
3000109
3024385
3053721
3080191
3097641
3102265
3115165
3142477
3157777
3274081
3305705
3341797
3403219
3445345
3456505
3475759
3486613
3491251
3524819
3588445
3676357
3700897
3785099
3796291
3851929
3858301
3881389
3884941
4053817
4067869
4085593
4097653
4135517
4137841
4145941
4155691
4245121
4286737
4343417
4362249
4370401
4382641
4383501
4476443
4480945
4566157
4573977
4594297
4730617
4747951
4760785
4868205
4885273
4891141
4933321
4993261
5008081
5008753
5015017
5021053
5124361
5152621
5264713
5333641
5410369
5425421
5435473
5449249
5528281
5534061
5557021
5588881
5621881
5699369
5701681
5784961
5847973
5866667
5889409
5918653
5989303
6042017
6061021
6169861
6174091
6182453
6194401
6200265
6228601
6270427
6277531
6402151
6516821
6545561
6669001
6805189
6866929
6869881
6900833
6969223
7010205
7068073
7112001
7171229
7195537
7253353
7272157
7288241
7306741
7450753
7562841
7766305
7781137
7788261
7822081
7894613
7981921
7990243
8005537
8022781
8119761
8205289
8268001
8285521
8312473
8320417
8332723
8337511
8442421
8445685
8462653
8537621
8549399
8558641
8564101
8597641
8678281
8703541
8762377
8780671
8795401
8838181
8859649
8864569
8873745
8938941
9041851
9139105
9164513
9259069
9408545
9488737
9638017
9713293
9845941
9894493
9952293
9996205
10001433
10012681
10248511
10288513
