26
365
1001
2993
3146
4745
5299
5621
9139
9709
9841
10745
13073
15626
21901
22673
27265
31031
32551
37505
37969
49231
50171
50251
51766
52801
54626
57305
58201
61061
65801
69469
74621
82853
92411
98881
100681
110177
114245
116185
118586
122057
123391
138811
150161
151151
155185
155971
181841
183847
186979
187001
187265
196063
196141
229585
240029
241241
249626
254759
262417
265721
271006
271271
291919
300502
300833
303733
305071
306671
318257
319501
326821
336865
342881
344441
346109
359233
364117
366523
366751
369379
369889
378613
388649
406771
414079
417781
421265
428123
430001
447371
463606
469609
471409
474305
483001
537473
551369
553705
577649
579481
582569
584453
587489
596471
596981
599257
601601
605522
631639
635491
642181
649481
663181
667619
678931
682109
690691
704705
707851
712817
718393
719317
729391
737299
747019
751751
757601
758689
762281
762911
775105
779701
825541
827401
828185
828569
830971
848501
909571
911677
911791
938299
941501
951473
965119
969701
981829
1035881
1042805
1053185
1069411
1103833
1107041
1120411
1146923
1153945
1157101
1170401
1185961
1190761
1195601
1202201
1209377
1216865
1224137
1246897
1268081
1274681
1276249
1328471
1333591
1336441
1338067
1349381
1352561
1376413
1378987
1419193
1456033
1474445
1481449
1507451
1518833
1527131
1528507
1555301
1567747
1623301
1631201
1655083
1669991
1696633
1714721
1717121
1726961
1732739
1732913
1769131
1779599
1781221
1783013
1809641
1813357
1892891
1893137
1899313
1990345
1992991
1998217
2004307
2029561
2050081
2085245
2162749
2174305
2177591
2188957
2191591
2195371
2204665
2209865
2225587
2253251
2286461
2291345
2301617
2309281
2360681
2391845
2438801
2443337
2458241
2523089
2553551
2557841
2579011
2588945
2649571
2654561
2657873
2666911
2670241
2676545
2698091
2698891
2702129
2705119
2725549
2733967
2755453
2802817
2807105
2811145
2832694
2847421
2879977
2907521
2943973
2957839
2992111
3004001
3007249
3052981
3060431
3079063
3117361
3140951
3153761
3157421
3163601
3189005
3224417
