12
21
105
231
244
276
357
427
1785
3605
5028
5149
5565
8841
9577
9637
10308
12621
13461
13685
15505
17803
19757
19909
22177
24641
26281
26521
30073
34669
45629
50631
51118
54097
57205
57553
64907
67039
68401
70801
82733
85285
87681
96985
101661
102719
110309
114247
115644
116407
122961
127697
144181
153401
156031
161245
167737
181963
184339
185646
191845
191959
192921
196945
208801
216492
218581
220669
232105
236181
237084
242777
242845
243661
249305
253021
253261
253927
265881
269861
283711
284329
294061
297829
304921
308993
318827
319011
326233
330263
331185
337161
340351
347387
354349
359601
359921
362481
363637
371713
371773
374393
376993
378505
382537
385241
392785
405653
407431
414943
421301
459709
468799
476269
479119
486019
495321
502401
511105
540497
556941
557821
565165
585521
610021
621877
640291
640927
645679
649761
650119
663171
668185
688177
702301
711101
722671
728641
744769
789636
800227
814045
822151
848719
850513
894565
901419
930601
936046
941818
942701
949785
964411
964657
978421
994951
1017917
1026241
1029763
1059943
1062876
1064701
1077649
1087361
1194285
1202381
1216279
1225121
1230409
1237276
1282777
1369333
1408785
1417681
1448065
1455451
1469716
1477909
1499505
1515517
1535797
1557277
1589531
1605649
1613753
1617781
1631701
1641891
1642201
1657003
1683969
1692265
1731973
1744201
1753201
1834837
1945441
1949803
1956497
1966801
1999285
2013569
2044153
2047189
2073085
2079317
2097601
2106469
2119002
2124185
2134965
2145911
2160921
2193133
2196811
2201002
2206213
2280781
2316007
2321061
2410354
2413405
2446426
2462545
2471041
2485473
2488051
2498497
2528443
2595367
2669041
2701397
2780197
2821129
2848217
2896901
2917321
2945301
3020131
3048293
3109933
3131533
3188197
3189847
3198196
3227449
3241207
3304749
3414871
3434993
3474251
3514513
3680705
3690305
3778921
3829519
3848361
3863251
3901381
3913849
3924001
3949201
4012961
4053271
4086451
4100961
4199521
4202953
4207601
4214593
4242817
4256641
4319052
4336921
4376689
4410797
4413223
4417501
4425673
4434151
4442801
4457701
4606161
4661821
4671577
4686791
4686853
4812697
4823617
4824613
4858345
4896847
4904761
4911679
4926945
4949663
4966921
4979316
5021101
5031079
5041401
5045005
5078669
5097765
5209261
5225951
5230141
5231665
5238619
5265937
5269291
5313441
5329468
5496492
5504299
5518237
5609239
5610691
5658751
5667081
5815481
5832851
5835331
5840929
5966065
6010423
6048219
6093883
6161281
6161399
6292573
6301651
6307001
6341545
6528551
6594061
6680881
6709333
6751297
6879731
6897801
6905551
6982447
7026161
7147371
7171876
7421545
7519483
7520291
7559179
7561159
7624585
7671805
7744349
7857631
7951231
8011641
8090061
8185189
8260591
8278183
8288385
8326605
8330681
8404341
8419105
8448013
8477801
8511031
8534501
8582881
8632321
8720401
8795041
8803961
8804269
8811379
8881153
8887009
8887805
8945533
8951041
8973501
8973649
9007519
9024841
9026661
9031651
9041865
9059701
9074101
9113105
9154121
9338323
9378097
9513076
9568441
9604365
9611113
9627985
9644077
9720859
9808921
9854461
9880231
10027639
10061377
10068353
10133137
10195781
10208839
10257911
10346781
10388431
10442041
10458145
10479787
10550881
10571365
10573967
10592785
10690951
10822351
10878743
10890223
10920763
11019673
11027383
11047609
11165341
11532151
11736211
11784961
11845761
11947027
11962081
12032601
12107161
12140101
12162833
12179467
12343321
12413647
12497539
12506781
12588681
13026161
13171201
13202197
13234681
13347029
13398757
13465105
13609793
13692013
13756501
13817441
13871881
13907449
13936705
13993643
14200201
14495501
14525701
14581501
14588911
14664729
14664781
14674771
14729101
14742847
14743641
14758687
14809285
14845507
14923091
14984869
15038121
15057043
15108941
15142531
15143017
15278901
15294469
15306019
15320845
15385177
15434281
15486659
15497219
15552161
15623131
15647297
15805747
15830605
15837517
15939121
16120261
16244353
16259761
16290163
16317181
16390351
16463821
16576901
16684361
16703233
16763241
16817923
16845841
16894801
16921653
16999961
17049073
17120217
17222401
17357901
17361271
17436577
17552737
17575705
17621605
17911807
17958481
17979239
18025561
18034381
18062065
18153201
18340657
18547585
18595541
18599701
18632461
19050043
19108489
19134061
19153721
19164493
19218081
19278085
19334041
19397301
19554701
19565497
19624861
19782209
