51
255
595
1285
2091
2431
3655
5083
5151
7735
8119
8227
8245
8749
10795
10897
17391
17733
20451
21349
21845
22015
23901
30651
36391
39403
39831
43165
43435
54741
56797
59527
62893
64855
69751
79771
84169
91851
97917
101311
105995
106141
120171
124645
126701
128143
129795
136981
140539
143395
144523
148291
149437
150943
153595
161701
171205
171445
180851
224791
231557
236215
241099
242047
249271
250201
257635
267751
280891
309685
313055
319965
342581
360295
389215
413015
413151
424957
426847
438005
440011
460615
462601
495331
517537
519355
531811
537901
544069
546013
581077
585871
600571
601885
606373
617989
618085
638677
678491
681037
685933
691951
705211
709171
713031
714317
722591
727597
732351
736003
745417
768791
783901
784045
840583
848653
864805
896743
961437
961717
979941
996073
1040383
1057009
1063051
1089043
1090965
1101245
1145171
1153741
1219835
1231735
1257235
1279951
1311091
1315171
1317823
1337791
1368211
1392301
1399483
1405713
1414315
1457911
1502635
1517131
1519987
1522095
1543123
1558477
1559341
1578237
1591251
1607095
1624451
1630861
1638559
1665781
1752571
1796173
1807741
1820845
1842171
1864135
1902691
1912111
1987045
1987381
1996151
2017951
2033641
2052307
2065551
2103121
2104939
2108509
2110159
2124661
2202499
2205421
2399635
2460261
2505427
2543437
2688463
2747251
2800529
2804035
2812711
2818005
