187
682
1078
1309
2245
2805
4566
4631
4774
5214
5797
8371
9163
10362
15929
16269
18445
19601
21471
33418
34573
38049
38122
38811
40579
41089
42186
45913
50226
72961
73906
74085
79761
81499
83545
85569
91785
93521
99229
105877
110005
110143
118371
121829
127057
137113
151063
153109
157105
161286
168181
174097
182801
192221
199805
216727
220627
222145
231726
243265
271559
282421
284053
286621
294049
295597
295691
297551
298585
301519
320381
323113
330022
339031
348414
354849
357085
374017
375985
389137
391951
396611
407009
417041
420713
427809
429841
449449
477649
487165
492991
505153
511071
517697
518771
525657
526897
556291
557209
573265
584189
597961
617793
621754
640961
641621
646833
650845
652971
688577
736219
801669
805783
818598
827101
828803
833311
865063
866405
880177
902041
915329
927201
998305
1035385
1043041
1060885
1085233
1086085
1103311
1129953
1140049
1160467
1164257
1183249
1189351
1195591
1219933
1223167
1259445
1279641
1313409
1355937
1370931
1376185
1395193
1421085
1430065
1437249
1448587
1454673
1461991
1511346
1515151
1529921
1587893
1590589
1597585
1612801
1639741
1656361
1713745
1716817
1720621
1759501
1774146
1782469
1820001
1826305
1830829
1846977
1875097
1886249
1908551
1916971
1933601
1958089
1970389
1990417
2006749
2008021
2013361
2075329
2075569
2126497
2139485
2150723
2167309
2197063
2204761
2222101
2248257
2248561
2265667
2291905
2333401
2405211
2453185
2474389
2538745
2561545
2631685
2635921
2672897
2725409
2745205
2750385
2786801
2859681
2865265
2876821
2880241
2900359
2938705
2963521
2989729
2992585
2993793
3000382
3050629
3162445
3174865
3309901
3312501
3355471
3371797
3425653
3432759
3434881
3522485
3524191
3546829
3604921
3664045
3690753
3692689
3721979
3795809
3860977
3869734
3925285
3934379
3985633
4022646
4075291
4079323
4139905
4148551
4221049
4242337
4323727
4397407
4460413
4522785
4576657
4598209
4678441
4705645
4742365
4785781
4862221
4865461
4965577
5101013
5172193
5277097
5290417
5422721
5523067
5605699
5609857
5665033
5718273
5789707
5823201
5838574
5849173
5917073
5946409
5989831
6003229
6032433
6163234
6182281
6201803
6204481
6267281
6333145
6377266
6412027
6441589
6480145
6590761
6649005
6673661
6683365
6718537
6721473
6761503
6816745
6861169
6863809
6892673
