141
235
721
1551
1645
1957
2115
2117
2201
3285
4089
4465
5781
9373
9541
10011
10293
10701
11227
11359
11985
12455
12851
13699
18565
19053
20445
21385
22181
22351
24205
25441
25521
25615
25897
26677
27307
27331
31255
32715
33463
36895
37741
39121
43381
43981
47241
47635
48081
51465
53251
58045
63405
68385
68761
69861
72145
76281
77161
77221
78589
89001
89395
89441
95265
96691
103441
104545
106039
106361
108871
110121
117931
120085
124033
124321
128545
130501
131803
134705
137605
139153
140389
141201
142861
160291
164641
165205
169435
173761
179305
181185
184481
188065
196881
198481
206497
209141
212323
212413
213313
221347
232471
238631
241057
242451
243601
248865
254881
270109
271519
280731
292465
297105
298497
310341
311161
312721
314665
318553
323317
325945
336661
338083
339451
342801
343711
353017
355577
378319
385735
390061
394471
398381
407413
408289
409981
421477
427141
430849
434985
439561
443821
450921
459895
473901
476815
482361
486685
506863
510561
512535
515201
539397
553345
563101
574461
575461
582001
602641
608329
610353
620119
624493
654945
657359
684229
687241
696493
698655
701701
719241
720457
720673
744129
775967
776581
791151
791245
796705
809245
825761
830077
834861
861745
869353
900351
923281
947755
964801
970841
983945
994729
1008349
1010161
1021657
1024343
1025971
1046361
1058281
1083393
1087251
1104265
1107901
1109863
1184071
1190741
1191433
1198077
1212321
1216501
1238131
1239061
1243009
1249249
1276081
1283311
1298813
1300261
1311441
1311487
1311535
1331361
1353835
1354305
1354477
1354681
1359085
1363411
1370755
1396319
1407805
1427661
1454257
1454861
1459201
1470301
1492485
1493191
1508641
1519297
1523731
1540267
1542901
1547381
1551901
1558081
1561105
1569001
1577551
1592501
1617451
1619505
1619761
1632801
1650781
1665445
1667191
1675301
1684621
1713367
1724707
1726921
1728301
1730961
1739441
1751049
1763581
1766905
1766965
1788145
1811991
1825057
1857193
1874801
1890481
1902083
1928881
1936881
1947421
1955435
1958961
1963989
1971321
2002177
2020071
2036149
2036629
2055781
2102065
2103137
2129341
2131591
2146057
2159521
2162329
2181191
2197001
2225521
2239641
2244093
2284641
2289985
2295261
2302201
2303863
2325601
2330965
2350297
2368351
2377111
2378209
2386381
2398561
2441501
2448785
2450251
2453581
2467321
2467777
2468407
2508733
2546131
2594411
2616049
2631577
2638345
2646241
2665477
2669365
2722171
2731441
2747761
2757001
2759641
2769971
2773069
2793493
2822773
2827843
2829541
2864301
2880211
2896201
2907793
2914705
2915585
2926951
2975155
2976391
2986897
3019321
3029573
3048049
3105031
3113587
3127521
3219265
3220405
3248311
3254413
3279001
3295405
3296131
3311461
3320893
3326331
3375001
3406795
3410065
3411241
3413751
3433591
3448411
3486241
3522457
3522481
3574921
3575801
3583153
3586053
3600481
3636061
3649041
3655861
3677821
3688945
3692145
3733633
3749049
3767941
3780089
3782701
3868165
3909929
3922801
3923443
3983713
3983881
4014761
4023811
4023901
4045531
4046653
4052233
4065829
4080561
4118149
4194421
4205593
4219331
4219501
4237285
4252561
4278457
4327681
4328841
4369981
4381951
4413241
4420921
4423487
4448221
4467585
4475341
4514961
4524481
4551587
4604821
4608709
4609057
4614527
4639585
4749361
4761133
4774771
4836441
4845465
4845841
4876321
4910113
4911781
4987405
4998953
5017597
5047001
5049045
5074449
5099221
5111955
5152281
5158737
5161681
5168521
5257751
5266585
5278639
5282551
5348113
5368951
5398101
5398861
5420971
5466241
5658095
5736997
5787991
5789241
5789281
5791105
5795801
