82
287
689
1558
2173
2569
3034
4305
6973
10865
11193
14469
19929
22222
28249
30094
33397
45633
48811
50297
55965
57646
69841
71905
72345
73185
79957
81249
90649
93545
99905
116941
141245
147901
174913
187537
213961
223251
228165
269071
272017
289009
296521
297529
299069
299839
301777
314265
315085
321727
325057
328865
338793
354445
358463
387962
389285
435871
441757
458185
465145
480233
482605
489469
514931
526645
552313
571786
592705
593229
601285
614899
643305
668785
678665
680785
683203
687365
752965
769933
782351
783961
793145
817089
830521
832723
871201
879841
890699
905401
918841
937441
957223
959001
962641
967421
997858
1006681
1035537
1040065
1047817
1055791
1081353
1111551
1118057
1150465
1171501
1198145
1218907
1227745
1229865
1242865
1294042
1324693
1381233
1390897
1395833
1424345
1429465
1513141
1519057
1531489
1574179
1579201
1580321
1580531
1618762
1633645
1651867
1659801
1673005
1674303
1721329
1727641
1729399
1737121
1749265
1790593
1825543
1847845
1861041
1868601
1907417
1993489
2007705
2010391
2013141
2044369
2044801
2062177
2086021
2109241
2140405
2150401
2151721
2165071
2227953
2288245
2330153
2373661
2429981
2455761
2475001
2514161
2566103
2569281
2587597
2605123
2617003
2620597
2629771
2808897
2838745
2851157
2890546
2966145
2970121
2977471
3000901
3045029
3150109
3182257
3199769
3207721
3242401
3307265
3331209
3354013
3384417
3469051
3479527
3557569
3565237
3593527
3595361
3625171
3678709
3731861
3750133
3757117
3797871
3944101
3946865
3996539
4004257
4088721
4186841
4226485
4263031
4311489
4368273
4379761
4489849
4518481
4538337
4585807
4608241
4611901
4617201
4683169
4697071
4737281
4769205
4794581
4830911
4901281
4903309
4922905
4930537
5034841
5058901
5064521
5064967
5067065
5096269
5119465
5162191
5220033
5226607
5260546
5262145
5273009
5281185
5297721
5314051
5342505
5432441
5432701
5441971
5573841
5582437
5586945
5759065
5829061
5838905
5887081
6046885
6187321
6214411
6216673
6282673
6282921
6291481
6295181
6339165
6354419
6360289
6490345
6509242
6596745
6617377
6679113
6723445
6757939
6758401
6846385
6950685
6952081
6974101
6992677
7007131
7047201
7052657
