96
186
1056
1068
2046
2976
4705
5456
6811
7736
11417
12676
14505
15996
18336
18656
19761
21907
22183
32736
41581
43071
43105
43241
46109
46501
50561
50704
54192
60211
61165
68657
79985
82551
98805
109271
121861
123529
132349
135191
136445
138161
151621
171721
174085
193561
200481
218976
230545
239791
245201
258769
276396
300576
332648
335937
343465
344581
345836
357721
376761
385513
392956
405856
415471
415905
420645
431201
440491
450689
456337
468111
480641
526393
534623
540757
546385
591889
598045
611617
679849
691021
742105
757505
762321
810201
908061
908065
924211
926885
989241
1001404
1013509
1039776
1047333
1079027
1088737
1090776
1096265
1105585
1108976
1121869
1133545
1171897
1179073
1182349
1205849
1232479
1278663
1340471
1359751
1395177
1408677
1456309
1486261
1539829
1539956
1573926
1585585
1587241
1605877
1608361
1619205
1639065
1650341
1670865
1680197
1682317
1686448
1747369
1756133
1772881
1843637
1888329
1914076
1974017
1991053
2008741
2028481
2035045
2057568
2061071
2112145
2112545
2120471
2177385
2206645
2263105
2312821
2326303
2347901
2354465
2380561
2392429
2397193
2452933
2455696
2479686
2491633
2559081
2614501
2684176
2823031
2837321
2838241
2850289
2857485
2885531
2906713
2920771
2952251
2997085
3007381
3038041
3071761
3082969
3083437
3114253
3146665
3166465
3173881
3223243
3423901
3490005
3505173
3513601
3534385
3640687
3640729
3653857
3659761
3661549
3671389
3719773
3720445
3720613
3911536
3919265
3976651
4197136
4214666
4249623
4318249
4407586
4465045
4570573
4577965
4578376
4604313
4673859
4698653
4712311
4725721
4732665
4766176
4769929
4813711
5100285
5136697
5149221
5188681
5216611
5261845
5280787
5289361
5310176
5417629
5433901
5508741
5745397
5751136
5771113
5789521
5932381
5979785
5989465
6003921
6027481
6185193
6254221
6269241
6371201
6398273
6486943
6490933
6562999
6665001
6687067
6722713
6738501
6812576
6848209
6881533
6936517
6997936
7085856
7143481
7159393
7316869
7318256
7433521
7487481
7502593
7549823
7578601
7601231
7758241
7864891
7989049
8040869
8112361
8131951
8319265
8337651
8389571
8470337
8507333
8520271
8530165
8597001
8619009
8636145
8675536
8773591
8849351
8947969
9015721
9017617
9057889
9072805
9090439
9092161
9308873
9407659
9472141
9523585
9544753
9548371
