57
861
1281
1653
2059
2413
2761
2947
3059
4047
5271
5473
6817
7999
8421
11229
11837
14091
15311
16441
16891
18103
22857
23983
24461
31369
35169
37901
38989
47139
52521
53333
53467
54811
55651
55993
57513
57981
58717
58821
61337
69231
74001
78961
79971
85591
86241
88537
89281
92509
93031
106491
117363
123713
131929
135097
136741
137921
143009
146551
147187
151341
159601
159621
165413
168421
170861
182533
183061
219101
224961
261493
267121
305341
313181
319021
321531
325641
344191
345261
364201
369857
374269
399529
422269
425581
434531
447301
453041
454249
459941
488647
503201
513681
523621
532741
567799
579151
600153
622553
636551
654401
661249
665057
684741
708153
723241
727909
730661
740791
744051
747559
788833
821121
829977
848233
866839
896041
910543
920449
930721
936481
948851
967233
972811
1005793
1015873
1030351
1031269
1031757
1097537
1107161
1158557
1162381
1189777
1247521
1253317
1260097
1263421
1272391
1272821
1273297
1298893
1320139
1328041
1367031
1368541
1372801
1374251
1385461
1406917
1442593
1481781
1502257
1521311
1523821
1536053
1617389
1618401
1632841
1636141
1639281
1655081
1658301
1676191
1689481
1698901
1702793
1714161
1758373
1776349
1809921
1818097
1829231
1864983
1939637
1949897
2001217
2060961
2074213
2136349
2216501
2225711
2231873
2273057
2275921
2303341
2323049
2377221
2411661
2503489
2524831
2555983
2559621
2565137
2570797
2575501
2681309
2698501
2720017
2763901
2783341
2803801
2868517
2919421
2924377
2975923
3025051
3028753
3028789
3031073
3045841
3048551
3120181
3151549
3170977
3200001
3238417
3242021
3346869
3379597
3387021
3536841
3588081
3654691
3767233
3812941
3846601
3849931
3882517
3938221
3960703
3962281
3974097
4018421
4068961
4077691
4090501
4091641
4096761
4104101
4155313
4159261
4163053
4194541
4249801
4340821
4374169
4448201
4459621
4472353
4484401
4577197
4579321
4635961
4669581
4865497
4873969
4907701
4918621
5000857
5020801
5035801
5049971
5052881
5068041
5072113
5073817
5074201
5139617
5168617
5301073
5304469
5492501
5519681
5526913
5563489
5579281
5642647
5674051
5674891
5982913
6094477
6097561
6240667
6247621
6268409
6376319
6392801
6488581
6496393
6517513
6531889
6537889
6560041
6590431
6737011
6783451
6851521
6865457
6905261
6921661
6924737
6942461
7005301
7005517
7060591
7111111
7128577
7173831
7213921
7231233
7282561
7306391
7326697
7457059
7511017
7518037
7527937
7595511
7601881
7617841
7654549
7733561
7748327
7788781
7836851
7908121
7955429
7973761
8016681
8053891
8093233
8104981
8115097
8140161
8145921
8174101
8205441
8217469
8285761
8302449
8383181
8386771
8463709
8465821
8472931
8514937
8540641
8602231
8707483
8745409
8746909
8799211
8824087
8893181
8917969
8955649
8963461
8984137
9116801
9120057
9135181
9148297
9159241
9184183
9200101
9295241
9355021
9362801
9375101
9376201
9496081
9611281
9635907
9673489
9725081
9727201
9735661
9795941
9797633
9804781
9813931
9871921
9940801
9992641
10022981
10053681
10096843
10207261
10250929
10296397
10446323
10493761
10623761
10742509
10745211
10792981
10815841
10886107
10914253
10957831
11241217
11244199
11288641
11445701
11517121
11567249
11622913
11625961
11644781
11674241
11786593
11833409
11853011
11910511
11955457
11957891
12069569
12243943
12245101
12256381
12512773
12525121
12542209
12562621
12576061
12591457
12660649
12678337
12872737
12980941
13026721
13129663
13137083
13206349
13232941
13267897
13360069
13491501
13507901
13545001
13564021
13617361
13697191
13707457
13713409
13718069
13774699
13797941
13859761
13988161
14239639
14346577
14451837
14452831
14554987
14580563
14692049
14712061
14767921
14780611
