869
2765
6083
6085
20689
22801
25991
32761
37367
42049
43141
43505
44065
102779
118049
137521
172483
225145
271909
291445
322505
324511
330385
338965
352243
391369
418621
458437
468545
483253
531829
538385
595487
629189
673001
698147
702209
739585
790105
791065
837221
856891
905399
914531
924251
940517
955345
984985
990913
1057573
1152481
1195393
1209541
1269521
1328293
1337371
1352569
1381801
1399693
1555813
1606781
1789271
1808893
1831511
1860793
1869979
1880191
1904605
1929019
2093197
2097865
2130337
2302901
2337857
2344429
2548057
2578313
2615305
2631601
2749121
2757089
2781529
2847713
2878205
2979601
3013297
3068791
3069577
3083291
3115297
3289165
3321871
3365005
3408139
3467233
3467969
3559661
3568897
3625273
3642481
3722161
3756529
3798479
3807091
3864631
4038401
4078753
4119545
4127101
4181189
4273039
4411441
4451833
4454651
4606345
4743121
4767883
5008589
5278157
5287865
5333581
5367265
5389129
5447287
5576029
5701645
5782351
5878411
5921099
6036905
6065539
6188659
6191569
6509521
6586657
6599629
6631433
6772591
6787601
6817937
6834521
6853987
6872401
6881431
6954641
7068961
7070201
7081481
7225471
7404751
7600165
7660609
7689991
7697587
7896673
7916585
7965265
8115457
8267081
8439361
8644901
8648411
9016507
9025885
9143201
9239329
9287191
9303451
9323819
9340217
9611449
9906749
10025681
10059841
10140571
10283251
10287301
10384661
10499731
10509001
10613729
10992857
11066083
11106943
11149111
11207377
11397205
11438221
11447041
11530751
11560465
11627605
11739781
11756929
11840627
12060991
12073069
12280207
12327037
12342881
12411965
12433261
12544633
12587465
12661897
13148137
13289969
13304951
13344601
13593889
13663937
13669657
13703401
13784791
13827601
13882177
13960801
13980289
14081887
14215081
14370001
14476177
14506633
14644943
15067501
15175465
15232543
15278077
15584609
15646121
15711937
15745345
15839341
15901831
15921739
15952321
15969461
16199821
16255033
16392421
16405117
16420981
16435585
16475593
16483369
16484021
16601201
16679353
16741945
16744673
16773841
16790617
16816601
16851727
16894571
16960273
16986659
17085223
17123551
17169683
17558461
17616907
17625301
17665901
17765749
17790949
17959781
18022585
18225871
18251983
18396853
18459511
18725461
18786841
18822265
18845245
18941329
18991285
19005889
19077157
19123471
19373365
19449199
19456591
19462801
19513649
19757057
19789511
19929359
19946897
19981391
20101361
20235139
20256601
