22
154
165
265
553
638
1027
1065
1738
1749
2321
3097
3445
4081
4345
6253
6369
7189
8651
8745
9805
11713
12166
13351
14245
14833
15862
19513
20461
20801
21223
23585
25201
28897
28939
30885
33022
35245
38581
44785
46057
46531
47783
53053
54961
56485
56869
57401
58597
60583
61699
62849
65065
71951
76867
80401
81541
86101
93457
98137
98209
101647
113737
113905
119197
121753
122001
125686
127465
127585
134261
140807
141581
142941
144001
146377
146545
150997
153181
158353
160765
163933
167401
177193
179171
182071
192049
192907
196789
200661
208321
210493
210799
226081
240241
240751
248218
248305
248941
251889
252505
261289
265993
266941
268181
278317
279313
285286
297277
302365
302707
312649
316711
320881
331705
337573
349597
358534
360745
375877
377553
385441
386317
397765
405623
413881
415297
438681
441201
458403
460801
471441
471541
502705
518161
522001
545545
548821
551041
551485
559361
561241
594229
598741
613369
620101
641665
654445
661651
668701
672211
677521
689689
697334
716745
721981
734305
748333
749065
790721
806289
828073
838577
839287
847841
866281
873751
912457
916385
926593
941941
953305
983521
1001641
1006417
1007566
1030081
1055149
1068949
1080361
1083643
1088065
1094545
1094605
1114345
1114477
1127251
1136161
1147159
1148245
1161601
1167265
1218841
1227265
1235377
1245553
1248121
1275781
1304065
1305757
1330989
1335703
1352737
1356901
1368991
1374661
1385707
1423345
1424449
1472185
1484801
1511665
1563001
1580059
1609345
1611427
1616797
1620073
1620169
1634401
1657045
1669129
1686101
1700805
1704109
1735613
1739185
1771737
1775341
1775683
1778257
1816921
1832089
1845301
1848385
1870573
1902433
1905085
1962961
1998137
2000485
2010163
2016001
2018845
2039347
2053909
2074017
2079561
2087261
2089945
2102707
2108431
2115541
2123857
2126917
2127601
2184061
2192671
2245345
2251561
2256409
2260609
2267385
2296861
2318485
2353441
2376511
2378657
2407405
2432753
2501653
2572885
2580061
2602621
2615285
2653057
2688049
2751463
2805121
2817061
2827007
2901889
2906365
2911861
2942893
2946853
2954501
3087541
3135481
3137541
3161985
3180619
3200527
3209521
3211261
3218171
3224629
3227473
3247651
3257221
3269305
3294187
3324849
3369745
3412405
3418273
3457909
3567929
3570841
3631069
3675826
3699241
3702343
3712661
3723621
3730273
3740293
3755158
3763761
3823897
3841705
3954081
4019743
4040861
4047229
4059451
4071265
4085185
4113865
4122181
4123405
4131937
4147522
4155451
4166701
4174597
4197823
4234321
4258969
4265185
4360093
4361581
4392817
4431211
4441217
4446361
4504861
4509505
4551481
4570529
4576513
4605391
4617393
4627537
4639249
4664563
4714957
4717297
4748217
4806451
4853221
4881565
4883593
4890691
4904461
4908745
4975489
5004505
5013041
5020133
5086081
5219161
5221189
5245381
5288023
5301961
5314681
5317411
5328037
5330593
5344237
5349313
5417085
5422165
5555881
5571061
5590585
5633953
5673385
5736761
5751433
5752051
5797501
5822209
5853871
5876905
5881321
5893441
5910465
5912281
5945005
5966881
5986933
6021301
6024251
6079411
6081769
6113171
6125581
6155081
6156865
6193837
6197191
6261619
6311505
6354613
6404029
6405085
6410929
6419161
6422305
6503833
6504841
6518974
6544945
6545341
6557551
6559417
6588505
6651541
6716467
6782545
6786505
6801649
6813781
6822361
6937537
6944961
7038241
7059361
7079905
7136231
7152541
7164001
7255613
7271391
7327783
7333811
7339627
7349881
7379497
7497757
7557481
7575961
7585201
7631953
7721641
7783633
7915405
7937839
8010763
8047213
8066773
8249273
8280181
8315065
8325505
8364997
8430481
8492737
8539201
8607457
8676001
8728651
8787493
8800849
8807905
8824141
8841421
8920801
8930713
8936401
9040069
9064357
9069391
9130771
9134497
9140221
9235681
9241189
9272185
9351889
9368689
9381961
9466571
9521317
9523657
9551179
9610861
9686291
9738289
9836281
9963841
9972985
10000705
10013905
10066871
10080865
10186813
10297729
10319365
10392929
10427131
10429393
10483171
10512073
10513345
10547053
10556767
10591153
10609621
10642801
10696933
10736401
10822441
10983421
11018701
11033401
11063001
11083843



