60
130
155
388
786
970
2388
4580
5044
6799
7372
9305
12610
16213
24193
27435
30845
30970
41311
50117
50731
51305
65869
70860
72010
76301
82243
99910
102341
128946
133145
145993
162285
164863
173073
180517
210769
210817
222130
236401
239590
291961
304051
321049
337745
355117
381090
398777
403837
421015
431110
449279
463079
469690
547507
558766
594610
632206
633421
634601
652201
659503
666221
697159
721249
749477
789607
806065
865365
891901
936244
952501
1029133
1049698
1065241
1089991
1096129
1133281
1139730
1164721
1180015
1201636
1230121
1264740
1324726
1401844
1438510
1475383
1478577
1514987
1570537
1572661
1597765
1602457
1619731
1631004
1675693
1684849
1699545
1709681
1716161
1760357
1766089
1798597
1817101
1871761
1882909
1903717
1955530
2001001
2051292
2055430
2059051
2138074
2156329
2219845
2241469
2250469
2322139
2379091
2401213
2475313
2618161
2637037
2681701
2793988
2815321
2846761
2875245
2942241
2984311
2988641
3059380
3066701
3306097
3328186
3336121
3460051
3531169
3590164
3623077
3652451
3760690
3766123
3835703
3842965
3888919
3892141
3994881
4000207
4073653
4095743
4238103
4314349
4360897
4378933
4538071
4588307
4616521
4669249
4680541
4684353
4700995
4704385
4779190
4845317
4958831
5004253
5006569
5197809
5199103
5249881
5275501
5375917
5382649
5438596
5576411
5766465
5780105
5835781
5840341
5854521
5906895
5943745
6010411
6097195
6223177
6242509
6395221
6473809
6480673
6516852
6539567
6643669
6737809
6738005
6813121
6907564
7049813
7078435
7128121
7131961
7162519
7289230
7328431
7336693
7393651
7557521
7767121
7768135
7785187
7815193
7973161
7995001
8197309
8248201
8249158
8323657
8444917
8576701
8582377
8632612
8646541
8684767
8727301
8951713
8958601
8964487
8965789
9241441
9312679
9354113
9391481
9425581
9536905
9585346
9620385
9692441
9729811
9827713
9833356
9884953
9973283
10062961
10117603
10145203
10209695
10256641
10261361
10341073
10376641
10450001
10456939
10475569
10518377
10591615
10619821
10637941
10704241
10919647
10941697
11008627
11054605
11145121
11192017
11222017
11297485
11337097
11481805
11547505
11578169
11617399
11658813
11733505
11737630
11739109
11862709
12141781
12172801
12314193
