291
565
1067
3609
4365
5085
9603
9703
11089
11931
13233
16005
16291
17289
18645
21233
24973
26065
26605
28741
37045
38533
38897
41217
45313
54805
60721
61353
67803
70131
72505
74205
81005
82741
86445
90341
98239
98649
103741
107689
108121
128997
137611
141137
154309
165385
168941
172777
176845
195261
214285
214397
214405
224687
226045
229405
251805
266989
269365
271765
272085
285913
307729
311417
316965
323301
327301
332785
350073
356921
358081
361713
386541
386671
394693
407817
410293
421345
430389
430971
439605
460881
465273
480981
481945
483351
487245
493245
500849
500929
502417
505021
517653
533665
534633
555907
562309
587917
593881
594541
607141
616201
628405
637885
648673
654523
667931
668621
678161
683167
700689
706945
762701
767467
806749
809497
830841
835409
869441
869581
873829
905301
916267
931645
931685
941191
942565
956385
987169
988261
991897
1038181
1043359
1051993
1075633
1161301
1168985
1180945
1187281
1235781
1243981
1275065
1346621
1378661
1440739
1464601
1494081
1495329
1531441
1562317
1638613
1661913
1670509
1677033
1707001
1710265
1738209
1777633
1790485
1808565
1814461
1835389
1838397
1850801
1852021
1882351
1902745
1911181
1918785
1942165
1944031
1953589
1964161
2011185
2017345
2034187
2039813
2040301
2059601
2070153
2088997
2128393
2133721
2150005
2170765
2222065
2243901
2272871
2279241
2295085
2298985
2343151
2399329
2422381
2437261
2518681
2527691
2528305
2580685
2601985
2603221
2618701
2641601
2673693
2682685
2703157
2713381
2722483
2729289
2744421
2783791
2802829
2833065
2845001
2855269
2868505
2875371
2919673
2976985
3050351
3072021
3122981
3144201
3150851
3185631
3190531
3215971
3227365
3238657
3275305
3282085
3287961
3301849
3311605
3319457
3378733
3416505
3423745
3461833
3470857
3576681
3609401
3617469
3703981
3730021
3736993
3737701
3740913
3878873
3910289
3926131
3958081
3996109
3998049
4012093
4130981
4147473
4160479
4220179
4224277
4253381
4276801
4330051
4402333
4402981
4414861
4455501
4568377
4657521
4699105
4714543
4737965
4740681
4766905
4804421
4895137
4942281
4944841
4955665
4992471
5047201
5070913
5109281
5170033
5182031
5195685
5209501
5292865
5328889
5362701
5403145
5412165
5517793
5545153
5606291
5631557
5634245
5650327
5679945
5688439
5704861
5730505
5856985
5923927
5951241
5991981
6041839
6090921
6119245
6120073
6148861
6149121
6242391
6250777
6265285
