623
6281
8099
19307
25571
48241
57337
89623
93943
104143
105313
106483
113641
119171
130573
154741
155629
160451
168881
231049
253921
257617
282041
296407
299737
303067
322453
336601
352213
384661
429013
503093
544363
550153
571571
576631
622021
720989
745381
808529
835621
837661
883009
940121
952393
1017397
1067689
1082131
1125337
1179799
1182217
1199809
1238791
1405501
1415501
1445551
1449761
1555501
1612547
1620721
1648117
1648351
1764961
1784917
1790321
1803407
1839403
1909189
1922023
1939589
1952341
2035991
2130401
2170981
2181853
2219761
2276381
2471591
2554211
2564179
2597221
2676097
2694979
2703037
2710657
2798497
2870161
2903011
3105209
3202961
3209491
3302489
3306673
3420697
3433717
3497557
3521593
3522871
3564973
3669281
3694141
3774881
3815461
3837527
3837937
3912949
3983729
4055051
4170421
4185601
4265941
4304737
4323881
4389931
4479853
4538431
4547977
4574281
4659281
4677061
4700431
4765381
4796971
4832971
4856249
5126149
5185273
5253403
5256251
5258269
5342533
5475277
5499577
5552881
5639771
5746643
5875481
5899001
6101641
6126607
6132457
6175801
6232861
6252337
6326881
6342481
6424093
6741307
6932101
6963461
6973561
7396057
7477691
7514809
7687849
7776367
7893613
7985449
8044129
8046529
8109101
8262151
8264719
8363083
8442547
8515477
8548813
8719711
8731621
8748649
8818883
8818921
8854633
8932661
8952763
9092983
9100201
9211801
9256001
9372857
9630601
9644761
9708371
9731629
9743891
10341331
10432801
10532161
10621171
10638301
10726729
10912537
11016361
11111257
11178883
11227313
11267149
11296601
11532521
11723881
11726927
11791117
11930761
12027341
12125191
12357281
12465181
12495341
12522601
12724969
12746441
12792001
13073311
13130701
13183297
13188247
13373279
13397281
13468361
13584787
13847641
13851019
13980733
14006629
14043619
14081431
14100971
14139901
14162239
14225777
14370421
14557897
14601041
14730301
14811661
14821261
14849561
14902561
15002821
15084577
15148801
15210811
15416401
15437851
15467221
15489181
15621499
15631153
15708781
15946753
16119901
16158221
16257781
16282381
16287701
16339321
16436141
16484641
16512301
16553497
16590781
16646293
16763881
16781491
16866577
16882321
16963561
17106601
17158141
17256331
17327503
17410897
