11930881
12442471
12469421
12875311
13163923
13401373
13740301
13829413
14614549
15172021
16064821
17229283
17511919
17683489
17701651
18095923
18181657
18215671
18614077
18636049
18797461
18875711
20274661
20509441
21627709
21907051
22325353
22536001
22904311
23020999
24276961
24469329
24706081
24914891
25561549
25603933
25930693
26254201
27029647
27429377
27643057
27665639
28424593
28437763
28597861
28672099
29426513
29791001
30033667
30202631
30381151
30658031
30913039
31004293
31321201
31760737
32951621
33298411
34339141
35229889
35847089
35997901
36063529
36494371
36915229
37093627
37482913
37656013
39177997
39569701
40272013
42031513
43177021
43326991
46100029
46107227
46209691
47503471
48525751
48722477
48739991
50690851
50886487
51008921
51347521
52211591
54131743
54771211
54963049
56547649
57291781
57974113
58076353
58624039
58848017
60270769
60372937
60759721
60996097
61052077
61711021
62199505
63407149
63712169
63721897
64367845
64810369
64852867
65627041
65676139
68144833
71496211
72158923
73760633
74581721
75322861
75952669
76242241
76755851
79828531
80078461
80426641
81955217
81968083
84543691
84734533
86041651
86281567
86934649
87071573
87622301
87992011
92079373
94293791
95358829
95591941
96711277
99088573
100033481
101484361
102659657
104670491
105043709
105259079
110647021
114739801
115713313
116138593
118880065
119556487
119693267
121480711
122371093
123134485
123339241
124477057
125488219
127238761
128089573
131553857
132868363
133201121
134666659
134966789
136597987
138834931
142131553
142137019
142701161
142882057
146432287
148687441
150610591
152120767
154658107
156801377
157492651
158489501
158782891
159773251
161489989
163764641
166646657
167872069
169056961
172024021
173163691
173726219
173989873
175825963
178639651
179298571
180739049
182058181
183271741
185893291
191608327
193592059
195215353
197137123
198797743
199491661
200629619
206510141
209007229
210935041
212917157
213127501
214424251
219119941
225118433
228388777
228483377
230402281
236337683
238172971
238253821
239983153
240961501
241368805
243692489
245957713
246180019
248176633
249430969
251136901
252829711
253766101
254297473
256959865
258969565
262636621
263181073
265487713
267155461
275151061
276071473
279531001
283229491
283463077
283558811
284017861
288063917
288431441
289415617
291760885
291766049
292776751
292829401
296285011
