86
473
2365
3785
8686
20311
20726
20845
26191
27094
29146
33139
45967
61906
74347
74803
81406
81571
87949
91819
95981
97279
118009
127141
142177
153349
187849
204766
218821
227857
231973
236441
264043
269266
314545
321769
341605
347053
358061
359531
395143
414289
430807
444886
445873
502391
513205
515809
535249
554086
564031
573821
591011
597571
618469
632866
635137
645853
657943
676999
679117
704641
711646
809233
833341
872821
873373
887329
893446
942001
1009081
1014847
1052123
1054405
1095641
1101709
1117105
1137565
1157453
1163377
1201181
1204885
1231945
1232557
1234741
1287301
1290685
1314667
1340009
1344997
1347787
1392985
1424977
1536949
1572166
1614097
1653563
1744897
1748266
1787381
1790305
1822645
1838197
1848301
1919086
1965865
1972126
2053843
2089639
2093326
2135497
2187241
2244385
2272105
2353906
2353969
2394349
2398393
2428465
2429749
2430301
2435914
2483965
2528185
2528701
2559661
2560141
2607091
2645291
2726845
2731213
2740681
2782417
2947945
2962141
3015649
3030541
3066961
3078517
3149039
3168541
3204103
3252613
3311971
3335887
3451789
3469951
3471949
3580081
3626713
3640021
3656206
3675491
3695545
3723811
3788785
3825641
3843289
3877945
3888401
3909905
3940481
3954841
3958579
3996001
4015657
4026061
4027639
4089085
4096609
4126001
4160107
4182997
4208653
4359685
4366333
4388329
4407487
4415113
4511689
4514303
4523365
4539361
4561699
4665641
4668643
4673233
4682611
4740571
4869073
4894951
4915201
4933211
4968277
4975961
5009785
5050045
5051089
5054665
5122693
5145553
5200591
5305465
5382937
5415229
5437369
5504281
5555531
5573921
5658121
5685823
5727385
5753957
5770765
5796349
5853781
5959657
6031051
6113611
6119201
6141541
6196993
6266899
6296563
6312031
6334201
6347746
6496201
6588187
6607573
6669181
6671665
6767641
7047271
7105291
7153273
7171633
7265809
7383481
7442111
7454911
7766489
7808449
7846945
7867237
7883491
7935166
7974121
8005657
8008105
8040097
8185333
8226631
8279263
8324821
8390305
8476129
