17649953
18646363
18662869
18679879
18746311
18771299
19814581
19965397
20377321
20665041
21009349
21076777
21276001
21646681
22072051
22392913
23450137
23493709
24374131
24812971
24909961
25292131
25653853
25817089
26292793
26505473
26505571
27220159
28804861
29223577
29235581
29859341
30331421
30549811
31120981
31778587
32116701
32379251
33324481
34134757
35404601
35709493
36128269
37209503
37399441
39020941
39264319
39340391
39625357
39632803
40108051
40241659
40741867
41578451
41615401
41929087
42110701
43022081
43270111
44039119
47273251
47661373
48612527
48773001
50672701
51110569
52243871
52916509
53377171
53489357
53731213
53949011
54300221
55649491
55712521
56276221
56852461
57520711
57931651
58183441
58344589
58531039
60151409
62410441
62544499
62952877
63174991
63320161
63469543
64020001
65195581
65567479
66547193
66715111
66751291
67764007
69696577
70065251
70459201
72088897
72352997
77009419
77641543
78291973
78364763
78988901
79142743
80145619
81279001
81633511
82687195
85546079
85904801
86169487
88281409
88455683
88511803
88752709
89273881
91283567
91810501
92208643
93293461
93568609
93605401
94133293
94710401
94789801
95588749
96569113
96610801
96630829
97624117
97690657
98113703
100048367
100411873
100973269
101407697
101533813
101814409
102930961
104083351
104296291
107867233
108066979
108095443
108480881
108863389
109088509
109406851
109758881
111187751
111345547
111721897
111914497
114188509
114698137
114728753
114759793
115526753
117200591
117232519
119093467
121388977
121820887
122603137
122658427
126002101
126820387
127576351
129451297
131087167
131238073
131803153
134932261
135013451
138622519
140815121
140985683
141555283
143142773
143212379
143730889
144531193
146010721
147663001
150614413
151644011
151873723
152359131
153912403
157270051
161094421
161915401
162084707
164138801
166983541
167651047
171160351
173136487
177188311
185419021
187059601
187571341
191755183
193019681
193221253
194779621
195640111
195757381
196479163
196972051
197511121
199912717
201931073
202890403
202984217
204813901
206308537
207865937
208483777
209889583
210407363
212228761
216087103
216781111
218793401
219028961
219367019
220720273
221840753
222123799
224391637
228969847
229475663
232658893
234815701
238517569
240246553
240936361
241658539
243863611
246732553
247786423
250707529
253446799
254523877
257623021
257811401
258072751
264178111
264295469
264620101
266255701
267959611
267991201
270240769
275187001
276821581
277119253
278206501
278239571
278285593
280469911
282881461
287621557
287672155
289105741
291918079
295289551
295844491
297579959
