62
1985
3379
6119
7141
7711
21037
21731
22754
23137
31747
32705
33745
36163
55177
59711
60574
76621
79199
81601
88465
106807
117433
121117
125023
125191
137971
144905
147421
147911
173419
175951
177451
190957
192473
192545
197345
210013
232249
239041
250961
273481
281101
287083
346837
349669
358559
371845
376753
398234
398722
412931
423305
425863
460909
477401
510533
562549
589541
684193
685751
703522
767411
768637
768661
777113
796879
816586
824377
829261
840449
842899
845731
850963
872401
909361
939665
971953
1040401
1058371
1211461
1237811
1248481
1269071
1327261
1340921
1355537
1357813
1400407
1409711
1424833
1457311
1480753
1509265
1537901
1560661
1562989
1574521
1574614
1590287
1612873
1650251
1695649
1767221
1767841
1893697
1914431
2082601
2222701
2244289
2292343
2296771
2356061
2356465
2422505
2438827
2491969
2528494
2585551
2596777
2641699
2701585
2834977
2944201
3019237
3025397
3094561
3151513
3155986
3189041
3197041
3285787
3298885
3330661
3391753
3540049
3696859
3709651
3745561
3779365
3801227
3851329
3942163
4130701
4221145
4260037
4453921
4456465
4465441
4481329
4545589
4555669
4571569
4652437
4667531
4673881
4871287
4905679
4910753
4945429
4961867
4977661
5061277
5062193
5179945
5183401
5248391
5307769
5323033
5454577
5576017
5581717
5739371
5762767
5854217
5956873
6005581
6007801
6061081
6372077
6512785
6611669
6682681
6702641
6745465
6770149
6805306
6884851
7013305
7024069
7221001
7224209
7260637
7573201
7596161
7876481
7915297
8027737
8058223
8091397
8132545
8351689
8367241
8559097
8587951
8592991
8715313
8720083
8842417
8889361
8894509
8916001
8944585
8959567
9082321
9178891
9292831
9307957
9421777
9472945
9662545
9780905
9795181
9800681
9878401
9882521
10058273
10058581
10118797
10126013
10294945
10304449
10458001
10469533
10597441
10670017
10687717
10792027
10861411
10980223
11014123
11118551
11128897
11151583
11456485
11525041
11701009
11720441
11833081
12121129
12201001
12245465
12275845
12319633
12481321
12500281
12505249
12619951
12875801
12983482
13001899
13201753
13360241
13451521
13572665
13692401
14090737
14233969
14367151
14673571
14684545
14742949
15060641
15133801
15440545
15443537
15464401
15506821
15531181
15542521
15692329
15712009
15748993
15756931
15858181
16030117
16068889
16158101
16231345
16317005
16421821
16449343
16464565
16494913
16533749
16555085
16650577
16682341
16692937
16710989
16778791
16823521
16837801
16954177
16989085
17073745
17186185
17281111
17357341
17381183
17561965
17595169
17686733
17724601
17815481
17841151
17929921
18002461
