9368657
9949921
10169911
10217681
10373503
10373653
10541441
10721793
10888001
10910047
11332333
11820205
12018889
13261201
13636801
13947841
15431791
15465817
15673879
15916909
15963641
18023287
18510991
18660109
18738193
19239553
19914097
20880859
21021907
21136105
22195783
22207993
22512283
22753261
23151481
23250641
23561399
23718889
24935249
25799237
25975489
26588585
27621001
28655923
29383201
29634907
30133891
30621001
30763277
31060243
31327381
31496089
31946633
32528833
32772193
33430597
33931423
34811941
35058409
35712139
35729989
