4237
5921
29659
58213
76591
225259
451121
961897
1082803
1150231
1447993
1636417
2059831
2374321
2501671
2717701
2961661
3401747
4125761
4187881
5180957
5669101
5680637
7742329
7773277
8487991
9558779
9871051
9976961
10198607
10244719
10248607
10322821
10821451
10924729
11219671
13041829
13960981
15055399
15092353
16240349
16660001
17246533
18257329
18266227
18325913
19140031
19156171
19417069
20649511
20756161
21597941
21796549
21807451
21837301
21925063
22080577
23795377
24263647
24373441
24562357
25495981
25525499
26500111
26952619
27217477
28016071
28373437
29427967
29959447
30770767
31263709
31462861
31545697
31888585
32055481
32247233
32358481
32513807
33055177
33196021
36841249
37293901
38326003
38676301
38734193
39651361
40414901
40592501
41581801
41900659
41991797
42502211
43991377
44095633
46542449
46564831
48278537
48320777
48614491
49722661
50801833
50879089
51017671
51463189
51501763
52754293
52924381
54201529
54760399
56446363
56645221
57085669
58691569
59203657
59296441
59313101
59678893
59992759
60446413
60747787
61428457
61605317
63499987
64625521
65062369
65161171
65625323
66853681
68956081
69837301
72412499
73961521
74733089
74745331
75825877
76192117
76955689
77493109
77649001
77940773
79014421
79432471
79785469
81129553
81404251
82537855
84248731
85541077
86868143
88479595
89184061
90115081
91784347
93922021
94025023
94107763
94227323
94393933
94774699
95113201
98993281
99860791
101612191
102174673
103858171
104294917
104376661
104419531
105772171
106194031
108973411
109558021
109611521
110329451
115317091
115579357
115612813
119558551
120402829
120917941
123404737
123548329
124809101
125609839
126052213
126211307
126846127
127573543
127776853
129728899
131881429
132469723
133344931
133795889
134180641
134294893
134314891
134995771
137478223
138378241
139505293
139970353
140858761
141348901
141659701
142634473
142930657
143393053
143433467
143597593
144319969
145882801
146256529
146266411
146565949
146613601
147481207
147567617
147586339
147706021
148557889
150389149
151405453
153368063
154385029
154679227
157167781
157648537
159574339
159882109
160634293
161776021
162596581
163063783
165536281
170578321
171683789
174058831
175043161
175573621
177337513
177730279
179101261
179470657
179476789
181112461
181120993
181444517
181615177
183760831
185053501
185201273
186291301
186407581
189149401
190053781
190166101
192280951
196033321
197581609
200563567
203028697
203854267
204697429
207182201
207416873
208029001
209657977
210591319
211834663
217351489
218032453
219832201
220482001
225542521
226061921
229059577
229951807
230582221
230594017
230697073
230920579
231343051
232319953
233782777
234203737
237053051
238609243
238622413
240876161
242681461
243350689
243476767
247393117
249032071
251235181
253412779
255843721
256234439
256784993
257177251
263807677
265809727
265990471
268453219
268742881
272729395
274027051
274892543
274954993
276638311
277997833
280783357
282772753
283267531
286029269
287061293
288838501
288986671
292607473
294265951
296616091
297108701
