24
66
232
403
426
804
868
1128
2911
3126
3592
3976
4069
4564
4686
5321
7588
8646
9976
13636
18492
23212
29176
29464
29679
34386
34716
40186
43026
44081
47368
54691
59291
60517
62986
63372
68156
70711
75439
87928
89404
100771
104168
106926
107416
108403
111496
116452
123256
127666
136648
144676
148447
154456
156248
158431
167266
170826
172601
177311
177571
184357
188221
188728
191179
192676
202276
207571
215304
221278
221946
234971
242203
242536
270301
276616
277031
292281
297037
298831
315726
335959
355012
355996
357512
378258
417229
419357
419581
435556
441028
456184
497476
500449
513019
526891
537902
559798
576226
579196
582787
583626
600376
601273
645106
648427
650101
650431
652206
653991
662191
689347
693499
693511
717526
719656
740776
757828
764751
776383
784626
785191
798343
809826
820639
827092
848521
849577
856681
857351
869428
882973
904456
955459
988141
1004731
1014796
1028731
1049641
1052556
1058926
1072456
1091611
1136491
1152046
1218426
1221881
1236844
1253526
1266952
1282361
1292028
1303986
1328536
1361368
1381132
1392148
1451506
1457556
1486324
1488751
1516631
1557032
1564021
1651631
1662113
1720447
1763896
1776076
1779736
1793177
1836661
1873516
1940167
1943851
2030779
2062919
2067031
2073126
2104936
2170486
2173026
2208361
2222668
2290411
2356761
2389129
2425676
2441406
2445469
2452066
2484967
2498716
2591826
2617154
2656948
2711957
2748844
2750476
2756611
2791243
2822116
2934856
2936676
2961127
2983246
3006877
3011092
3052831
3088471
3148363
3154309
3171736
3308331
3322756
3372211
3372748
3403191
3437071
3444331
3456376
3511747
3596057
3612049
3627471
3677437
3695356
3765931
3780904
3803479
3835081
3901366
3938621
3939751
3945106
3964501
3974146
3985026
3988776
4019026
4072726
4097431
4131611
4143181
4199896
