19381447
19617529
19645651
19661461
19780811
20002273
20986351
21456241
21553729
22197911
22765759
23016221
23236429
23474041
24344167
24659521
24703213
24980821
25100251
25158871
26566273
26678161
27917473
29369831
29864369
29893249
30435329
31365793
31521121
33092401
33583111
33846013
33982807
34516561
34989081
35059441
35335813
35595703
35904529
35932447
36208631
36953929
37675771
37948357
38508471
38570689
38909113
38913601
40725001
41101981
41493361
41505607
41914291
42458861
42483073
42666037
44122321
44467853
44643961
44735921
44778337
44958841
45196717
45559729
46334713
46543213
46808401
47392891
47494693
47587663
47777773
48245569
49402543
49863997
50355361
50941609
51533929
52657403
52824127
53490733
55533277
55996123
56380561
56969221
57961399
58352841
58380757
59442839
59975101
60259681
60862621
61171951
61366177
61571953
61663321
62296669
63096151
63300173
63989371
64049077
64682551
67761121
67976623
67996567
68463337
69017581
69029291
69605957
69869231
70218263
73014943
73031837
73894267
74300539
74345263
74649331
74683519
78888881
79652737
79894861
79997249
80316149
80925847
82653763
82759969
83118641
84001807
84212129
87596191
87607393
90090991
90273751
90909091
90970133
91104367
91281451
91587943
91712363
91924093
92183631
92666449
93935687
94116401
96242147
96337613
96994801
97161373
97517759
98304581
98428513
98465641
99009901
100000001
100856017
101399041
101596577
101923901
101979431
103034971
106941451
108140401
108413317
109622521
109661333
109889011
110096999
110132551
110294461
110663351
111150601
111955813
112287721
114516751
114658561
115454557
116517889
116661521
118113473
118244611
120248173
120704561
123349381
124028519
124153441
127212907
129116803
131508301
131819101
133984061
135885841
137331067
137684401
138489121
139179721
139565271
139902181
142310761
143573431
147354413
147807559
148421029
152851441
152985211
154220977
155861929
156250823
157041901
158219657
158731747
159781981
159999841
161674511
161718373
162413251
166540291
166729609
167964707
169405937
170449249
170823043
171141991
172232369
173446703
174556291
176044079
176442961
177479011
177559117
177896951
178498081
178655357
180460849
183782479
185931409
187116197
187820701
188187481
191818201
193239607
194327101
195218167
197851573
199374721
199725541
199738813
202960561
206052001
207408001
212267441
212836933
213954043
214191623
215699101
216474259
217522561
218112133
218890681
219097927
220179191
220702399
223109641
223322273
225441043
227652301
227864599
228249209
228587941
229817251
230051071
230931121
234962941
236523013
238201009
238473889
240034001
240096001
241450933
241923301
251241301
252337741
252585919
252621307
253231889
253334171
253464121
254267581
254534101
255522961
259436521
260425063
264307843
264863581
266292121
266677153
268024681
269193601
269547739
270470371
270894401
273372331
274012801
276841861
278419579
280611631
283239421
285265471
286211557
288216041
290453677
295039081
296237239
304788013
305634061
311076001
312244951
312593329
312621341
313913881
314311603
315151433
315880531
316583041
318818657
320203223
325330081
326995267
329713201
330354361
330747301
339166351
339520501
341151071
342350281
343950769
344545489
344823649
345562241
346029571
348081781
350370737
350540227
350743213
352292491
353830793
361987489
364110001
366178051
373555163
375920273
377366053
377694451
379749683
380069929
381768781
383972317
387662449
387936401
389023671
389733401
392017627
393094969
394980643
396231887
397302077
398352121
399148567
400580149
401371363
405522881
408697981
408973091
409657783
409803497
410163623
411430441
412936327
423861203
425490781
427386241
428709601
438109561
438247427
440990009
444778111
448904597
454642189
454827559
456247837
457637131
458256397
459334801
461736151
462286441
466063627
466999831
470363951
472656367
473813771
476932649
477527597
477731213
481330921
482628953
483619289
487360081
492615841
494308081
494346529
494873209
502643143
505105051
509132719
516502561
519167617
524226341
525112421
529258601
532558441
533913491
535424581
536128921
538588807
547361851
547887001
548910631
549533221
551200141
555439789
557450209
558220151
558356129
560652001
562342411
571394643
573150769
574525961
575094307
576295591
577064737
583505639
585812221
585834481
586509481
588002237
589116449
590571001
590799763
592685809
593442937
595385561
595659419
603133231
606004849
607772251
607777717
607832737
610759601
612506929
612790921
613332721
618599801
622509361
624894037
627628849
628741933
629962453
630946469
634057471
637956757
640113193
641361569
641814179
642877187
643093201
649497967
651880001
652923521
656227853
658477921
659023639
661096309
661426561
662028649
662090707
663311041
663492997
664705889
667000333
667751161
669891853
670408201
672072143
672300973
675448801
685472761
685923757
699115231
701075467
706415453
708999901
714156769
715040569
718066441
719662291
721429231
723159001
724359481
728852461
734793467
743764801
748342267
752281289
754631179
755049769
755331121
756913459
758081801
758852623
764754691
773398081
775300441
775468121
776249251
780812173
782861269
786168343
787569631
791409953
794037799
794334001
795172181
804067841
804348889
808038001
809491201
809506133
810552289
811440601
812398201
812593241
815697133
816910687
822074609
826446281
832185451
834541681
835447777
837431893
838008991
843703213
849700801
852662401
852860711
854982481
861206261
861527291
862718611
864960451
873752401
877723339
885517331
887181931
899669593
902987551
905911337
905956507
909116641
916270081
916689701
921570733
923305351
925543763
927302401
928674601
930408601
934087093
938055091
947332387
951700121
964263961
965647411
971155981
975435581
978049841
978682657
979804009
981877997
985499677
987517441
1001254129
1009822501
1012222121
1015523857
1029148297
1029977341
1031792341
1032267601
1032629641
1038405223
1039356289
1042400129
1042556681
1043564161
1044043801
1044312681
1044762241
1045033921
1047340963
1047958721
1052944369
1057118107
1060749817
1061998253
1063284643
1069547161
1079883619
1080726877
1087570669
1089037951
1090178773
1094182249
1095784471
1098250921
1100510413
1120297697
1125303601
1125631961
1141201001
1146408397
1147018787
1148657761
1150516687
1155348541
1166621761
1170772121
1175870281
1179740971
1180093741
1187558231
1188627931
1191751849
1192683847
1194663317
1204510841
1212021211
1212036013
1214444323
1215354241
1232226451
1236109099
1247784331
1248065459
1252222619
1257325603
1266454801
1267775329
1269966199
1273816963
1275662251
1276174901
1282746893
1291104361
1293469519
1299817891
1300490071
1301437981
1302422221
1304817809
1305602587
1313928961
1318890961
1322785081
1323646561
1325476891
1327070281
1340685601
1346400631
1346538961
1346624533
1350487841
1356374683
1359761329
1365694903
1371258253
1376069119
1381199401
1382420521
1384147309
1384148473
1384637047
1388431801
1390697177
1392226791
1393340041
1401238441
1409640571
1410446311
1410810787
1411461551
1415742691
1416124517
1416144133
1427513131
1430021347
1430446951
1431637351
1432131931
1436424881
1437882373
1440584047
1446818077
1458128179
1461417721
1463338241
1472412943
1474641601
1475135729
1482612181
1489976797
1505322529
1505748961
1506053251
1508905369
1518161833
1520292043
1527432437
1527763333
1532959837
1534392787
1548064169
1552404613
1555029239
1555095881
1555645033
1566954401
1572027049
1575064009
1575887647
1579661251
1581025597
1592229043
1592557201
1594247143
1598982533
1599434971
1600151089
1602177851
1627479169
1628194681
1631322001
1632630529
1641767131
1642727437
1642783741
1645939021
1646710099
1651200013
1655846641
1656694849
1659565603
1662976597
1663436617
1668965843
1673222851
1678485001
1679171401
1687944421
1704493163
1716422161
1722905441
1729330111
1731207421
1734614113
1734644017
1743186241
1747631601
1756397521
1763671367
1767803047
1769797201
1771618753
1772029711
1779026317
1784455147
1787754241
1793871901
1795703963
1798391773
1803385051
1809165601
1821691873
1821800611
1824239201
1825700917
1829024177
1846147801
1847363041
1849546441
1854301861
1863332659
1868361301
1868422609
1873917181
1885222039
1893877481
1894818241
1895905201
1897321619
1901994161
1912624441
1918197517
1918299979
1923188513
1941365929
1948803097
1948992641
1953141601
1959538027
1963529443
1969124593
1971211009
1975250161
1978046009
1982352961
1984474507
1995294463
1998997837
2004953809
2018906501
2020124107
2033234761
2037396601
2050054969
2056294489
2070189421
2070254107
2070303709
2074302841
2091093671
2099131217
2100121001
2101240151
2108049841
2111781601
2124239521
2125816081
2126151977
2129528701
2138625901
2147777563
2153076001
2157258869
2158281841
2158841161
2163769841
2178172819
2185256039
2194499849
2196343601
2196427741
2212521433
2216260801
2225555333
2230314721
2231794681
2236983931
2248751251
2251087463
2252310649
2256068641
2258959151
2268928751
2271504797
2274169561
2275834201
2291640821
2291818411
2297774351
2308666163
2317579951
2321473001
2322669631
2325197161
2330606521
2331272417
2331356119
2333072173
2336761627
2341843729
2346244501
2356711561
2356765951
2369384491
2369602813
2389164961
2391973537
2407119601
2409464401
2411131201
2411152927
2411967097
2412977201
2416897957
2420630213
2422245451
2427535381
2433382001
2433653641
2437518481
2441504641
2444545699
2450040659
2450831161
2451653081
2482727521
2487542401
2490206339
2490533977
2501529361
2507939969
2509101409
2510495989
2513019763
2514054079
2517529501
2523676717
2535365347
2538947809
2542290643
2547746447
2548442461
2549552111
2561392189
2567777521
2576455681
2583421261
2587141201
2595053401
2596747861
2596907197
2599095409
2610370129
2618117461
2618334601
2619545641
2622073609
2626735141
2635781461
2641042141
2651800549
2668423111
2671407701
2683075561
2693185507
2693314951
2708039797
2710737233
2715246463
2717931527
2718407201
2721020849
2727333197
2727639199
2732063041
2736291421
2743426027
2753175547
2753284777
2754890269
2761582961
2766789061
2776751821
2780673589
2781301321
2783492237
2786268031
2786995051
2822798969
2829120931
2834153009
2858583961
2872385041
2878888601
2891364241
2899497823
2932239641
2935525321
2951238883
2958394339
2981793401
2995271569
3011285449
3012267889
3014348551
3019133849
3023299441
3024274219
3042481921
3044527477
3050292991
3057845941
3060537511
3065044487
3078277093
3078612967
3086407801
3090933463
3096171521
3105263161
3113642141
3119118031
3123250831
3142061077
3144031801
3150712967
3157825241
3158284849
3159636917
3174160681
3192178601
3200642899
3214883933
3232909331
3234666091
3236680063
3252055649
3259520767
3275548561
3279403531
3282675397
3286623469
3299833741
3301642621
3327672331
3340357651
3352448089
3355326613
3365002721
3370792681
3376421791
3376852051
3379392529
3379421557
3382900921
3386814211
3388015333
3392188999
3397588993
3402479089
3407433251
3415382111
3417344261
3425422757
3438861301
3440006659
3441799729
3446739143
3467599087
3479969593
3487531121
3502520797
3510109441
3512740573
3523484021
3537753511
3543385501
3554487451
3561481501
3570547843
3574294579
3577626781
3583236379
3587407601
3591209161
3601651901
3617845681
3619298413
3632587561
3633306223
3648190801
3656410831
3679485811
3693733807
3699995881
3712507741
3734440249
3741957689
3747084769
3751617871
3782043409
3784558321
3785940199
3790479031
3790645321
3795267037
3819612809
3823250047
3824339819
3833254981
3840585841
3857419681
3871727063
3876903377
3880255051
3892217401
3914790391
3916493311
3921995927
3923477911
3923743951
3927374257
3937994413
3942258701
3945607891
3950479409
3955612211
3963178409
3971403281
3976326901
3977251409
3981859597
3984622963
4007101001
4015713001
4034063899
4035627289
4036638421
4039428961
4051124569
4055620699
4099430887
4129651051
4130755847
4133559601
4134125893
4145232361
4148052817
4173658063
4179639481
4181289241
4183315529
4183901261
4203547921
4219059781
4225613269
4226682293
4230771953
4239091333
4246157161
4266431751
4275227851
4304890801
4305637121
4311399751
4321960801
4327053301
4328209789
4334493157
4337797361
4340206951
4341534401
4343498689
4355517259
4364362729
4368292129
4379588951
4396324021
4399296101
4400911687
4403046493
4405122349
4417021771
4422501751
4433004721
4437561103
4441590583
4444269031
4452312593
4461357289
4464629203
4516008001
4517796641
4518470881
4521923647
4527163787
4529846413
4532268511
4539451409
4546130707
4554343081
4555812769
4562237371
4576860973
4584584573
4590308143
4595344937
4596559111
4599226007
4603092617
4618716031
4629589021
4643696191
4644528013
4645522801
4652221757
4658341663
4658450161
4665509701
4665693859
4679778101
4685794147
4691569081
4692965449
4694885497
4708825601
4728166801
4734257947
4734601891
4742593741
4752804701
4753291381
4757509979
4763209111
4765548019
4772267293
4782202081
4797929767
4800627941
4812391431
4813630781
4814617151
4816491601
4820114671
4823811961
4837776301
4838767501
4840240439
4889392201
4910664529
4943029739
4953517529
4968744721
4992002237
4994576869
4999957849
5001760177
5003249257
5019583721
5041683001
5050160371
5055255239
5059422089
5061395701
5070008791
5088997751
5090604031
5095630801
5111869361
5125921681
5127789571
5135156093
5145432001
5161991521
5166329921
5173901569
5183446423
5189635741
5189953981
5193578413
5196436961
5201866591
5202250243
5204661211
5209053601
5210879741
5219282001
5225467141
5252411401
5276429461
5276522251
5277043201
5290875289
5298366893
5314153921
5325040663
5329182751
5338297609
5352909409
5354189101
5357687011
5359905689
5360231647
5361249769
5361608161
5378938951
5394813733
5400209107
5409120793
5412207061
5412642769
5430244049
5435421661
5441670067
5451362371
5455095361
5486656081
5493636961
5498840971
5506740403
5508691501
5509839889
5513448601
5529595501
5534794721
5535208351
5541248411
5544305983
5551500601
5553104023
5562185701
5571827683
5578422481
5580050797
5596987009
5604717889
5611172141
5612758841
5613129253
5614504561
5648393923
5679223061
5685932401
5691067471
5715648509
5716706321
5720874667
5747058881
5763159601
5766495113
5767590401
5794577911
5805654947
5812659961
5815228609
5818888307
5823032761
5823806689
5825730457
5863449661
5907963829
5920441561
5934783241
5936274271
5946636571
5948670253
5953105313
5960168101
5979130237
5993463001
6004527433
6005995843
6007002001
6016634999
6038083801
6039603961
6044205901
6048338521
6053656927
6075067051
6104966401
6106210201
6122282951
6154125121
6160289851
6162049639
6175565551
6185122357
6200021609
6208353761
6223424351
6224652241
6234063757
6315542879
6323896321
6324281833
6331408201
6337517161
6339898027
6351823301
6355362133
6356112227
6360259361
6376402601
6418273021
6420652001
6425489869
6430987181
6443614501
6454126561
6459960833
6462962969
6468438601
6471874729
6474525481
6490571161
6497136257
6522384409
6532086721
6538198411
6545403173
6548046259
6562557289
6565544437
6569588593
6571418167
6575783257
6589747873
6593637023
6615212041
6636241873
6636835657
6638460949
6662708137
6670285651
6671745511
6671940661
6672575849
6677257729
6678658001
6679421689
6694690717
6701547001
6702401161
6703951987
6704891671
6708580201
6709113379
6714602473
6724571563
6748623649
6754829761
6764685329
6796559701
6800551297
6816252959
6820897219
6825498341
6833437561
6836185969
6853700449
6855924241
6859938763
6872536441
6873637051
6882312529
6898327913
6905352551
6923714689
6927911453
6935175367
6935421841
6941705671
6955364467
6956081591
6964324097
6975589531
6984028741
6991416997
7000683643
7009616251
7023872161
7043301721
7077898351
7078044013
7078854901
7087138609
7099181461
7104780013
7126358501
7154340121
7179969761
7193049301
7199228381
7204761649
7210189783
7215505441
7221343421
7224028561
7252133387
7253873761
7255541623
7266431401
7299270073
7300140109
7300911529
7308984649
7309640539
7317923227
7318251601
7318726561
7320877231
7337756369
7343734627
7346293697
7357034077
7361030513
7400662001
7422270481
7441908373
7462811071
7463652601
7471475011
7496963521
7507815613
7512994729
7517340841
7529236651
7530119299
7535194921
7581732679
7592090501
7635780601
7672540801
7674055201
7691103091
7694401003
7698491641
7699087471
7702457561
7719279019
7727699981
7760876647
7765508911
7792657601
7794342667
7799346631
7800778441
7803310351
7817926321
7818581413
7818723361
7825928401
7830707887
7842579769
7867731901
7894706749
7917952981
7921222501
7925904743
7927075411
7931457271
7933432723
7936181767
7952630533
7954586489
7958698711
7976767801
7978707409
7983824941
8001552241
8010047741
8032070071
8052733081
8053373477
8058132091
8063836093
8078294431
8091336241
8124109681
8129655073
8129878651
8131475081
8138181481
8144268037
8146024219
8156823121
8158302181
8159085001
8179031489
8183217001
8191325249
8233783681
8233957747
8239500253
8258705911
8296766161
8314386011
8335363769
8343298081
8343812431
8359827211
8363618327
8374613809
8397123281
8405350963
8418223213
8421652243
8432363281
8451129397
8459834671
8460138019
8470308841
8487974587
8508265921
8511159931
8524044721
8524192841
8546131831
8549530321
8565482641
8567901361
8570276611
8573760811
8574161903
8578870501
8581081111
8581703441
8584402657
8597045521
8608546711
8629379071
8671285533
8681877131
8683786357
8711310169
8729549209
8754505009
8761896001
8764623773
8780306441
8791623101
8792081761
8798606353
8798674501
8811836161
8814400921
8831891567
8867501287
8869183357
8875734701
8882805751
8895609211
8896507561
8909317201
8930629049
8936744779
8939113327
8971003141
9008121907
9017087899
9022120651
9023184769
9026629669
9049913461
9055663501
9059211901
9060195841
9081918091
9088380601
9101110201
9103691959
9118708457
9129506101
9138140201
9177663581
9177720031
9189981001
9193648099
9213522193
9244067449
9260071507
9268175299
9281098369
9283536181
9295979201
9305600851
9305927219
9334443511
9336344681
9345886441
9346484161
9354449107
9378582781
9384096289
9389238517
9429683751
9435165571
9451269379
9456127321
9469334197
9470140157
9475255201
9498450121
9506285971
9515851823
9522377647
9547565761
9590512691
9591057961
9604120441
9605442757
9605675977
9633659933
9635833411
9640786277
9647826101
9652649911
9653085487
9658930159
9676379761
9678567441
9679657417
9681910717
9682552909
9683635321
9694082707
9707747851
9711088921
9740855041
9741534409
9752238361
9772468609
9779841931
9784782641
9792418133
9804833641
9850992413
9857433517
9890976551
9915217201
9939358747
9956136961
9962282023
9984557227
9985272151
9999900001
10000000001
10002098111
10009790683
10026670891
10044446941
10075852253
10081262731
10088199493
10118025877
10140250609
10149155479
10171764331
10176199867
10214985601
10225052671
10230549139
10237645351
10247558641
10253441953
10253621197
10269321043
10277981551
10312463737
10316865199
10326379079
10335699617
10346531893
10354717379
10359495361
10370450273
10400991217
10405666781
10421568167
10424422747
10428843781
10434225413
10437002503
10451567713
10452637339
10484088319
10512384539
10580436751
10580690201
10580918437
10589478121
10618226701
10642180933
10650566077
10669525759
10675058941
10684200733
10711838413
10718806001
10777658413
10789909859
10803104233
10830218501
10844510041
10847295419
10850554909
10886519201
10887310741
10925442361
10937445121
10945412227
10960045471
10966540201
11018209693
11034815023
11037911539
11052090551
11053014949
11056594121
11072124929
11090044591
11090194501
11109259201
11111111111
11144022007
11160583381
11164981769
11189363057
11193027301
11220871093
11225869219
11233907197
11236534201
11239760251
11258760991
11268889969
11274755813
11315000401
11334486481
11339012543
11349762607
11369617351
11370403279
11374314841
11400783241
11432340811
11458272013
11475352591
11487719071
11534561833
11558227717
11561386531
11567573263
11613473273
11630867221
11678243281
11680790101
11697790061
11723224441
11724703423
11750823001
11765601569
11780383091
11782020433
11782084393
11796163651
11820107581
11828860801
11838011329
11841258157
11901102001
11929534231
11930100691
11934536563
11941677721
11953125487
11963299921
11966086081
11969460697
12022871389
12030593551
12044623081
12049171637
12066730813
12080177177
12086413489
12086929117
12093248207
12094267411
12104296081
12109144051
12126499201
12134023063
12137466631
12164899717
12188861473
12193621061
12196165021
12228110137
12249896381
12263652883
12292208699
12304597681
12334389841
12339826501
12354035761
12371838491
12381119741
12381743791
12388374811
12445119961
12448335061
12454362553
12455653501
12473406289
12490265563
12512913493
12525757081
12534349249
12542638681
12547220489
12548782453
12556407827
12559327831
12566699531
12586851733
12596980621
12602830127
12618489281
12648667921
12651294511
12659209831
12674420281
12713597311
12720512617
12724694677
12757078483
12766040141
12769196861
12776012563
12776364601
12783904129
12788273767
12820959841
12832533463
12833195357
12844726417
12886777201
12909521041
12925665397
12926685251
12946172851
12964344649
12968350201
13019582731
13023346123
13023472807
13033356841
13057602049
13104325291
13124666999
13140137821
13140969811
13143122357
13143695969
13146679279
13165925779
13178195941
13179311419
13182953057
13186326421
13193259901
13201135873
13205712449
13206901021
13209117769
13223796227
13235028223
13281835529
13307805101
13331924659
13345573141
13383547649
13458047341
13480000423
13496752553
13497063607
13563319801
13564674961
13576053901
13584735001
13602586411
13612802501
13635644023
13656822089
13669044511
13676125579
13686120001
13707318319
13710311077
13716346243
13729820851
13755385351
13762904053
13769916889
13770148547
13781388001
13781565001
13785475551
13792060571
13817453203
13818972301
13834179329
13902898601
13906364587
13918568471
13937389889
13937629441
13944873637
13960596497
13983701047
13996908773
14011422283
14064697609
14064826609
14073837761
14079241301
14099872673
14104980397
14127723821
14141041921
14176601729
14201483581
14217586681
14218475701
14221929781
14222203007
14228570401
14245561411
14262061811
14276176223
14280784279
14290110451
14328493771
14352509791
14354224847
14364645721
14372372323
14402003443
14431904983
14432188681
14468640947
14478719641
14487031961
14497149151
14514035167
14516791591
14519237773
14523631153
14539551457
14553118669
14613144893
14627832883
14653067293
14679282899
14691439801
14713735963
14747925193
14755315177
14759104291
14785332013
14786928133
14802775649
14810779141
14832898441
14833166401
14837263169
14905392091
14908057249
14930308801
14941595807
14945067971
14963891209
14970960139
14978701431
15002286001
15007059181
15011558801
15018723329
15053580037
15058101841
15070195741
15070425151
15097653481
15101630041
15109884301
15124868617
15137899813
15154799329
15163771211
15169678807
15232968001
15250002487
15293926873
15318164557
15335054281
15345508903
15383446237
15398618401
15408666001
15412180447
15420261601
15452680741
15452954011
15453956057
15475181257
15478668973
15485747551
15550369537
15554815277
15581357401
15596539201
15601247923
15602858681
15658094359
15661256611
15662700551
15673958191
15746547967
15761040817
15769990081
15774442867
15785147431
15804032311
15806752961
15817992653
15841019219
15842871841
15847619621
15851518271
15859368013
15882315851
15882944111
15893077201
15901331041
15903252481
15913826953
15915096539
15925776161
15928593077
15949680839
15994391461
16000260001
16012875881
16031305151
16031760001
16069613569
16075272049
16126883401
16182275201
16204725343
16221756331
16225262251
16227346873
16241396411
16242121729
16253909101
16264376321
16266997027
16271872501
16276181041
16290469441
16305049141
16325114989
16341280729
16344192283
16347910993
16362735721
16394375653
16411449121
16432876601
16443956677
16472518063
16472646877
16473203441
16477119121
16483008331
16489916777
16495564369
16500201931
16500928447
16503960241
16543017817
16578184429
16597141291
16634365651
16641061081
16651870021
16674679477
16690150921
16725943441
16738632919
16764886321
16765179253
16766726621
16780469441
16815264811
16826049649
16863362773
16877829931
16887353521
16920828317
16947255361
16969578833
16984539661
16997719369
17001351841
17037652561
17066106671
17069901179
17093600947
17116596241
17126496649
17169203143
17210350081
17263601323
17308329743
17323467361
17340645601
17380192237
17382603841
17454305287
17463709081
17527800529
17531045561
17532804277
17539050547
17542138811
17600321773
17614234349
17616670921
17645957401
17649956893
17675018401
17692212721
17709602851
17722243001
17745855601
17757253009
17759282941
17760711151
17790398669
17808100067
17845316399
17857453501
17875768579
17890383229
17897799133
17911018921
17920792081
17934056323
17984304289
18042293891
18066622031
18069072451
18084196069
18096813781
18129063679
18149096239
18164456881
18169045009
18207941441
18212879197
18220443233
18272483389
18274332231
18277238671
18285090253
18289158439
18293999401
18306803611
18327411721
18337551599
18350863837
18386822647
18397669447
18412289281
18445311751
18477164861
18500372101
18501496961
18511207111
18518872051
18557762761
18579849889
18589162049
18601603333
18603312001
18607539133
18612032209
18619140931
18667835653
18671200129
18671904001
18689715841
18697873489
18703422733
18714937837
18742478561
18757149421
18782549321
18808229161
18838020001
18841748857
18843441581
18866423201
18887288401
18922843493
18924040633
18952895809
18956207929
18978097969
18990444727
19010014801
19010517551
19042233601
19055365213
19104638701
19134321439
19172617441
19199781721
19223215441
19229228743
19229932801
19251234133
19270651327
19304839009
19344494291
19368645313
19369073887
19378803329
19412439271
19413054361
19461422881
19480575241
19482790801
19522309441
19537994551
19583220133
19595763461
19600394917
19615891879
19630500769
19635469199
19657369153
19729608571
19777662101
19791769141
19792988461
19802989501
19808310871
19818886907
19820360899
19829354551
19854760769
19879603481
19902533731
19907765921
19923872557
19943255151
19982431253
19987588237
19991143847
19994327641
20010181001
20058338161
20066154841
20078042651
20091133067
20093790401
20101657787
20105473313
20129086507
20154943891
20157894757
20211928549
20213104663
20231282521
20260722151
20273593201
20306728081
20327789563
20372224849
20426206681
20437826257
20455079581
20459091661
20507096641
20510166619
20513093161
20514363841
20516604181
20516894413
20521549561
20526943783
20530070063
20539392199
20550839053
20576056321
20642570521
20678019361
20680003117
20684923307
20687078791
20715797521
20751064561
20774200357
20797363051
20801474401
20820168419
20826556561
20845872757
20894321449
20897111009
20901234547
20925032521
20928223213
20950676911
20951185837
20964360587
21010001561
21012054841
21022238849
21061261453
21063159841
21064451717
21074643529
21110230081
21116368513
21125065891
21178726141
21208889773
21215550721
21222287479
21226798633
21239516563
21241249489
21253953949
21275907307
21281134393
21322842133
21325966117
21359503177
21364228601
21367180397
21409765327
21451459681
21487388269
21503227721
21517220561
21518297407
21526088833
21528078281
21539808931
21556745281
21644032537
21676808159
21682238059
21702282241
21750458761
21796536133
21807272917
21815614393
21827000827
21836842483
21870047167
21872667601
21900583717
21915145999
21915841333
21952368289
21993991889
22014918997
22049175877
22078618561
22088398621
22102065049
22106374291
22107221851
22171946413
22183495951
22247693401
22307606201
22337274961
22353912541
22392793321
22415857801
22446501241
22449523573
22467412501
22478825401
22489210321
22504990801
22511661121
22536864871
22538150101
22548815101
22551155521
22587224321
22605196561
22608505501
22621840291
22624298401
22646671339
22655394851
22701900049
22738156813
22755842257
22760832277
22773782701
22819313017
22829843383
22861155871
22885723213
22916260819
22925470681
22927337431
22968515041
22983488401
22983976177
23002688671
23013678841
23025626233
23041919401
23050696519
23065981849
23075011249
23095229891
23098671019
23105293711
23126870603
23139182197
23149346263
23189191327
23214586201
23249077441
23282053787
23293569199
23318981263
23331164449
23372135191
23375364013
23416022281
23426976289
23428816183
23437665241
23445190861
23467307713
23468924419
23491120837
23521924477
23537072161
23555905171
23576578747
23588346101
23601916501
23624083471
23625772603
23634259783
23635589741
23643752107
23671002881
23680933981
23701265821
23744091263
23758529339
23771669501
23785120927
23838171529
23874614821
23875306901
23897456683
23900383681
23913136801
23950476001
23987414179
24018002189
24033085969
24041656501
24112920631
24163225747
24173432443
24201079649
24244947037
24250420367
24253798841
24254796721
24273897751
24280718489
24281642881
24301288861
24327892411
24343047001
24361356601
24414658561
24422554133
24450065641
24456953401
24466759417
24472311601
24484766209
24496617691
24527138681
24538697857
24598631263
24614275177
24642412807
24681964313
24720853009
24739461031
24785568791
24801074101
24811352411
24812190001
24966882721
25089438259
25109103361
25138405241
25140330361
25144289083
25228159147
25316534413
25320611401
25333870717
25399076789
25408773307
25429684333
25450821101
25464731293
25484342401
25561685031
25602269551
25620925027
25644578041
25674238051
25679464091
25682186441
25702524997
25723050961
25726299241
25741675471
25752300193
25762253533
25765877041
25789853867
25789910963
25793832241
25809599479
25846982071
25848604081
25885783639
25887305201
25899592321
25927919071
25938310987
26007657157
26014552117
26045624641
26048120407
26080139593
26118402133
26120572501
26127175801
26190878869
26193974581
26194034723
26196228983
26211644521
26212775037
26280480649
26297568307
26334882367
26335388011
26336942413
26380363801
26381074273
26387269921
26420893601
26448512689
26526204013
26548308359
26570261983
26573643163
26625819541
26630179151
26632943641
26648447489
26657707121
26719505641
26733787361
26741248201
26744188819
26823630299
26831394047
26835859009
26842729957
26892555671
26894305717
26914757329
26919093601
26926315417
27096409159
27104031343
27116284141
27126290221
27129028447
27131373767
27166950721
27207782401
27234717601
27247913101
27305446901
27343607227
27357105133
27385980001
27435836401
27451355801
27470072209
27495273961
27497523691
27550606199
27604013321
27606514651
27732507041
27755899429
27775250081
27822573241
27850686667
27926182201
27944462981
27955020871
28006458593
28008907543
28022810813
28049662561
28098224437
28098280703
28102205041
28113055301
28117104373
28136505601
28170685201
28186227889
28212022981
28226670751
28229613889
28236249553
28241779483
28255457371
28270606961
28279369087
28293863041
28360612717
28367241761
28368432817
28368863839
28374972553
28390782601
28440933841
28447235671
28471496761
28473125201
28490563009
28534330501
28666889227
28668234211
28674472069
28685702137
28690724281
28742508397
28790401873
28859130539
28881427801
28895544091
28905247387
28906150771
28969827127
28972043179
29036345401
29059783201
29074546801
29083160107
29140877071
29154457441
29191231213
29197576571
29203987411
29296946681
29307913111
29310633511
29388561289
29451087271
29458972369
29483744743
29485368001
29538742661
29568221101
29575551169
29581418611
29594659001
29606330003
29660158951
29665121041
29686930381
29723401819
29757147001
29757988681
29793860573
29796695611
29829319801
29854818827
29864050351
29891396617
29896837433
29973614161
29974074293
29976065857
30007236481
30022349921
30022755877
30044427587
30071702251
30082252741
30091373929
30115879021
30132355501
30160213333
30181734469
30187188179
30193431469
30199880047
30227864281
30230674321
30234567871
30262649077
30268730389
30325268429
30334786819
30351064717
30377363711
30382450561
30402150631
30408964363
30556460251
30573452711
30595032043
30622042369
30651696161
30851964451
30866889607
30882163801
30904845619
30938362501
30947356441
30957457603
30958642369
30961685281
30988057717
31004057081
31025066141
31038571279
31076901641
31096425229
31098480229
31111467001
31126878451
31158597817
31159983601
31207411681
31212851323
31221631711
31235555089
31248714901
31273633921
31288886311
31308302689
31366103267
31380893641
31387001257
31393581419
31404984931
31405011541
31426557823
31449270169
31467252601
31486370261
31494564641
31530216961
31571212201
31573470853
31582157281
31584842701
31595498551
31600484107
31607249431
31607469601
31643993977
31654554721
31656679121
31664833201
31670375101
31814091037
31816788953
31846917721
31880582533
31880708861
31886970301
31927758571
31974256151
31991830417
31999332139
32032720693
32076099901
32119311421
32132386661
32164425437
32252071261
32270868631
32276380921
32404450681
32469267937
32481007093
32501962321
32506721521
32515232933
32533113127
32654387377
32660486461
32663767651
32671502401
32683507873
32748552013
32754794671
32767404979
32793156787
32838681259
32848307497
32862434641
32872623481
32881663361
32886636451
32899201721
32930449681
32995337561
32996239907
32999488453
33016050541
33016142329
33017361991
33037104907
33062695121
33073402001
33074569369
33102595607
33122361931
33127719601
33135072301
33147755257
33154949501
33163942211
33169018153
33229837051
33240784051
33249001481
33269355421
33282300871
33297747401
33315202031
33371365201
33372283501
33372787141
33384480001
33388801651
33418497241
33492713747
33500051281
33506659297
33510249181
33530782771
33538190401
33540102367
33600338173
33603494453
33651312701
33653281891
33735390841
33805918609
33812691463
33813714001
33830916109
33886371961
33919354561
33954195757
33957988489
33983772241
33986569651
33990836647
34015739851
34033344619
34035964381
34104687833
34120122163
34134347921
34141345169
34152201581
34184289049
34184552533
34196373041
34196847929
34201169281
34201529561
34240588021
34252226191
34262972521
34264981141
34311866441
34334942401
34353919423
34357483681
34359385681
34385286739
34387822981
34387966621
34395483079
34416941623
34438266721
34492119841
34501782881
34556139801
34587727871
34614779741
34651122241
34676378491
34695322033
34722870211
34735875851
34744403821
34745265089
34783457479
34791981351
34795639733
34811279143
34829129917
34838750377
34842250381
34856960381
34872220001
34919294653
34962109249
35001817693
35039654623
35074927889
35154863641
35160757267
35161193773
35166146707
35209994447
35290800709
35298315001
35318399201
35318582209
35361235111
35382237001
35520966779
35547547969
35561566237
35583129739
35584218451
35604183313
35613939253
35629139561
35708605609
35716634773
35716921813
35719861169
35778809641
35795689261
35835326437
35839141207
35847626977
35882957311
35904819523
35950525063
35971363201
35975130133
36009656521
36039918581
36045801481
36101308543
36119990761
36172512133
36184123951
36249701221
36259935769
36346169729
36353653951
36373262641
36396964441
36432136921
36451399121
36461154803
36487699819
36497806801
36533123089
36571484161
36621790057
36673100311
36693214193
36697364887
36775294201
36782427421
36799330849
36807308803
36809100901
36837353489
36853892521
36861692849
36873494477
36890563321
37022667067
37066954051
37069087309
37076896361
37120201243
37120763677
37151501201
37198325539
37336076047
37357695181
37376887753
37385957093
37389394747
37414217233
37468390633
37475363333
37481391091
37484210329
37524854011
37539963361
37544048209
37545052417
37563033691
37571453401
37573056929
37627213471
37627761601
37652107211
37702462741
37702767701
37761790579
37805012299
37837098181
37853684689
37898813791
37903639009
37913043521
37944847513
37945911781
37990642957
38044304101
38050243681
38080107451
38109574669
38136283369
38161086713
38168363581
38221265083
38237465953
38255398411
38268009253
38304499451
38338890591
38392685059
38419264649
38452254721
38462794921
38478770093
38481697817
38483258731
38521455887
38579685427
38619045449
38621282677
38634265081
38652523801
38660669521
38667619721
38707489591
38745738991
38746822171
38844961051
38879092561
38933201101
38936432063
38938171357
38978325961
38995343531
39007129729
39021607717
39028338343
39036793753
39055660363
39073776821
39186825361
39191332919
39200179591
39201673531
39213079501
39213876109
39231917849
39265368661
39272898289
39296362033
39297120301
39316770529
39319102841
39331512013
39396413263
39397999393
39409695133
39492711673
39502271647
39529575433
39533843707
39559624001
39725981149
39727048649
39995633071
40010466077
40027178413
40047107341
40087871503
40125169729
40137351031
40193360021
40194118049
40220971001
40223649409
40252711963
40305241601
40397906753
40406808523
40411824511
40414737197
40456642507
40476147097
40477283281
40614265553
40651128451
40676416901
40689260641
40720835209
40748848201
40750487263
40812549121
40820666701
40824218579
40851884893
40853080549
40864088203
40938441613
41046003461
41058154759
41111654411
41131171321
41139594347
41190196411
41201699509
41203876141
41245105381
41280894307
41355881001
41397273721
41438358821
41474308801
41527548019
41539243621
41631318317
41665484701
41702630341
41719323901
41757762469
41759801987
41772912481
41781506227
41833634131
41835965221
41856063679
41865294721
42016777741
42022017049
42027152527
42068066131
42094093933
42101833957
42123562363
42123888241
42167555257
42190117237
42220788761
42238016911
42238017401
42238984201
42248895757
42303080101
42328491421
42360788801
42371584001
42381630901
42417081127
42454379059
42499733173
42614733961
42696199001
42734172083
42748419601
42764466169
42785790367
42802524931
42805069639
42814217791
42830235001
42851109121
42890508779
42892584577
42929629261
43050045949
43057134023
43074552343
43075290133
43077398293
43124030221
43126950151
43149298081
43167503863
43197255721
43205910721
43362710173
43364248729
43396196999
43404174721
43429895209
43452288667
43469047441
43507746133
43514355761
43552725481
43560298169
43577332259
43609676801
43665085213
43673162851
43681790561
43685257141
43692590971
43714643681
43741863901
43765536047
43769301941
43807013251
43870474939
43888607687
43890517081
43904561269
43932665269
43969476601
43992973093
44007731941
44167062637
44170611491
44194402337
44264558959
44319565111
44337150157
44365908401
44397538151
44418904139
44429831581
44431589809
44480122081
44497075681
44529672241
44571387761
44582233879
44643776431
44672246779
44721974053
44748149059
44763782197
44793563641
44798655721
44819450957
44853934453
44877188299
44878604681
44917616071
44924901757
44935462301
44941509031
45004680761
45019086391
45040559131
45043885693
45084771421
45101952013
45136107241
45228189169
45250982053
45312086839
45325135181
45584797051
45587231801
45629754647
45669983083
45680811521
45791708071
45827003251
45888613453
45944237747
45996914311
46001134607
46084219471
46194544441
46207562773
46229064821
46236537761
46238999929
46249655941
46254203441
46259101261
46282397761
46288603549
46295164441
46295584561
46395186949
46395624151
46442724481
46443322301
46445931871
46460918533
46475275351
46521310739
46566446209
46588807301
46606027081
46627413967
46646675563
46659529057
46666693837
46714439773
46723452931
46746893569
46825335241
46827686669
46837044013
46908443401
46953156119
46954554571
47062389529
47072804183
47107381889
47120150933
47150254427
47213358733
47250567631
47255838721
47341600351
47344043737
47358027679
47393809597
47427346651
47441199521
47489718721
47528759039
47623315711
47626678069
47694029489
47701330301
47723808133
47736648991
47767975219
47779990831
47815942861
47860122133
47865778273
47986006241
48020776729
48049300801
48120592099
48156432391
48175859447
48189509659
48291084013
48311320201
48346068583
48348236899
48386790961
48512907241
48521985929
48602235169
48621352951
48632597191
48649839841
48670203247
48695017159
48719962657
48729459601
48763571011
48822578281
48901007101
48908921041
48914819773
48931983481
49113290651
49246364161
49266526189
49381332967
49390464787
49402737721
49426983649
49429594291
49458053401
49542584281
49545191593
49584041359
49602394603
49617425773
49622063677
49634098061
49643742413
49802702977
49803030001
49832266501
49880722801
49916161123
49968336403
50024447591
50038094599
50075626129
50080819169
50101324369
50133082691
50230334701
50245910749
50247286081
50291022241
50302367461
50341495933
50413896887
50444578007
50476596481
50519944729
50537400427
50583545527
50681970451
50720631779
50729056651
50729487481
50800199851
50826231311
50837399101
50840058809
50856738451
50947521197
50987800057
51002454751
51002504101
51003586009
51021548161
51054669013
51073312361
51094210033
51101814149
51154874569
51184370077
51191731121
51211777961
51228049321
51275430361
51276035971
51312222193
51315100129
51317810011
51352123321
51374366803
51408886321
51413537921
51425205957
51448278169
51488773909
51534483853
51620723719
51666446899
51668617729
51677137111
51715886401
51744928951
51831740143
51945682121
51949727539
51990949837
52028518561
52075724053
52129687681
52133310997
52222684933
52227536321
52267724647
52357419241
52473930211
52499264341
52503074401
52546601773
52570945771
52620079601
52644232321
52652847799
52694723201
52791710221
52823519731
52985215961
53020689471
53026774801
53029857091
53037295849
53043572947
53073281551
53086281953
53095966651
53097023131
53131724221
53134098049
53227772281
53253508793
53301536201
53342333713
53378507521
53387772439
53391676171
53409508921
53451265121
53489600191
53514654961
53521441747
53606559007
53611975609
53654166721
53674872637
53707557061
53775408061
53801905909
53812723213
53814269497
53842493893
53855172271
53864290561
53905705813
53965844369
54051902461
54086272481
54098726533
54120152101
54152858401
54197635897
54208908001
54237848683
54299169061
54403506361
54490349971
54528846571
54542866583
54554736121
54589237201
54603442561
54614973841
54668127301
54672743511
54724083511
54748069921
54749757763
54808580761
54813237397
54828528301
54831171361
54839780893
54886681991
54993765521
55012551049
55040805907
55043329301
55069918751
55076181733
55090310029
55093625569
55097278237
55114539841
55124001271
55143025447
55196925169
55254049589
55322822311
55388678801
55394327561
55523076571
55588916197
55612096849
55694091241
55704818401
55714703851
55755746873
55816531651
55821130201
55857824569
55963317961
55984289839
56004681851
56027506201
56059568641
56083622597
56099341741
56249942491
56344407211
56353530929
56383236409
56386985671
56402956801
56441277301
56473045669
56508226811
56513731849
56611972121
56638192447
56643132001
56666804617
56694524647
56703810521
56721008023
56765793223
56807780041
56811758797
56878941961
56897868061
56913315421
56934348241
56941889641
56981105413
57051595063
57089642761
57094356661
57160510321
57209077889
57221372431
57252514481
57282163681
57350019521
57389784691
57487558021
57521619041
57533535473
57539985427
57555938449
57597180031
57686311351
57724052387
57745437779
57790898131
57802577801
57873518561
57932627317
57938921071
57975517099
58014112711
58029244729
58076141009
58103133859
58222587601
58242481417
58404918889
58409640721
58469784049
58481336497
58537357321
58545509933
58559153251
58572950333
58578834161
58581117769
58613217001
58658015359
58682761147
58724405221
58814720449
58817867497
58860803597
58972933301
59011164151
59015980999
59032474717
59094012169
59153041729
59240681401
59271699761
59273253433
59301206863
59348806081
59374128049
59381726321
59412234883
59424935611
59445114041
59504950501
59511158461
59513431501
59525115733
59562059251
59727124133
59761992791
59771723719
59787288859
59867247941
59903040661
59928571271
59933222137
59933551009
60006675241
60043064701
60091162561
60101060101
60151176013
60182468149
60189563963
60287000401
60326593531
60342422401
60434756693
60484466689
60508707169
60618843013
60629746391
60703065109
60703720351
60712176461
60767085601
60791264851
60799948697
60878614673
60916065757
60972444301
61039284391
61099736413
61227605221
61293004901
61340708161
61367665153
61411138561
61452420481
61608619213
61609075481
61673260699
61746594473
61773816721
61796956607
61862444311
61893987559
61896070073
61908773527
61931504729
61979006071
61984696621
62001458837
62024437649
62025998191
62046129571
62160366101
62209226449
62257404941
62472251533
62502625027
62514249949
62600430601
62641255751
62647029721
62682758407
62692111087
62703999079
62790058369
62855615359
62913857077
62931575801
63004770001
63008374183
63020646209
63040784641
63068773249
63092676833
63162973151
63503326111
63509025253
63526210001
63573180001
63573642721
63670673641
63706643879
63751109761
63782844401
63782921593
63787317751
63789390757
63797057477
63810227641
63930266957
64072609921
64175019379
64211582051
64234373953
64274022961
64339168001
64376625601
64381787053
64468948651
64476573361
64494428681
64528420091
64635447331
64644384601
64679496001
64752223213
64759298281
64759766579
64786278091
64822707073
64844930443
64901602237
64921473359
64928520001
64965405413
64995436003
65127638929
65138589883
65156803213
65165111719
65203338061
65206601209
65238964561
65354045219
65426016163
65445544561
65459426251
65479393267
65497078921
65503460641
65648267501
65653263001
65675309659
65696894033
65863856077
65935042183
65971135273
66004235281
66034387591
66087931841
66091991201
66111842161
66169337389
66196075441
66242389249
66256122397
66285636463
66332562229
66359935787
66418989121
66481268699
66621972379
66678349303
66680279737
66772180441
66803257621
66860666291
66862175161
66967357441
67017922201
67032932401
67077383101
67114803757
67134864757
67147779331
67155466561
67190317273
67194620659
67198134301
67213192121
67231591729
67266728719
67272979927
67290163333
67316945281
67322997503
67341743503
67412338369
67446785491
67466549569
67498704461
67543615369
67635511681
67701670741
67728215519
67741383599
67756367963
67783745987
67794631199
67815201481
67819227451
67831728247
67832601961
67848821021
67875282581
67898033041
67976406073
67982665141
68136672259
68172021523
68194827541
68202453691
68215651741
68217431437
68300128541
68327847541
68347940981
68355753553
68375344231
68424149369
68461289401
68483636443
68490863471
68527136449
68527650361
68687218681
68785997281
68822931451
68885907751
68900541403
68914796761
68947882411
68961517327
68998181003
69008985541
69057470147
69073465927
69076680289
69089701283
69095543819
69110275681
69146291677
69190550641
69192921601
69221437601
69225233123
69266099689
69323293783
69345992759
69442406461
69483486073
69633839329
69733743841
69744833489
69866779063
69878186929
69878227843
69900217603
70013271059
70051863641
70094621521
70097508343
70097935549
70133051561
70176415321
70192270721
70250363371
70273932161
70283579173
70306341461
70367703521
70381485301
70383215281
70384989889
70406695369
70417900801
70499951521
70547736689
70579771033
70614698389
70642604761
70642681957
70682700601
70767597917
70792619407
70819973963
70851169481
70920852091
70928819539
70965017329
70973497849
70985833001
71023907597
71059351439
71086433083
71146305649
71201199169
71231917931
71245447813
71267585941
71275955521
71311977001
71375018471
71399777791
71402074801
71466585601
71496798101
71508889201
71552227909
71562659351
71620604773
71624406781
71626848877
71692891841
71723657881
71790557287
71873943961
71959875499
72009677107
72037848481
72047147761
72134833501
72158528177
72194550041
72196254817
72243765361
72244942579
72246877249
72263437867
72387770041
72397631219
72433098401
72475510693
72498781081
72547979321
72555483001
72582291079
72608470247
72653674201
72709050919
72750371063
72782439841
72841295731
72846722089
72963663601
73038796801
73046514971
73065520711
73112712401
73201620031
73273725911
73306892401
73334765773
73470547261
73548293641
73550902969
73694588521
73746314591
73752986891
73778212099
73800223213
73805823089
73824050413
73830219739
73832913211
73880431043
73910623249
73969945681
73987135289
74121155627
74124316081
74126070721
74129612233
74202549961
74226868801
74318157761
74361345997
74371112201
74383223419
74394385369
74426671411
74549378251
74585627047
74588541613
74599386403
74614423633
74656433329
74671287973
74806644559
74865010483
74878822093
74920474301
74947412107
74948064133
75017156329
75041724551
75142939411
75153149569
75173050177
75196364491
75214159453
75234698141
75269781401
75272709601
75369800161
75375094297
75400631251
75434479507
75480595601
75485669081
75605555521
75756743707
75822692401
75873762161
75892682861
75992757427
76001076001
76022667449
76046101301
76087998793
76095166127
76098004211
76100149501
76108454689
76129973401
76176334249
76244942467
76499589961
76527176053
76581915041
76589636701
76649394161
76674882289
77086766293
77114880781
77236968089
77295975457
77373262081
77375890561
77455231621
77490220123
77576570041
77596955759
77598235591
77651148781
77666344801
77703000013
77707497089
77724074401
77736932089
77765922991
77780147327
77794559201
77800321531
77800757569
77801445517
77814994721
77822951527
77843215621
78092877481
78160108709
78218350201
78249983969
78268595107
78288878539
78340152941
78441706351
78503662219
78617235841
78644824831
78671594689
78736545739
78762043369
78841169353
78861508249
78979519621
78992655193
79062967441
79084301561
79138086817
79204434427
79210623001
79215481151
79232253283
79271341001
79331243581
79370553641
79450287361
79490023147
79511465041
79572718657
79624740991
79645540069
79691818021
79740144691
79791631291
79800364741
79994960267
80101496561
80135534491
80164323581
80207722901
80208542311
80246391061
80409570607
80454826801
80525365561
80537190533
80577282061
80681920721
80751562513
80796128821
80885576801
80920080001
80925527791
80963722951
80976301561
81029792737
81155761681
81234783181
81256215121
81265158781
81271212289
81284006563
81304958461
81315396181
81330078413
81330791261
81331501249
81382968773
81483348629
81524060311
81555269449
81629086267
81646536997
81713072377
81728288929
81741697591
81792734479
81846387801
81960675983
81975715771
81997811521
82066822729
82067251631
82124308681
82144338481
82176135427
82305103021
82348926811
82351450801
82360510387
82383074093
82384758019
82444604453
82470503611
82477212289
82482735193
82495214209
82610648863
82631194951
82662984317
82730937151
82755101921
82845613583
82868400301
82881107143
82986956081
82988701441
83038148491
83042674069
83110910401
83112288001
83120563901
83225685379
83293338133
83329843543
83342537741
83379206293
83395987841
83492282317
83500146161
83535836983
83550557681
83558234849
83589011587
83592643213
83639176501
83717237431
83801050481
83810591929
83916452173
83967558841
83968771301
84090331051
84108329911
84125191201
84253915357
84366131827
84511384241
84516483601
84569075887
84569792833
84681641087
84682630231
84754384489
84820236481
84833404921
84897336571
84994950067
85068479849
85134853189
85228353421
85232411507
85268887051
85355964961
85361655683
85375495207
85464869561
85570613903
85690790173
85737156199
85816029521
85823475343
85845908861
85911783121
85921808401
85957290833
85977758161
85986252061
86000337281
86089356049
86165762041
86223052693
86300478161
86327554847
86380186651
86410938923
86593438153
86670560629
86714720401
86717751611
86754435769
86817778081
86850956501
86884803371
86889219301
86890803001
86960380813
87063428689
87084747751
87175053197
87180495403
87182790241
87202544101
87243439477
87273617941
87286312261
87370123261
87374985169
87410451911
87420289729
87436330169
87487064981
87498897151
87520441051
87528380281
87539810401
87560497543
87718086721
87795295561
87940636129
88207706201
88233262867
88249647253
88286125861
88434670681
88511411969
88617418541
88622111393
88673014723
88714391041
88715876401
88754756609
88754786147
88818039301
88825912369
88845278293
88877963501
88896219721
88925992327
88956760199
88973055121
89005826827
89028309961
89064624013
89105482621
89135448361
89135565881
89267958529
89280172081
89310466117
89351984191
89397317089
89436872201
89520924923
89561779759
89633292097
89687813569
89689249577
89706768439
89773013299
89793503857
89842196693
89882170093
89891192161
89904775201
89915411041
89920550501
89980240351
89993421013
90004650401
90059520961
90070251041
90076258997
90153854539
90203990031
90211647769
90228258313
90228395641
90260663461
90295052317
90302974213
90575300281
90642216641
90669247477
90791789401
90839352553
90839705041
90863196901
90876484999
90936058439
90943879681
90961673743
91017339901
91086473521
91106465357
91219811483
91220490133
91253056133
91270165801
91353438541
91409531761
91420343041
91452058651
91452630457
91464764197
91466696641
91491423193
91509426277
91570210639
91618360567
91620430129
91649931781
91666105301
91671977251
91708761601
91765464841
91800447373
91852623649
91878571009
91941921163
92007925441
92039568121
92116677101
92190019391
92216354401
92273815453
92338934101
92354435209
92424575387
92475329401
92502484889
92694799793
92738142641
92778278653
92820918373
92918046703
92921463727
92922345001
92934111271
92982873353
92995272613
93020483291
93082354241
93087787321
93147925081
93154252801
93171551419
93211976983
93217812013
93245493001
93249145621
93319151791
93337080677
93388566497
93489828433
93538510991
93544444801
93648828859
93649678861
93662926993
93694024663
93698218241
93790791961
93844973041
93940661081
94001605277
94045344229
94060131059
94129871221
94160450641
94260086873
94293660871
94352527501
94376517551
94392134407
94444111441
94505516437
94543951921
94665348781
94670170501
94683185741
94698568441
94714751107
94834210451
94897263553
94902482221
94989512333
95015675863
95073516763
95153697481
95298807871
95330910331
95371136681
95420274193
95580112003
95602537297
95607801221
95636273041
95657910121
95694318721
95722458133
95846981561
95860324913
95972400481
96000701077
96041490299
96065180833
96069099521
96091069183
96151585501
96176980693
96223084501
96271031413
96290620427
96474588013
96544602013
96592988131
96662796121
96803067709
96819019441
96838162807
96869747993
96917759231
97001661769
97086067831
97089089059
97102643047
97111160651
97343940721
97344676001
97347871573
97387393291
97457028791
97495868317
97547764513
97704744961
97737657001
97765924351
97771410001
97779254791
97806418081
97827972551
97881782329
97888832021
97916424841
97932823861
98050715053
98113179121
98163052411
98253270901
98260467163
98265798737
98276659321
98279825183
98288089981
98289058177
98297726161
98330476609
98352982921
98381182663
98449073731
98492347361
98496895249
98501723953
98509988881
98518627177
98566740991
98606070089
98629888673
98728819921
98756143121
98791704013
98795565443
98835534211
98865773749
98899613443
98908725547
98950429189
99046591099
99088063099
99104229611
99164380447
99233783287
99233916751
99239319559
99272514529
99293615101
99402583363
99410920093
99464135501
99696315841
99880962059
99882253333
99883446601
99935729041
99982396567
100179967117
100268155261
100284443641
100352894617
100455202403
100475306119
100487160901
100539712369
100576758889
100615460401
100615506001
100738022533
100910518321
100941942097
100949334487
100970329489
101039386867
101045337769
101062477517
101084414551
101101577201
101265175441
101418443809
101466440879
101475372181
101497616173
101570423609
101594331649
101663702533
101717708453
101797666231
101855316889
101932722851
101941535851
102006667027
102202990237
102235026791
102276278677
102290854769
102320875567
102370420741
102475202833
102511963201
102546334369
102563613793
102599566903
102638003333
102670761943
102802263901
102844474129
102845770231
102849670751
102920674411
102940084981
103185755311
103233578641
103234398221
103347059857
103401637501
103466178931
103476372679
103495852411
103536769799
103594158673
103666159351
103752030091
103909423129
103923045679
104161346053
104203978561
104389725647
104443499359
104478758179
104491136751
104546541361
104643816001
104649188671
104706555139
104783686151
104791320341
104839866227
104924272993
104950944997
104989359737
105040637563
105082940917
105168353263
105186956729
105221657773
105321677143
105454987081
105456735121
105570696419
105582248881
105654513101
105682829531
105747892181
105749067329
105951942601
106002501179
106017526837
106032181249
106044926257
106191959689
106219063201
106355069701
106399767167
106433346631
106481030251
106481636689
106501201321
106547194987
106552448641
106642448641
106694490127
106729007111
106871237801
106920777547
106983774241
107105868517
107123019769
107316948901
107395345751
107445404741
107483022679
107575166581
107622395893
107639845441
107677565929
107728204921
107799109543
107831343517
107899232923
107919534817
107930410201
107939373887
107993889889
108014437441
108115086241
108170838533
108197050207
108296970109
108298489121
108347345209
108351312721
108437028331
108528777011
108555236521
108636549521
108644252081
108695351311
108760352027
108832955141
108833157161
108840760723
108915108121
108923048081
108963373843
109009092307
109027089601
109036240567
109046123761
109126199881
109126321301
109150022521
109177071361
109189900693
109233927041
109420515361
109498654621
109585186351
109621138321
109751997181
109838733761
109943598571
109974127789
109975404551
109987490219
109999432243
110046096161
110057979529
110067428137
110077912361
110156147557
110180991313
110224200841
110245501307
110335855969
110623591501
110643437591
110784681701
110838839519
110859793903
110934378787
110994200773
111058932013
111098906041
111159006487
111204025381
111241541113
111243440881
111286637533
111334608811
111360798649
111399276601
111423910621
111605802391
111643597729
111650157471
111704249341
111705885481
111773005837
111820749769
111859985381
111886245001
111924402571
112037913853
112051983401
112100626441
112104643841
112153163761
112232464961
112271254913
112344374071
112357674241
112368544561
112375609399
112390681393
112427346407
112540657841
112604880001
112660995901
112687580809
112702962209
112743898381
112751032393
112754952047
112759832641
112760081509
112802158369
112878011401
112977685651
113118990001
113227923917
113260293401
113273475001
113285226601
113286017423
113330251189
113373385399
113422513153
113432616961
113705867773
113825995391
113839983643
113904306881
113972688289
114087931609
114109078547
114115294441
114171892561
114211914841
114271837801
114296011831
114361090321
114390148331
114440570159
114477530161
114636057817
114761235241
114771059461
114948051731
114956693321
115324267969
115329205369
115334733181
115342526401
115501762009
115614305761
115633505101
115685185687
115694333351
115919442449
115946537851
116039295373
116048165579
116050412077
116093695987
116193362377
116249242561
116365210721
116404641571
116411753401
116463689081
116596417681
116760881117
116761314781
116785968241
116809297387
116857496641
116918696701
116929727801
116978227921
117021357041
117108216937
117125860861
117174065191
117224286721
117260027011
117265008901
117389160013
117463002661
117508313161
117590203009
117600700001
117638746061
117668996173
117700497001
117767820409
117794104741
117796101961
117809055541
117837757129
117847672597
117889877461
118003127329
118041553699
118137685681
118164453289
118197388193
118209928799
118327122763
118458113821
118630690261
118689309311
118689985481
118785747851
118791377251
118802036009
118803514579
118812595441
118851017617
118943333209
118983053201
118990003213
118998592201
119010199111
119060365799
119095580969
119128193731
119146682881
119171371117
119229183767
119256532819
119256766063
119270822581
119277403507
119279636401
119357179729
119389803139
119396374343
119438199791
119444663521
119512119877
119531536717
119574816013
119658284209
119659518941
119689345729
119725783981
119734475281
119751285809
119771694743
120005500063
120045723409
120087991201
120094931881
120191142601
120207522901
120208456721
120213854209
120239982743
120333828401
120500070001
120510316279
120610190191
120641150251
120648540647
120784124161
120793442401
120856723681
120860521489
120868805581
120910067701
120936613729
121026137209
121043614231
121060763167
121092265981
121111976701
121232506501
121258300231
121302615367
121365820333
121416139651
121457100169
121472546207
121481944009
121487509081
121543278313
121558930271
121573122133
121582268809
121690072351
121706324951
121801952161
121831175623
121853767639
121966995241
122017110301
122103779341
122112597601
122149153351
122178239081
122204954983
122223743809
122230078759
122269135171
122294722551
122325787841
122335236013
122399091361
122399686501
122413313041
122417555063
122430056449
122514782501
122518706773
122591329291
122602739533
122708614463
122765334337
122928346301
122929987501
123064323427
123249487369
123307796743
123313254401
123365292751
123451098829
123465861271
123466361833
123468007117
123513701243
123571790251
123595312501
123652819729
123938421121
124009553111
124069078877
124069189663
124087395451
124091393669
124099269247
124115541241
124277931961
124294808761
124302935921
124304248297
124456746163
124496551681
124646479651
124694636851
124706889451
124766728747
124784292121
124828645153
124873331497
124890944701
124930958401
125048553601
125063265787
125096345837
125097630241
125132066083
125159964481
125213215843
125222268601
125267726531
125308028851
125329924939
125340314699
125344918801
125350265291
125391751759
125406234721
125651803213
125699938849
125798785363
125820108961
125858826481
125886630143
125932648129
126034479121
126034880833
126055555001
126065102563
126087639661
126091788553
126151038601
126157584331
126158996521
126205301461
126249259501
126263393251
126310839761
126363055339
126377854219
126428323081
126514982101
126522125293
126636817147
126642522961
126781367801
126844809841
126854380801
126896247721
126915250001
126925208173
126939091771
126950580751
126966992093
127048631053
127051234061
127102376311
127143269611
127150842241
127177458049
127187894173
127238486743
127435327181
127483518809
127647313921
127697104201
127770571501
127803263261
127846667609
127857501001
127880881049
127895795471
127912276997
127944681181
127984288921
128143347391
128220800881
128340932143
128363008201
128382209281
128391997711
128417059171
128436541759
128447896321
128487366019
128530060801
128689632199
128785942321
128832061121
128915330101
128946704041
128964460241
128964584341
128995234561
129129180049
129226856533
129314537437
129354073993
129363707801
129382489783
129423581813
129425045467
129486765101
129496891681
129513262789
129528909751
129593821321
129607971263
129621149477
129659671969
129875213333
129880713517
129911184019
129941002801
129946793101
130010786233
130040079241
130063387843
130100866799
130120363657
130154326957
130193396803
130229548993
130314983401
130456267969
130463340421
130498130647
130503293521
130524465373
130546596121
130551138841
130555592653
130570505029
130676139343
130739338591
130821887221
130851772051
130921334129
130949432813
130993235101
131071653931
131088348751
131257626961
131314046021
131323069417
131410056277
131533551241
131539933561
131566068481
131623023533
131654989643
131755902041
131791148059
131840978413
131881495657
131952420163
132135921091
132175258937
132285731957
132431880967
132451978621
132466683049
132513976631
132605794561
132648622471
132713630281
132741347011
132943386997
132980744557
133092779161
133172209801
133211177287
133213078081
133244818141
133306056781
133393709191
133396340947
133421388871
133639671041
133725009601
133775928379
133891260637
134153537701
134172453761
134177186963
134243199091
134322278401
134342041121
134352640661
134444890633
134497384561
134607435901
134653895281
134662329821
134694547681
134755277141
134778406561
134904028001
134904963187
134974090087
134987954393
135084121789
135206421307
135243748531
135283527289
135368718229
135505021843
135514508221
135834655321
135889212733
135931123541
136228675241
136245693013
136255158001
136394959921
136600787647
136603260191
136617416041
136638137017
136658958691
136659837761
136678782241
136764065401
136842285787
136874138197
136886831489
137023155451
137041452001
137042139209
137278875161
137299596547
137337147581
137472252041
137532009061
137550430081
137618439853
137700191999
137826549631
137875752397
137900059639
137969252221
137983769801
138024470113
138075834131
138316665521
138344309219
138410274791
138462079267
138508381201
138517843283
138581278921
138620897143
138659365841
138664675199
138700799591
138767126401
138786524101
138990567803
139027914589
139074859681
139274797721
139346808361
139354877929
139476132199
139576388561
139582213363
139587122401
139655861731
139670130251
139688878051
139803782581
139818048091
139833788183
139867590241
139964189881
139987159789
139997052241
140014747853
140028461561
140055868837
140209089281
140265505441
140285084521
140426428561
140468314123
140587824721
140685172321
140828658043
140855651147
140868895801
140932648117
140965608253
141083614751
141137697601
141142372093
141260976571
141401945473
141419492371
141455664307
141488801999
141532721623
141545444167
141678333917
142081177501
142201867391
142207132861
142232130511
142296382201
142489886249
142580814881
142775802709
142832496073
142838577001
142863092501
142958235361
143014073221
143075395051
143149576993
143158882567
143159170559
143185197569
143190798689
143210611501
143222581501
143245527881
143277132527
143334766681
143416546561
143438958769
143490533467
143491111201
143504875081
143565257347
143797222001
143919251323
144009054967
144013477339
144125471437
144150946369
144178507771
144182407351
144199957861
144227320301
144236658019
144263046943
144380037121
144383932441
144477112291
144792099923
144902044801
145002107641
145062143717
145139880563
145158294191
145212340057
145239379573
145243849801
145261189429
145491315971
145536972631
145582755401
145596878197
145677293887
145682988211
145691804197
145772194501
145833957391
145887246721
145917633401
145927245601
145936092403
145955516701
145960545583
146063524681
146081996881
146088028477
146106982921
146427965977
146468584651
146524436501
146647064497
146694287741
146721033313
146841925087
146855244001
146886848653
146930969329
146969172013
146974602601
146976301357
146984249917
147031344001
147044138561
147316380751
147374772211
147425080331
147431887121
147515763451
147540804601
147599727679
147662037491
147727692451
147755401487
147777570253
147906403259
147941419201
147951968347
147985212013
148240712779
148241683801
148250530741
148256425801
148261297033
148298536213
148440497213
148557947749
148616945629
148657798801
148894143481
148982680771
149133405677
149252241601
149268183041
149285240893
149310646609
149491544833
149532038209
149625181861
149682423227
149868407251
149921641693
149922837091
149925350593
149947342231
150064225039
150133840411
150148280449
150173529067
150213608981
150320394181
150421158401
150507960373
150526779901
150546862981
150598116241
150652116113
150690894793
150693190859
150861113401
150876904583
151045734571
151079702701
151217721701
151392215761
151416406601
151428299161
151462045351
151485462361
151502495563
151562454481
151580991871
151587867961
151606140253
151614395563
151648840853
151649771071
151779451721
151781880203
151860706339
151898905783
151941146921
151970645011
151981754051
152081041373
152095417531
152099232301
152154356141
152199961141
152208054013
152242021801
152345645047
152369496931
152386568069
152748427681
152764176793
152880895441
152933607811
152937220913
152958890197
153011907241
153016811971
153080939449
153086510761
153153630361
153201778441
153206952319
153238303681
153285988369
153288047401
153446174363
153472255651
153547791101
153682838161
153687535849
153719920411
153846899641
153984920263
154054664011
154071240311
154238066413
154304646299
154325921593
154366371083
154409240317
154466698849
154491071797
154653990929
154701095641
154762585501
154801371961
154891297261
154909499161
154999022879
155079424501
155164442449
155324005801
155492010689
155520544807
155616862801
155631951901
155656874641
155692227637
155850448801
155886144541
155981580637
156168595169
156208894399
156405419101
156424244551
156502574251
156562183571
156563213999
156653937757
156693695159
156848212639
156863827733
156863975077
156973144877
156985855573
157146245761
157161182413
157390346521
157398720767
157430318021
157435360351
157554617401
157613168527
157630258801
157648992547
157957684831
157965762961
158309779321
158328344641
158336643061
158374241551
158481540559
158543094421
158597102101
158607557701
158698255297
158725735867
159057151681
159186597121
159344653333
159364152931
159376518289
159390831331
159418146499
159448390531
159642403831
159809090711
159824724181
159992528863
160183253441
160218677233
160276082401
160335421247
160398027931
160414824389
160420472287
160511338369
160531838611
160563840533
160628692717
160715128591
160770707161
160797388123
160821941957
160875878341
160885638421
160930209481
160962603481
160971181981
160978357711
161016614851
161137361197
161176408741
161354498561
161374544953
161381007523
161425603333
161440535593
161519019401
161599550641
161777959661
161849353231
161888525527
161892410369
161938836289
161968265971
162043313771
162046717471
162054300301
162089764489
162096248539
162138427001
162220554101
162337395071
162492155827
162582078457
162614064241
162641319793
162863569873
162864496801
162873407563
162885996001
162945866423
162951795001
163353897001
163402398037
163452330523
163456319161
163480928041
163538807821
163553800961
163588321321
163654715209
163662051001
163698489001
163699656121
163886734591
163890668761
163927090451
163972587637
164008696693
164115436711
164120887201
164277448849
164309019107
164324419201
164548068847
164704088849
164851730881
164947860401
165147166321
165229331809
165243292261
165374847241
165392536453
165498833683
165525078577
165528121669
165639292561
165640489081
165746687401
165886109569
165901878019
165966260507
166044743647
166128958361
166155148693
166209363181
166308556961
166328006249
166376764117
166377698231
166506924361
166512490621
166586176387
166595071843
166628260501
166688886787
166689048109
166778572033
166843023601
166982925383
167110270529
167167202401
167181420407
167289778741
167301400417
167340078361
167356871293
167373455761
167464347649
167478692921
167481256801
167507393401
167591526049
167593572241
167691615001
167827422421
167848703881
167968740007
168098492983
168105200201
168179630881
168281473951
168293012101
168431168533
168500114749
168516905549
168661130263
168900677221
168907289191
168922318967
169061787613
169081660783
169085127517
169090605811
169115429179
169189977691
169353668881
169531968649
169636899491
169643319721
169718616157
169728550351
169737870889
169757799917
169852945681
170054258401
170077897571
170107836001
170220151081
170262546451
170283017719
170291712541
170332750157
170354373229
170581693123
170628552623
170653440253
170770279681
170807382973
170811753481
170820064231
170840680531
171049563961
171060100231
171067024241
171094869821
171167712271
171207506341
171248026951
171270923623
171315658021
171381217913
171574238863
171655306411
171851435729
171879012961
171937917901
172060077001
172163883511
172226842561
172320132013
172358995759
172364387521
172422202501
172483737583
172499906191
172502875381
172549563013
172830779881
172940124241
172944990401
173007123451
173037150721
173117295523
173131286561
173189510551
173234093761
173243401061
173299170049
173372314291
173387687617
173428661701
173462215681
173483682121
173640143401
173657105281
173698049201
173715272351
173752950211
173779087501
173817260717
174005711041
174060788851
174065101963
174297262213
174309570943
174384617837
174429133741
174438094261
174641803051
174660785713
174680695271
174805195951
174917623007
175023799813
175059167929
175107997441
175217703151
175258241051
175373672321
175420356283
175472792081
175483762309
175529748557
175618061501
175709383669
175726857251
175765285349
175804280081
175838198401
175840967611
175906805177
175980781901
175983484321
176105849201
176232382831
176291223049
176325705053
176368548049
176407467601
176450774233
176469997441
176490574147
176633946283
176720395351
176728464433
176874792013
176918403341
176973891841
176999939047
177041976019
177073054273
177112322957
177136259761
177241095121
177301572001
177313773341
177372548407
177394810969
177496073717
177716999441
177817306021
177840372641
177862069087
177869903249
177935723941
177945997501
178202906701
178212817681
178226772161
178316831701
178343648371
178359480823
178460655601
178519779341
178619349169
178691836051
178713546397
178775821681
178815019657
178821829621
178850412931
178905554041
178935999761
178941334213
179089408367
179149111717
179159256641
179160116801
179350530133
179377673113
179458322801
179489207801
179535662329
179566253903
179577018403
179642078101
179642631169
179672400091
179683774201
179914310413
179934121081
179949327121
179984032147
179997204619
180151803551
180179617543
180512227601
180649117081
180671206921
180712211681
180736843171
180788041963
180801465769
181033787521
181129935079
181138358633
181159237001
181187379253
181223596501
181344346081
181345348801
181369318423
181419593473
181476111097
181510932241
181550060119
181743797041
181809297181
181821437227
181855001863
181861944751
181973684971
181991746553
182032441081
182053624301
182094522209
182113680901
182114281079
182150199901
182236265641
182326192133
182331717121
182347005611
182372830001
182389374031
182461606387
182505854737
182561868761
182664336961
182687680613
182731842941
182734915639
182876802307
182923551721
183051898877
183061929601
183256981267
183369528049
183467516941
183486213347
183488093681
183532279423
183896031871
183921713641
183999219247
184017605461
184092309881
184102615411
184300314451
184317273971
184363577581
184549830991
184596397439
184844178721
184937352913
184960313827
185086548991
185268687931
185422123433
185466729841
185515325711
185539158001
185631367681
185649404929
185768566891
185868981187
185941452481
185955281023
185978420401
186094751137
186185058401
186241576321
186302792201
186406759421
186455923009
186475369501
186604903717
186639453631
186684828097
186806049211
186838051969
186862699969
186950746571
187037705401
187072125841
187074131333
187075388611
187126092871
187241731951
187471626071
187493478481
187534723213
187539266251
187659199729
187693715791
187749125191
187767143939
187793667001
187824384367
187851839761
187874189751
187877355517
187909461967
187949025613
187951705631
188149561601
188283884221
188320089421
188372694511
188540294867
188553269521
188570719747
188678318201
188759808343
188767080881
188828193529
188987616049
189026248181
189237779977
189273239681
189311228063
189332894129
189534489121
189690309121
189772396901
189786783847
189844955351
189926302201
189933358411
189981091301
190074493891
190085771053
190113966001
190138151369
190250522221
190293184819
190620616201
190643096029
190655423551
190727461213
191284863001
191298798433
191306089441
191331711841
191509280569
191524854893
191591075681
191636364449
191720574343
191831079217
191843488351
191873323787
191907223181
192024132197
192146079511
192150104221
192242951233
192245823937
192308768317
192361012273
192406913821
192483938011
192487167487
192490585921
192490931389
192500873839
192705342967
192796890133
192814442551
192871960987
193017002281
193054176001
193064362061
193479425119
193513322323
193544183341
193564662757
193636833781
193640937661
193698210187
193857319261
193954531201
194134514851
194177414881
194300003081
194303180143
194341007701
194342945581
194402250001
194418978931
194420857951
194466510977
194556197767
194700777371
194719329151
195034845721
195063780161
195112638001
195123447451
195145536041
195151356871
195231226657
195322334897
195381080689
195417676133
195426842711
195430801343
195473131201
195608921203
195706606603
195739036561
195752494117
195897416431
196279905187
196454545651
196494651697
196547588641
196557216241
196700709481
196720255009
196811236861
196866623449
196942292101
196987103321
196989795413
197011162021
197091042877
197132685517
197205448357
197337870871
197453463929
197515613233
197630792267
197664060889
197841760307
197913164873
197938482421
198028756663
198094659643
198165857821
198248407039
198273019969
198291855431
198316677571
198518378017
198597375959
198688514333
198696739951
198716511967
198735285937
198762298099
198802244507
198984013741
199024815091
199059426721
199068982561
199130660321
199170960913
199191107281
199194289201
199342245889
199371169973
199452451969
199471688893
199515577801
199548276643
199551015121
199785923041
199866446081
200178976427
200234707531
200293920373
200307103921
200321847881
200591883521
200604853261
200729266321
200855847979
200918511973
200971223809
201192686209
201207780001
201388187701
201443470801
201511266097
201540092461
201600929251
201674283619
201729694321
201871501987
201980898841
201996079339
202066242641
202402398061
202491302551
202540727047
202609476361
202653271241
202756806367
202965458723
203030210969
203168142409
203189310607
203268502751
203285502491
203412017881
203438189089
203477169601
203483566081
203792769211
203808650581
203822306923
203935575091
203951070877
203966170211
203998497301
204116247001
204121005161
204134721649
204195651481
204221569459
204253964443
204314302837
204397481317
204486912631
204564663271
204705641719
204740057761
204742327001
204758949481
204927644351
204932173373
205060719637
205173347591
205231062227
205329141343
205426844281
205427205103
205454487769
205690838809
205698782719
205774386809
205876353481
205974965813
206074347601
206124979411
206271902801
206383173547
206563938001
206671345987
206703076193
206848186801
207003049933
207076182587
207112991201
207135615721
207201090391
207303660661
207325388341
207356459813
207382420129
207731696041
207816298747
207945181333
207998132161
208015418381
208098987241
208129880989
208160768911
208339159393
208387514089
208487567681
208496011637
208581197287
208586024293
208630897091
208663101607
208679115569
208754970481
208876853333
208901234359
208976430881
208981357601
208987415503
209002568321
209025500779
209168585501
209183978431
209338666609
209455286977
209482109341
209572233841
209607562711
209617363957
209645827207
209782597681
209896862789
210118627531
210351791161
210406720621
210547110061
210578590301
210637419299
210644923571
210765781241
210867027841
210879253993
210929675041
210939392161
211001975479
211068632237
211096534037
211163326201
211168470241
211196517001
211291452451
211303392961
211405702201
211465791673
211470474601
211573933561
211605181493
211639193809
211902257701
212023350533
212031489409
212070338143
212148208561
212264818561
212280669049
212295284251
212297686129
212310118441
212332449787
212663954513
212774055601
212855831833
213004598021
213068180161
213111683047
213124020001
213156898501
213171553171
213317331979
213340466617
213438803329
213514160971
213650035279
213652789109
213714448009
213881784013
214084908961
214094227903
214123404199
214160294401
214178910721
214214475331
214350286321
214396005601
214429240507
214433641969
214435647301
214441449751
214488478213
214489026281
214534248121
214558164169
214558243271
214853168641
214871706421
214978833361
215020907221
215185150441
215225325701
215438735921
215504880001
215526979249
215612557967
215625418121
215626854841
215682979321
215774212453
215812072921
215840097667
215873091799
215899237291
215951016499
215983309667
216021062497
216214077077
216233065441
216267084547
216368616257
216428231101
216482191451
216924615001
216987049441
216987918911
217014294421
217120982849
217153443079
217285872101
217322246191
217327866211
217388016379
217508617657
217513180411
217578975161
217620256001
217894998809
217986894583
218000512477
218116728901
218171568247
218200516801
218203499383
218392399837
218521725157
218580502649
218587773643
218600345801
218717746879
218730543557
218878852321
