18641071
18691531
18970381
18974737
19495841
20068801
20994401
21332033
21641821
21805921
22779037
23354017
23595859
24649321
25014001
25024609
25677931
26324401
26372729
27552511
28717903
30726263
30813403
30852361
30859561
31571443
31767121
32260141
32341073
32820397
33866911
33943313
35433883
36347191
37028239
37350457
37850911
38736881
38896441
39524401
39936199
40198891
41539807
41976001
42399451
43129451
43386721
43614019
43664591
44403521
45316261
45466513
47189143
47377591
47434001
47468161
48141169
