93
465
825
1023
1025
1057
1353
1525
1705
2325
3053
3157
3813
6025
6611
6665
6765
7781
7905
8305
8525
8569
9017
11989
12083
13237
14025
14707
17017
17173
17425
18205
19065
19685
19811
19825
20263
22165
23485
26425
26797
27379
28985
32767
33025
33825
34705
35687
35929
37297
37597
42873
43989
44409
44485
44545
44561
44605
46063
46717
53713
54825
55831
57925
60229
60853
61897
64263
64477
67425
68333
69905
70525
70819
71709
71827
72633
73393
73841
78385
78925
79849
81313
86437
88939
90805
92785
94209
95325
96965
98905
100717
102025
102529
102565
104005
105589
105865
105985
107965
108345
109861
117025
119505
120745
125581
133393
135465
136927
139777
141337
143533
144177
149773
151249
159681
160105
162565
167025
167761
167977
168113
173197
174269
175825
175987
181245
181425
181753
189145
191113
192577
192973
193521
194959
195365
198931
199057
202825
204941
214489
215209
216685
225213
226765
236665
239785
240157
243865
254737
256525
259105
259505
262725
263425
264419
268345
270805
277387
278861
283657
283999
286385
286657
286825
287463
290485
295331
299265
300979
305305
317053
317285
319145
324105
324973
328105
329025
330925
331993
332141
334025
338701
341713
343369
343525
349525
349757
349867
353617
355825
367741
368641
369799
371185
379657
380029
385925
388025
388825
410905
411433
416911
419629
425425
425881
429325
431985
434041
442909
443593
449097
451351
460505
474985
482365
482545
489025
494161
494605
501177
506325
506605
508585
510229
524437
524841
525333
526225
535305
547145
556233
557845
570865
571825
575025
578305
585685
596131
601609
601723
602605
605677
609027
613963
614141
619333
625537
626025
627505
631873
637837
642265
649753
653325
657025
677557
692665
696865
698677
702697
704913
707101
716689
732005
734917
736729
749053
753025
763877
778069
785881
790469
794949
799293
805585
810321
832765
840373
841825
857893
872185
873797
885313
898161
905905
906305
907441
909937
913891
915817
920737
921649
926137
927505
936781
942865
959605
970145
971385
973013
977725
980925
990613
1000525
1002925
1010361
1010969
1011809
1026025
1047509
1047553
1048577
1049257
1050925
1056403
1056925
1074925
1102453
1107205
1110505
1117537
1118449
1125145
1134757
1136431
1141273
1141525
1143409
1158925
1167985
1178857
1182973
1188385
1204225
1210825
1229305
1238653
1243565
1249525
1253629
1255213
1260823
1264285
1267561
1272025
1276705
1282105
1284085
1285333
1292565
1297033
1301217
1307425
1310497
1310725
1315681
1329373
1331065
1338445
1340881
1352065
1352551
1354893
1379989
1381391
1382725
1390443
1396297
1396693
1400425
1406581
1412081
1428153
1446461
1454365
1458205
1459705
1460041
1465153
1466281
1476025
1492149
1518517
1521325
1542025
1543431
1547425
1549185
1550825
1550989
1551061
1553941
1558205
1573129
1586521
1587489
1605025
1605769
1611925
1621913
1627249
1656737
1659361
1663165
1673225
1675609
1677885
1680225
1682065
