213
1633
2001
2769
2873
4331
4899
4901
6177
9301
11661
12441
12881
21229
21541
23829
27761
33361
33969
34017
35061
35997
36667
47073
47357
59657
59721
63411
68017
71149
72181
77233
80301
83141
95381
104273
105009
119209
119461
122061
133081
144233
148161
148741
164041
168199
176019
177629
202101
220881
230529
242481
256737
262361
268593
275977
280033
294691
298961
316641
332351
338169
361461
377637
388097
392123
399311
403581
414121
419221
420157
438073
468901
495001
496921
501331
508573
510081
515957
517441
553449
567361
576449
579463
599169
600097
615641
632397
660997
667897
676169
682341
706353
711321
717481
728531
746281
755549
757249
758901
759361
785741
797693
802217
802401
839753
889799
925129
952041
961441
966031
977457
1014169
1043913
1135901
1160461
1196137
1234761
1260321
1285313
1324401
1329861
1350179
1377181
1404451
1412353
1428031
1469203
1469481
1500727
1508377
1509421
1549717
1552983
1562781
1562961
1572493
1618801
1642087
1643961
1671241
1687411
1965301
1968681
1987711
2042529
2045501
2055521
2063321
2103949
2138721
2180481
2186081
2221777
2222513
2244561
2262377
2281177
2344369
2345201
2403201
2448561
2463337
2577371
2589961
2599873
2616641
2643401
2661997
2692817
2705881
2742457
2775097
2883441
3023241
3121261
3124481
3171641
3179397
3222277
3236017
3278641
3339201
3455911
3497117
3588897
3649801
3662413
3666401
3685681
3691129
3773011
3827681
3915561
3969433
3976401
4038861
4165783
4274881
4293073
4320849
4366571
4404201
4538521
4566081
4639921
4665481
4691609
4716641
4755431
4758119
4802827
4848449
4898361
4939057
4965241
4992541
5071601
5102841
5103449
5370017
5375231
5382897
5422901
5456321
5487409
5601731
5638009
5657101
5666509
5707657
5748873
5765441
5775089
5818241
5831017
5886101
5954433
5962881
5973731
6009511
6017383
6116321
6190561
6240971
6289441
6533633
6547061
6597649
6614161
6717381
6786583
6845421
6874953
6940641
6961471
6990873
7052881
7062341
7106401
7216511
7283917
7312321
7360417
7378621
7408921
7434141
7480061
7491601
7505121
7519531
7636231
7707921
7748481
7843081
7889023
7968649
7980897
8003333
8004967
8006001
8022521
8040001
8110401
8126061
8152957
8410561
8709049
8711753
8748307
8774193
9037821
9056121
9107241
9138481
9220273
9266227
9276751
9290137
9305689
9357461
9363733
9426673
9551417
9592311
9619429
9623361
9663611
9714913
9753081
9799633
9804961
9943657
9947029
9959401
9969307
10153741
10185873
10207101
10211149
10220741
10277989
10346881
10353421
10390281
10465897
10504189
10549561
10614481
10619713
10787101
10891471
10951473
11020841
11022761
11078769
11170501
11181193
11227301
11289193
11403169
11476879
11494873
11594071
11663623
11728561
11733217
11744161
11874253
11901143
11925061
