20
55
1852
2035
3781
4630
5995
7363
8965
10945
11647
22681
23155
25465
27133
33715
41353
46189
62641
67405
75343
79081
79105
82501
83569
86581
104441
107213
121987
139679
139897
141877
142717
146081
165923
174785
194041
194923
202609
205927
207955
212647
234433
243581
260833
265045
270385
276139
276361
279235
291121
291409
292153
314245
331045
333853
396253
404965
406891
407065
412129
413909
414385
430939
445673
449251
451165
461245
465205
478465
480187
483769
486109
509405
512941
536617
538261
546535
547966
553393
563611
582341
605557
608203
616303
619957
640537
640585
684361
705473
772993
786857
798985
810001
816229
827551
828685
849556
891605
921059
924379
928201
930151
962335
1037809
1043659
1053313
1056289
1069249
1073971
1109041
1118503
1125553
1183897
1247455
1250317
1293409
1297741
1324045
1339201
1342133
1342549
1366961
1370017
1397299
1409339
1432999
1532245
1536697
1553365
1556437
1559930
1561417
1570885
1613893
1620037
1637515
1653097
1655713
1674481
1723649
1747357
1769185
1771789
1797265
1835185
1837057
1858945
1874713
1892851
1907173
1910371
1954891
1969601
1970501
1981501
2016169
2042051
2045521
2071745
2083691
2094289
2143769
2163029
2165899
2182885
2204714
2217307
2224333
2253421
2294561
2317753
2335901
2369809
2373085
2375110
2384965
2385811
2472229
2497885
2522533
2526337
2589985
2598877
2612305
2681101
2705767
2706299
2722369
2722847
2723983
2753761
2811799
2852011
2862217
2880487
2975701
2983627
2998333
3018769
3021859
3091681
3127609
3178405
3203497
3272513
3290761
3354949
3413159
3427126
3489505
3515005
3553561
3560572
3569131
3683329
3697003
3703537
3759097
3788801
3814681
3836191
3887201
3902365
3918841
3928705
3953611
3975781
3986881
4014253
4055437
4076689
4088305
4105261
4138793
4181815
4235341
4334473
4513519
4572793
4594351
4595305
4603609
4627151
4631069
4724065
4739185
4791349
4812853
4815889
4823941
4882564
4956433
5111441
5181931
5281441
5312170
5357717
5363137
5407991
5411501
5428369
5431553
5465689
5509540
5615233
5620357
5641891
5674087
5706601
5719285
5745661
5754871
5776849
6001435
6001759
6100711
6146551
6151489
6201481
6228097
6302395
6315265
6315853
6320665
6400447
6401233
6484787
6510673
6576949
6697405
6709285
6827869
6833821
6924205
6931063
7162453
7179517
7212151
7216849
7467097
7611281
7645801
7654201
7673185
7694335
7720273
7780501
7798381
7808611
7846681
7851091
7859545
7945093
7947577
8141281
8190703
8191361
8225803
8264461
8372881
8381689
8521039
8562997
8569513
8596099
8654449
8654581
8679385
8699041
8761553
8778205
8914249
8958337
8983673
8999281
9025861
9034217
9049945
9087793
9142705
9265789
9412684
9441881
9493579
9531901
9567091
9689261
9692905
9720685
9727393
9728863
9807271
9813385
9814321
9819865
9852049
9964921
9991633
10004041
10040161
10122241
10212481
10361065
10433401
10489681
10525139
10689085
10720765
10750937
10953601
11119873
11172577
11204785
11286941
11302093
11319661
11324101
11338021
11406457
11416609
11422993
11597905
11619739
11738603
11789117
11825605
11984005
12059545
12117505
12130945
12270421
12300391
12302785
12346465
12390337
12437713
12540781
12562579
12660733
12785905
12936121
12943645
12978533
13001209
13083785
13145473
13180511
13189969
13201519
13246129
13296583
13322017
13379311
13401301
13449619
13460179
13541527
13545937
13593217
13606841
13687669
13701871
13712977
13716601
13794481
13797713
13821445
13926781
13958785
14072741
14088649
14164993
14199361
14246389
14311711
14342833
14597033
14716897
14752021
14769281
14941081
14965523
15027265
15267265
15312221
15371137
15398917
15531031
15532453
15546385
15671161
15693553
15870973
15894691
15906241
15985321
16100953
16152193
16200511
16213861
16258387
