415
1411
3667
13579
15355
26809
27371
31195
35285
35513
36091
36311
39491
43741
52207
59755
70831
80095
91741
97621
102331
102505
114955
119969
135341
135679
142511
152305
157285
198101
201361
204653
221371
258001
261109
267191
272323
307063
310171
311695
314155
331381
335071
338329
348517
382381
403177
405161
426409
432181
446993
515161
517837
556417
561661
575801
599845
636361
653251
735523
764443
778339
793729
802195
812141
837055
840541
894571
894671
912001
946781
991933
1004809
1029733
1047211
1107151
1108831
1154215
1207051
1242401
1248901
1292941
1298233
1303781
1303951
1327751
1345789
1362001
1417951
1432201
1506751
1521805
1567621
1587781
1593019
1610869
1657261
1661245
1706713
1726705
1739809
1808209
1876681
1924915
1935211
1937065
1951471
1979965
2057665
2070601
2195761
2244901
2308345
2314001
2349901
2406517
2470561
2475115
2536129
2584429
2620747
2668201
2693701
2711195
2766835
2792131
2893795
2898841
2908181
2963515
2988415
3055681
3076561
3118033
3298249
3347971
3394417
3439151
3442591
3444085
3461515
3497869
3662017
3667411
3695441
3777841
3792685
3903241
3912697
3922073
3956521
3964537
3996401
3999349
4008031
4140043
4162561
4177031
4206191
4213513
4243541
4276651
4294601
4371463
4599769
4657711
4719961
4724009
4728061
4762619
4860181
4926241
5045431
5108755
5115079
5174137
5209933
5251891
5300581
5343361
5407169
5451157
5487691
5502797
5586841
5593085
5596201
5601961
5624851
5635285
5773349
5813107
5819545
5951497
5961181
5969941
6020635
6178979
6198523
6223921
6300115
6356989
6412591
6434077
6443041
6505489
6569905
6663883
6697801
6724849
6731881
6759271
6818995
6823319
6873809
6915145
6951997
6980041
7372135
7417001
7505191
7578481
7590661
7633081
7705165
7728421
7737799
7787905
7797985
7812061
7859681
7866457
7890805
7933651
7998031
8100223
8205781
8293195
8343583
8374801
8432371
8512849
8623001
8679521
8735501
8788069
8826469
8907235
9021961
9038017
9129691
9140209
9154651
9288611
9328933
9333511
9370285
9437681
9506323
9615301
9633229
9780661
9838903
9839401
9839737
9840281
9992599
10017517
10024741
10075951
10093453
10177813
10179601
10267501
10272811
10387201
10592557
10615411
10804333
10969687
10971521
11338465
11351993
11463673
11532715
11569861
11614607
11623735
11655877
