177
885
1121
1141
2065
3009
3165
3363
3365
4061
4071
5605
7991
11441
11859
12027
12331
12685
17161
18745
19057
19171
21679
26845
26885
28731
30383
30481
32437
34751
40161
40261
45961
46905
48085
62245
62481
62833
68381
69601
70741
72571
72865
79591
89509
114969
119121
120451
121859
129151
136401
138945
146851
155545
163489
164467
186145
188771
191805
195451
200791
227921
233817
236531
247721
259777
269553
272757
274981
277005
279129
315001
324221
350879
376813
377777
382261
407863
423561
439831
465697
466313
477841
521437
521921
531371
531991
539041
546433
563491
564181
595605
603601
614083
620621
625105
628881
651353
654841
700181
703601
709327
745139
752191
754433
767893
792681
814017
816829
819041
832231
837033
856871
925351
926949
937745
975565
988361
1013951
1046821
1061161
1074331
1079827
1122121
1124245
1144987
1157377
1163617
1168651
1174385
1177521
1187731
1200169
1219723
1227381
1270801
1280049
1287793
1300909
1351041
1364257
1389745
1437063
1466903
1471753
1532831
1572801
1591345
1597771
1610489
1615361
1644181
1666281
1667921
1669531
1717431
1723261
1729561
1771861
1848661
1870237
1888297
1895257
1898551
1955617
1979745
1999901
2025057
2065631
2084281
2088091
2119811
2130045
2133145
2154237
2157631
2160643
2182081
2227091
2241541
2261057
2300511
2318817
2340021
2346017
2430271
2438857
2477203
2493085
2533249
2554703
2600851
2609729
2634391
2671081
2682553
2696005
2701819
2871571
2969713
2971771
3013291
3050545
3069121
3099565
3115021
3126085
3130721
3140017
3182617
3198685
3199201
3231073
3269839
3362601
3367307
3373381
3509851
3547965
3661953
3728033
3772165
3773287
3783613
3820621
3823601
3843721
3868453
3891073
3947471
4123619
4129717
4134943
4135801
4144337
4186227
4209811
4301353
4304341
4324001
4355881
4426831
4442641
4501561
4501861
4552381
4582401
4606651
4638481
4685281
4692511
4733209
4805201
4883961
4904965
4922889
4923049
4947771
4979833
5006545
5026033
5031021
5078165
5153161
5160317
5161823
5210821
5245513
5301209
5305105
5319145
5346019
5377791
5448421
5490717
5535553
5560481
5570251
5592441
5595371
5611585
5678101
5680291
5757197
5762569
5836001
5851901
5881151
6012301
6012427
6015841
6085279
6086017
6137209
6151889
6188473
6294047
6318337
6383323
6395305
6437471
6444901
6471799
6587497
6651901
6687793
6733021
6794257
6918077
6918241
7007533
7018345
7067905
7149871
7198885
7222741
7266381
7345921
7364085
7415871
7429267
7456849
7470577
7518757
7668661
7669729
7862089
7940201
8098751
8123431
8152543
8176441
8240471
8249671
8254441
8263285
8273629
8385191
8524411
8537005
8555311
8623441
8722501
8789761
8827741
8871451
8881937
8908501
8940881
8957911
8964001
9011311
9181921
9276331
9440385
9507201
9516961
9539551
9655933
9765385
9814741
9914065
9949681
9958159
9962681
9971841
9982609
10000441
10144069
10241779
10319963
10371511
10390433
10725199
10765711
10830781
11076601
11124691
11239921
11242891
11313133
11316497
11343421
