119
147
1037
2009
2107
2499
3977
7693
7701
14637
17857
21777
34153
39793
40033
42517
47257
48093
48469
49837
50813
63903
80801
100009
107537
109429
109693
113257
122549
124257
124999
148953
149989
152193
160769
166453
172569
186721
194873
198961
209281
209797
223453
232141
236229
238693
243253
247233
261913
265973
272881
283269
284417
296321
312081
316351
319243
329217
339283
343441
346969
364597
378841
407113
416347
423017
424477
432461
434657
443989
469273
470449
480577
490501
509461
520429
533953
540193
543457
578173
614341
630097
631651
635077
659491
660709
679357
690223
739073
767851
773557
786601
816073
849121
864833
877933
889413
892857
912331
921361
928969
929101
931297
955753
960449
1019401
1066781
1074817
1089277
1095361
1114653
1130221
1174717
1177633
1189609
1205113
1215089
1260871
1262251
1340353
1356097
1375501
1403061
1422577
1426009
1449421
1476993
1481221
1511299
1565809
1585101
1593113
1656001
1664419
1667497
1673881
1677809
1690147
1690157
1694617
1706001
1708777
1711571
1732129
1781017
1835197
1843873
1854161
1901173
1932951
1949857
2001349
2023321
2072181
2083333
2112369
2133517
2233393
2252881
2374981
2390641
2427373
2442013
2500837
2508221
2598421
2599793
2602873
2631641
2641753
2678689
2680401
2783613
2791889
2803549
2882677
2883211
2922409
2956609
2994143
3026689
3044701
3157217
3213313
3259297
3278263
3312841
3398249
3406537
3417051
3446071
3459691
3506097
3593521
3632581
3668737
3675253
3700333
3732673
3769129
3859921
3883201
3895521
3912261
3946411
4037761
4058641
4070389
4071101
4187393
4202961
4280277
4300741
4549873
4583929
4735501
4743249
4745953
4775629
4807193
4866709
4867129
5037253
5094537
5095329
5124549
5131273
5141239
5166593
5252881
5292469
5297293
5315101
5362021
5374957
5397439
5511661
5539777
5635201
5679649
5707927
5726401
5776449
5790669
5810293
5834101
5841421
5989321
6035009
6100549
6127451
6155563
6206851
6238337
6245881
6247501
6250001
6285181
6307153
6332509
6336121
6342901
6356773
6421057
6484993
6550921
6557431
6613813
6660661
6671497
6675169
6683533
6691273
6737293
6767173
6809041
6840113
6914937
6943931
6996637
7020481
7048849
7095301
7130131
7152061
7251241
7282081
7300657
7349431
7402837
7435473
7486171
7509649
7539449
7609633
7680049
