3929347
4159201
4303153
4902925
5122261
5261987
5284525
5439925
7235407
7256329
7513081
7884001
8156851
8284081
8441263
8740801
8884141
9224125
9564499
9762421
9967027
10662625
10858261
11687941
11711743
12024107
12883921
13153771
14640481
14734241
15038497
15324811
15702661
16332247
16798321
21031093
21071501
21347531
21376753
21381377
21733357
22014511
23040529
23206721
23340571
23606371
23718073
24533653
25183201
25205311
25617601
25649089
25765051
25846981
25965281
26102147
26236819
26278351
26769337
27788833
28360603
29229383
29262251
29715713
31171153
31263625
31875307
32239111
