161
345
483
485
805
1183
2037
3241
3801
5963
6019
6693
7267
7665
9453
10185
10465
11753
12337
15229
15617
16393
16491
17169
19357
23651
24617
25185
26533
28405
29141
29185
32743
33465
42133
43553
52417
53245
59685
64561
72289
72581
78085
78247
78409
82041
90851
98385
99541
100471
100711
108697
115393
119917
122129
126385
129949
130305
136045
139573
144433
148993
153553
154133
155841
157753
158237
163831
189865
194097
197701
197977
198037
204263
208585
209761
216545
219583
223721
229333
232921
233773
234257
236593
248745
251641
265489
268687
290321
297733
308039
310993
311273
314377
336945
343045
347383
347971
353269
356707
362181
369421
383901
385323
395605
398945
411607
428145
452929
465305
466993
502251
506353
508837
516649
519481
528283
532065
535441
547729
571051
577185
586621
593745
596401
603499
659617
667789
692185
743505
746005
753481
763945
764867
853309
878311
881245
883461
891113
956081
973659
981721
986861
1015105
1033913
1035805
1107105
1140041
1140481
1146005
1163141
1163809
1196105
1196689
1198645
1236781
1251133
1295245
1323721
1325611
1336105
1379971
1392241
1398953
1399969
1403353
1436791
1486693
1490581
1496161
1524201
1645345
1653373
1659961
1676209
1684601
1698573
1698949
1703863
1753381
1788865
1801891
1824733
1839553
1857597
1859665
1877629
1883791
1958129
1970065
2011969
2045071
2057443
2061541
2064673
2074441
2180269
2240461
2259267
2278081
2292985
2332365
2388205
2406391
2414917
2442945
2519065
2522065
2522101
2573701
2589685
2599169
2645119
2647001
2669473
2671453
2692387
2703697
2739765
2797237
2830945
2835601
2839481
2889145
2890245
2892561
2973217
3015713
3039049
3042793
3078505
3096145
3124947
3168921
3216145
3222001
3243345
3253465
3257057
3364621
3487393
3517585
3545191
3547985
3583981
3586861
3689647
3739667
3790093
3810889
3847285
3917663
3948049
3982369
4000377
4013569
4022677
4053085
4075393
4086901
4098007
4100801
4112369
4117141
4196101
4209193
4358737
4450069
4598229
4614721
4636945
4638985
4654545
4705491
4717041
4737913
4825849
4956409
4992105
5004181
5033665
5127745
5153631
5164201
5219041
5230081
5253661
5283445
5344021
5355001
5429821
5484481
5487769
5510323
5520529
5542885
5654647
5676721
5703697
5728065
5757661
5803705
5837041
5850001
5868985
5914657
5990745
6116965
6128731
6163403
6197621
6228685
6440161
6504089
6504989
6594157
6614881
6684145
6752761
6812749
6892213
6946201
7003801
7012033
7025005
7120961
7210721
7211153
7225701
7263217
7263331
7270273
7363105
7403401
7435513
7483809
7673689
7693111
7820533
7903831
7911949
7945561
8007301
8191841
8285061
8296701
8314593
8359465
8362241
8369173
8482861
8511265
8528923
8575921
8626979
8780185
8805007
8878951
8998405
9061885
9204961
9212281
9219457
9226105
9310717
9377317
9381769
9409849
9561905
9641281
9668257
9768031
9774885
9827497
9851521
9937369
10052101
10174459
10234577
10296563
10329067
10427623
10533601
10543609
10578781
10652293
10692559
10751149
10772341
10792531
10876333
10948483
10965153
11011681
11012561
11035921
11036551
11045665
11065121
11066551
11158753
11180027
11208385
11308065
11365537
11445889
11447261
11558841
11663761
11685541
11819353
11838001
11870581
11888621
12009473
12221301
12259345
12347303
12494431
12527641
12621601
12639585
12692665
12744865
12754261
12838145
12876481
13062331
13193273
13196365
13215409
13218521
13352065
13448761
13472641
13668331
13730641
13754329
13800865
13807333
13827481
13860145
13968769
14037985
14171041
14232457
14313661
14452321
14546071
14573377
14595851
14611969
14789105
14812759
14859157
14919673
14927621
14975713
14991145
15018801
15071113
15086849
15115585
15226705
15237245
15241001
