77
273
429
445
1155
1157
1365
1869
2145
2779
2937
5161
6853
6945
7861
9345
10857
13427
13695
13897
14685
16237
17633
18957
21835
24297
29755
32109
32873
34265
35189
37401
38181
42059
43273
50765
53585
54161
61765
78765
98945
102193
118855
121153
121485
123621
136001
136681
140361
152845
158509
162835
176665
181105
182897
185565
190905
201405
202015
208065
209747
221815
230011
240637
241435
241813
243691
248281
264121
277381
279091
288619
289873
316745
378785
385957
398665
400357
407389
411565
414865
424393
432355
445445
445831
456589
470137
473991
475705
479521
480865
481845
482161
493095
495853
510145
514189
547261
549753
551265
555805
577005
600769
629641
648109
657085
669281
678097
678233
686413
727751
735661
753585
790301
797041
798559
802945
807895
813505
816421
822187
822657
862681
869821
903617
906465
927389
937487
938221
948805
953317
981785
1005445
1014481
1042889
1050943
1094665
1099417
1106735
1136323
1149721
1152295
1219513
1275351
1288081
1312151
1322321
1335181
1348435
1362901
1373665
1376831
1490221
1490455
1498189
1509123
1514773
1519183
1535731
1561785
1565553
1575491
1590409
1597015
1624897
1636831
1652041
1677561
1692201
1705821
1754845
1769833
1847833
1849261
1951545
1986985
1987093
2014913
2019171
2028673
2031637
2050881
2053961
2172781
2189845
2296645
2298781
2302247
2314657
2327501
2329041
2348641
2362313
2380015
2380171
2400361
2401665
2457141
2474269
2476261
2495791
2551021
2582119
2582801
2606581
2625535
2666895
2672353
2685397
2687389
2690493
2720641
2738085
2787785
2855941
2871889
2889253
2910977
2920369
2939681
3019451
3030311
3037981
3074411
3083665
3086623
3120817
3131101
3158929
3174721
3182511
3198001
3223669
3236485
3243295
3309481
3334729
3452021
3498145
3585009
3657277
3697365
3725085
3739217
3842987
3855259
3899491
3942505
3986893
3999765
4016251
4029601
4187679
4285121
4406605
4442257
4455653
4477117
4497793
4500641
4502107
4505655
4509523
4519153
4547635
4557601
4567291
4608229
4723291
4760035
4768093
4858801
4885291
4985053
5007241
5150977
5203333
5213901
5230801
5286205
5326917
5350345
5415857
5452251
5517109
5519255
5536245
5576341
5698141
5731237
5888701
5892601
5960551
5976361
6097267
6184165
6251245
6304957
6321043
6344365
6350617
6362965
6377041
6393271
6446089
6451165
6568161
6730309
6810133
6817681
6900465
6938173
6944023
7001905
7023661
7046221
7070671
7096237
7098481
7125007
7160911
7215141
7225465
7325857
7392449
7420897
7587271
7633729
7636877
7696439
7696711
7730381
7937353
7946749
8058281
8160241
8219089
8403409
8471501
8475553
8496329
8559397
8611657
8632533
8641633
8663773
8678685
8698069
8706619
8716037
8746705
8788261
8811713
8891849
8924891
8947081
8964073
9000453
9023257
9092407
9117637
9158959
9219421
9224349
9231643
9237313
9390241
9494965
9524089
9548869
9597665
9600305
9801301
9818389
9852001
9879031
10010345
10031735
10089365
10104081
10179521
10181641
10190593
10263097
10288231
10350593
10352569
10569421
10760321
10853557
10987453
11097721
11239609
11273347
11403709
11453411
11602229
11656657
11661511
11679171
11712551
11851169
11869843
