46
506
874
897
1173
1426
1702
3811
4301
4485
5865
6283
11845
12121
15249
15686
15769
15799
19261
21953
26013
29026
29785
32338
35581
36569
40273
42661
44881
48185
51221
52273
61285
64345
65665
69161
69937
70129
73186
73993
76245
83881
85951
86617
86986
87009
98413
101269
101361
103105
103822
115141
118141
119377
131241
136567
148777
151747
153985
160831
166957
170549
188002
195391
197051
199801
213601
213877
216154
218569
224681
246399
249665
252057
252883
263221
277426
282829
285671
290191
293047
299965
301645
302289
309721
339445
341785
352981
353665
356201
367813
387205
402753
403481
405511
408157
427601
438265
439501
448183
453169
453251
454951
457861
462229
488265
489701
496961
499885
523549
527777
568905
571753
583045
583453
586343
620153
622441
626773
638365
642874
645541
655981
668629
672566
679029
696831
722545
725017
739381
746887
771441
813345
813451
823701
831313
857026
864394
874573
876001
883961
890905
914329
918607
961909
976465
998761
1000261
1040197
1076041
1138201
1151137
1174921
1176513
1189081
1189273
1217711
1237003
1250809
1283601
1317381
1330561
1340365
1388361
1404817
1414281
1425887
1461305
1479153
1490101
1529593
1567081
1573401
1621387
1627297
1634945
1646041
1667721
1687861
1714285
1718761
1718821
1800031
1816885
1856413
1859001
1866005
1922779
1993641
2000473
2065033
2107483
2113145
2162485
2166991
2170441
2183497
2189023
2196145
2211105
2212393
2227993
2240821
2267545
2287741
2311121
2325346
2329021
2353981
2373841
2378545
2412033
2417101
2439841
2456653
2536831
2555806
2594773
2617309
2655601
2661211
2699173
2707561
2737741
2738541
2802709
2811857
2818001
2864926
2886861
2899141
2949829
3062749
3080689
3083611
3089801
3098261
3115951
3152521
3155761
3179865
3188653
3200497
3203533
3231241
3299241
3319981
3422533
3584665
3601501
3611301
3654769
3658033
3681551
3723562
3738385
3793245
3806681
3814885
3815929
3822433
3829441
3844401
3853117
3861397
3869097
3906481
3980641
4047589
4065526
4077977
4122581
4124947
4130745
4133977
4188289
4189361
4190761
4190941
4309813
4353457
4389613
4416949
4443205
4451917
4452081
4457669
4468009
4600141
4672801
4738717
4763185
4766446
4776799
4803401
4816729
4849573
4854529
4877473
4880577
4985761
5066601
5070481
5073706
5116741
5119417
5127959
5129917
5192923
5251429
5256105
5275257
5358406
5399569
5423561
5458201
5518045
5543241
5567653
5648833
5649505
5674654
5697445
5697757
5830201
5876431
5906791
6101785
6109033
6170551
6177409
6185845
6190687
6231345
6289405
6304321
6315041
6338501
6407317
6448933
6463621
6549049
6550285
6660641
6683941
6749281
6779641
6876286
6886477
6901001
6916757
6917361
6926361
6942151
7023673
7031761
7053865
7131205
7177321
7206601
7225141
7312873
7395091
7398161
7398226
7406241
7445791
7526665
7617541
7636161
7658977
7715089
7743601
7774117
7869097
8032261
8129626
8132341
8153965
8202381
8215745
8324857
8370298
8370913
8404885
8414665
8476489
8614267
8627529
8634817
8677785
8714521
8739241
8883865
8955211
8959249
8966665
8972821
9011377
9025369
9039721
9075397
9149201
9199783
9217363
9264541
9280981
9294622
9340753
9352081
9393085
9399457
9433501
9441253
9474009
9537697
9539465
9549367
9654043
9810691
9841069
9996253
10001185
10020226
10134217
10168705
10186939
10197721
10212121
10221749
10368289
10605841
10647641
10728985
10743541
10816321
10830001
10855081
10919545
10961731
10999221
11003545
11005477
11089051
11100001



