1603
1767
2451
2945
4351
7099
8835
12927
20839
21603
23731
26909
38719
41819
44185
49693
56563
58081
58745
71079
79969
89931
91177
92287
95635
105851
113659
116033
122417
166117
174021
185041
217321
244455
256215
271033
275745
286021
291621
292657
305257
308503
364515
379905
403635
409355
442981
443395
472613
503347
503709
526471
526737
568385
574405
609753
626487
627285
646009
674241
727301
734483
751145
821841
828551
838369
886249
901573
928929
944167
1020433
1045661
1048591
1070213
1087879
1157087
1203441
1263865
1281365
1328055
1397635
1404601
1420381
1420945
1452257
1454223
1497889
1518499
1533813
1713607
1718151
1734823
1746385
1753453
1776237
1798217
1800511
1805311
1952977
1971919
2002147
2113363
2116505
2225369
2264705
2287265
2376067
2443123
2518545
2526035
2584401
2614951
2629451
2653651
2675401
2690521
2803789
2817955
2828665
2847815
2871451
2944411
3013837
3114217
3117255
3185291
3225505
3231163
3307751
3348465
3349369
3400545
3469351
3502555
3523429
3542941
3654745
3667533
3718273
3730497
3738865
3818779
3883153
3942301
3958421
4089921
4109205
4114757
4125793
4170895
4212559
4220371
4223905
4470701
4572901
4634841
4687665
4710121
4908157
4964491
5046609
5093497
5149627
5204993
5285371
5394481
5434399
5468065
5555397
5558473
5620353
5644783
5657345
5719171
5783163
5794705
5876605
5952111
6079255
6156601
6311197
6374215
6387085
6473699
6512241
6650281
6772291
6818017
6846517
6864485
6873359
7027801
7042065
7078345
7089195
7179901
7219829
7406985
7517731
7576801
7595589
7697481
7787515
7840273
7902631
7919105
7930585
7962137
8201635
8227741
8292839
8324357
8415105
8491951
8582911
8588361
8619331
8707733
8757841
8866651
8994049
9050257
9136821
9170305
9263797
9347297
9362665
9476047
9479119
9524285
9527545
9563593
9582441
9588145
9731881
9794881
9821785
9841665
9846313
9848365
9976973
9990751
