123
533
1561
1599
2899
3829
7111
7201
11121
14023
16341
20293
20813
27217
31529
32657
34001
34489
48391
49777
55081
56593
61777
62283
65641
67721
72433
86897
90159
94249
95221
107263
112463
121981
123319
124657
135109
136489
138061
154481
154633
180913
184141
185249
188881
189267
193721
194299
211069
216017
220441
222241
223327
223343
225541
227051
233569
245077
255781
258301
259153
263107
268481
273259
281281
282541
289913
292087
300243
313073
345157
357631
368173
376177
376201
382161
385841
394581
395557
402961
416521
442267
449881
462689
472537
488593
499681
539537
541621
545233
545941
552817
555601
568801
582913
595321
595489
609817
611689
639871
647377
655291
665621
669143
670561
679921
702781
704011
714401
720821
760609
761971
762889
803023
846281
853333
853867
860431
895847
962081
972953
998371
1013433
1034553
1072441
1077681
1088017
1098721
1121873
1159093
1162027
1163539
1168273
1173763
1200409
1231169
1241329
1259101
1267477
1276021
1276093
1303381
1305529
1313599
1325741
1336321
1394041
1397773
1398943
1412533
1452811
1487329
1494241
1538769
1542871
1545781
1551817
1574881
1585753
1735633
1754887
1829269
1852357
1875841
1878331
1918513
1940989
1952371
1985179
2037997
2081089
2093601
2127301
2133889
2160973
2181733
2259251
2285749
2315721
2329681
2361217
2388127
2497249
2497561
2505799
2513017
2522869
2543761
2558401
2675377
2686197
2695069
2714323
2763991
2780497
2803333
2834599
2850833
2867601
2901039
2925091
3031171
3036397
3038633
3041521
3042991
3092641
3111681
3121131
3140479
3180001
3182161
3207061
3335941
3420583
3434101
3440693
3464241
3471823
3486421
3523177
3560761
3600649
3625153
3635731
3642041
3672289
3673969
3736021
3740307
3781411
3790081
3790417
3988801
4020913
4182001
4237021
4237761
4314907
4335697
4338461
4405601
4509721
4524391
4529229
4549399
4647097
4682809
4700411
4713319
4798117
4871881
4892989
4940261
4952341
4999033
5031853
5074861
5126101
5127031
5145801
5234593
5241457
5248027
5278141
5329729
5350313
5570383
5603767
5621707
5706793
5725063
5781619
5800121
5804569
5826367
5855311
5893009
5908141
5949121
5969041
6003829
6196501
6211051
6395009
6464101
6565651
6644929
6694657
6783041
6880957
6890401
6900353
7009729
7065901
7128561
7232113
7243921
7288081
7440033
7440841
7455559
7500417
7515667
7580557
7591321
7596433
7617637
7942561
7943001
7992217
8014913
8016181
8027489
8078961
8103363
8188621
8194241
8301721
8379793
8391853
8472601
8510881
8591401
8593201
8642053
8730253
8807101
8899741
8925049
8928833
8966161
8978203
9025921
9104497
9129817
9172129
9177521
9201921
9222721
9232421
9281791
9302833
9309091
9358701
9424801
9469813
9671641
9700363
9702901
9716421
9855241
9964307
9969661
9990433
10107781
10118953
10123313
10303801
10427599
10551399
10670023
10693333
10788481
10807219
10959841
10985401
11005409
11053441
11083933
11100271
11316901
11401321
11404621
11451701
11521741
11579601
11725467
11797963
11877481
11881021
11920771
11949901
12137429
12144817
12147521
12190789
12219337
12293623
12297281
12397153
12413841
12427689
12466091
12494491
12696101
12726919
12755917
12827629
12969001
13003981
13020931
13193841
