54
63
189
1266
3213
3649
4431
9937
10761
16821
23499
31773
38161
38179
38623
43877
53601
55981
62033
74971
77697
80901
82089
86521
92137
106729
108837
112021
112471
122591
123577
139471
152457
164609
164917
172749
175953
177849
216883
225981
234709
235183
253981
259741
265026
268561
270397
285957
292009
332627
337771
353953
360801
367669
369437
391041
410697
414901
443691
505171
518293
534751
537121
545238
558297
576841
586417
588901
624561
626881
631261
679337
704257
725401
729513
732421
756361
777061
781509
787249
799849
810241
813691
833661
836689
846793
883017
904267
927591
941409
943573
949501
958981
962001
973226
1004337
1014733
1017757
1083133
1145341
1148446
1292341
1338841
1342921
1359297
1375573
1442601
1523041
1542241
1553221
1553833
1612129
1642963
1652113
1660781
1663081
1666883
1667593
1713439
1725921
1818181
1844851
1897081
1919413
1934227
1936369
1946929
1958251
1962361
2017897
2028933
2031866
2032381
2041986
2052361
2097217
2151091
2187423
2194693
2234701
2240937
2252721
2263501
2319193
2327821
2399266
2419921
2517441
2624139
2705601
2728441
2747857
2765881
2768239
2897929
2917153
3034153
3051217
3137751
3170701
3204801
3269593
3432997
3435721
3448666
3472651
3483457
3499621
3557709
3583441
3657301
3769801
3770641
3784651
3881593
3898711
3919293
3947061
4083577
4086613
4099177
4151071
4169483
4240657
4244373
4273021
4289013
4295941
4302721
4321409
4323601
4356751
4548601
4549057
4575313
4788301
4823683
4835089
4856382
4860037
4991059
5028451
5102637
5136859
5180401
5277781
5396653
5413701
5608513
5728843
5780161
5819591
5891566
5909289
6023449
6101929
6124133
6173179
6192353
6309967
6366081
6368563
6409789
6572761
6799417
6833281
6837069
6871999
6907141
6993001
7040097
7054831
7106009
7226209
7307422
7321483
7522309
7524829
7678921
7691311
7761209
7802541
7873411
7880041
8000721
8008309
8051971
8059446
8237773
8245546
8248681
8292061
8381191
8395093
8422111
8430643
8441093
8561593
8619561
8846341
8883702
9045631
9082801
9092201
9142911
9150877
9196801
9294797
9320081
9383501
9564601
9604387
9620857
9717361
9829729
9847567
9931777
10096794
10104409
10205299
10231931
10341631
10388457
10453717
10525411
10530913
10645281
10668701
10683553
10710793
10718641
10768303
10786177
10798231
10876957
10923083
10964969
11009033
11016811
11084569
11282257
11467189
11487529
11505481
11530693
11556109
11611601
11758151
11812633
11826409
12002929
12038941
12199761
12215941
12237689
12259941
12262933
12296813
12326041
12372427
12482101
12540061
12609901
12613609
12691309
12691861
12723313
12724297
12847051
12853761
12888289
12950933
13037521
13569751
13610269
13618273
13807957
13883351
13907251
13936981
13939253
14067329
14088781
14193901
14253553
14296393
14442337
14531023
14532689
14577949
14609113
