159
1513
2653
2703
2705
3111
4505
6307
6433
9197
9911
15861
16609
17119
17461
18971
19545
23745
27931
28673
32241
37787
45907
45985
56029
61671
75565
78387
114427
115381
116713
117601
125857
126511
127723
136051
143365
157873
168351
170969
174471
174529
175165
209587
212521
215021
231251
235585
240745
243111
243985
263681
280211
293161
301631
303501
313601
320503
333401
341479
343001
348301
353991
354223
371041
375589
376989
400521
400945
408365
415241
435711
439111
442765
462001
466901
487441
493837
496111
508441
509881
511309
531467
533471
538189
545241
546805
549451
604571
623429
624001
636949
646057
652151
655129
670701
672337
676651
688605
703045
703171
734161
742431
743101
777547
797385
828019
830389
831517
839785
846665
892891
910729
910911
914527
930443
933521
961261
967521
994897
1018501
1031867
1037323
1040257
1048321
1113211
1117299
1138291
1157573
1180585
1202971
1222521
1223041
1264817
1269841
1296505
1305433
1328251
1351211
1353041
1370689
1385245
1396601
1409305
1412503
1434021
1435273
1449991
1462231
1588357
1595441
1611073
1626289
1641571
1666069
1703791
1704745
1720497
1737737
1809889
1915801
1947061
1974001
1974211
1984819
2062649
2077791
2106113
2113697
2174113
2192989
2207821
2208585
2217547
2253401
2287745
2295271
2298451
2311383
2338051
2390353
2391283
2409721
2422297
2437205
2438107
2458717
2479051
2492601
2510369
2544985
2551897
2642785
2683185
2710191
2781281
2807039
2823553
2886751
2924161
2974201
3022273
3082321
3104389
3124345
3156679
3158641
3160441
3208363
3239237
3240049
3324901
3333101
3354529
3356905
3378545
3390211
3411451
3458631
3480253
3502545
3522009
3525341
3576811
3612961
3645631
3676961
3743383
3755081
3895741
3966361
4008649
4081265
4092665
4110377
4184077
4186249
4278849
4318381
4400961
4438281
4483801
4484265
4525041
4555201
4653637
4762465
4821641
4844701
4858005
4886311
4938789
4972801
4985641
5097731
5194151
5219493
5225089
5335669
5363373
5380081
5408261
5564545
5647809
5796133
5812351
5874891
5929977
5997169
5997651
6035713
6116005
6178649
6335221
6347569
6469111
6483885
6488101
6515761
6570145
6586665
6605539
6617719
6650101
6656959
6707287
6861037
6915021
6937531
6938153
6956961
7130663
7136191
7139577
7171165
7173661
7217911
7299001
7301121
7311617
7368961
7453001
7454981
7530373
7553491
7709857
7717171
7759465
7881217
7920001
7938901
8002065
8016241
8081605
8255801
8263581
8315191
8343685
8349671
8400981
8420851
8520049
8555921
8580801
8716645
8819041
9106291
9187561
9277633
9283289
9372661
9387451
9446401
9495321
9502417
9511321
9521445
9602189
9632591
9637447
9662801
9733129
9739969
9843409
9946537
10010001
10089129
10131427
10132561
10186489
10214621
10316593
10326709
10350697
10444861
10642731
10661505
10695721
10755499
10763221
10797331
10810921
10842811
10895113
10967881
10974185
11080945
11177601
11287741
11362771
11379161
11382121
11545465
11678313
11740709
11766601
11849051
11877701
11913287
11960033
11964481
11970701
12059265
12156145
12202345
12223443
12244381
12257169
12327217
12478831
12514201
12596881
12625627
12647265
12716183
12734219
12740617
12874177
12887137
12959905
13048993
13061161
13097701
13153785
13155073
13237651
13242919
13245601
13324411
13363241
13447731
13568281
13583849
13617091
13710529
13716691
13741505
13896793
13962721
13969201
14026411
14065885
14172577
14273911
14421837
