3172327849
3179031913
3181418461
3182227729
3185550323
3187313341
3189636209
3207079591
3208279021
3210223249
3229602401
3234976981
3236219407
3244566079
3255266629
3263141773
3266176411
3276360361
3278038609
3281038291
3284849177
3285456491
3286262101
3290579641
3291421069
3292086721
3292900183
3295980223
3297666217
3298531979
3299142911
3299163011
3314111123
3319374169
3319948945
3326768677
3335899927
3346311151
3350806171
3353189617
3354066841
3355370941
3355811197
3358551043
3358680277
3365345017
3377743513
3379111429
3380848153
3385173457
3388339531
3390564241
3393077837
3412054201
3420044387
3432881233
3434438701
3440232193
3444597601
3448160959
3463181437
3473599691
3478623409
3481219373
3499857121
3503763889
3507479473
3509715721
3514639501
3521383951
3523457197
3525528943
3534621241
3546488401
3548040193
3549112057
3550063477
3556778257
3559066513
3565034101
3578808421
3580768981
3583375681
3593444009
3616681249
3621571609
3629639617
3636081721
3636615691
3643371791
3643480501
3656511073
3661339771
3661380361
3667561801
3677613571
3680922571
3686919161
3689127773
3701555113
3710390113
3713066389
3722761729
3723182641
3723891331
3728989441
3732674401
3736765273
3742812583
3756507301
3758343001
3761091937
3761878429
3769256401
3774351901
3777293521
3777434987
3780340357
3780964657
3783532309
3789077797
3803161399
3811388689
3826371193
3829068751
3833846641
3839646721
3852107209
3859021609
3866943217
3868576801
3875802253
3879037801
3903734437
3904399409
3905583823
3908131991
3915262171
3917318299
3926883469
3929915501
3948503543
3949702717
3953863807
3954403153
3956902801
3957830449
3964220371
3964935913
3978673651
3988499789
3991544129
4005122557
4005508069
4006537921
4021546777
4026225967
4026545461
4029869101
4032345601
4034401561
4037490451
4041605713
4051754851
4056207031
4057527251
4070491489
4070906753
4079877037
4087580771
4088778493
4088827657
4092555391
4101746533
4103331277
4105151233
4107165301
4108863061
4119672941
4119871141
4121985253
4137446413
4143633751
4144945351
4147525429
4167331667
4167355501
4172898547
4174894081
4184886581
4187584133
4197687313
4201027153
4204605623
4217112391
4227636337
4236218861
4237802713
4241317571
4241480923
4246227421
4246416817
4256744185
4257747133
4262796001
4263649699
4267640833
4274270051
4286028577
4291157641
4296570923
4306618357
4311568117
4314177253
4315044673
4331017081
4346085301
4346562361
4351886353
4358020273
4376440961
4377277921
4378981877
4379957851
4394087251
4395391981
4396615651
4400417881
4406228641
4409251741
4414030921
4419622513
4437895177
4446076273
4450810801
4457493217
4466822747
4473808201
4483554661
4485309799
4486218049
4487860081
4489039561
4495547141
4505391437
4507076281
4507965793
4511863729
4521132481
4522576423
4538361601
4540252421
4542320197
4574403037
4588320413
4590758269
4604874913
4619788561
4628824201
4638257821
4655061451
4656292033
4675059341
4692000031
4693683287
4711888189
4731114961
4735786213
4739887021
4757217373
4784506189
4785272857
4785429221
4792808021
4813274057
4835788409
4838856067
4852236091
4861480537
4900359133
4901485681
4904656973
4907838439
4914111133
4923029959
4938017041
4956781393
4982251177
4987615951
5000757919
5006071709
5010965389
5013033481
5022334297
5023663093
5024324923
5034684943
5035072969
5038277353
5040731671
5044262527
5054218501
5073685201
5075007043
5075729387
5082570949
5095072693
5099747857
5100744497
5102872661
5129156089
5137260701
5150361913
5156153479
5158022329
5160971521
5165059681
5176313281
5179852373
5182663501
5184320149
5188532287
5196823501
5215122023
5220563531
5221010521
5221926041
5235936841
5246551561
5249244001
5250625511
5257397449
5257706107
5260619029
5269238333
5269363189
5270390249
5274973861
5282010163
5284016611
5284970497
5297203421
5309381521
5310579349
5311682191
5312977489
5318462521
5319169489
5319310501
5336772673
5337693409
5339182447
5340968201
5341327273
5353312007
5356473401
5380105741
5394976133
5397553801
5401358639
5401724329
5407195571
5408996941
5421159479
5432487217
5441287519
5442106297
5447835469
5454436027
5459856509
5464728721
5471753881
5475778631
5491153861
5503870081
5505047123
5507142649
5510667097
5511302761
5519124703
5526894031
5539084591
5557044907
5560277473
5565559897
5570803663
5570933761
5574808801
5604932881
5611474009
5619475189
5625490513
5630170033
5642621161
5649689737
5653564141
5657519557
5663848321
5670481561
5683246711
5692942153
5693496817
5694211847
5697540217
5704538281
5704659137
5706378757
5709377881
5725307051
5729029951
5729529121
5731036741
5741922133
5751045901
5751392641
5773844641
5777337461
5786776561
5792325841
5793993151
5795542117
5801176487
5806435969
5807151437
5809966501
5811877177
5814897157
5815457033
5816756977
5829257281
5849670973
5851034659
5853479971
5868894131
5871287941
5890014433
5893622857
5896484701
5897386061
5900910961
5907806341
5940433153
5941368613
5942507243
5948216761
5949475201
5957562817
5970083857
5972852521
5992141069
5999281573
6008605711
6020591917
6022122569
6022287781
6027216287
6036276121
6037491169
6040218001
6040952887
6049303753
6052380853
6055440301
6061612969
6095353951
6095879551
6097727269
6123341729
6136368241
6140491201
6161808511
6175708897
6176020681
6185166989
6191511899
6200631013
6205650841
6211067743
6218165881
6220790291
6224597641
6236838973
6272881583
6284975527
6314038921
6317039629
6334259677
6336167569
6343789621
6360579553
6362584051
6364992251
6380284681
6382787191
6393817585
6437477791
6456530821
6457280491
6458646097
6471740629
6487281007
6489457321
6493385893
6497651203
6503028827
6505408501
6516194569
6518502509
6524627617
6526990369
6527125751
6551485951
6552451081
6553922737
6554839589
6563768693
6592109627
6594371191
6615284483
6633058717
6641906077
6646637323
6651421531
6652805713
6662824279
6670126321
6683089141
6687043921
6699500161
6716153833
6728631001
6728744359
6756657601
6757207153
6772771003
6782604277
6788359657
6790188481
6801695077
6817608211
6819413833
6824775187
6826879201
6835312513
6847034911
6862713661
6872205227
6873864961
6882296963
6882428071
6885887851
6886394173
6908565217
6930243193
6943973059
6945967057
6954626953
6999979807
7002778247
7010102521
7013271781
7015222523
7025862001
7037680561
7040014147
7043450257
7057175137
7092357193
7095437857
7099974487
7101197713
7103092501
7120870417
7123747831
7124426821
7140781831
7142115109
7159675319
7167573859
7178598463
7184514373
7191632431
7195975489
7197500213
7213741057
7217159779
7218172417
7232642881
7240853101
7242209101
7248406057
7253344081
7257314521
7261919281
7265477627
7278505151
7281433009
7294552201
7332113881
7340235013
7341119761
7346736601
7350348601
7364616533
7366574429
7388690311
7403441317
7410042109
7417149673
7434216289
7443137857
7444334701
7445321101
7453892161
7462036711
7470117433
7497558223
7525126057
7544064533
7544641231
7550212177
7560117241
7560930337
7570932361
7575776533
7579330357
7588182691
7595575681
7612598449
7623881581
7632793403
7637944801
7645152001
7677245161
7681282381
7692633481
7704375121
7713299137
7713789721
7721492017
7721537231
7766929873
7787911301
7790988601
7793704703
7802139931
7804481581
7805581211
7807003627
7816037473
7847501539
7863571951
7870337641
7873402081
7901723261
7910466997
7910926481
7911108361
7913754241
7919409193
7919448841
7920285001
7930672691
7947855169
7949248009
7969449811
7974695317
7983675487
7989137521
7991526313
7991812769
7995888601
7996310747
8001600517
8011692001
8025369661
8066097121
8073889561
8085446947
8110741621
8112563257
8143726849
8151415273
8158726057
8160708697
8177512333
8179863889
8202019093
8212838833
8217021121
8220667561
8256889873
8266066447
8272860751
8273943217
8277095083
8293981081
8297285713
8299720183
8313290917
8326909571
8332750021
8341732111
8362596023
8373196157
8379837913
8385860347
8390048383
8416493647
8421812281
8436275851
8439125449
8455858231
8456969233
8474773429
8484652201
8489656033
8491759849
8493460021
8496914581
8508676247
8510160187
8515768081
8516008051
8520455761
8541782533
8571310813
8571900961
8572602361
8596817281
8614525441
8614938697
8624607769
8638115713
8638906321
8639251741
8642404009
8660733901
8672148937
8672196457
8690943241
8691728273
8697591673
8718251881
8721924821
8722239937
8724977791
8728759591
8729529961
8757471277
8759597047
8775832369
8795069641
8800923223
8802758551
8822324101
8829404501
8855224897
8864954701
8865072001
8887412197
8914740229
8922115621
8927201893
8937370417
8962912421
8968961737
8969103553
9002101421
9003137329
9006845941
9017155709
9019126789
9035928397
9036897913
9040391179
9042046201
9042519637
9053332237
9058815221
9080638373
9081392711
9105290101
9114745777
9129218551
9147009889
9147625057
9148620853
9150204781
9158262301
9181818181
9183220957
9200717597
9216408001
9216592001
9228774673
9230251213
9234681457
9237434161
9238906933
9263235101
9272234071
9279969817
9291874973
9349099057
9362032057
9372237703
9373373507
9394036721
9404900689
9422179621
9433660129
9440440417
9465918211
9469517513
9472674697
9472771907
9478434127
9510903469
9514073141
9518798413
9541797541
9554102839
9555868951
9561410437
9568272281
9573862169
9594103579
9602433751
9634408381
9656995811
9668053441
9668053501
9668978317
9670037221
9680928913
9689811877
9717923203
9743308801
9787083623
9788353849
9796347269
9812526319
9813146341
9839954629
9841454281
9854863801
9858755713
9861322771
9865566959
9878311301
9888160501
9897137011
9898001569
9901135711
9905010607
9907197901
9908281729
9909303293
9914091613
9916699339
9936620737
9938026667
9944087791
9947635721
9962765749
9969345131
9990013801
9994899647
9998760001
10020850489
10022200129
10034362801
10039053169
10051833611
10059691357
10070979949
10095761497
10132393951
10160617813
10184928401
10189678651
10196372201
10259781457
10264488601
10275351901
10286232199
10290012349
10314247399
10317879937
10320265063
10321704781
10367998801
10368430381
10375196833
10380363683
10416617669
10417187089
10418210573
10424051569
10432362781
10435945339
10440946981
10451989393
10466683327
10468230337
10472218969
10496009761
10516023937
10524751777
10556383969
10572210181
10582126633
10586309041
10614741409
10621372933
10621654187
10630888061
10679784223
10682565917
10685555021
10694037637
10695386131
10697573027
10700675399
10706568949
10725472801
10727864051
10744785001
10745146037
10745986507
10753764107
10762728601
10765117309
10769718961
10785750301
10787075281
10791295633
10791360001
10799012449
10809192259
10819486501
10820382619
10826821777
10833012145
10854653137
10877198401
10888149191
10892529001
10918355761
10928470897
10929460741
10949186449
10954360877
10974055681
11003796079
11027808667
11031607753
11065535599
11075711869
11081077453
11081423263
11101303081
11111536907
11118892201
11121558533
11124167941
11149044121
11154170473
11177167711
11177949421
11178719081
11185217737
11196306313
11202754837
11210657569
11256445369
11261411899
11269063261
11276587009
11282272933
11285905177
11290738933
11299105357
11310761041
11320270043
11327269537
11332771171
11346918977
11385478301
11399595481
11402006477
11404633633
11429556121
11443977179
11455977457
11463993787
11470142017
11476442869
11493713941
11500699561
11506965601
11519424523
11525546869
11546938789
11549541601
11550323611
11583980101
11612499001
11644400839
11659043089
11662976617
11673526771
11678522411
11682803233
11696708609
11716156391
11725157123
11748497905
11752755199
11752932343
11763107357
11780377261
11800373401
11810597587
11813921461
11825916721
11833203661
11841845947
11848030489
11868004849
11893401701
11898905869
11900813521
11901149119
11947542913
11961450271
11963679859
11964194689
11974371841
11987729821
11990621833
11993060557
12002899273
12003118229
12014269921
12021332101
12044398273
12045065761
12054775297
12066542881
12067278737
12074313161
12115990693
12118912513
12125183911
12131010217
12135760849
12149597593
12151737053
12157549561
12163211089
12178937779
12179476453
12189382661
12245716339
12249990853
12258257441
12299423995
12300547201
12308183941
12319098049
12349353073
12354205889
12361241941
12373652741
12378085501
12389086081
12392095213
12399752161
12410598901
12415427069
12426824257
12463708951
12497943277
12498155191
12504304541
12505918321
12509426161
12511549931
12517482433
12523004677
12547812289
12568753963
12595392053
12622529617
12622942711
12649918301
12652870597
12670668151
12681391321
12692408041
12715568923
12718983841
12720744709
12727521217
12730627583
12748171487
12754428409
12756629497
12797242321
12808214077
12817586263
12823290341
12834237263
12836215771
12850701337
12878300497
12880146007
12898641893
12900035713
12906031513
12909900511
12916696213
12920679721
12928983553
12936736541
12943121497
12949732801
12953679961
12964872749
12966232399
12971983403
12978735727
12980670511
12983956273
13008254143
13015253333
13029120077
13037868649
13037931481
13063475569
13078488421
13087818967
13093164001
13102273729
13152630241
13155459157
13171491097
13177155493
13189324583
13195035937
13208962561
13220130841
13229524309
13244753281
13268256193
13273586929
13282398463
13291867153
13306913101
13308242641
13319848603
13320366193
13323478879
13335202081
13367260441
13376147401
13378274261
13382716777
13413328237
13418339761
13427935201
13428304033
13431275167
13462870441
13475605081
13516862297
13545586981
13554763273
13554800029
13564937161
13577563063
13577595121
13590252541
13632489901
13663698049
13669188751
13672336861
13672688329
13690284481
13693381711
13717944913
13724305897
13731640217
13733605981
13751894617
13761088657
13761259961
13764856141
13767411373
13779296917
13810811893
13878686333
13892062861
13896949141
13900751911
13901340119
13912866529
13913808373
13913821351
13921949089
13923816937
13935365029
13955118277
13962747817
13964066731
13982150213
14000974849
14016644353
14023902601
14025921491
14037441991
14060089391
14060608453
14068715761
14075036221
14077873153
14082865567
14100886801
14110292051
14130595351
14133522187
14164568573
14178008161
14181853919
14190339871
14210634049
14222875357
14234400211
14237648443
14243321311
14298356623
14299803289
14323220773
14331099917
14353097461
14355720947
14362611649
14378452243
14400424663
14408137441
14420856913
14463012061
14481913153
14484288961
14492948551
14515402357
14535940339
14545109017
14552582689
14582870761
14583494711
14588070751
14601210401
14609233393
14609849161
14628965041
14636635289
14642837761
14675172821
14676161041
14676521677
14700003601
14709623221
14716226971
14718214327
14743308247
14747472581
14769783601
14790600679
14791531393
14798214433
14799568033
14804842531
14806655137
14815654057
14833745551
14857018439
14858345233
14904502603
14915616157
14918394121
14929317901
14948387749
14961974129
14965945021
14970521651
14980979161
15017676661
15025341241
15056217817
15068981821
15098732821
15099003253
15106700251
15109933753
15115809481
15124095757
15156053581
15166833823
15189115303
15226260391
15232624513
15240532561
15243132901
15244507009
15245468929
15283731079
15284814301
15302385577
15333763747
15335302231
15335357281
15339647431
15353163901
15354643501
15364841917
15396621161
15399097729
15413455441
15426278717
15462497231
15485759059
15500246401
15501976933
15530271121
15539967451
15549109703
15598913221
15600164581
15611802001
15611882659
15668996671
15671749633
15672005521
15685125661
15688025401
15697948729
15699862609
15737150521
15754152121
15769406537
15772262017
15795729217
15800463757
15851555501
15879930421
15881458969
15884869141
15885525979
15898387429
15931453561
15934280749
15936200953
15939511237
15943703851
15948953161
15952838353
15956147881
15971075251
15972806341
15981394249
16010204719
16018850161
16020268021
16021747477
16023378817
16103352259
16122737341
16141122653
16141699081
16146451801
16149689063
16151731597
16168091041
16204334021
16205107249
16211159641
16222459681
16230026867
16233384961
16241596201
16295390401
16296151513
16317181141
16332873257
16365806117
16384226671
16424660641
16432689941
16438470793
16449784121
16504517233
16524172541
16525944913
16540542737
16579684831
16611522643
16621035841
16629413509
16632549541
16656444169
16661748241
16670574131
16671980641
16689458629
16692856259
16694720197
16698477289
16707124879
16725505897
16750210357
16757351011
16767134281
16810679731
16813938529
16822342969
16826615233
16826910361
16826921791
16844917249
16848300151
16851659653
16901581709
16902742189
16915580501
16921187743
16926580801
16938594811
16946372717
16954781573
16964860753
16993299049
17014356841
17025587149
17025770087
17035837757
17038713829
17052507517
17102681597
17108340157
17109548707
17115474979
17137004221
17155108777
17166681541
17170270399
17173196281
17186585683
17197005361
17204749319
17209530553
17221763333
17242931161
17278029553
17294069953
17297092639
17311170481
17326480033
17328401729
17331914221
17336209207
17346434549
17384973841
17385160171
17387601421
17387903989
17398948439
17419139011
17420502553
17443143391
17471020627
17474013331
17490734281
17509380001
17509496269
17521290079
17540050763
17540440891
17544812671
17550630533
17595173993
17599117801
17599782271
17601730561
17615162461
17619622957
17660887921
17672915521
17719691221
17739211921
17743906133
17748022333
17748934741
17755532821
17785348681
17786388701
17842925431
17894173273
17895456853
17909286553
17914896607
17927247241
17968533751
18005919553
18018938887
18022454311
18024185401
18035660809
18036048073
18040861837
18043434061
18061633781
18070448017
18083043449
18099040513
18134299861
18153538993
18161265667
18191387239
18200052817
18204800851
18213556301
18222353731
18225790741
18228919301
18234462821
18254906881
18268245797
18353898109
18390652801
18391888021
18419226047
18420837601
18426472417
18433723969
18434837881
18442355713
18456600121
18462627067
18462887447
18506074273
18518250271
18531094727
18535860901
18558723481
18573402061
18576347077
18589089889
18600723301
18625082051
18640305601
18640377631
18682070881
18689039513
18689980717
18692097421
18692945849
18737818093
18740662201
18767522689
18805263061
18813148171
18824137711
18825305549
18835546123
18841698361
18865054097
18883961251
18897203333
18910947841
18965312701
18988082107
18990981271
19015312027
19039064221
19055886121
19070294563
19107696529
19113912841
19131461273
19174371109
19177292971
19196972659
19214305111
19215404401
19245894053
19271430487
19279484977
19294170001
19323016417
19336871137
19343053901
19361597509
19364760941
19380057841
19441765801
19499837393
19503107237
19520290733
19554570421
19558432801
19591566103
19605899899
19616189941
19625949529
19642723123
19657310051
19660813147
19679207857
19682499541
19693221601
19698338981
19711322761
19737908401
19769090353
19775669833
19794248251
19826871511
19826887681
19854163871
19856360833
19892626513
19913173463
19921100851
19947869099
20002674829
20091840841
20142559141
20194740721
20207705743
20270316601
20277185941
20297332303
20316970279
20324145997
20350238281
20352797921
20363297417
20365040521
20370146941
20374350877
20399291509
20405863201
20413056523
20416656691
20455699669
20458148981
20476914937
20479743553
20486941177
20493088151
20516143933
20522769961
20527378621
20562265219
20564728477
20585001301
20585740033
20589987703
20597369521
20607983449
20625322547
20647863289
20656418597
20688856549
20710389421
20712772891
20732517889
20737450381
20748757823
20775157177
20783158909
20793849283
20809680221
20820354409
20832946471
20870598349
20871040217
20871640693
20877630583
20878023941
20880819901
20889888241
20895959741
20898794281
20900575541
20932658737
20964767497
21039209731
21080066641
21108206197
21122935609
21138630283
21151033921
21161940661
21169743781
21204799981
21236947741
21242200537
21250288333
21260078621
21275388181
21287044237
21316565947
21359395919
21372239869
21381190091
21384596153
21402973751
21404824711
21409835437
21460489153
21460755401
21461845969
21478487551
21484357549
21488906293
21498304759
21515999401
21519980401
21524397571
21530455897
21557121301
21565389259
21566559001
21568991797
21569388961
21580491787
21583569961
21587883001
21597339553
21610507411
21611833561
21669508297
21708993721
21719288809
21722362789
21729166399
21779348917
21781793827
21793925779
21821192831
21828391633
21836579257
21869092909
21871489069
21883379383
21888234373
21935844361
21956115829
21961947211
21962456881
22023555121
22045696087
22046662921
22069233089
22073899013
22079375137
22086525631
22102680701
22108367881
22114528151
22115961743
22124876761
22140344857
22161586159
22163004757
22163156371
22167476501
22168747009
22169548441
22172293441
22205455583
22236192731
22245140741
22271405251
22304691683
22327912729
22418916097
22421244037
22428694081
22440832273
22476147301
22494340441
22506103153
22529058301
22534523899
22536047377
22537602061
22558312561
22571539849
22572638089
22580297027
22624946261
22638493991
22645741561
22657996411
22679660161
22714265389
22733880913
22763922409
22775387521
22776203803
22783450621
22798279921
22835932939
22846822627
22850932807
22876748563
22884564553
22916409001
22919650009
22934913149
22942258151
22942617853
22990089571
22991088781
23004322501
23013203761
23017599049
23026481281
23035378969
23035983601
23037973397
23041449121
23094937469
23103138589
23113461773
23173460281
23237244343
23244513181
23259737437
23268548161
23285776897
23450812799
23458519897
23480304721
23490284413
23531016673
23586497713
23589355637
23599205521
23600702861
23607620087
23609970121
23610678967
23619284137
23633210239
23645909521
23649595201
23652089801
23676510001
23707533709
23723755537
23725023601
23733580357
23741313961
23763365851
23784824471
23793244201
23798433961
23850648589
23880788401
23882631697
23901131209
23912422129
23952182437
23957921671
23963379991
23971769077
23988513551
23996433913
23999871673
24017165041
24031749481
24079379329
24083464831
24151546201
24254307577
24280338497
24282978193
24299236891
24344835301
24369108289
24450755011
24458549611
24477331861
24499183609
24501680029
24517407421
24518465707
24521918941
24524829583
24573766753
24583893283
24605764273
24609211009
24618065011
24672390913
24673488607
24684333661
24718597921
24727792321
24738649867
24750751141
24772385717
24785928649
24786566911
24795580519
24826547491
24863360749
24864408661
24871810591
24879573097
24886266553
24924812989
24939397561
24947840149
24980402077
25005292441
25017293881
25029057961
25033884289
25039051921
25047792001
25086624907
25118175619
25182604477
25193264689
25221048553
25251253919
25259017447
25259957599
25282720511
25288403869
25304202001
25312158691
25377891841
25412842561
25435224173
25491599281
25502096551
25567100833
25780769281
25785754667
25807424941
25823787757
25824220351
25835571919
25853523679
25860610961
25895930311
25912503037
25967277841
25976797201
25989310757
25993207733
25993751227
26013186481
26080519753
26129194081
26131760761
26147887151
26149140637
26155598071
26160080171
26185948501
26189919601
26210334151
26224667377
26233339441
26278684777
26283404065
26331343169
26348575789
26362948393
26384789521
26385310057
26406667249
26414626153
26459001661
26472351281
26506120033
26516751383
26517089857
26517272701
26528680091
26562725281
26565895381
26631851161
26638515901
26663332957
26687623441
26706763667
26706981887
26710859743
26737926337
26742911257
26776454923
26780320841
26800147631
26819057107
26847164401
26853356521
26857713173
26874216601
26916031141
26931119077
26965412629
26982731021
27030352301
27107591837
27123152921
27124042687
27185059441
27197836777
27212659393
27270798721
27324657361
27335845307
27343456201
27372391421
27387138223
27440971993
27441799897
27450721801
27465167341
27502272533
27528966001
27535041217
27575613649
27585156041
27599439601
27600530401
27604672201
27607771417
27613290877
27613525537
27651780001
27664596037
27710970769
27716399047
27744936049
27761235517
27769756129
27788959801
27856834237
27858520153
27892032739
27909862993
27924533533
27972656857
27973426291
27974080249
28001557261
28015143817
28035547861
28049261353
28051830451
28061279413
28100158369
28103324233
28145491879
28160453179
28171333009
28188373159
28199415061
28199439181
28208893261
28211065321
28232947469
28244040961
28256378057
28349205193
28356084721
28417400731
28443187901
28454866201
28456192241
28475729041
28526868511
28545551009
28557342659
28572957163
28575567721
28594777993
28616185021
28641135361
28670094643
28725354821
28744189741
28765649501
28777375537
28781474437
28783090831
28798460143
28819803031
28845887461
28895175877
28905318721
28977281131
28978660621
29008590139
29047505761
29083782157
29113685281
29120355769
29150768833
29157526763
29164222537
29165465143
29203039429
29205352097
29222860801
29244658609
29250692281
29271607201
29296353451
29328353893
29427427633
29428556137
29434829971
29454517811
29481856801
29548179361
29552052421
29564690611
29580668101
29606615191
29612701873
29615385889
29616845281
29630961827
29635881311
29738173781
29773420777
29774493601
29782322429
29787196609
29798254621
29811542869
29867920237
29893922353
29904725761
29905811521
29920801249
29927736001
29973450571
30016233677
30037454351
30053229181
30060680651
30080326753
30085782091
30098831263
30135252949
30138741121
30159938771
30162194123
30168919861
30175953193
30209226643
30219084001
30245945113
30278527981
30290583481
30302800711
30303115921
30431799823
30475209637
30504332809
30512753107
30541751461
30556530413
30562277353
30586326289
30594121601
30605582563
30652064521
30657054961
30676030201
30693344257
30708736319
30735852841
30753657937
30758140729
30766297741
30774897001
30802022551
30834308233
30836833091
30928352677
30928540633
30935180459
30935785609
30944363761
30961052641
30985786081
31051048033
31065485501
31121028313
31141444561
31200687757
31208088917
31228937209
31255362541
31366693801
31375320481
31379815589
31384231957
31388062091
31388990701
31418311321
31438890451
31442298961
31486964617
31499904691
31536197761
31563667801
31605984217
31611041911
31618025617
31665197233
31676626921
31720199953
31741207391
31760755309
31817342881
31833372817
31859676973
31865832637
31870221293
31872121513
31875162229
31875549637
31883056661
31917213613
31926661901
31927839553
31936932901
31985992193
32059610711
32090248469
32099821993
32116261651
32131957433
32162721671
32167846177
32203752277
32231885051
32234113633
32235841171
32239136161
32244243133
32274590101
32290846561
32300890033
32309553361
32315016533
32332872601
32396348041
32416376977
32426216747
32449664021
32466914173
32480671609
32481132451
32501673781
32543088667
32568165673
32599600661
32620278601
32661296611
32674238521
32678797537
32689736521
32703406363
32779112917
32795766649
32805802693
32845410277
32851648237
32914336141
32916461579
32916639967
32918700851
32919576709
32931968617
33004609249
33011169463
33023073799
33030022801
33051549709
33074005273
33089281541
33093039547
33094713601
33116619323
33160727821
33224114821
33267060529
33307979329
33321224161
33340814431
33359592547
33377207501
33384427579
33411347863
33441180637
33449137037
33483869569
33520515211
33542251849
33546469339
33572948473
33643354951
33649745111
33699134041
33706145023
33729111557
33761686157
33762886273
33767551121
33789735571
33843139597
33866886637
33869429521
33881639041
33886457137
33943954061
33986315521
34009996301
34017042151
34051919383
34067961379
34085222081
34086217177
34123996061
34153873657
34155608401
34210989599
34255385111
34267641439
34327999009
34334098273
34391539009
34401454489
34443293041
34445655001
34477188241
34530372823
34598816617
34602400523
34631914087
34639923781
34641407809
34644943213
34700213941
34724892941
34791968611
34825933501
34833463087
34885255861
34900271929
34941179107
34943483717
34947173647
34955484301
35147719267
35155085401
35156907361
35186406389
35229794041
35250605371
35321035933
35377867757
35410644799
35419669069
35431105439
35455532701
35460103141
35485653439
35498419381
35562960001
35625879181
35637286231
35685624241
35746457507
35762933809
35766847201
35770055473
35807723953
35857280359
35892336031
35904788261
35922606457
35943837697
35961764941
35965874881
35983279391
36010701211
36011999101
36015093721
36046617251
36050725331
36067138369
36115712833
36132897601
36142512121
36142638811
36154119601
36165262801
36194564953
36199501801
36215892541
36216008641
36240387889
36255903841
36319676051
36372677587
36378826669
36391380607
36402692701
36420541261
36423091849
36450733021
36465598993
36513903593
36538095661
36542623501
36642077123
36702634321
36708661879
36735876241
36738299041
36752147983
36765295901
36775330201
36799220137
36813585121
36848490841
36923911201
36934262933
36936688561
36937254391
36964711057
36979544747
37016124529
37117725311
37146917419
37149269257
37150601077
37151364961
37232483977
37244975041
37247689051
37260949501
37279708621
37284662903
37291692061
37347872239
37388008939
37408780501
37421758561
37421760853
37465731661
37479015377
37518065491
37522571689
37529810671
37581989953
37594909153
37600872517
37614887857
37689444271
37723370023
37785397249
37789008601
37790083817
37799253259
37848757537
37869284083
37869685207
37894996309
37938736081
37939706443
37951767031
37955560333
37966626413
37975820261
37976135401
37977361357
38030044693
38036623741
38042079121
38067664339
38085669481
38101640221
38119236013
38171703481
38179807201
38193914081
38223339901
38224121849
38228784673
38240038117
38262359257
38276763163
38277908023
38314384501
38383167967
38406126673
38415759151
38424157441
38467359361
38507648131
38535918481
38584896001
38598268801
38633729941
38637237601
38639863681
38651066413
38651772871
38651789707
38673480457
38696287627
38703692327
38724206761
38739908551
38756173681
38780253697
38840635513
38843784361
38881036657
38913139201
38935728001
38961655489
38975223197
38979892079
39028867027
39055289797
39131800787
39150011017
39153462349
39165319051
39165406099
39196721257
39212250361
39231746401
39276221401
39284397379
39290727457
39303395069
39314738131
39325712161
39357714313
39402300169
39413409361
39418561771
39422056489
39427732801
39439986559
39440537401
39478344691
39513289891
39598814737
39632061451
39653293369
39677204737
39686745061
39764443681
39805803151
39834293143
39854518751
39887712239
39891427943
39952518733
39999893473
40002100027
40010095603
40017703681
40023827353
40044956729
40069736981
40078235377
40085214329
40102931551
40103380423
40149349291
40166205619
40182839399
40216605673
40222485637
40255097209
40268499149
40278561649
40289939117
40304427391
40331751697
40345452841
40345807867
40353635071
40416039991
40482453101
40498395907
40544781121
40552922873
40559511763
40561718401
40613944757
40647901573
40658108167
40693726657
40733039387
40753088309
40800233447
40836755621
40877794801
40894117291
40944944641
40958942929
40970234509
40993511851
41016349141
41018884661
41044008583
41045971931
41100787969
41130104263
41197260661
41249774581
41254039471
41263343557
41265523657
41292493201
41327620181
41426913991
41603773751
41609473291
41718622063
41720059273
41729194867
41729441113
41733822397
41734988611
41742146161
41742883037
41824287671
41864757133
41916483671
41927086609
41942724841
41971166249
41981532871
42054627647
42107737897
42121984367
42123949939
42132618037
42172614553
42215535091
42231231607
42235066651
42284522047
42295484873
42368218591
42421572601
42532158481
42551128621
42557069101
42611421401
42621786677
42666755773
42719765761
42744826801
42767869369
42785623327
42810065299
42829164001
42832314001
42836458999
42846775369
42855837481
42891183421
42982893271
43021572313
43024105489
43029539281
43039343089
43117312393
43171807069
43249003921
43249324051
43258399721
43330177921
43467292181
43491169201
43516554787
43547580169
43593232537
43607353703
43801327417
43812863989
43815825331
43825016593
43878226081
43880318857
43889988001
43938005281
43978604573
44001205139
44027091649
44029884979
44058447721
44058799049
44137718701
44179202471
44232208021
44261709409
44269166377
44289806501
44345150737
44348227381
44419928017
44433668143
44446176793
44449130881
44452276259
44481996937
44624218811
44757193121
44777039401
44787806341
44802807349
44817442067
44832810151
44864363521
44879401607
44885423689
44910987061
44927327869
44949638161
44963943491
45011281537
45057287827
45060505873
45060816851
45098466013
45110684063
45113308351
45163998049
45170532313
45175582429
45176780521
45201684553
45230845501
45237089269
45296012869
45301214477
45304127221
45326751931
45347587291
45378077179
45386071261
45429546343
45430921381
45438861493
45441169789
45451734931
45453965761
45489201913
45504542161
45530847997
45538377601
45596660929
45611771479
45635925457
45672039601
45684427501
45727395229
45728832601
45756588601
45764504017
45775599761
45836475889
45853730371
45871820051
45871894417
45881890993
45904427053
45930349693
45948462397
45952690339
45964903921
45992010373
46004303161
46006013719
46008952261
46055057161
46083759751
46104809143
46141792061
46209644683
46238524921
46253626751
46262391709
46286320711
46397922481
46407548237
46415748077
46420916233
46452205801
46475000651
46562565757
46577704699
46623261001
46639647511
46663418899
46675767343
46720358329
46757634817
46884328243
46905711337
46932830323
46962233951
47027036893
47033167177
47055560473
47084769577
47107530427
47132052661
47141989561
47214902593
47252296873
47258353369
47296535497
47325934759
47344617937
47351575681
47391391783
47479413913
47531342281
47538519139
47590057399
47605185139
47755173577
47801799721
47806275217
47846525497
47859259981
47908485019
47949678361
47992945841
48007295923
48047048701
48068638729
48092302081
48145494101
48195187489
48258516517
48262906801
48265600741
48273199741
48289365391
48296249717
48306307501
48333157289
48339934801
48369859651
48397478851
48414384721
48448598017
48487002451
48509739721
48515425201
48528764461
48613455931
48682034857
48714131551
48764304917
48772410251
48775201001
48827042893
48940025237
48941088071
48964076563
49033639873
49039871737
49040199001
49056754951
49057960393
49064359093
49068763231
49095126601
49102138619
49108026817
49130544943
49146718969
49155920711
49166266657
49196967541
49300284241
49350890551
49369802809
49413015901
49449998209
49522818061
49534320961
49541505931
49559694073
49601806549
49604556301
49606678661
49618175251
49636287307
49683537307
49686931051
49706293759
49719974257
49778469001
49813208317
49818963643
49878559439
49929992971
49935926501
49980151873
50022422951
50030476021
50033693041
50038770433
50089551769
50120052929
50163387077
50172436771
50212377793
50223278281
50295790801
50316354289
50328893341
50361403297
50365987741
50402558111
50466645109
50474636353
50487175901
50499766153
50510702023
50527837573
50579316481
50585677633
50591830603
50592708361
50604499441
50641951417
50646482881
50722267901
50733620701
50752878961
50754105361
50784048253
50791084247
50810104711
50919698363
50937149689
50985407881
51004990081
51007656961
51027802957
51031245241
51037191871
51051636511
51086285713
51086373691
51101705929
51150720307
51156565921
51192895861
51193113221
51232163041
51268043971
51285278701
51292775179
51325903063
51352472401
51362331227
51429336839
51432457201
51441206441
51466601551
51483676861
51519168289
51534934729
51564093241
51602645447
51677510041
51677549837
51685265773
51702800041
51798915001
51868783121
51875725351
51922356751
51934966777
51954900397
51964834321
51976738133
51992906081
52173527563
52174102069
52194260611
52230187081
52245713101
52281466901
52325764657
52349460409
52350698791
52359604201
52365293521
52393980277
52449263263
52455471821
52502124847
52514808337
52578861457
52687934371
52710876791
52743945601
52766315141
52782169963
52785414533
52806925729
52847618953
52892421961
52939716971
52971489121
52990136083
53028875329
53053524841
53055539477
53086624111
53103230881
53129298517
53146728097
53268866041
53287295881
53293605389
53315682337
53329588141
53329852157
53351592397
53357692483
53401465657
53407417541
53412341737
53421583321
53436955753
53457568081
53467617751
53506124611
53518928251
53523368981
53543892349
53576064457
53590857937
53605142977
53618742409
53649478789
53806427431
53825413771
53873839771
53946083273
54045671767
54071073541
54140961169
54144906481
54168376571
54247074841
54295663153
54296256757
54328317961
54432476957
54514933241
54547801523
54588053953
54638919721
54648725491
54672795721
54707996971
54730979713
54743570281
54768274741
54770334149
54792344143
54805813169
54817960697
54839713171
54847733711
54851765791
54894892573
54912208709
54918811201
54935544913
54947555129
54950630869
54982195241
54992117617
55046183161
55062238799
55151837617
55161081361
55173618721
55193774593
55197368491
55207184581
55233606601
55325621341
55336563787
55351633709
55385193961
55413612241
55416903361
55429706977
55464288079
55517373451
55517510401
55527017857
55533123721
55543184551
55552611997
55559989801
55621412137
55681930697
55726676941
55731933973
55735166233
55802874601
55849927141
55870464781
55905820219
55992942409
56070625441
56181545839
56210970661
56222739509
56223923291
56241229349
56304721369
56337799003
56356432367
56404006261
56421665581
56473905841
56509360513
56520207001
56546348293
56601189041
56603875681
56674758533
56689568137
56785546357
56789813821
56817978337
56819456101
56835568001
56916566669
56993968819
57027357851
57090271457
57151651157
57196065601
57239866661
57332766961
57428255809
57433600351
57465784093
57467016601
57471290951
57484618901
57485357101
57496142747
57643089001
57710132047
57718804961
57789508801
57836130643
57846183331
57863908189
57906637559
57936222317
57967404529
57970749251
57987959221
57990846239
58067231459
58086915013
58105983121
58210028113
58219723849
58231726181
58240429099
58305976147
58359534697
58390966033
58437346969
58437491471
58601394967
58607213761
58610251201
58654862293
58682346361
58690594873
58700153683
58717577161
58739694697
58886085649
58892261689
58910568487
58924315477
58924468241
58949150287
58963614469
58998116101
58998413083
59060685139
59113444573
59201560003
59206846429
59219868241
59224493851
59248338931
59285749073
59378865901
59386830049
59388462481
59397905341
59420575111
59446234597
59448628763
59461904251
59486256961
59547097513
59594424913
59646176257
59662177541
59738217727
59752376669
59803306021
59811731443
59915748839
59919879601
59949536401
59982634577
60024199177
60029872381
60068146909
60074900003
60101325397
60118178773
60146530237
60159265057
60211443391
60220830601
60263007967
60268263421
60271962193
60279314167
60326446753
60332226571
60346000513
60351619777
60375686249
60386313457
60407947783
60448942537
60450459529
60457369771
60512788417
60553074961
60563907067
60578708149
60600710521
60608335063
60614800951
60628505281
60640315471
60662104873
60704484311
60717834277
60772849153
60785297641
60796261633
60803603821
60833205313
60861650401
60881443379
60904077301
60937252969
61004056501
61016739577
61028204707
61075034521
61084044001
61118647237
61144643179
61158037559
61251948031
61257756781
61279629841
61286154823
61289798221
61385090551
61397771131
61467433721
61477280899
61560174649
61632469903
61673376451
61710873197
61751230283
61761011047
61790665861
61829350459
61868006813
61885705033
61935314689
61937784001
62019280153
62086418689
62119990297
62130481993
62152999273
62176143917
62216254549
62322641327
62413967377
62416521361
62476705541
62505942439
62528628277
62600079851
62639676067
62753049721
62754868697
62796855529
62904033347
62949612601
62973396901
63005709001
63014872201
63016620031
63045949069
63059920901
63067582777
63083678041
63117526627
63137522197
63223850101
63255673777
63287588341
63321159701
63468946201
63562098601
63569758591
63571154851
63576051661
63599016001
63687937861
63697824037
63732291913
63749783917
63838188233
63864185857
63928535471
63943937641
63980152111
64031876387
64085914579
64092643807
64093232449
64096068367
64177566529
64180354561
64298507263
64302768461
64316647981
64325466613
64325912977
64326209833
64332106567
64351343857
64360555001
64407050761
64460978401
64520679301
64529482201
64543085807
64603066321
64651791313
64656850021
64664676859
64672802413
64679900293
64689530803
64827068737
64842617167
64843784461
64845403153
64949918771
64991023861
65003267341
65063303677
65132492881
65172115801
65205815401
65225766607
65256385177
65281949629
65299227817
65303163577
65380727647
65455683281
65588363101
65589643213
65591128357
65597639537
65621054017
65630281861
65642919901
65674022989
65681758321
65720571463
65835196253
65940226741
66011907463
66051912697
66070215061
66133692683
66150777727
66200814577
66218029501
66223005971
66284145497
66301173541
66325491937
66395711131
66433528627
66448818899
66523527397
66573511777
66578332621
66598397731
66703371703
66718744721
66741870991
66757683679
66905266039
66948256171
67017795307
67029320363
67033931557
67038580993
67102373743
67146314329
67168184311
67169283511
67200462551
67228875649
67235850553
67248691093
67249198189
67254762677
67306264213
67335621607
67369426417
67372182109
67400412829
67520241673
67522144579
67541249693
67551723559
67564609291
67577925409
67607024887
67628501557
67628704417
67665580753
67684439593
67718438497
67725313307
67739649823
67762869553
67787409097
67907278177
67911124681
67999303681
68004545683
68008085329
68046253901
68078857081
68272529419
68273822809
68299188361
68299334377
68320336201
68399642041
68403218221
68465009527
68484289861
68567457073
68573729351
68594457331
68673336811
68694321151
68757562513
68811913301
68871160609
69020145301
69035707633
69061441483
69066039697
69204030671
69214667371
69294629071
69336514189
69340536721
69355169857
69396243001
69418392679
69426289873
69501042311
69525692167
69536840567
69546308833
69590058313
69616005313
69620046301
69691702081
69696167881
69707469707
69721213147
69768679681
69829539361
69905936531
69990729199
70032316693
70037357413
70104166541
70118624401
70150025401
70178401333
70331591761
70353778573
70394059613
70431650101
70451060189
70457850037
70470776471
70487837641
70540300909
70573235041
70596880201
70616169713
70632543001
70668275563
70674497209
70689141433
70730289001
70764411301
70781759089
70785888499
70788905657
70788913561
70837206481
70858804591
70863418693
70871879059
70917703201
70917858883
70963747993
70966002097
71040639121
71071348393
71073185041
71141559847
71150945401
71204591011
71269570219
71311860283
71346430321
71362314493
71376102533
71395644433
71467435729
71535889441
71564559361
71577072001
71674891531
71739313609
71806450249
71810832061
71844269911
71879500219
71958188101
72016472267
72031304993
72057021121
72057945581
72099802133
72117911713
72137003761
72140869301
72151399249
72156854269
72193062217
72217714801
72273584041
72282192553
72316300981
72317592829
72339519313
72343146529
72385054327
72397266481
72397808257
72492914899
72535485481
72598646411
72622195609
72652379977
72674778217
72714255301
72717530101
72839127241
72877118497
72891461941
72893105377
72947421061
72947756701
72965962411
73002593143
73017535897
73069062379
73111955281
73182206221
73257592651
73270036729
73305361039
73342331089
73409990473
73483756201
73517577451
73529255881
73571194061
73579344203
73595447641
73597153453
73618635121
73621286023
73641744739
73850613763
73887353233
73921935061
73957217461
74003403937
74042530417
74111836489
74128425277
74134082131
74196672751
74205761317
74217761281
74218831741
74233233551
74249430769
74261359801
74296203241
74346338557
74360473001
74368661711
74393999065
74418116761
74431441141
74444536297
74454969877
74567417017
74579417281
74589679081
74590190221
74627388553
74717643157
74717670721
74720389873
74803546133
74823533857
74946321451
74973772369
75009116911
75014397001
75029148181
75056146513
75056172871
75114322417
75176050171
75177160213
75237356309
75362454421
75378547561
75441575549
75519297001
75533850037
75644986489
75664029691
75676581001
75687005881
75706500157
75738648371
75783210709
75858580729
75895404421
75924089881
75964539671
75965487727
75992533633
76005311191
76022366947
76043900549
76103843131
76110474241
76130318881
76147882435
76213569301
76232267021
76236862057
76245385429
76359904531
76424501341
76441270441
76442194021
76458421883
76524924169
76541895011
76603983721
76723309961
76762764301
76793471161
76848298861
76857388801
76905395137
77002020241
77063594401
77092877863
77106590713
77224808977
77295850561
77367065179
77370585709
77411237161
77412273121
77447167957
77462103601
77464651321
77524123657
77660689669
77711050657
77721980701
77754153823
77781841273
77805105671
77839684561
77843817901
77937757129
77939270641
77976429649
78056139001
78139942081
78164433551
78191310961
78220883567
78227509319
78273320329
78299044849
78301088737
78364444033
78419957689
78540792331
78546512929
78624901997
78675999859
78707442241
78727102681
78733053001
78785781551
78830155513
78859803049
78882296221
78944355361
78961573591
78988204753
79017912751
79190906131
79193066621
79198847051
79211193877
79261635637
79271866561
79295441881
79337346643
79341393407
79362440821
79375867561
79375878037
79395852187
79418560681
79433764301
79503361057
79536334681
79537280161
79547731507
79551166741
79563238067
79579609273
79626916363
79638314309
79647391561
79721069401
79816528801
79881071239
79897293601
80051148647
80097766801
80141843791
80153861191
80186000581
80195237893
80208772261
80241786637
80244104209
80292979603
80295376409
80311970213
80370562823
80407478731
80407985881
80443588831
80539220197
80551119637
80616354001
80666867521
80698821941
80699883967
80714561951
80716078171
80747203861
80774750851
80811765767
80834244481
80910201769
80922937057
80961031009
81079064281
81087989977
81088776127
81094517281
81111937141
81114716681
81183706129
81220397521
81224890277
81240230017
81245420441
81280731097
81298383499
81343750681
81393506767
81474948413
81479138801
81616682911
81672854113
81699365749
81706503247
81717643501
81808426421
81810007441
81831143809
81868040651
81893070901
81932001817
81965319421
81977263729
81983456101
81995664337
82000291759
82102443919
82118722591
82158455359
82199220457
82226943871
82238514227
82241767301
82256117161
82296104701
82301879521
82304585677
82312366879
82321012801
82326165001
82336105909
82381520863
82412591881
82485298057
82526044753
82556983381
82613332561
82615560301
82735762583
82736562133
82754279533
82771523041
82828850821
82853916049
82915802641
82937599597
82941724279
82951687963
83017552297
83062903951
83075836561
83097731557
83131267993
83144734921
83253593473
83275099381
83277461521
83283013729
83361095963
83535546673
83558750651
83563920901
83574901381
83620111681
83624221801
83644692301
83667453601
83700932737
83722121489
83723350369
83782880299
83819568649
83909385691
83975573837
83977882453
83998326001
84036018673
84072334009
84106023517
84114176329
84123555641
84167823913
84169038757
84213771643
84250258471
84308488633
84366147097
84410064301
84442138969
84454657921
84469383937
84474332713
84512437117
84534325003
84560662177
84609711169
84640935221
84658560533
84721925521
84781688881
84797813161
84806325631
84808756033
84812666093
84838123151
84891524329
84903997309
84917773891
84933849211
84936925921
84939670177
85068432793
85239870851
85286991001
85300624781
85334997289
85338400501
85459456111
85521623899
85539300361
85549645261
85579537331
85580059441
85623652417
85630958953
85711212061
85760627401
85781024689
85825715713
85834608553
85848037111
85897411993
85897510921
85915989001
85968602407
85984819201
85987822141
86043087901
86076300781
86173128961
86191313401
86205403777
86263024849
86292671401
86304102193
86314089913
86417335231
86448363961
86462805241
86514748981
86549908351
86606750161
86623329151
86766755401
86815686959
86932443781
87088916773
87109154329
87121430881
87193018901
87207454699
87227251369
87247704853
87253983541
87280644991
87311252491
87313495669
87333930349
87356228833
87453139517
87475284937
87485485141
87500285881
87553917553
87678924499
87706349069
87712026247
87830790673
87838820513
87854219701
87886224001
87893434159
87954407461
87967781053
87981183553
88037359801
88057862569
88116055301
88144026673
88223086537
88261435693
88266775957
88295855311
88344885203
88376050981
88381988221
88387436261
88407598501
88409794367
88433724457
88504379989
88540787171
88582171297
88616613889
88627893481
88764550993
88775744401
88803920641
88847657761
88854993361
88894329679
88909621921
89030758447
89095831417
89162956621
89228225521
89333140573
89343975841
89354330501
89364031997
89385864877
89393387351
89408668753
89427757213
89551757597
89593388161
89618194513
89626444823
89672475241
89689182829
89740800001
89754005881
89790612391
89837163001
89842454857
89900502511
89915648411
89979346199
90035585641
90046537153
90072764701
90120696709
90157001941
90180840751
90190451671
90202463737
90277290721
90460167211
90460380001
90472722079
90614339533
90622606609
90632703481
90638013391
90688932937
90726946693
90744497677
90755862667
90809079701
90857596051
90895464001
90901790981
90924201649
90956222893
91022319121
91061331001
91148419217
91167409441
91328423401
91357052693
91377757351
91436216593
91469597623
91607226643
91719084551
91723813333
91736204401
91744912801
91762021261
91769661721
91776003481
91798990501
91865228083
91871072351
91914911929
91953886393
91992496381
92004568153
92054424229
92094803011
92148903841
92151861007
92182234751
92182467691
92182674721
92188292437
92295795061
92373676201
92398701553
92448508589
92520991729
92586644389
92589873869
92608123357
92647843891
92665914251
92671927471
92685145243
92751819581
92764032733
92820543853
92843825387
92851107553
92925748987
92944216639
92975632513
92979669001
93089860781
93174486131
93201802189
93241545197
93314194093
93366932401
93420724501
93424863751
93436045441
93439994041
93443687401
93450628591
93537971281
93557750017
93570188581
93594644197
93622077517
93633067711
93687541789
93729466469
93743295157
93759625247
93827371177
93913985159
93920194373
93997073041
94038477121
94060507201
94061965633
94166153797
94401756587
94409835481
94411113193
94433506301
94490767141
94518520111
94550362609
94586438659
94619098081
94705184449
94737562729
94756265893
94777366661
94800716557
94843751311
94876073989
94919020267
95039250419
95065614701
95123213333
95140376101
95142425449
95182385171
95192506861
95206258453
95211800449
95222387851
95277924757
95305128517
95310848461
95382149851
95398921801
95476561331
95477510627
95492049461
95530502213
95564700001
95593903417
95686295291
95726131201
95772280801
95803758667
95817923713
95921949031
95961490561
96009055921
96040225801
96044413741
96092466361
96097446901
96102684571
96114346967
96126784609
96202482307
96242883001
96338879239
96383561041
96416561981
96424672321
96490648801
96587962153
96607014181
96652376959
96829345423
96858628021
96898281481
96924714151
96971784097
97045214401
97054367233
97065515809
97095117001
97151484673
97162170811
97207516561
97239482161
97318585303
97363244161
97368542371
97589930351
97603347571
97685367427
97773633733
97791046453
97899704653
97981240897
97983162841
98007129019
98052794137
98077830913
98103579701
98109347911
98153028097
98167529521
98175191761
98191927121
98202203629
98217234601
98285149801
98299689793
98353858159
98354054369
98357495611
98393233681
98518547401
98575608913
98600411911
98627654123
98701343869
98748589759
98818722137
98855628631
98873814241
98914567417
98942751001
98955632821
98999463169
99012728821
99056022001
99086735941
99167537281
99223130623
99388782151
99409937257
99410943997
99417949429
99564608573
99600624817
99603130273
99649920001
99673839523
99679180021
99781567129
99845159983
99846903001
99866684941
99877033441
100014854629
100119972481
100138097251
100138548553
100189032533
100238141251
100287488251
100357018087
100357558393
100367187289
100524422399
100532494913
100550688229
100614359737
100687286113
100687415617
100691902711
100712571301
100718721247
100789409701
100813288031
100873515601
100882113313
100955137807
100965810961
100990366261
100991048461
101087103697
101138630741
101291494921
101420700553
101421111349
101583411697
101591964073
101602933909
101737074301
101739327271
101752399201
101788180609
101942748601
101992048561
102028520833
102048572489
102081315001
102157216849
102158101153
102164879557
102179553181
102292231177
102334312601
102337184269
102344698951
102369256657
102453366943
102464489161
102493493521
102585801277
102599056873
102748436701
102800734681
102801237967
102818660401
102919657717
102920904901
102958816817
102998626249
103001416849
103040991901
103091143189
103114821643
103120855021
103143156799
103190191651
103257628237
103267493521
103272079523
103294293523
103295123317
103324060891
103333991977
103394416301
103398820381
103426090741
103433269333
103523896667
103649441851
103653581851
103683888001
103789209001
103790827201
103813635031
103828924033
103833577297
103879168849
103906097401
103909825181
104005463017
104023085779
104045648491
104070233387
104104469971
104249624077
104301061201
104318578729
104339029693
104394567889
104423746897
104458077421
104481467701
104519297933
104596656673
104736255361
104783547961
104877521423
104890864321
104919372433
104948465161
104950380863
104994805273
105053958629
105116825197
105119223301
105151387141
105162781249
105169913273
105244057229
105267390121
105275849689
105328138021
105362411981
105372120331
105502618801
105559074727
105594526493
105598784881
105604747021
105610257721
105697562881
105913242073
106021903261
106092921239
106104365317
106178597251
106219636741
106231259989
106236520471
106345723201
106374791629
106439648281
106466573201
106486063147
106524498841
106537571341
106579968739
106611369703
106635164761
106747227739
106854484201
106906274707
106928640649
107014025311
107071055209
107095726561
107166715609
107267002867
107280747949
107328328381
107358518227
107375687497
107578646897
107580302737
107662853761
107683937401
107761849093
107764530329
107866522873
107899642531
107907388249
107970117121
108056235739
108140344891
108169048189
108261957961
108317976901
108334962821
108367093801
108448539781
108474139651
108560529967
108575883901
108619944841
108636837233
108674993281
108677288021
108839243291
108885580201
108959161321
108973325521
109026174401
109050798781
109055021671
109196907961
109202934793
109239867361
109258410409
109449767233
109460425357
109618861577
109623629971
109682433043
109722168277
109759731397
109767979309
109772301673
109881231409
109894594921
109908569521
109972653451
110048181283
110086202101
110114052049
110146955437
110147207941
110282981761
110300237401
110315607697
110351146049
110361847087
110427330997
110497387991
110554201801
110579099509
110627311939
110646450487
110702379001
110708608781
110722987201
110760848381
110798468401
110818118401
110924697841
110963973433
110964024341
110974057421
111089646571
111136898287
111148099801
111205763299
111211694401
111290292697
111326656033
111332057887
111353140081
111359042957
111515731273
111535783153
111586229047
111695631319
111710184169
111728529553
111777803051
111886980269
111940486379
112027145161
112062549601
112162609511
112176489049
112192382671
112321590053
112454033401
112466773151
112472076571
112524663253
112537578133
112708894631
112752929503
112832906881
112913044861
112984716881
112985196853
112988437291
113038439221
113100512101
113110016641
113162780593
113237040121
113258307751
113263552441
113263927939
113276234377
113334608521
113454690883
113506775857
113510754601
113598819361
113611207571
113636193841
113694189859
113841725761
113883709861
113908392553
113981417353
113990534923
114085121863
114296902513
114338695951
114355630621
114427539451
114453029377
114490594261
114568348231
114655465861
114661048141
114722721961
114837903361
114888099943
114930443809
114990609961
115030179659
115031812981
115035509881
115045164011
115061440877
115118957251
115299950131
115380333889
115385376913
115418116349
115482566629
115484595301
115563476089
115608367201
115625191291
115633983889
115662815857
115746898229
115794825301
115865968219
115867593601
115943515777
115951100311
115986216881
116014611421
116032063561
116071084729
116132474501
116138140273
116166064789
116168295121
116182365391
116214153031
116333690467
116374240303
116402132771
116439525749
116481412669
116491615957
116514375641
116527163041
116642214001
116673525697
116691290101
116760778867
116771775349
116775741751
116867922553
116963946373
116998867441
117033511393
117055393153
117081525121
117083664811
117086403523
117099459181
117102883921
117103962097
117175265143
117195837809
117209458477
117235627489
117246885397
117410178181
117422602057
117425415661
117509103317
117521631053
117580337209
117646744321
117720813673
117772725781
117783411301
117827521561
117887759221
117893823623
117984273553
117996839143
118024200533
118054716481
118101069157
118192561957
118283786947
118400406433
118403735521
118465448669
118507688191
118625005621
118672180093
118672402759
118742527909
118756364851
118764880291
118797543793
118965278521
118995411341
119018276281
119096759521
119114439841
119144618917
119238242761
119358352681
119434027441
119611879129
119616677401
119645807977
119660740123
119741932001
119744741233
119754437989
119776673017
119818349981
119834785921
119893115203
119946452737
119967110281
120090071113
120092726251
120131970001
120168807571
120230879191
120286528129
120386235581
120394623901
120402051631
120451832251
120467530369
120548877937
120580998301
120614408401
120658038901
120662779301
120679560451
120691250623
120787700797
120813379201
120821692141
120868613051
120974027371
121108852307
121157287681
121195463581
121213470727
121252166869
121262818249
121282043083
121332262717
121398501011
121414954351
121489621177
121516328471
121523979061
121552867153
121591531189
121623076433
121674408073
121684882273
121706594881
121850459191
121853723197
121883843881
121909728121
122009558201
122020166339
122085785621
122155883761
122207853517
122322760561
122334662497
122461646473
122494444561
122533538401
122536964779
122580923473
122599948249
122610324817
122638344533
122684361097
122690076913
122899630817
123039326161
123089536921
123094119391
123242959009
123301125529
123340830289
123348543121
123367532923
123384963001
123387275857
123412121353
123458930407
123479600921
123570973993
123585151411
123692934763
123716031521
123731817101
123754519729
123846460891
123851381587
123867164023
123878848133
123879344221
123883887349
123923459881
123927101383
124038559171
124137078913
124167674731
124283897071
124317522781
124470504523
124472273291
124592994341
124690072373
124766028001
124793210593
124824800351
124842535171
124876108579
124899157111
124931572921
124980687287
125145466321
125160173755
125325403633
125434505467
125451103801
125704956301
125705913541
125746906231
125767579087
125774916409
125780641897
125804376223
125824475071
125906138821
125935822657
125999681501
126079529437
126085971961
126210454921
126234770653
126312572581
126366268033
126465106363
126490447357
126659933137
126668767081
126860406349
126960737401
126973508713
127047419269
127106200033
127106354971
127266015241
127274868967
127447968649
127505675257
127551196033
127670406337
127738652887
127793195531
127799378029
127802643961
127838247841
127940761171
127990803943
128119524551
128140166881
128285087869
128295101023
128352716461
128397631321
128428493761
128436776161
128455869361
128475721189
128490046759
128504762473
128527747057
128550359233
128566586641
128583175033
128610199381
128670865957
128677929773
128692545073
128787581521
128807596891
128815846309
129002874551
129043076401
129189214291
129291608161
129291919937
129383776117
129418542221
129447747547
129472651291
129539009401
129582491911
129645656867
129647410591
129724447691
129738770929
129810308081
129886370615
129953245501
130014841717
130207500001
130250702233
130280009861
130306078853
130378789813
130520694781
130527893233
130568269231
130587614389
130597383577
130610153851
130720750903
130739990551
130745718871
130783934881
130797496519
130874096107
130917893377
130928270593
130957185449
131089561819
131156036551
131208816511
131283807401
131284378513
131307573277
131319862081
131377613333
131395990969
131423739571
131496189641
131499879611
131529930481
131563070101
131708803591
131720224981
131760294481
131777128801
131827018051
131853784441
131861260567
131968932373
131984162407
132175172401
132296969911
132325666201
132357014077
132365304971
132497385697
132547753711
132656906029
132683027401
132705175891
132774307891
132835841893
132845954671
132850911637
132878591809
133054455997
133096106713
133203192139
133237246201
133344965503
133450217389
133466018701
133551025513
133551252511
133610528521
133635277273
133664215501
133724887201
133786658413
133799424533
133813902223
133846731721
133858503721
133908863729
133935600961
133937946871
133948128161
133965767713
133983669041
134077545001
134083027201
134159460913
134199546241
134245469881
134262173501
134276515381
134288264419
134359300171
134386718593
134466873157
134470766197
134473867921
134502672571
134509779223
134546227159
134566361731
134578567201
134644302181
134644344913
134653628281
134770747409
134777796961
134798716561
134935979617
134963021551
135060575453
135095008133
135149065591
135182407421
135324694987
135333574489
135345528001
135382513429
135383651173
135388543123
135400758533
135472534051
135488244679
135511665661
135514416217
135606891817
135631770277
135746616571
135763692751
135803598701
135817620013
135891593659
135920670283
135942210823
135949582081
135987204889
136072531297
136138373587
136210644221
136319332213
136332288553
136356747827
136517553451
136684588681
136715968201
136717395323
136795059013
136798368769
136803249293
136807943749
136818057293
136822468637
136889085217
136889359993
136920532477
137033231329
137037170843
137071141901
137130570721
137173292551
137187846319
137207011633
137274965491
137281811041
137310902401
137323236961
137387845757
137390910001
137417039761
137596220761
137598728521
137630688469
137634160801
137681874859
137698327873
137750422129
137756535571
137761529687
137844504293
137855163263
137946764531
137995125461
137995954801
138011140801
138017983321
138049537733
138083282713
138206354047
138288102611
138289665551
138318982033
138350644489
138362610601
138397963201
138432976307
138564239041
138578589991
138631715713
138657679177
138666822097
138695684221
138709858753
138841742761
139040215849
139092874729
139100585521
139182043417
139202701051
139214383027
139220100001
139312735489
139324968553
139376566187
139400359957
139454519401
139582432753
139637355421
139679771453
139697664913
139699964441
139722856093
139777660751
139834387513
139843161259
139904346583
139943421619
140041543951
140043250411
140112022051
140148922421
140154409501
140200918771
140218573741
140260278211
140300598583
140355052801
140399630431
140406941677
140443768051
140471486767
140505756241
140536950893
140627224063
140707954297
140713034611
140746957741
140749802953
140909198473
140919604129
140932150661
140932839919
140970986393
141037074469
141098617981
141149291761
141194758321
141244576513
141468358681
141492016621
141499701991
141503452157
141534592057
141557060741
141604607737
141782106643
141914033801
142019762809
142033029601
142060008169
142081897673
142136333333
142223454187
142235001767
142268025301
142276914481
142289686069
142372557601
142436641531
142483941601
142523768809
142563185381
142585529857
142689125149
142782956209
142829486881
142877202481
142888930333
142966130779
143054440153
143167327213
143279612269
143307373201
143491409713
143535816541
143543770511
143577296701
143588624401
143620427767
143667065041
143676338261
143697992353
143910134023
143943453001
143982581401
144018056057
144036808609
144056856511
144071788981
144083515579
144158876737
144241266971
144286193701
144476084701
144481838257
144484375829
144490857589
144500289121
144528419071
144631179001
144665332237
144734780221
144793863079
144796294861
144912221137
145045246501
145104297157
145105193323
145188843601
145243459441
145323482611
145325761363
145332863449
145563509521
145613816371
145632796453
145698497281
145744455361
145899965941
145948561573
145993561351
146042319211
146084179957
146167207507
146281573057
146307052123
146399266133
146600537689
146699930833
146939571829
147015271883
147037824721
147071449981
147134480641
147201770449
147316080673
147356098201
147399261049
147435250465
147501798109
147658038841
147939501823
148024028351
148038015529
148138404763
148148995451
148153334191
148173529747
148204635013
148252095421
148399580089
148408059817
148428212143
148514622337
148777850737
148811921821
148851491053
148906511353
149051557969
149081748337
149160172393
149189242051
149327313601
149332230181
149385093937
149422350001
149424633877
149455780501
149467897153
149545483201
149579527787
149587738493
149632998331
149709606589
149824314151
149827939039
149931553573
149971866241
150042036721
150088897501
150195767521
150210856153
150216447697
150234895511
150239261233
150255867169
150348961729
150371761201
150375262801
150384526717
150405205537
150420241459
150509680201
150545079301
150682369609
150706917131
150736394287
150746075413
150747189041
150787615841
150995009089
151066047749
151069231237
151173295513
151188424129
151236894229
151281623041
151341222083
151493143801
151535509661
151592517001
151622025413
151683908401
151690152001
151824813841
151829451457
151831032949
151836941833
151837668277
151892658457
151907589481
151936270201
151962860521
151984589797
152009234617
152196200227
152205818467
152213731471
152228091313
152240810017
152250996097
152253345721
152400669601
152443305877
152446624331
152504698699
152757039241
152772752809
152796806143
152975859049
153008179633
153029387281
153222703921
153295305643
153297776857
153303902197
153312066757
153319312651
153322818001
153363683611
153371148841
153399851749
153484911721
153493233923
153599970301
153625678691
153637337809
153678982153
153707715331
153719655361
153769282921
153801317539
153826296391
153970176533
153985556869
154003092751
154114860551
154209150217
154249804327
154293771529
154297818011
154350787501
154410898181
154474577281
154692005323
154701736811
154771954849
154824671429
154941652837
154964023873
155022642529
155096518361
155268234991
155317062217
155350070479
155359763333
155368852381
155390906681
155397042247
155458875889
155464280663
155546668267
155614219009
155631150767
155673263731
155683255501
155736092893
155768162083
155850571801
155908310221
155977292353
156066146353
156248557483
156285482341
156327390721
156377450881
156401619989
156455511493
156456736999
156501755281
156645826801
156731860231
156909838933
156986961121
156996215111
157022212309
157315838689
157341218233
157370125771
157413954013
157414851721
157599520453
157644269551
157658191309
157688060113
157720225339
157735247281
157759158061
157763377501
157763904481
157816831801
157844146393
157900316911
157921421533
157985665381
158009574169
158056262401
158111311801
158113925857
158117234521
158137871011
158368685509
158381910289
158388372481
158420894207
158428415317
158542960561
158573928451
158710919221
158751192601
158786491781
158862562057
159089156431
159211632817
159249748681
159300370717
159322053001
159405311971
159680955457
159729976057
159751455841
159829122721
159850333801
159881657869
160024554541
160094051251
160097808781
160139358251
160171769573
160180951129
160344035741
160459127557
160466689633
160513907143
160516616347
160649513701
160660840381
160704527231
160730678989
160813291801
160946537221
161009334361
161041528201
161180638291
161193526141
161290558711
161468044453
161488033331
161591792209
161674666093
161692175233
161860709953
161887630321
161901833671
161958692629
161961497233
161968861633
162079796737
162100545769
162107806271
162187001761
162192602447
162322268161
162403945393
162502036001
162523955929
162565078897
162621114371
162757969501
162780427657
162944485717
162997586333
163079412763
163108453201
163160987389
163163049481
163276687681
163606173697
163655836301
163716044893
164079212383
164163635651
164214003253
164217443689
164278220581
164306388793
164345703227
164345931481
164422108381
164432922557
164450116663
164451897919
164475786313
164498092777
164594402419
164665517833
164710396171
164721756361
164770279057
164807053057
164849401711
164938512817
164979336311
165051736207
165192773869
165279107593
165445640317
165447893647
165555868813
165566022661
165609662401
165687251329
165741145573
165972173141
165986830153
166054326787
166207513249
166220273281
166276924021
166279296721
166349739601
166363414051
166415291443
166418931281
166538000077
166552103521
166556566009
166602172907
166616286553
166738548901
166804075873
166905108091
167006339557
167053654657
167098646177
167159872367
167255002381
167271286573
167345302741
167366935117
167477703121
167633811991
167703858649
167716125943
167747807401
167760288149
167786935391
167842652701
167875757963
167955128641
167968465901
167976538133
168057380737
168129341377
168188932993
168237891127
168292037311
168295500101
168324226933
168358406581
168358681009
168379941451
168383427161
168413888029
168459078217
168487241953
168528976177
168630120493
168664831921
168723758701
168847759081
168878097389
168898570157
169011806041
169025900189
169049873089
169179509449
169191873133
169248750721
169308061781
169358445931
169465821901
169575190649
169583828203
169600849651
169600905701
169611644453
169745038387
169775663311
169797969727
169868013121
169880521771
169937609419
170149512961
170149833151
170210479381
170226253031
170241809497
170259431863
170370641107
170383667329
170586896657
170666781301
170694949699
170782473709
170788454251
170864955451
170977700041
170979129553
170989234921
171020280853
171020761633
171022257551
171043786297
171106663729
171197532463
171264059101
171320754391
171323998939
171378594001
171378659021
171418415741
171471574541
171531513451
171548078209
171587255449
171639569261
171670759181
171755311333
171832169741
171914428513
172022323717
172095618613
172100596537
172232539249
172313998771
172361824741
172411898221
172559119141
172721746217
172760636071
172890561559
172993306933
173008190041
173025470461
173090785867
173110056337
173148689167
173296793431
173380116391
173472877481
173518358651
173581310761
173627972461
173708050627
173753952961
173755439677
173841144331
173933187121
173939947231
173997383629
174038343397
174070233697
174130188299
174177569593
174216832957
174217812001
174243316969
174252259441
174268189229
174292819417
174304223917
174308803681
174386682961
174393892513
174398706721
174472332841
174546908911
174565602251
174680745313
174811205713
174843361057
174973024927
175005971461
175022762041
175063956071
175097168611
175209282361
175233497731
175243135061
175271905273
175487331853
175514365153
175536768661
175580869381
175593032473
175608185209
175609445597
175617086797
175653207073
175726129321
175733607601
175792968961
175860527221
175923882241
175987596181
175990092361
176031287857
176033317393
176046894629
