14
742
1477
1687
1921
8701
10279
10649
14041
15409
16841
24521
25313
25546
28063
47461
50401
53659
54241
54649
58421
60691
67249
73801
78761
90181
93391
121057
132881
139321
152861
156311
168257
179371
186337
186497
196351
219121
277111
284626
294079
307393
323041
355957
358849
368971
370753
380359
397717
399799
400159
453349
455731
462961
470851
510071
515593
519517
522071
530761
536131
571979
596161
599329
631177
662861
671977
690481
691073
713483
714511
759793
763729
779257
796537
799057
801643
803701
804673
828271
869891
870949
878801
887833
926758
934357
966169
986701
990343
1005361
1024993
1044469
1080179
1091503
1100281
1100386
1124857
1144849
1170313
1173091
1197847
1201981
1211021
1231361
1241641
1305041
1335427
1352251
1360273
1439461
1477249
1491827
1517221
1530469
1539287
1549309
1585693
1634561
1639171
1694953
1724041
1733189
1734481
1750021
1760023
1782617
1787113
1862497
1864837
1873981
1875461
1902361
1983797
2049661
2096941
2168398
2192219
2204762
2219851
2223881
2245649
2290666
2295649
2307121
2341279
2400373
2409121
2449357
2488213
2541421
2544871
2614481
2633513
2674441
2730637
2860369
2887571
2895121
3032911
3035251
3059201
3074461
3101911
3150353
3158881
3200819
3231229
3257593
3302021
3308701
3369731
3432943
3457531
3465643
3472561
3479521
3561251
3570893
3595153
3679273
3705793
3805111
3812041
3826787
3850931
3900421
3905581
3952631
3989377
3996701
4041811
4047401
4057717
4057741
4137661
4151041
4185181
4292041
4366297
4384513
4405441
4411999
4634671
4697221
4718641
4757161
4785457
4876543
4883113
4888897
4983874
5165569
5187053
5229301
5267329
5371577
5429269
5492921
5707531
5726329
5753101
5900033
6022013
6058981
6087649
6251173
6270709
6409019
6442921
6503131
6505441
6544837
6570433
6622561
6659251
6963211
7122671
7129057
7152706
7279303
7327369
7332481
7398151
7403761
7420721
7442389
7517777
7596181
7631659
7811851
7828481
8011459
8097841
8163167
8247601
8256763
8261317
8301649
8332097
8336269
8346599
8437339
8498581
8534533
8552321
8563759
8584871
8633881
8668771
8785219
8792257
8793361
8855809
8901817
9078433
9122581
9204031
9272233
9282001
9301601
9453241
9600113
9611369
9611947
9688273
9691681
9754273
9900361
9973693
10014271
10335781
10603169
10678141
10703801
10978801
10993357
11004737
11104861
11317519
11349703
11387251
11394001
11438101
11444851
11635301
11666777
11715793
11727649
11734501
11742529
11931757
12080701
12111001
12143026
12146641
12190069
12220021
12315337
12441157
12578981
12932101
12948481
13072081
13128881
13141229
13155517
13156417
13261991
13314118
13438877
13593826
13679441
13819897
13888513
13907146
13914631
13998089
14119561
14146021
14223097
14240381
14325793
14471321
14505149
14579731
14618137
14632601
14634271
14765569
14808949
14917921
14973001
14974873
15019411
15148441
15182083
15395758
15450751
15484609
15542893
15564079
15614149
15633469
15650083
15670501
15720013
15791029
15885937
15995449
16004221
16252237
16322761
16442011
16527841
16857001
16931201
16948801
16960501
16979041
16985137
17035649
17080471
17091229
17297569
17306681
17502661
17564401
17682997
17748193
17789773
17813026
17868649
17910313
18143881
18301709
18342241
18354421
18397561
18469937
18531919
18699697
18728281
18980701
19095961
19139957
19248659
19440421
19485649
19515601
19549081
19705501
19837361
19856161
19916821
19981081
20012017
20194201
20226041
20334689
20586637
20633167
20695631
20735921
20738557
20827841
20871451
20938561
21010001
21041557
21095669
21152341
21209761
21218821
21356161
21389281
21395611
21496771
21546539
21583717
21615433
21625171
21672281
21695653
21720973
21780683
21819721
22175173
22309081
22375921
22387681
22420273
22507231
22553617
22566793
22678657
22735153
22759093
22781861
22873033
22933801
23017429
23060401
23219353
23679169
23732641
23865667
23913319
23988703
24016231
24143869
24622741
24628513
24662431
24783751
24844117
24968593
25025281
25076533
25206721
25217101
25440481
25585121
25722091
25806241
25915501
25942801
25957231
26086841
26089921
26195977
26313289
26424311
26476501
26504701
26551531
26557921
26597227
26647039
27146161
27223951
27266941
27275158
27494897
27510391
28163251
28310161
28549337
28590289
28805713
