58
1015
2755
4215
6191
8705
10081
10217
11355
11782
12986
18415
20701
22591
22633
23635
24787
27721
28073
33118
37654
38545
40717
43905
46033
48865
50489
51661
65041
70365
71381
76497
76994
84883
85985
86014
87145
109306
122235
125861
132769
136039
147985
157145
165445
172291
185293
195013
199841
201713
205378
206521
207418
211555
212717
219385
223561
224589
230869
231181
231553
247429
252445
265826
268135
282217
283591
300985
310735
317861
329295
333061
341485
345313
349309
350407
356393
393319
394255
394345
399586
413321
443197
465031
465505
470953
482966
498191
513445
514591
516031
529849
534691
562513
564719
577183
600645
614641
631747
647599
664105
675961
678985
693217
694657
735913
751939
761047
798729
812197
822487
830355
858313
896239
915211
940057
943979
977857
991945
1028041
1038799
1044577
1120571
1139153
1176946
1186593
1192585
1192915
1255915
1273245
1304377
1318171
1382941
1461745
1481465
1490017
1506529
1528726
1547749
1596991
1622251
1675765
1683401
1692103
1703703
1726401
1734751
1745089
1745713
1746871
1749705
1820729
1834801
1861003
1867165
1873351
1887915
1888363
1911115
1911457
1917763
1945633
1976701
1986481
2014021
2022337
2023633
2040585
2049895
2075026
2094061
2104813
2149519
2150785
2190431
2212601
2215739
2227345
2237185
2429521
2489527
2559113
2632939
2649601
2654455
2674603
2674739
2706445
2759509
2785321
2813281
2832761
2862769
2891801
2933585
2944921
2988181
3025695
3072865
3094313
3126637
3147949
3190755
3232891
3252991
3281785
3297361
3323685
3373606
3383065
3397297
3425761
3520567
3551087
3558593
3560345
3594115
3649066
3649969
3662961
3698449
3702001
3730255
3746881
3820195
3851809
3894089
3923473
3940399
3946717
3960181
3967021
4019545
4088971
4258945
4362135
4364881
4365142
4437686
4438153
4454851
4518523
4526369
4602097
4638871
4674419
4707001
4739905
4833445
4912453
4944349
4947541
4998721
5017501
5111501
5128737
5162065
5171059
5176657
5208545
5231705
5248111
5275921
5283481
5336165
5341021
5342149
5421271
5448943
5568265
5606527
5634361
5635351
5683177
5744935
5816737
5826817
5830609
5836373
5844829
5849677
5903965
5952857
5976721
5981401
6010621
6058681
6096014
6164881
6248449
6251095
6417601
6444001
6560947
6575006
6629806
6636871
6674785
6676303
6784513
6804051
6829705
6855841
6898943
7020266
7162017
7166611
7225153
7299271
7376617
7393843
7439185
7481881
7490845
7497163
7584109
7609609
7642141
7711729
7768201
7790241
7791631
7832665
7973695
8064465
8066705
8141035
8149621
8250529
8264641
8345289
8361145
8373751
8404669
8420743
8644161
8649285
8799229
8837705
8863297
8884369
8914633
8936131
8954065
9018437
9039451
9146831
9154873
9233461
9298207
9336151
9343531
9350641
9382891
9426145
9430945
9504565
9756601
9809866
9838801
9863569
10063253
10069957
10087273
10095391
10099541
10171729
10215361
10288405
10307851
10337953
10338601
10408285
10461431
10499065
10506259
10526401
10643174
10698185
10732771
10792751
10818893
10880137
10942185
11005237
11018917
11029609



