201
1005
1725
2185
2211
2527
2725
4623
4625
4693
5025
5341
7705
8241
8625
9025
11191
11725
12765
12769
14145
16951
17689
20125
20301
22021
22345
24187
25125
28221
29233
29773
30351
31825
37185
38525
41377
42769
44689
45241
46345
47101
49841
51925
54625
56481
57017
57265
62491
63825
66625
69433
76849
78337
80845
82325
87745
89125
98425
100165
100825
104673
107065
109411
117325
127627
128501
130585
131905
133525
138757
140725
141841
142597
145483
148625
152425
159121
160645
161161
163619
165025
169309
173641
174685
177517
182225
185925
189625
191425
192625
197617
197825
199009
201241
206025
209121
212725
223231
226393
229957
238165
250125
263017
283309
285085
285877
289641
290605
294841
303577
307489
314431
315905
319125
320125
325151
327865
333925
343101
353281
353625
362425
371665
377545
383653
383801
388585
394161
396451
403041
404465
413725
425785
433021
433825
442225
476881
480145
483379
488467
507625
511537
520925
521839
525481
548359
557313
558625
562465
565687
589225
591325
594849
612313
614689
624841
630565
633625
639331
648761
652327
654493
661893
662929
664573
675025
680485
681625
683905
687201
703297
710125
715645
717991
721525
722125
730825
734923
744625
749797
756937
760081
767625
780081
793761
814433
820801
821353
834613
839845
845101
845573
850213
865501
875425
875953
896125
901209
903025
909101
923999
929625
939541
962065
966721
974625
983725
1002625
1004059
1009625
1018381
1024765
1038801
1055719
1067857
1075285
1078365
1090561
1094905
1105365
1140685
1158625
1177525
1180741
1185163
1186561
1213093
1214425
1226317
1246485
1251521
1278025
1286965
1291425
1315981
1339301
1359151
1391845
1395745
1403851
1429297
1432417
1440751
1442897
1468873
1479751
1501417
1509697
1524289
1524585
1542541
1543645
1558005
1559425
1582453
1596361
1599325
1628609
1645945
1670311
1671985
1687533
1699125
1712051
1714765
1735441
1735825
1736411
1741825
1744525
1762881
1774657
1803385
1803841
1809201
1825993
1828513
1881561
1891625
1893121
1919437
1921225
1928101
1937865
1949345
1952953
1958425
1964725
2002657
2010859
2021125
2027431
2047345
2050133
2134009
2182525
2193625
2201017
2236125
2250073
2256241
2270905
2286529
2307949
2323225
2337697
2340325
2342665
2343859
2366981
2375437
2382961
2384625
2403625
2409889
2458507
2473849
2477353
2504125
2507869
2544325
2549521
2551225
2559601
2569021
2570569
2594545
2616825
2624725
2630441
2676625
2692261
2709343
2729065
2729985
2738185
2749601
2759701
2805985
2876809
2877721
2888961
2898469
2955925
3009171
3018625
3028065
3044625
3048097
3065451
3070225
3118381
3122137
3145849
3159625
3199945
3245257
3246565
3248225
3254251
3256267
3264625
3286741
3297625
3304641
3343159
3348593
3365245
3369925
3372823
3379321
3392545
3419725
3429127
3433471
3436225
3463909
3468925
3527317
3567169
3602145
3623611
3635265
3641725
3706105
3743209
3746785
3753761
3756625
3770425
3777865
3781171
3827111
