84
903
1351
3311
3972
8299
9748
12513
13817
14028
17059
20769
21371
23441
30401
31681
32167
32581
36961
37291
43473
44751
46221
46969
47404
49987
52246
57113
58093
64711
66061
68236
74949
75873
77449
80367
83381
85457
86716
90169
91117
95641
99201
102641
104791
112102
113649
123281
123589
132711
133681
138689
142462
143023
151301
159401
181681
182436
183233
185212
193921
212321
220213
235081
242074
243681
275329
275959
278201
296897
298893
319793
321781
343091
361489
378357
391601
415351
455563
461209
466077
470341
472897
480529
488901
492261
508431
512029
531917
536347
556711
620417
631183
631201
636593
641431
662501
671356
672121
673333
697309
712153
726671
733537
752801
755209
769881
784021
820831
875841
887149
900676
900913
915421
933013
961081
987901
1000461
1014601
1055131
1078291
1087513
1095661
1128561
1147771
1172197
1190179
1229509
1318681
1333689
1366476
1387281
1408981
1419901
1429901
1439351
1451121
1490251
1500313
1588924
1640329
1652951
1664209
1664311
1672141
1737853
1750321
1782393
1795661
1828147
1848441
1861553
1873837
1902751
1911801
1932541
1979761
2012977
2014249
2023679
2116401
2151901
2154441
2184013
2239681
2265121
2287243
2292852
2312713
2328151
2362033
2394307
2409049
2433151
2444421
2476387
2485324
2554741
2597521
2613493
2631377
2819481
2820081
2863501
2878981
2920669
2951821
3073057
3090601
3101761
3109996
3110793
3154051
3177321
3223101
3248521
3289529
3292387
3294703
3301061
3390421
3532321
3586309
3613071
3628681
3743021
3753169
3792901
3809001
3818941
3875977
3877267
3908251
3932761
4029721
4054351
4122433
4133031
4162961
4184047
4216881
4227361
4278506
4289551
4289673
4303761
4306751
4323238
4392751
4394633
4426381
4519851
4631401
4690331
4832447
4877533
4887939
4919731
4941321
4959703
5046757
5060971
5074057
5079361
5090893
5203501
5243221
5244076
5262929
5383639
5472901
5554353
5559863
5567131
5649281
5661151
5734261
5833213
5834197
5897161
5899811
5938481
6114433
6130181
6146893
6218961
6261101
6308977
6324031
6427201
6441251
6470657
6508481
6535441
6683721
6718867
6874539
6900081
6969101
6996331
7055741
7119091
7123351
7141157
7171363
7210501
7270927
7287511
7329049
7331457
7355239
7359681
7420909
7447471
7504201
7576633
7584801
7598761
7608089
7624981
7726852
7950801
7986049
8019343
8054801
8121241
8147881
8154541
8476051
8490041
8547793
8630401
8702211
8751737
8804881
8888401
