8531893
9068761
9150751
10595287
11130319
11166601
11279581
11882729
12607201
12877327
13035619
13426177
13442941
14358529
14581141
14952481
15017491
15063049
15332221
16292557
16716241
17127937
17429227
17567941
17864119
18099211
18317971
18520141
18520351
18878131
19040239
19632157
19661581
19712239
20581597
20925067
21240493
21634477
21767401
22012763
22266487
22682353
22703341
22738691
23427889
23431393
23504851
24406681
24490831
25023181
25201243
25285261
25293041
25462501
25677877
25680769
25718791
25728943
25869037
26384557
26694361
27028621
27147163
27540469
27653473
27745873
28621711
29076097
29377801
29492431
29559601
29664271
29806501
30826753
30828961
31201801
32764271
32956717
32995621
33309091
33533677
33615559
33625381
33721813
33743477
33766669
34695961
35186581
35194651
35340769
35407711
35802271
36740377
36959371
36981871
37028899
37108243
37115707
37123421
37576267
37577539
37686601
37754173
38456551
38760169
38874001
38903401
38947369
39388441
39710651
40467043
40863061
41102899
41165065
41278427
41666791
42014377
42056407
42101929
43911001
44003447
44082721
44414461
44456497
45000841
45028117
45297283
45402991
45808927
45898063
46003231
46681181
46786321
47020177
47029249
48623851
48823369
48936889
48949561
48961501
49184171
49484933
49573627
50603863
50838679
52101121
52827181
53106301
53771041
53996761
54140683
55633667
55880881
56034343
56495071
56700883
57284291
58240513
58910641
59226841
59622529
59682901
59699641
59769641
59892097
59898679
60357179
61422187
61621561
61624669
61719949
61927867
61952339
62208841
62563333
62746279
63266029
63354413
63585757
63962401
64362517
65047211
65349253
66470449
66580771
66646841
67270681
67598713
68137081
68976331
69604627
70958497
71337043
71554231
73051507
73963501
74378033
74740051
74970169
75591169
75935971
76132321
76365319
77309809
77555713
78234133
78560701
79089553
79814917
80665171
81069577
81231781
82093801
83248513
86176273
86738203
86831947
87469201
87650413
87884581
88299091
88562371
88665031
88967551
89381791
89998273
90267503
91780507
92131771
93535993
96232501
96474457
97126129
97211341
97716007
98477843
99138631
100199461
100578457
100627891
100896409
100923481
100962667
103025077
103466107
104572399
105205213
106374841
106548901
106593793
107374151
107400151
108699193
108968653
110271301
110413801
111039283
111209089
111246031
111623891
112047097
112479151
112920481
114410537
115722427
116443213
117129421
117702421
117718111
118232551
118421959
118520599
118801453
119537993
120033211
120702529
120708001
121181671
123842443
125122099
125757331
125934151
125973217
126073963
126502303
128600671
129606427
130221973
130228291
130497841
130670401
131661661
133981621
134392091
135411571
135759889
136022419
136412851
136790161
137769451
137897899
139547497
139888651
140213233
140516251
141551713
141618181
142050241
144278401
145012693
145621321
146387809
147039751
147959467
149196079
149837797
150149077
151869763
152250073
152557243
152797927
154340803
155062129
155239979
157082923
158147047
159078449
159134011
159597829
160656601
161298721
165230821
165409921
166248181
166463701
166975951
168082741
168089131
170186341
170565451
171167179
172148209
173093491
173559151
174721369
174953021
175158461
176036249
176296591
178760551
180001921
180482653
181346713
181358687
183249091
184554883
184993381
185130487
185301757
185389891
188260777
191023561
192612487
192829201
195900181
200962213
201485617
203399197
204214771
204300541
204977683
206006533
206894161
207072001
207352207
209301121
209949841
210274957
212887711
214314277
214604261
214963021
216515911
216922753
217976905
219412321
221256001
221259061
221319673
222012361
222214693
224016011
226631659
228276017
229695751
232018111
233295583
233787919
234331351
235171927
235627057
237275119
237943841
239438053
240571693
242225551
242284069
243536221
244789781
244892827
246936769
248257921
249809191
250920181
251928379
251984827
254079343
254377633
254405713
255261133
256171651
257970221
258284231
258841219
259614013
259756297
259798969
259808827
259824839
261856261
262270933
264719071
265697611
267015097
267465841
267681181
268627921
270181381
270640987
271512301
271567387
271873801
274900369
275698207
277119361
277640269
277704013
279256111
279509891
280007521
280340287
280801009
281023921
281914651
283203709
283215751
283732621
284803213
290559211
291178801
291185767
291258811
296833501
299308381
301761133
302687617
302903101
303343321
304425109
306120871
309411251
309618581
310619791
311609059
311917729
312813601
313153177
314016751
315383833
316816067
317068643
317648521
317915701
320358403
321021037
323976943
324156757
325284013
330321697
330594643
330846601
331116337
331832507
336379681
338814841
341606497
342106811
343862461
343932359
347988169
349137727
349416289
351398581
354207673
355348621
357458401
357914701
359053003
359718301
360896251
360902543
361167391
361301653
362394667
368135563
370398617
373570891
377694781
379254499
381522457
385220557
385881571
388017301
388277921
390772621
391774961
391788361
393197971
393613081
394379701
396149111
397806529
398805889
399241441
399586069
403476229
404071009
405042457
406201951
410465273
411988207
412316281
414087631
415438471
420757039
420803461
421150801
425213713
425821447
428084581
428781277
429897889
429960961
429981697
430497019
430901857
431495473
432062989
432365221
434503213
436198687
436736281
437239529
437491237
438788971
439098931
439212841
439342219
440073817
440159627
441139051
441592633
445733713
445887553
446200021
449549521
451090081
452605369
454064131
454305349
455090065
455337181
460679671
465542221
468725083
469187113
470383213
476081431
477004327
478245763
480991501
481967399
483355993
483459181
485029931
485706967
489975949
493224191
494650333
496113103
501896737
503052229
503935921
504066901
504818623
508286017
508356751
509977297
510238171
511338601
513346891
514712509
515657521
516876361
521011009
521878003
522105673
523367407
524545303
524905081
525127777
527566711
530894359
531428899
533386129
533708101
534880429
536740777
540143803
540427031
541134049
543235141
544952341
546161743
547659451
547683133
550062389
551262721
556539283
558752371
558940339
559358461
559779889
560693251
563068027
563159281
564186001
564635143
567800633
569561779
569600047
569600791
570504313
572785141
573136513
574142779
574870753
578272033
581147701
583149991
585775499
585897841
590005351
590414977
593867143
594747121
599768161
599788801
600610627
603689923
606623851
610488121
612136729
616681291
617161249
628430093
630185389
631412371
632492011
637760651
638493901
640164601
641975041
642873001
644027233
644781343
645890659
646908001
647679397
650983069
653242321
653343463
654526819
655452241
656893693
660445651
660859651
663146851
664692601
665443351
666353143
667054603
667293947
671402353
672396721
673371001
676899599
677429761
680872651
681619571
682778611
684210061
684867739
685463957
685787833
687497399
687621691
688264831
688303897
692615089
694636399
696617461
698198491
698439421
700906417
706295941
707847991
709742551
710581601
711414037
712362769
716544739
720223813
724529191
728458501
730955317
731471347
733310851
734614303
734948089
736012609
736560163
737375539
738897433
739178821
739644193
740453323
740712007
741464161
742091653
753886657
754055017
754248793
756194587
757036351
759432241
759720151
762720859
762786031
770166629
771134701
771635971
774027781
776324473
778213723
780112831
781110361
781373041
782954741
786333241
787375837
790903651
793048687
799274351
799525063
799924417
802052029
808636531
808733647
812042353
812824741
813834127
813848581
820418611
822198563
823554733
824013181
826470163
827322781
834448051
837273601
837282001
838991311
839786351
843810001
847034479
847745179
851402777
851619823
853790821
856301227
857185489
859759681
860578687
860920939
861190801
862069079
865284463
867121801
867518911
868024501
868576463
869152411
869551201
870993553
872108209
873228439
873471661
873484603
875598721
876842401
879485311
879614611
881824291
882189001
883792981
888735541
889522201
889710001
889729993
891086899
891717451
895095673
895262491
900217921
902535037
902884181
903796561
905138077
905533487
908137057
908540011
909521911
912101341
920673001
924761341
929164351
929976337
930576193
937095787
938290963
940991731
941795431
942400859
944030431
947000407
948845017
954765007
955188181
962468911
964042301
964540081
965134501
965365201
968347021
970129789
974924101
975539251
977348791
979736941
980537329
980975557
982020403
990698881
991326991
991580621
996182551
997460617
1004273749
1004395243
1005767881
1008258301
1008285301
1011302291
1014328603
1017677431
1023405373
1024662979
1025700241
1026587521
1031280433
1031961379
1032733633
1035156481
1040415671
1044467461
1046594683
1048474211
1048478413
1050186811
1058811271
1067221391
1068661171
1073400631
1073529343
1075917433
1081552369
1082352751
1083597161
1086649331
1090633303
1091617073
1092803017
1093313761
1096014151
1098393073
1101856141
1103137543
1106866351
1108753813
1110292849
1110464671
1112106973
1113041179
1121676013
1123080349
1123330657
1124454421
1126209823
1127615581
1129541401
1132571809
1134634201
1139110801
1142150147
1142625217
1147386331
1147710211
1148946391
1150713451
1154886283
1156814761
1156929751
1158805201
1170767617
1175136481
1177715323
1178277101
1183305889
1186600213
1199301211
1200459163
1201002301
1201731121
1204599241
1208737513
1209412891
1215208081
1215316873
1216909891
1218640433
1222753003
1224798301
1230818359
1230890851
1232534161
1236557791
1237386781
1241120701
1242452941
1244612641
1246110361
1252636129
1257776251
1259341163
1260030721
1260309343
1264676113
1264718071
1270369231
1270599877
1272899209
1274072251
1276163659
1278663037
1292931505
1293737293
1295247871
1297538881
1300529011
1301012803
1305832289
1312250869
1313611699
1316583391
1317922657
1323136501
1323238951
1331413333
1334552473
1344674623
1345702447
1346299021
1346545073
1348566773
1351147933
1354103743
1362355303
1366591681
1381582099
1383369769
1384142251
1386372409
1387690921
1387709731
1390698559
1391267323
1391915713
1393740811
1395254593
1400693797
1405630381
1408013443
1412611237
1413850153
1414963379
1422253729
1424435689
1425278947
1425373951
1426382401
1431254497
1431284251
1440187981
1440314041
1444957753
1448456509
1448814061
1453333159
1455844141
1457150437
1462419841
1467566101
1474227217
1475784469
1482532897
1483767367
1486843723
1496738161
1497192269
1497881971
1503363151
1506044827
1511534701
1516944647
1517021371
1517977501
1523485261
1533290221
1544149417
1545959113
1546249951
1556234197
1558071817
1562347201
1564753501
1565411461
1567092811
1567636021
1569525751
1571450849
1572032879
1576091791
1584236413
1588003751
1588476961
1589305213
1596190801
1597808899
1599277051
1611540001
1611762059
1613484601
1615136167
1616102821
1619988709
1628385289
1630986193
1632945001
1633183939
1634351311
1636431187
1640534149
1641445741
1641487519
1642868137
1646590843
1650516401
1650957481
1654137011
1659222577
1663266151
1665286999
1671212089
1672982851
1674851401
1676048497
1676763991
1696688603
1702111921
1705482241
1706090689
1717899101
1718899381
1723175551
1726200097
1727031781
1727464597
1732924651
1734825151
1735002721
1736077501
1743610051
1744510861
1744718011
1745075503
1750805317
1754235709
1754327233
1755904141
1756709533
1766161963
1769147329
1770346111
1777553201
1778233969
1783592497
1787452241
1792001923
1800854401
1801830421
1803201751
1805980453
1809130951
1809636401
1813493761
1824928579
1826175469
1829934373
1832109151
1834683991
1835776981
1837169101
1837263409
1837537651
1838312401
1845515233
1849518367
1851420781
1863395491
1868747113
1870061093
1875538453
1877256551
1878421501
1879920001
1883427043
1883698051
1890435949
1898224927
1901656573
1907221681
1907341801
1910273863
1928577709
1930609801
1933280227
1936979857
1937892601
1940521591
1955771767
1959285451
1960062499
1964794351
1966457221
1971314281
1974425521
1982386591
1996912009
1997323939
1999557151
2000502631
2001814669
2002446821
2009072521
2010858769
2016175351
2021326297
2027937601
2032248961
2033065273
2033995741
2039986187
2051282221
2058961631
2060164289
2060675527
2063246311
2064331171
2066374757
2068610221
2073765493
2075386051
2077181761
2079463049
2081971459
2083369999
2086096871
2091855767
2120540227
2123686417
2124921241
2129774473
2137085281
2138091763
2138941441
2146301929
2155053187
2157417751
2164573747
2173525411
2176572971
2177027821
2179782337
2186290481
2188555297
2190460639
2191189501
2194067851
2205280801
2206464097
2215406281
2220194443
2224035409
2224943641
2229995671
2230500301
2231277907
2232972101
2236456861
2238133831
2243332981
2245338433
2247557527
2248302673
2250753121
2258889751
2265751769
2267045119
2271754477
2284002001
2285660833
2293235227
2295337441
2306778281
2310823747
2310905423
2313732241
2316328327
2346871741
2348107687
2357721757
2361320851
2364400351
2365782961
2366454151
2367653033
2368812403
2368901831
2375894809
2376372967
2376769741
2381670481
2383788691
2384220673
2393571529
2397022669
2397295279
2402824321
2404954501
2406641521
2408976181
2415689713
2422236601
2425164913
2427086029
2429563907
2434053469
2437412401
2440646443
2445506857
2450997631
2457634231
2458169299
2460918457
2466958469
2470298461
2472907141
2476652323
2477416961
2483849233
2489158051
2493278471
2497478509
2503017367
2503257901
2504535463
2509511599
2511288001
2514963613
2519731831
2520310861
2523801337
2531205421
2531762647
2533905631
2544014551
2544041473
2550047941
2550063011
2553045097
2560467001
2561641237
2563812577
2567249491
2573347771
2576588917
2579597353
2587770907
2593439047
2594870851
2597006017
2603070919
2605651687
2607435307
2608556011
2624491607
2630188639
2630532661
2637916051
2638827001
2644548409
2652882373
2653176913
2654600479
2656452023
2658294289
2660895889
2666389909
2672016251
2674197241
2674551101
2677330423
2683711603
2687958601
2689966441
2691460909
2697303599
2718165871
2730595501
2732520481
2742001021
2747095561
2750217671
2754395281
2762539777
2764836691
2766504001
2771759797
2772135631
2773955081
2775081541
2775980593
2783065717
2786465881
2787028819
2787493333
2798515111
2807273561
2808056791
2809283311
2810831101
2815035053
2817096307
2818263001
2844272971
2846764909
2849846281
2852049661
2852271493
2852445767
2864711789
2874292801
2883165301
2894497897
2902954321
2912712013
2920069417
2921573581
2921688001
2923437791
2934000257
2934503089
2939587471
2942458597
2948657641
2957950651
2964197419
2967788809
2973474901
2976208177
2988486733
2988865243
2990018641
2994079141
3005164471
3009886897
3011903287
3017095291
3022396273
3026060011
3028125781
3033844153
3043438837
3044565451
3052146109
3053742061
3055398301
3056666881
3059183863
3060643541
3061261999
3067928461
3072551041
3078113977
3080745739
3081070423
3082892209
3085908851
3091081951
3093508867
3107582947
3130225513
3132519319
3133418203
3139942321
3142079569
3144049021
3148403959
3150861121
3152638651
3157000439
3165007429
3177858847
3180143761
3182945221
3188031211
3189732781
3197620441
3197969581
3208453687
3218017681
3221025529
3226010761
3228000673
3228809401
3234184711
3251136811
3253404013
3256218043
3263360563
3270720817
3274057711
3278791711
3284852561
3285158347
3285205507
3286182043
3289294961
3289532017
3291614269
3303890209
3304470607
3306806621
3309573697
3309873451
3314605771
3316743931
3322130111
3325356469
3345593833
3346957153
3353143373
3358693423
3361076881
3367726441
3369813481
3371012143
3371840929
3373009669
3375102673
3375902773
3377164309
3378411991
3386341351
3388238101
3393689833
3396169547
3397060129
3403386251
3404174497
3419681773
3425127941
3439162051
3452858641
3453111643
3456135703
3462062651
3464046481
3476599237
3487132981
3494944441
3500960737
3514590239
3516245533
3517518571
3518080981
3520356401
3520357417
3527380819
3535057009
3546176671
3548607841
3553216411
3556373647
3573465985
3580329943
3581978791
3583581511
3586391761
3599802541
3600801541
3601083511
3602674177
3604877431
3617371841
3620475679
3635350441
3640031081
3642034261
3644327737
3645276229
3645608737
3647635201
3656374849
3665562751
3667766257
3671270701
3675774019
3676131421
3682580551
3684320719
3684387493
3686187887
3692827531
3696009751
3697434133
3708364213
3708443521
3714045481
3715430413
3715659341
3727069321
3737700191
3745966447
3756162661
3765003313
3777866821
3788970571
3792277201
3804450937
3804521911
3818823751
3839802907
3844837651
3852755167
3859581103
3864228391
3866820907
3869363737
3872822545
3881210581
3881746513
3883750471
3884718853
3885397597
3887414521
3892461931
3896343661
3899668591
3910928653
3918241081
3924461773
3925888201
3945623641
3951723271
3956339791
3963736739
3979234351
3980428033
3985034023
3991263121
3992128141
3997408051
4000717153
4019682241
4029341947
4032919729
4050838837
4060340929
4063818721
4067403481
4076835101
4082072017
4095715051
4105658759
4111281089
4111537501
4143378691
4146303613
4153290751
4155031891
4160927761
4161668029
4163138911
4169765101
4170912217
4175722207
4181148133
4187906581
4189212721
4200339791
4207181161
4215387229
4217739181
4221986809
4237506073
4242354731
4247896153
4250028601
4251253429
4254378031
4256861071
4259474533
4262997961
4270323301
4270529303
4277933203
4288655497
4294778671
4296794521
4306752451
4308380173
4309638571
4313115623
4315318421
4322869921
4334258189
4341731419
4352200273
4357286071
4358585641
4373591069
4378466903
4380830647
4387779001
4388881069
4390982641
4392520861
4401799921
4402444201
4415874191
4427078401
4430703223
4436047951
4440686251
4446853237
4450100887
4459980211
4466369881
4472730571
4481504551
4490616505
4494697453
4501922797
4507965307
4516445143
4519785151
4523115601
4523231857
4524518791
4525370659
4529576353
4534645039
4538616601
4550735971
4552376401
4555332503
4564791841
4565705713
4577785057
4588142353
4588781341
4594268593
4598722561
4601261617
4609177231
4611760763
4617856801
4619774881
4623732499
4640260351
4643146621
4645061821
4645289161
4647468151
4652290501
4656031021
4666790971
4679443801
4680978061
4698713743
4704700771
4707752503
4713248233
4717734757
4717999201
4718884717
4719545377
4728491329
4749290011
4751680627
4754732051
4783607161
4799427119
4800888913
4811523839
4820170991
4822731541
4824543397
4834731907
4837428371
4838955313
4841176249
4860711899
4866714793
4880506933
4881017527
4881583561
4898836411
4906199701
4907629351
4908671041
4910198023
4911446827
4916181817
4928775073
4934248981
4936760401
4950695293
4953270529
4963824361
4974766921
4979021167
4991363521
4991952043
4992548617
4999284181
5002750579
5007934121
5026160437
5033463191
5055908359
5057259901
5062941199
5063867173
5065490173
5068905661
5074317271
5074578169
5078157061
5080486321
5094550891
5100860629
5111992621
5115691501
5122232479
5122803841
5125100587
5138540917
5144122513
5148987229
5158420801
5159655937
5159780353
5159904769
5160985699
5171278141
5176214389
5195905063
5198207941
5203768873
5215417201
5222799649
5237482303
5238237853
5240439011
5245093981
5251810351
5256456811
5258242211
5260689067
5268441619
5269358161
5279891191
5286334519
5288682247
5294854111
5294932651
5297050513
5306342113
5307036179
5307284467
5308610413
5311297289
5322423551
5326201297
5329163839
5336115877
5336799427
5337657571
5350643299
5367129773
5370011749
5372183089
5379308371
5380052833
5380176871
5392111103
5394890383
5403488483
5413316527
5415420991
5416563223
5419078699
5425612321
5439259513
5439537793
5449832429
5458988459
5468677561
5473176239
5489346619
5497722413
5498765533
5506224319
5516701009
5528402881
5529759841
5529982771
5532850681
5549351809
5553335761
5554463851
5556770101
5562699787
5576313133
5599187389
5612372533
5617754099
5622478093
5623428721
5625124561
5637597481
5642666821
5654489311
5655411121
5669484701
5677044847
5690489059
5699507599
5701101169
5701541077
5711015311
5716374901
5721523669
5796015961
5813305201
5824429601
5828227189
5840120821
5843770921
5845759033
5862749689
5868126727
5868277471
5871138373
5873369509
5874673111
5887512079
5889264841
5897460301
5932497169
5936297137
5938552423
5940131341
5941111321
5942714911
5944546585
5945312123
5963807251
5964626221
5968985881
5984757419
5985356119
5994866827
5999705101
6001028983
6002612689
6010461691
6020998897
6023435533
6029386507
6033053881
6037172441
6039118603
6064610129
6070524601
6076170409
6096304369
6113113639
6117791131
6127664677
6129975403
6131372851
6133056373
6133774789
6137167219
6140565047
6147070441
6153944113
6161543851
6167872261
6193950463
6198873979
6205912717
6216700327
6232479163
6237270271
6241181839
6244293829
6249103213
6252417817
6263778151
6265468631
6282330121
6283206469
6288344609
6298307857
6304171501
6309430933
6312341773
6325064461
6331961917
6336439217
6336977149
6348935737
6358483909
6363077393
6363764773
6369793123
6369814621
6392674681
6407628937
6407646427
6414058411
6420024271
6422825551
6435683611
6436867621
6441401377
6441719257
6441760837
6443188181
6449871187
6451174153
6468924871
6473221987
6475029601
6477083341
6477666931
6487738519
6495308821
6498835927
6501975349
6506657119
6518827921
6521371261
6525081613
6534300691
6551230429
6554905663
6558199183
6564937009
6568985053
6579059299
6581566291
6593767051
6608606041
6609575701
6613562303
6617312953
6618288871
6619331197
6629021389
6631516711
6631739731
6637203343
6641153281
6657908821
6670945261
6671684251
6672234451
6690949189
6693225163
6694110277
6700464889
6715408621
6717247879
6728850577
6743655889
6746032921
6749032417
6749663509
6749866399
6755160829
6759389179
6771383851
6774706681
6777873799
6785606881
6785730001
6803755141
6805506943
6819860503
6837402991
6849671473
6856612309
6858442801
6872214001
6899470537
6905335531
6908009833
6913151323
6915252037
6916020637
6919365223
6931495999
6938955505
6954439523
6954907051
6971145793
6978139411
6991582009
7017031279
7022799991
7023757789
7034583997
7038093061
7044681337
7054502071
7073583037
7093936801
7106750551
7127589043
7143999787
7148310241
7166932189
7171972501
7188663967
7190673901
7194745489
7196124079
7201012141
7207650997
7216250581
7218453061
7220319121
7223259391
7231581391
7245800101
7249066507
7250698351
7274281813
7280695501
7287577403
7305605953
7315050541
7321387921
7324756291
7329777373
7339275457
7342681627
7345482163
7348575649
7354765171
7368259717
7398382969
7430662441
7434444931
7436275111
7442560357
7448711761
7466901787
7474052041
7477669561
7485652051
7492322839
7497068869
7510714061
7514376937
7515516097
7531211929
7533963361
7535836153
7536764467
7543078621
7549412917
7554071701
7557127381
7566959233
7572875521
7587240277
7589564233
7596822949
7602949201
7605263639
7612615547
7616966761
7619733221
7620798247
7621826167
7627821763
7630387381
7645066633
7646619481
7658832133
7665948811
7666504213
7681598107
7701226681
7710519601
7711835533
7727353609
7728344707
7733433289
7736660357
7744062691
7748645977
7760892283
7761622717
7764535591
7772179913
7779353941
7785255781
7798908577
7811716919
7821349741
7828548179
7840809667
7841188051
7848085099
7861210651
7874184961
7879603201
7881498517
7889940241
7891065001
7902116641
7909102543
7914236971
7919960161
7961134771
8013872023
8018739263
8021335609
8021514961
8021895253
8022630841
8053671739
8058592111
8058930157
8066450783
8068390091
8072874181
8086373857
8087822401
8108715421
8109757153
8141810771
8148590281
8152360141
8188367167
8192066401
8199964621
8202695261
8215233601
8223824467
8238205909
8242565761
8246957233
8249064187
8251092769
8258545201
8261615521
8263006951
8284762441
8293048801
8293793041
8294731561
8296040017
8299165771
8322359041
8335243141
8347433641
8365632133
8368973881
8369421391
8370855169
8393027501
8402073601
8438152321
8454341293
8463071077
8465432431
8481041713
8487542071
8489969713
8493138271
8495534881
8499977731
8506393831
8506559437
8508061561
8528971771
8534212331
8539253729
8543750263
8551641029
8555324563
8570991937
8577787921
8589850327
8591418991
8592777757
8593772041
8597104501
8600622367
8626401631
8627952241
8631136177
8634715651
8637756733
8649202303
8650742869
8656431697
8656745527
8662772179
8674071451
8682996937
8699825953
8705306941
8726752393
8729390689
8740819897
8743783313
8744535109
8761564681
8769448051
8771383897
8771560051
8788540213
8793196553
8797296457
8807965783
8820097651
8825016301
8855065561
8860140169
8866227547
8869761361
8875307809
8881789099
8890922503
8892212929
8898107963
8898502513
8906670589
8911967671
8936584669
8944662871
8951970997
8953529221
8987206069
8994357703
9033947137
9048297031
9061279921
9080354557
9091656001
9091891009
9102151549
9103569121
9103974751
9114998257
9128850853
9137512213
9141667487
9141729169
9152801149
9185794291
9195124357
9198843193
9206747041
9208360813
9234310373
9240195493
9242849773
9253016137
9257658169
9261536923
9262138051
9271518961
9280074763
9295559437
9302854289
9303571201
9304374577
9307545931
9337495201
9346186621
9351436681
9360536641
9376188013
9378020081
9383416051
9385491851
9394710349
9433050481
9439815101
9483464911
9489002491
9495187651
9505666361
9505688557
9506792531
9508848001
9516401137
9524629223
9533779003
9541053289
9549118681
9553391047
9555231799
9557323861
9561293657
9564087271
9577915771
9617439301
9617606623
9638483731
9653960053
9654748531
9671559661
9674104897
9681163537
9681974251
9689160079
9694128877
9709133249
9710488663
9715850431
9728623801
9730723231
9761593213
9765841141
9773413741
9790060771
9793850809
9798235201
9823770997
9831123037
9837674617
9845945341
9847200301
9850234153
9850267561
9854921953
9877878901
9883910501
9919285921
9923987011
9924601051
9926227351
9932634823
9937638061
9949243039
9954880057
9957778321
9970146271
9971039779
9979423081
9979883803
9994161799
10017896533
10027146823
10035753451
10037279161
10049171677
10068186493
10069082041
10084287349
10104327841
10106728501
10108225387
10117171513
10184993081
10213068871
10223590579
10230810841
10262401153
10271975581
10289018471
10301663431
10313598373
10315325257
10324730113
10334649481
10348475761
10351235827
10356283859
10395632573
10405425211
10411263691
10412511931
10418750833
10419990439
10438548661
10445136571
10466922709
10469498437
10470392827
10474495327
10481561749
10489371859
10507663783
10508019397
10511966797
10521410131
10523243323
10534759201
10536885211
10565090881
10575223819
10592691073
10608527161
10643724169
10647210881
10670301901
10680034441
10686565657
10695829591
10699248331
10721851351
10725790561
10729780513
10734852481
10746174529
10747775197
10766912833
10772133023
10780283081
10782129751
10786212487
10795096937
10806528151
10809471979
10814167417
10815542767
10817264071
10832468329
10832749589
10836991621
10862999857
10869033319
10882663177
10891840447
10894515985
10895615011
10904362561
10916996371
10919735131
10920960013
10922265991
10936942111
10959785927
10964331253
11005028539
11005070561
11018590219
11025490411
11027567923
11029865581
11040856163
11042452801
11057545063
11067987151
11073205573
11075660611
11077071337
11095113511
11100812329
11123194321
11127158473
11134592947
11143485721
11153773921
11156322031
11185245469
11185807711
11190670453
11204352721
11220346901
11220829751
11224956383
11228884913
11230157401
11242618129
11243071951
11246445379
11260192249
11261277821
11265424057
11279820661
11280383731
11302069039
11318690813
11320350959
11322149977
11323360621
11378885257
11396294731
11398471561
11416810951
11419939441
11431676521
11440606921
11443862251
11453470687
11463422587
11463690571
11492337301
11493605261
11493658567
11499089551
11500123351
11514748667
11522210701
11524908151
11531423971
11533452481
11557188919
11565235837
11567752333
11568213973
11587772981
11593005103
11596104451
11604840391
11610191833
11612495665
11618549671
11620218823
11620539361
11620762651
11623931683
11627947189
11660425459
11671024597
11680712389
11696126401
11721916741
11741773051
11744712421
11753938297
11758377817
11779792933
11799024401
11818157521
11818882219
11845773253
11864381761
11873268793
11874324479
11882854591
11914707619
11915973973
11932213333
11965225177
11981715331
11989981921
12019562273
12022770943
12035973223
12057796891
12072247831
12077879581
12088832179
12107334383
12121738051
12124636291
12142279297
12150747541
12157040353
12163508701
12170926351
12184578583
12223048771
12226014181
12236762693
12238558411
12241526959
12257280883
12276703213
12286812613
12304091611
12360463831
12364586389
12401546779
12426385231
12426647251
12440130211
12450227089
12453564397
12454512841
12468297623
12468819479
12471330691
12478375933
12478929961
12481091869
12490226911
12491771053
12521904049
12525030577
12553649191
12562683631
12569319451
12580798619
12583792171
12594297871
12594718177
12596535901
12598254859
12600186457
12600454439
12603754169
12610347751
12616248481
12617600971
12618280501
12623867821
12644793721
12654267559
12660266581
12661225207
12677432401
12691720933
12706190281
12716124391
12724319401
12729118381
12734100097
12737769883
12750015601
12760078579
12770306407
12770405569
12781905397
12786683941
12790001953
12802000861
12807063331
12819246073
12825592501
12828135403
12830523187
12845618033
12846544969
12851123851
12855618049
12858093151
12864281161
12879997381
12893453371
12939816799
12972676957
12973526611
12999450133
13019401921
13026472801
13029488897
13047507901
13065506497
13091670901
13106885137
13111096601
13127372821
13128381721
13131809233
13163752933
13170697669
13180083841
13191343981
13209214159
13213157167
13226541307
13227802831
13232575261
13248233641
13254665851
13265824541
13273555969
13275017323
13275795541
13279942667
13282399171
13282554781
13300965421
13312537363
13319683477
13378690711
13388035439
13394938861
13409136553
13411603141
13425206339
13442736421
13458706801
13467568261
13480578847
13496616061
13498087891
13509660151
13522291511
13537328257
13554403867
13585011721
13593387331
13622847463
13631479471
13631825767
13641789313
13651603627
13694835997
13699713913
13705552513
13728505051
13731390667
13759165411
13764165139
13772202373
13772671309
13781801251
13782452641
13782480913
13788646631
13797427921
13812212863
13830198553
13839820681
13859614081
13910743213
13915359823
13917806599
13937738497
13959601423
13989846457
13991835691
14000188739
14009840551
14013006481
14015467129
14023991809
14045077681
14051522983
14059451207
14062220173
14062629079
14093774281
14108500213
14149072393
14154762889
14161797757
14165999261
14170262317
14177672129
14183145481
14214612523
14240100887
14241479671
14255259859
14259218689
14266165391
14288646457
14294227681
14296801441
14301416053
14308157557
14324663159
14331803851
14333691499
14343983887
14348581801
14355487213
14367439813
14376410413
14411031841
14413460923
14423988611
14442022321
14485744621
14516383991
14523951973
14535563461
14539501099
14557237381
14564289937
14566343611
14572369897
14578830253
14590514917
14599067887
14633122231
14677355293
14678422711
14696945341
14700461581
14703732451
14720275357
14725623481
14727153211
14730298339
14747310601
14763762331
14769437509
14777144227
14778682481
14789631211
14789691733
14793763051
14808157381
14820625201
14846544721
14853058291
14858625601
14871155041
14882948239
14920858261
14949020041
14967235141
14971985089
15007362829
15066269611
15085866601
15090861319
15097341421
15098247601
15116897293
15126433561
15127717981
15141248401
15155810809
15162226231
15165707663
15172765681
15193529069
15202294003
15214062067
15226752529
15285564361
15290064409
15312660221
15327735751
15329769751
15331674889
15337755811
15349317803
15358083121
15367949779
15424622977
15431745781
15437952511
15454853131
15457357567
15458523733
15463926691
15466118221
15467333131
15480382081
15483475619
15504449143
15519317437
15525354961
15587031151
15597805807
15599865793
15601172737
15615512101
15617468401
15628597921
15646971073
15662826397
15688877527
15694536301
15713279947
15725599999
15727120501
15727459129
15743714587
15778363861
15803586151
15826094617
15827993353
15918991351
15920494111
15952528219
15963366301
16009966099
16010231617
16022433457
16041967147
16049110339
16058739841
16081389721
16083672301
16086746413
16090510351
16106614441
16124917453
16145450371
16176390427
16182306739
16186722707
16200394939
16203129427
16205649191
16215347557
16220931481
16264646707
16282445257
16303084139
16305443281
16317712573
16332838561
16374632081
16377985261
16380536797
16389059473
16396613161
16407529291
16418681203
16422640081
16422960601
16429060243
16467824459
16480502551
16510686169
16540823617
16541035081
16558046407
16578238717
16579287019
16587850141
16597164211
16603013701
16609796659
16611082081
16622054887
16649902429
16658882101
16687863721
16689512533
16721996851
16731512491
16739630389
16753729501
16766676541
16776867451
16787261977
16793422501
16800456373
16816700161
16819742413
16829164171
16832097361
16840426351
16842896617
16844060881
16844274721
16870461361
16894388317
16935220387
16946997571
16965450851
16971392533
16978741777
17017352101
17017965901
17038947199
17047337113
17062143913
17065656343
17078988889
17087108377
17089817887
17090955883
17100028141
17105680747
17128863571
17133117499
17136180073
17174960227
17185435411
17194005673
17222729371
17230053361
17251264411
17262585731
17288244481
17291006749
17296929751
17299370089
17318256661
17347018105
17381600941
17384660999
17407171081
17410996351
17422368133
17427712387
17437235509
17457972277
17468223361
17470187881
17476835251
17481885989
17497979641
17503432777
17515715551
17526263329
17541718147
17542644859
17549574229
17574826237
17577636091
17597813377
17627490733
17655236041
17698375217
17701446601
17720308999
17726415667
17773807741
17810768053
17824473145
17825614687
17837956249
17850872359
17853115201
17881005421
17885788691
17905637509
17929597579
17974531051
17975007961
17982965443
18002249593
18016642349
18018724819
18041745817
18047056429
18069766651
18079647913
18104233771
18115493761
18134789653
18137840761
18139380673
18153109261
18163237567
18171464659
18176005201
18180286867
18210483061
18213215623
18217430137
18219379069
18230674261
18252308341
18254379457
18278928403
18284010031
18289476577
18319251223
18327612223
18346339621
18396580357
18472570051
18475437553
18476383489
18485238487
18487248517
18496571611
18501896449
18509351437
18518127967
18520501201
18528496291
18530997031
18531569701
18537874237
18538501723
18549398521
18557780047
18563453791
18581555791
18610824061
18613662607
18640927909
18641117771
18642505393
18653565151
18676874129
18682340293
18687796333
18689184001
18702270181
18710893567
18743130667
18743741011
18756931777
18794592379
18818374177
18832320697
18836769121
18852938461
18858406117
18892448171
18900928271
18907584001
18912063523
18928110499
18933161501
18959358773
18976271557
18990523561
19001427817
19019247629
19041029443
19065993691
19085760973
19087332751
19089527581
19106742997
19122338251
19127055301
19134814843
19153126901
19169733901
19173070351
19177621621
19191406081
19203484301
19229988263
19250487199
19251348001
19257820681
19276558001
19289253721
19294002733
19294511251
19316190961
19317888739
19321048319
19323581521
19324198177
19326034177
19332123803
19345570619
19347989863
19363827991
19382448919
19420137619
19436173417
19448386651
19449342991
19461033811
19471030459
19471298309
19472085739
19479187729
19517737891
19532106277
19545236341
19564471159
19571632837
19573003213
19578483289
19578529921
19592670673
19594984597
19601281981
19601333641
19625243119
19627255201
19638791551
19653442747
19687449841
19694138059
19703442511
19743757051
19748511361
19765322851
19784825761
19802456881
19817914663
19825147777
19834456141
19837359451
19850758201
19862348311
19911390211
19922368681
19923755941
19926151477
19989207127
19990507219
19994050441
20023039961
20026529959
20027684431
20038850263
20040178099
20040260923
20056534153
20058581269
20069027431
20095427353
20100574237
20109429881
20112216169
20126646541
20148828289
20160361009
20201244841
20212306381
20215731493
20246918401
20258924761
20261795401
20286187951
20303913367
20304348481
20312257963
20380123369
20397805261
20437299499
20453348401
20457622351
20511057013
20516108581
20530285073
20554218049
20558539153
20580387121
20598340501
20600350849
20600881849
20622824821
20637683659
20641226761
20658792001
20717740753
20722302091
20725107701
20725230193
20741202109
20754873631
20768051221
20789382799
20814110839
20841721741
20859545587
20869834261
20877185683
20935371731
20942509741
20962464121
20976412307
20978581981
20997902477
21012094657
21041618311
21041879167
21046163689
21055713719
21098546353
21103121101
21109907617
21130956001
21137963617
21156677881
21159264901
21161087953
21166136941
21174222469
21192302341
21198949411
21201106579
21201986521
21219254113
21229640191
21233256301
21255289361
21281877601
21281953681
21315393721
21315992671
21328041121
21364147351
21375314011
21375607501
21388393291
21423073813
21431529181
21440874151
21451829059
21466264903
21471955201
21484426057
21485117239
21488240683
21490289341
21490866541
21536779447
21545477227
21546215659
21561240229
21564586561
21567140449
21568112821
21574553617
21587638051
21593285521
21611385277
21628121761
21629842507
21643521901
21655175189
21656198341
21669475777
21677455549
21697311091
21697658251
21698254267
21706793491
21717256681
21759691801
21761364311
21786038551
21798671959
21807343741
21855933667
21870600841
21871824991
21872339053
21900368713
21904938721
21914323201
21920969737
21921975011
21928614769
21943144741
21961828549
21963711001
21974810707
21978210061
21988274851
21994735001
22004992549
22006702873
22028718419
22031201329
22031441587
22035904447
22042606601
22051072081
22078056061
22086883201
22088785891
22090841761
22104295669
22105373599
22113710951
22138673971
22141034551
22154852593
22221025399
22229910793
22231828987
22231892761
22244760811
22260536521
22275756409
22285849351
22293868061
22308577897
22333618693
22354808341
22387185797
22419828913
22427714323
22448890801
22479042379
22508932051
22521774703
22541213581
22544013583
22559325739
22565070991
22569458809
22570464869
22592073781
22596683869
22607256337
22678054741
22707941077
22732636381
22767854761
22778018047
22808085301
22810174993
22813734913
22821776209
22823966281
22842410161
22880016127
22899113749
22907392111
22918350547
22924772749
22934808877
22956530071
22971564001
22984505101
22987913941
23036503579
23052774691
23055287971
23111629921
23127255913
23127556423
23137952443
23143705933
23146290127
23169207601
23177209861
23188952573
23195230147
23199315991
23215858849
23218861927
23233408021
23243503501
23246158231
23250943297
23254293061
23257615267
23309478151
23312545483
23329187041
23341645991
23343987889
23355955043
23361066331
23385579241
23387255809
23410433989
23420922523
23421947473
23446517851
23453813263
23463581257
23482286101
23486187523
23487698449
23517218761
23537131477
23537625541
23540393927
23568948811
23583205381
23589295201
23592213937
23613254713
23639019121
23652092377
23660733241
23662748233
23672662021
23673472891
23673628621
23687528929
23705045911
23720252401
23722232869
23726080489
23731790833
23753998841
23775235501
23789619649
23820059341
23840162881
23852123569
23854863691
23870794501
23883424379
23898044101
23927646133
23936772223
23952605851
23955482461
23958752651
23963194201
23973624533
23986180093
24002152357
24003118213
24006976753
24014706301
24046175459
24051020041
24070218877
24077667937
24080847841
24084047197
24091683391
24113451821
24118450357
24124363327
24135356701
24141307849
24147265213
24181823429
24193704499
24194937757
24197496247
24240501349
24309819631
24333117997
24335269729
24365947171
24395883227
24400994041
24406312417
24435809341
24454038299
24460502401
24500020411
24501948439
24517835299
24530599081
24533771377
24558266039
24567766147
24628183357
24633894059
24636242261
24669571279
24708561811
24711301057
24722234951
24747051421
24752982367
24792549289
24794016479
24811691563
24821999011
24833229877
24840251353
24842534641
24852151859
24859186687
24862413391
24872671393
24886156439
24893461261
24894049783
24927320963
24950843281
24973291769
24975672661
24976343251
24980328871
25003019497
25003885789
25012312651
25027534069
25032625231
25052018041
25074920251
25081558273
25092057019
25097310013
25100081461
25105496509
25133917021
25136018851
25139808541
25180698619
25202044639
25223795767
25237337533
25255247431
25281397501
25286273101
25289599501
25303697101
25318753351
25346384911
25366222379
25382878501
25406006039
25408375651
25421622949
25448895473
25451686657
25455967633
25462808977
25479996023
25480638187
25502842261
25520976001
25533408331
25544575351
25580538451
25599453331
25633504849
25647235417
25700441023
25700660701
25710395257
25716242887
25720192603
25727764681
25738610941
25753706267
25760333539
25780934041
25801795561
25809841279
25819484161
25820338987
25839682543
25861807151
25863887461
25892219851
25898836321
25916247721
25920909829
25934214073
25936923079
25936978201
25949082433
25978132591
26015884507
26034352543
26057985829
26086334089
26095597777
26116130173
26130126329
26153531401
26165325301
26204894383
26212246621
26214385321
26216656129
26243608561
26270934229
26328991861
26407777789
26415847933
26420668561
26501353231
26559366913
26569731709
26592714127
26601625711
26618488447
26619362221
26645103943
26653174417
26675169751
26685064141
26721465031
26727354961
26731416901
26748290791
26754240137
26761088551
26768478283
26772787163
26780922901
26783922601
26845459651
26897330401
26906877361
26907699937
26922192571
26944437781
26965848001
26967299833
26976422233
26981083867
26992346041
26995875391
26996304721
27046001053
27046501291
27047960521
27070141361
27072705871
27103837141
27105839833
27115758671
27134772697
27186115141
27216784249
27218976121
27220391263
27241320011
27244178281
27245353801
27256819201
27281372977
27325766449
27334343009
27367062841
27404858419
27405954049
27426209491
27433636871
27435556171
27439355123
27445988177
27454819033
27456442933
27479368751
27490263373
27491660197
27495542141
27517484989
27536095141
27536603491
27542010421
27544368529
27563077501
27570213217
27572302729
27585844681
27610592401
27612675007
27620896549
27631190953
27648658787
27690080021
27691749163
27702980971
27716033857
27727243813
27747704587
27821407051
27843190051
27844199531
27867298411
27876389707
27886232101
27934361641
27936653887
27958172513
27968618971
27973308763
28034308063
28041695621
28056355237
28077644323
28079859421
28089516781
28126586881
28132683241
28140475001
28162340821
28177656901
28183980889
28198197553
28271880323
28281126371
28302764461
28327513931
28392795523
28404163621
28409843617
28430086049
28437282481
28444073851
28453061029
28471348579
28507823569
28509865777
28511722807
28603118699
28613327401
28625959741
28646651389
28704391453
28709597929
28741413451
28784670643
28818356941
28848711109
28851563989
28876451029
28881976033
28907301601
28966554523
28976703097
28982528731
28989033001
28989618877
29021874829
29057124643
29059597099
29073449803
29083045951
29085503203
29113365191
29125098901
29138010001
29155710781
29159507989
29173960381
29176207981
29189800873
29206539847
29212247701
29215873963
29217331837
29224358047
29228618833
29229206701
29249483141
29257845181
29287494631
29295331561
29303852341
29387366551
29410426837
29427838177
29440080823
29441111401
29443995337
29514189601
29518891399
29546406913
29548342273
29552000617
29557217587
29589628933
29599837231
29635513861
29650384373
29666918087
29708530381
29721060139
29726832671
29775216781
29794747627
29840568577
29864887501
29874704263
29875919617
29882541763
29884316887
29890337959
29912482657
29919788263
29941767151
29960520301
29975045227
29982775981
29984836751
30001600021
30049178017
30072040507
30078549467
30110618701
30113226761
30122504707
30128424967
30166306381
30167905681
30169808243
30189039973
30197070751
30207307201
30213870751
30217464581
30225998947
30227755751
30233971769
30240843931
30253453597
30256019713
30262251223
30278881931
30285519001
30290298901
30327081751
30343317841
30363248833
30371589361
30373268311
30373377571
30406429513
30409291177
30419042977
30419125511
30439530001
30447904829
30458618821
30494199661
30517178401
30526735681
30570413473
30636333001
30637340677
30649981009
30657223213
30668253743
30688987771
30750311257
30785477581
30801058471
30818657101
30860657551
30866215489
30871516051
30929867807
30934032121
30934034143
30935134501
30975249229
30991502629
31019622913
31047359851
31066839553
31100541613
31101223861
31107945079
31170203189
31173699841
31183903903
31187048257
31187752597
31344996373
31350427501
31357705501
31400751509
31430957179
31450010377
31495568413
31506917401
31555879831
31575788161
31582292479
31584498851
31586037001
31588488091
31599358541
31607336141
31650637951
31670255081
31671383041
31683042757
31697433659
31711896079
31748682967
31764091423
31764105601
31778248181
31789244251
31798719301
31806403333
31834008571
31850698643
31871225719
31878874837
31896210337
31901124781
31941865931
31962104857
31984573699
32014432489
32071501729
32075249959
32085981289
32109990023
32141926081
32160918751
32173524541
32237382361
32249041921
32254166641
32278660877
32287065631
32317481197
32332425523
32334341077
32360524687
32363035921
32380368637
32383345681
32406540967
32438715401
32486741533
32497054141
32531829541
32541211051
32584319791
32607829481
32616259111
32618184061
32620289473
32642145541
32670339241
32674381345
32694989491
32707645891
32712635971
32725648621
32770126117
32822757529
32840232841
32855265601
32910729139
32912325769
32920573231
32931855001
32932345601
32944207561
32984793899
33029571683
33030636871
33039733987
33054219991
33073003261
33083466001
33089702251
33098104033
33112259549
33123418021
33124999021
33136983937
33143112157
33160402081
33188865331
33212400817
33216336253
33225632527
33237384319
33241670461
33248296181
33288028489
33307831921
33311619871
33314526319
33378801307
33430026673
33430419541
33441873301
33446262301
33458870149
33471843583
33491888093
33502109911
33511551061
33554678719
33554978731
33568969141
33573386689
33631828621
33649922521
33679720871
33683308759
33717244681
33718309951
33731131981
33736987099
33770093869
33773565337
33792048511
33825145369
33832958287
33848989219
33866666989
33896944033
33900091499
33987688813
33988846561
33997430221
34007667181
34013243251
34030013321
34048344481
34058712841
34086284569
34093662241
34093908451
34099587019
34108933951
34110651787
34111363339
34170623119
34203780101
34212758471
34258686337
34265832949
34279012501
34280173591
34338437687
34384972999
34406407153
34455222631
34483688857
34507327123
34534196611
34558760141
34636076863
34637727601
34644588193
34658356039
34665687721
34721254261
34729281523
34742253751
34745142301
34751712829
34778497261
34795181461
34848986833
34869901771
34909515271
34915229761
34916788141
34933139161
34965387637
34984934209
34998845473
35028170101
35029916893
35070419413
35101184579
35119543759
35135127743
35166359801
35175907763
35184474361
35198749357
35206029217
35239678633
35249526761
35258678911
35262071461
35270494639
35275078561
35315156881
35355531301
35359409809
35364791353
35385685583
35475156751
35482554361
35484260059
35516864101
35530664089
35536970041
35548109959
35559682789
35609033461
35626912021
35646495571
35650581121
35679594947
35710373881
35722402831
35732398969
35778807091
35782243939
35790239011
35805994801
35813625211
35824544461
35852149639
35856517427
35860174813
35874986599
35875353391
35877600623
35903767351
35921263099
35944003561
35968999519
36047921191
36086182453
36104464531
36106872187
36156872431
36209889559
36244991971
36248290471
36334959181
36345824947
36373873147
36381385171
36427814413
36433586041
36523768633
36530830151
36547657843
36548120941
36646118101
36682603931
36708414271
36714826417
36757123831
36770087251
36770220631
36795762749
36804555481
36812079019
36825857329
36895765099
36898029037
36900593251
36914475001
36917809021
36969265133
36986805403
37005842869
37018288303
37030656743
37053606001
37090816003
37103070929
37143707833
37159051087
37204955071
37209515509
37219448521
37230831433
37261724551
37370819461
37407866497
37424228551
37434576089
37447484719
37448791729
37482076801
37484195677
37520680009
37535656423
37554213413
37558883461
37573573591
37582201021
37583700769
37589680213
37629338161
37633106323
37659007591
37705763833
37723980841
37728986741
37734072601
37753964821
37759454551
37781466407
37825718311
37837269793
37841025751
37864230517
37864899223
37883042737
37889102353
37897045141
37908576751
37924734181
37950583421
37960449913
37974195001
37992885451
37994419009
38013269221
38039728189
38061193501
38073730969
38094239089
38107788601
38114229697
38118776021
38132210491
38144270413
38159424109
38168624881
38196072433
38200310677
38218518781
38218732777
38228787463
38248415377
38264850793
38372059309
38377518499
38420428201
38438022341
38444572927
38454605983
38455722199
38470340731
38478412477
38489033101
38504692129
38522284123
38524544173
38573914321
38588287501
38600149171
38604346789
38630256409
38636064721
38665251829
38673383233
38679440113
38729592721
38734973281
38744234701
38759259823
38768347069
38779573387
38808163759
38821584553
38837152081
38898970309
38929351369
38959501351
38969079001
38996664481
39003875639
39027895921
39073799521
39097371421
39110375329
39118865017
39161689681
39170220361
39172205269
39181773151
39205072651
39231668617
39350149807
39379795057
39382538917
39387954059
39398582521
39428644069
39455892451
39460806131
39466429741
39466867981
39491041231
39494344411
39496186417
39514811383
39531154513
39533258327
39543780481
39546085811
39560418397
39595477939
39668609791
39680750693
39729192961
39730992841
39743075827
39762040519
39771392641
39800607631
39823016941
39957051529
39979705039
39997220323
40003855597
40010311463
40037521861
40049911901
40055358421
40068072991
40070394961
40076756659
40084194151
40098398383
40104528743
40135234561
40139158951
40156086361
40238332339
40259067427
40270694339
40320925201
40346542039
40357039081
40365560251
40367020321
40375278901
40401569209
40426885657
40438363057
40460706721
40488404221
40499356661
40499626351
40511745847
40537658701
40563545437
40565638513
40591217071
40596089101
40653702829
40675019401
40707345001
40739205401
40771696081
40794528809
40835860717
40850370289
40883153431
40910993839
40914515401
40935345031
40957250401
40991122063
41004311941
41053624147
41070859831
41117511049
41126549881
41141675101
41170881361
41181951031
41202540781
41215910581
41246995859
41296741399
41315846581
41320556941
41326446013
41330597069
41345615137
41459516281
41464043041
41478378481
41478792899
41496624469
41501830319
41524346881
41542713851
41562882121
41623260091
41627335681
41650565401
41668750831
41673916981
41688393787
41719590793
41749739197
41808086713
41860429183
41874633851
41875904533
41878057027
41885069971
41897592937
41940623341
41984021539
41985799981
42045700651
42064974911
42092002987
42125782843
42134536003
42145026241
42160663801
42223563581
42226838389
42236449469
42268503443
42270782077
42285886393
42313768741
42324825253
42342781867
42358495411
42364342111
42390869767
42395072591
42418521217
42433243777
42445007377
42445169677
42470681189
42473787929
42474117061
42479845979
42484471489
42495123151
42502559359
42548837227
42559322401
42601097699
42619245061
42624487387
42643421549
42660186481
42691078819
42719019943
42739299703
42758976001
42777633529
42781143061
42787258801
42796883611
42811276369
42833853091
42850203941
42852637847
42868716463
42889542109
42891645211
42926412563
42943121311
42965968627
42993840481
43000325539
43031756083
43044881629
43057330649
43085490463
43098839521
43108607779
43123726463
43125930121
43126371601
43160038121
43173295439
43186706773
43235955751
43251760273
43301338471
43316261977
43319179177
43354019311
43416912001
43476358829
43501387021
43543109719
43558990567
43571422129
43594349809
43601879819
43610813929
43637136401
43651507717
43685514049
43712475769
43759743589
43803286381
43819839541
43871436659
43871445773
43891585831
43897413781
43901368039
43959618451
43974366481
43996549801
44009809579
44042195551
44042335201
44073017929
44083247221
44096079301
44099528491
44100418861
44139861709
44159886289
44187451463
44236141951
44277032311
44300139547
44304804289
44315794573
44341198777
44368239889
44384460739
44402542543
44460589489
44463381841
44478213319
44487985417
44491654111
44496544907
44503588523
44529900581
44589796333
44626318081
44652423763
44678584501
44695421101
44695726417
44723411377
44724401483
44737522363
44777432701
44792811757
44828164819
44843536477
44895898549
44912510551
44912758951
44948739403
44981136751
45027068701
45030130993
45056951551
45057918973
45084506041
45118016551
45119605481
45169910083
45198755947
45202428181
45219311281
45246449029
45275998447
45299281921
45334105741
45352613041
45360893323
45413971961
45414371623
45421691737
45438849541
45438998599
45468439381
45502246327
45510632161
45520110721
45587630353
45675231673
45679229443
45728155141
45765698551
45797332267
45810859141
45831374401
45907750379
45909095611
45917045869
45921318409
46057022593
46066708927
46155486889
46155548467
46163181943
46197411649
46232877349
46234258561
46282018609
46293711757
46390724911
46412105587
46415876467
46444142251
46468176721
46478193499
46487873881
46507350101
46514659921
46549975261
46559326661
46573501651
46573896001
46580806141
46614465793
46642565713
46690610761
46705798441
46734084989
46747983721
46752889321
46816745941
46820143259
46826655049
46887300223
46901436997
46933905943
46947101041
46975054207
46986610441
47024317801
47034222061
47045652853
47066556937
47116793599
47145885757
47180268241
47208534211
47222159137
47227214413
47236496011
47250187861
47259557731
47263890481
47288178757
47292227701
47310562081
47327590633
47333068141
47349856529
47413688401
47473889581
47483655403
47503308253
47514551041
47525550661
47575585927
47677524217
47681612311
47692519381
47729115043
47750982553
47753310149
47754386599
47766227653
47799835883
47815359811
47875860367
47879798401
47898337523
47922928723
47928352033
47933332061
47948094937
47975811409
48011979061
48024600781
48079600687
48103910161
48112749361
48168337771
48173708917
48180339871
48191141791
48243123457
48281670289
48284221771
48285783001
48368884081
48387267007
48434865623
48483924391
48485550901
48570564013
48632160259
48634653559
48638226001
48647254511
48647865007
48665261851
48804690619
48811427311
48840029233
48858511573
48903597649
48908006137
48913803073
48945085801
48952148257
48954049831
48971339551
49012738237
49048669627
49064103379
49066759603
49078450117
49106626633
49117342399
49127651689
49152994171
49211088721
49262666839
49270674151
49295046961
49339490401
49379117113
49382843777
49385828917
49441705633
49470319021
49533728791
49536378757
49545364651
49567082491
49624350751
49664351491
49667155777
49668715981
49711150501
49718216321
49773963097
49869778999
49874893201
49888799167
49891852429
49899723431
49904680159
49906742161
49930387201
49939035217
49948942249
49968052597
49975521121
49990731319
49999583111
50011593211
50035993771
50038696693
50053137707
50091235451
50099782207
50126758261
50162757961
50163805267
50195170369
50202546241
50276513701
50373155233
50383039801
50384095301
50399512633
50404464001
50408514769
50486314789
50528217451
50575414009
50604726121
50606147737
50680378981
50690694121
50731173137
50742095083
50777820311
50801103871
50903393773
50919095881
50954399017
50988926269
51014550913
51041316959
51043793833
51048673061
51051765889
51060926557
51062465957
51129156097
51141687661
51167348719
51210079201
51211684679
51231214387
51280568041
51300352837
51310996879
51344748589
51367828969
51371330221
51392615227
51440268793
51478594597
51481124479
51491384341
51494182111
51515501581
51525326101
51535737217
51550254991
51550543201
51568208941
51572737063
51615201889
51626229541
51647034121
51656812411
51711447217
51714924601
51720743491
51724963369
51732930493
51744853789
51746764411
51754531231
51769807261
51772236349
51773447701
51811043521
51843256939
51889964431
51906803761
51935584831
51967994311
51974452063
51987336031
52008219667
52058905621
52059638413
52094849077
52108111477
52144105201
52153162489
52238073089
52247536277
52251271837
52378547467
52390690309
52401531421
52405202377
52406754979
52407049927
52449666569
52468024951
52471696357
52485489421
52544842897
52638349057
52683607901
52743207133
52748975137
52749663121
52847639953
52849110367
52850097361
52872313573
52874817997
52877769001
52909419601
53021294119
53097851171
53133894469
53157180577
53158221091
53185608373
53186526067
53216240113
53236350283
53248087969
53253826471
53259210577
53267153449
53334990173
53350510331
53352994711
53372675401
53412195451
53446340033
53457628159
53461594051
53543242513
53554948789
53556802993
53587249871
53595175033
53621734021
53646204767
53667159811
53692419563
53704189283
53708795251
53709245549
53752153183
53752843453
53786287801
53842811389
53846627521
53848328221
53948831617
53978888401
53988851251
53991205651
53995247767
54010398583
54073793989
54094923271
54108534481
54125971201
54183717559
54244299541
54255596429
54285522937
54285581881
54342145111
54413184011
54422691841
54455245459
54530847631
54535837721
54570549637
54605276641
54638239123
54646138933
54668289967
54671577031
54687793691
54724488691
54726224233
54772287553
54794890081
54822556243
54834476311
54847624651
54852386503
54904954261
54909002341
54976794931
54998547001
54999958187
55046515861
55047312181
55079631811
55173852343
55185649471
55193800663
55202339791
55235202841
55236954193
55238414383
55280163781
55331526601
55345085659
55356580441
55384093729
55406121739
55444959109
55457114311
55463214217
55478996497
55490657041
55658050603
55677487711
55687327051
55688092153
55715884771
55716072679
55762079101
55769516449
55772425891
55777055041
55792990283
55815518501
55846014859
55854974017
55857964579
55863267937
55891081921
55956063241
55968108001
56056955519
56067668989
56069544133
56086630291
56130381001
56167513201
56170722961
56189687113
56228913721
56228965159
56245483597
56299823713
56324125063
56331147241
56375229667
56417669521
56421015541
56424608689
56457164281
56465744371
56574451297
56590461901
56677777291
56698624081
56716426183
56739588767
56749108681
56774712691
56792172431
56829219541
56914825591
56931367321
56971087141
56986598663
57008271391
57054895801
57095939161
57097156381
57097316167
57097733911
57122307751
57160213351
57198450673
57201490117
57213159389
57224239477
57313982269
57316089751
57346687567
57373099493
57390771181
57445826377
57481581121
57495202753
57509157361
57510089443
57517606381
57558223213
57580124881
57638972353
57654357151
57655470211
57658882051
57684094777
57687872761
57716506849
57724409161
57750351643
57752496817
57766514851
57771696781
57802618597
57808593851
57848564593
57890624401
57907204931
58008318481
58018206241
58028457853
58028816431
58077632737
58100892721
58122752689
58158986701
58194058627
58225488751
58255304311
58280785831
58307563333
58323660253
58376459699
58382276131
58392829013
58418660221
58437510913
58495164337
58500389971
58500419797
58528573561
58579068841
58629842251
58641475393
58642958921
58654726409
58726575337
58749339419
58754877067
58782846253
58844248321
58854222881
58855963657
58868019877
58871553229
58874244017
58884537643
58909539313
58920598777
58924280633
58940083333
58945653961
58947447401
58960204129
58963063801
58968481291
59083159939
59180796769
59211278209
59259040513
59305669561
59322746971
59333681977
59357736901
59441029957
59475642241
59524097881
59528064641
59532388849
59640438943
59672843317
59722119409
59731798963
59741080741
59790374593
59790546091
59792216683
59850467821
59860454149
59878464409
59878950913
59903197597
59964982633
59973343321
59978877001
59990301421
59992201231
59993977229
60057566839
60064586773
60076254421
60097600441
60098345569
60102082613
60161346781
60206711401
60253402861
60300624529
60318617041
60332153239
60368762353
60376153027
60388594561
60435651289
60439040803
60460592209
60469067761
60503800771
60527501621
60549249697
60575328529
60578082673
60586324741
60628738559
60653689471
60696363781
60732970723
60739367861
60743696701
60745654789
60783478339
60785373661
60849619937
60856823371
60899244319
60925844321
60975931147
60988054849
61000697393
61040959201
61061909287
61079359897
61081516427
61094796589
61109604341
61113663451
61126309861
61138651537
61140843091
61206940033
61218679441
61234068421
61273224109
61280949451
61309220851
61310183023
61320226171
61329795193
61346101441
61473036241
61478183651
61538737717
61579927111
61609754669
61655508301
61715984851
61718674837
61740687163
61753124161
61768645717
61791296977
61795741297
61809738593
61859192669
61869502351
61871154391
61925420929
61945070617
61945621057
61953468607
61966207129
61969937821
61989480811
62001653641
62010773761
62016219721
62053729697
62054321881
62073792463
62116228693
62132853601
62155618141
62176463581
62199481681
62205405263
62218944481
62222887621
62251007281
62255456173
62270408773
62277766741
62307689819
62326181341
62339366167
62387822443
62436810013
62495726591
62498516669
62502084163
62589679661
62611250131
62617260481
62619925033
62631368953
62641951561
62698442153
62716912591
62796916051
62857058551
62875451341
62959521629
62960403841
62971635889
62972961301
62985271897
62990608969
63024596137
63043016887
63090407251
63093922921
63176635621
63267629041
63325160911
63338594821
63342360979
63354657077
63372091511
63413253121
63466034413
63567290641
63592451479
63627880807
63665668081
63688263481
63723154951
63762508291
63771948041
63788888899
63912089833
63928799821
63957521251
63994111831
64064387917
64084608901
64090293931
64132127641
64137821443
64139675933
64163284327
64180250363
64210974673
64274726881
64287971617
64309396561
64323284191
64350301621
64351587841
64354145971
64375286933
64391155951
64393658257
64483051021
64511295103
64569376411
64577748457
64600230661
64654397389
64722252781
64750856353
64795068937
64851867661
64879316101
64951813057
65042079103
65090702119
65101562711
65138094661
65202641131
65209021351
65213600011
65222042213
65227443271
65234821481
65263341067
65270477521
65286861553
65290520863
65341930501
65432895221
65526163463
65553149611
65559284011
65567383529
65597518241
65608635841
65649297421
65657081101
65663724061
65680660891
65746318411
65747421433
65748154273
65750624161
65810366671
65815400071
65838348001
65874744101
65876771161
65879547451
65935880401
65979057871
65981934307
66020437297
66022197121
66034996141
66042858601
66093998881
66107550727
66110793971
66117761701
66163349071
66209302351
66273421771
66324450619
66361744621
66378053449
66397311901
66449740033
66531638251
66613124723
66633849937
66637030771
66648346129
66693026401
66707507791
66730605061
66731581351
66743884657
66805857931
66878012137
66884459461
66912422441
66938819311
67012646401
67029668399
67046091337
67050723331
67054341553
67066531561
67207250833
67210480891
67242050401
67245170653
67262268601
67267170601
67269635401
67271250841
67277566951
67334066857
67342985779
67351886197
67375490041
67392647527
67393847819
67404515713
67427510011
67473040181
67479148153
67507520851
67556989627
67604302193
67650862501
67704336781
67734576691
67734851779
67941961543
67969171873
67977373801
68016080399
68030995561
68082119761
68093799953
68172351787
68187292339
68198705591
68208278473
68219235703
68222217691
68249946007
68297003281
68338307311
68357804149
68361678751
68364055691
68368998319
68385879721
68405053741
68420052199
68422102831
68435910911
68463722881
68465055457
68516109901
68522799799
68573307661
68574105359
68618940157
68626884691
68663655169
68726900023
68747896369
68793106201
68832244573
68899806361
68918901559
68926811449
68961692467
68968154183
68973056833
68996706769
69031016209
69051820201
69055587841
69160617187
69170644669
69182312189
69262375537
69269539081
69292049083
69317800549
69324501461
69332178007
69332907583
69334828501
69350894521
69398341321
69413177341
69415894727
69423164803
69438690367
69525357331
69532027507
69587671753
69594416257
69606054281
69646819943
69647701579
69661225787
69690502351
69735887719
69755500729
69768769291
69808632811
69815503963
69818764201
69828472309
69852407881
69881171053
69936967423
69967681117
69995275201
70031420029
70040625751
70062375931
70076241181
70135274521
70150469953
70178833117
70179615001
70244926813
70394778301
70427136277
70447763701
70495212061
70499031859
70582843249
70586630821
70644562033
70662832153
70671848287
70701817261
70724592811
70734904561
70794616901
70801037497
70839720001
70886405173
70906176001
70907919601
70914425473
70929724979
70940355157
70962183361
71037535069
71055596173
71118874867
71126206741
71152649101
71203468561
71223234751
71227902901
71247751769
71262932677
71277034999
71323780681
71363162881
71389897027
71407352833
71439377521
71459791789
71516229481
71520973441
71571927121
71574758413
71672430077
71682435553
71691454801
71833172297
71842406329
71865577391
71907149953
71907340141
71914920013
71915769241
72094874713
72098673277
72119604971
72163455073
72177908851
72183500693
72193501441
72301831813
72359264713
72364423759
72411625801
72450781651
72467139431
72476649181
72493618303
72527114251
72535909051
72573294553
72614413789
72640440913
72677350591
72777928903
72778424951
72804923251
72808825261
72826351651
72857656961
72857838649
72891363451
72915784867
72936734311
72943426531
72961497373
72978562207
73027880731
73047617831
73070268049
73094419009
73149092101
73204071361
73216975267
73218134557
73254984013
73279090081
73315514917
73321204519
73353769501
73370781181
73406654911
73408610801
73460781077
73463678191
73583003341
73599497221
73607662591
73623101707
73674661031
73703802121
73714055221
73743640741
73759444183
73791474301
73817364529
73818643801
73888052701
73925846737
73941899641
74038691143
74039172541
74065673917
74105520931
74169563077
74195052457
74198726389
74218529461
74243090689
74249494471
74334044737
74339400601
74359022483
74429706169
74434096639
74449221323
74454079681
74481391987
74525223041
74587855981
74629246861
74717403421
74755386313
74782545319
74795384707
74847035869
74848106593
74888524267
74950614899
74971168381
75025352581
75043887271
75140481781
75154673233
75173234401
75175496551
75300398971
75305833289
75359889697
75361188457
75364049227
75393863969
75420294877
75469607821
75484158049
75495718453
75584121661
75603854789
75616028317
75647574601
75707234851
75742818211
75744351451
75765501571
75801364543
75817437211
75911082781
75918580669
75930215887
75971941123
76040196139
76077857311
76185439849
76277339917
76428738919
76444216553
76462914763
76533974071
76560945631
76621271777
76621685491
76628351671
76675114801
76688746003
76697332633
76700052001
76709514751
76739594429
76750126381
76752982417
76781685199
76823441281
76848399541
76857886351
76959124843
76968847537
76973059297
77051387641
77067324361
77146928623
77186596171
77204166271
77245456861
77263140169
77305020679
77312838661
77329483687
77358278791
77387097899
77408962381
77444488063
77484850381
77499229081
77540986429
77617209151
77626514521
77627457811
77633063383
77638144123
77656882447
77697875089
77727712441
77729737741
77773817101
77775778963
77798586601
77811356737
77813755099
77842923121
77862555721
77877928913
77916617309
77959675993
77997373637
78060364801
78075243853
78089014919
78092835511
78100600051
78167412721
78231811963
78361843561
78376804153
78403893497
78436013041
78462008563
78466700839
78497132113
78525099251
78535848601
78542656669
78620330701
78651602761
78659028001
78679675489
78716772649
78745726117
78904839641
78985977491
79069533269
79082251177
79096942849
79118898223
79164919891
79166117731
79179546637
79182758917
79193954053
79260133771
79297406093
79303891699
79321975321
79328492209
79479066889
79518449089
79639639633
79769401861
79817529001
79820021737
79847586361
79858010233
79870952071
79877862751
79879711913
79905769729
79929207109
79957737217
79976952001
79992577351
80007556267
80029488001
80042277823
80046178951
80052527857
80101469353
80170513777
80201285473
80204138911
80226222001
80229872269
80232915907
80244260431
80246691607
80293591141
80310199159
80362480651
80394480181
80471809081
80480731717
80510225641
80516599453
80563172353
80642183269
80667615073
80691560713
80729193469
80730579793
80730790741
80738456441
80739890911
80763867823
80777957779
80799621629
80850380641
80862088273
80865390691
80901534269
80918050201
80925775219
80929119793
80957715733
80976598273
81006569803
81015453401
81030044387
81075311761
81195738121
81202404739
81262719071
81280751443
81311583697
81321332941
81365503267
81427952791
81442703759
81445325179
81462764701
81568774561
81575401441
81586583941
81587935651
81641981851
81682822999
81690171031
81710169217
81723668041
81730053343
81750693679
81758762953
81775089751
81807170923
81844450597
81858087721
81874766581
81878073997
81930339661
81976629313
82027875007
82084544257
82093694341
82096335571
82110739621
82125379351
82142294911
82157846803
82188519103
82203269977
82207188121
82219310401
82231465769
82233194779
82269525763
82276590397
82335837871
82339795201
82530255473
82560023017
82578032689
82595719207
82631584513
82669041091
82703320561
82711738297
82739651411
82742934481
82803556669
82837125043
82935921349
83068093181
83114356123
83127834901
83215070551
83281474039
83359276153
83395669211
83444910911
83485911169
83488642381
83494302427
83568259387
83641185301
83689953277
83751454627
83756110651
83793384473
83870226091
83898680761
83902874707
83958618745
83993550701
83993716423
84026870633
84052973701
84077409349
84107549423
84116092831
84135867187
84286713239
84316344661
84372216139
84412283047
84422294111
84441074401
84455469757
84455749333
84503336249
84646211341
84651304627
84701319301
84746855989
84749695669
84755122813
84789202513
84799728133
84854879821
84964020283
85004366609
85020237523
85056060053
85075897381
85129090201
85153319731
85176300661
85187584561
85222202413
85238014771
85272117877
85317174097
85324247053
85418263543
85444701301
85461407263
85470140233
85491870001
85519789441
85571766079
85643933597
85677042037
85705158683
85712023981
85720607617
85745653627
85773773749
85800105343
85829325103
85854386437
85888865089
85915061539
85935532033
85956386977
86031845227
86072830309
86180953081
86275508887
86313935731
86346128399
86348848447
86356261381
86374921819
86391907141
86429497051
86478377767
86516739401
86532952591
86539537057
86577134473
86589537469
86608376471
86609052631
86631339691
86687650897
86690518771
86711787061
86714809831
86727878269
86847465251
86860353841
86865218581
86987597713
87027657463
87059828161
87067756007
87126253201
87166904221
87206578363
87219293107
87233112793
87268729633
87291964861
87410942317
87419065429
87423486193
87451926313
87453858493
87464791177
87477391273
87481333591
87564182183
87571555651
87654086521
87669073171
87726880211
87740366941
87742583237
87809627431
87855942541
87859913401
87883802821
87940472491
87952325311
87963442381
87966416123
87997157761
88057491623
88064709191
88066761553
88073343301
88090953521
88097813971
88097894701
88103048761
88151595841
88151967523
88178216501
88180488001
88270526209
88298981893
88325079949
88377083851
88391792017
88396257973
88400847193
88409695687
88439236033
88512323503
88519298929
88524839521
88557147991
88574968387
88582019917
88597090261
88598829967
88623503497
88637300407
88669987597
88680880081
88871841631
88874917097
88944782851
88945931023
88989328121
88992704981
89022939679
89069610293
89086542301
89194449527
89415331237
89422329937
89428374127
89451986251
89485072717
89505245351
89507648701
89513828881
89548997101
89581131907
89597505229
89647542601
89691916091
89718335383
89722665691
89772896971
89908495813
89937360017
89947986001
89950126523
89955100621
89967098293
89968629761
90004600057
90020534341
90039436621
90059509027
90097538257
90149399089
90233862901
90258993551
90311719439
90359770549
90460463809
90490116571
90497006101
90501654361
90534373451
90686842249
90700718593
90721548079
90739008109
90741020833
90747022087
90762883931
90793865713
90795590131
90809487049
90839937271
90877508137
