1441
1763
1765
1807
1991
5371
5977
12167
14473
17611
22399
22793
23711
34241
39889
44671
59081
60073
65305
68129
72365
77701
80041
87901
95761
103361
111679
113563
131077
137965
161101
163073
165271
165593
166501
170941
186737
188149
209731
221149
239497
246041
255211
260821
273421
288331
289781
322201
327631
329681
347281
347705
356777
376421
377411
399331
417551
420239
436321
454411
496319
512177
524239
535501
539753
541405
546401
551923
560041
569449
580651
594805
608959
636481
647513
678113
696385
722051
746587
779581
794785
812561
815189
836401
838027
849151
851269
873071
874171
897481
901181
902831
915307
939401
947305
948001
951241
963157
972151
978433
988429
1028861
1035767
1074271
1077149
1139251
1151617
1187845
1225285
1240891
1243873
1251643
1256281
1292833
1297787
1317053
1363861
1387657
1397089
1407691
1409911
1565831
1571659
1577557
1590265
1624789
1652561
1661761
1728169
1730641
1738507
1746229
1777393
1780885
1793545
1808641
1823263
1852517
1866631
1975283
1978645
1986841
2001005
2018983
2034871
2052583
2062621
2067011
2068721
2286181
2287987
2307041
2332837
2343301
2351185
2355607
2374723
2408731
2410759
2444509
2475901
2552089
2610865
2628445
2713201
2721277
2741293
2768161
2774341
2812921
2839453
2892611
2912261
2918305
2982523
3027721
3039331
3111697
3113461
3187591
3250241
3327985
3345805
3379507
3428461
3488761
3584179
3585601
3606601
3632761
3642799
3744079
3775357
3783349
3793609
3837121
3893237
3914881
3926201
3946321
4022521
4026133
4030027
4036121
4073473
4089241
4116211
4121569
4165969
4193729
4194751
4199381
4371601
4479553
4578311
4662589
4739761
4790071
4802197
4816753
4828097
4924217
4943185
4979491
4991311
5104007
5273641
5408497
5447971
5466205
5639129
5822041
5872861
5909333
5918965
5959069
5960761
5995705
6081637
6184501
6313021
6501661
6604585
6608513
6711085
6738265
6940547
6974221
7016581
7062067
7106653
7108561
7175041
7375201
7475221
7483673
7504681
7513045
7566001
7574641
7734037
7886971
7911541
8075701
8085451
8101171
8156065
8232061
8242391
8282209
8363629
8454979
8460847
8598971
8647441
8667361
8669569
8717941
8737241
8782159
9303601
9373801
9607601
9657241
9740329
9742727
9764353
9802253
10019491
10121297
10125505
10156561
10176433
10246951
10248019
10290619
10298371
10423471
10445989
10463651
10524253
10549405
10660483
10693661
10807801
10968193
11022031
11120971
11189761
11222891
11290123
11347453
11358313
11441977
11453047
11469481
11533345
11708665
11732851
11785541
11805089
11835265
11878801
11897665
12057497
12314965
12324491
12356389
12715091
12753091
12793591
12873641
12875077
13098721
13193011
13228391
13229821
13273051
13536361
13928321
14019667
14044105
14063881
14070871
14184811
14531245
14570785
14621419
14631697
14698781
14766109
14826001
14882401
14946919
15101593
15128521
15135401
15188245
15224537
15253921
15304861
15362689
15441985
15567871
15620221
15638911
15734473
15803971
15848641
15858851
15909139
15910081
15928705
15978349
15992665
16290649
16331545
16394911
16439401
16447621
16536691
16584769
16590097
16599361
16601761
16619593
16670281
16902421
17120065
