32
64
112
448
1856
2452
3729
4291
5068
9537
9808
10681
11584
12754
15536
16721
17164
23617
24976
26569
28568
30143
35554
35921
39232
49521
54376
55777
65201
68656
69729
81529
98071
103559
110953
133021
142291
154249
190399
194449
205381
209692
228544
238769
251047
253541
261751
274624
276841
277093
287497
298736
307111
318151
323697
331111
338989
391616
397261
403573
408871
434929
437921
457341
458521
479296
509233
536152
546697
573853
600657
601966
610657
624529
651541
667711
688399
702373
712081
743932
788581
790507
802417
828472
850231
856273
874147
934681
945491
961969
1037063
1045576
1057141
1078781
1088501
1139563
1185393
1190446
1211447
1219201
1295269
1342936
1355509
1379008
1419393
1420321
1523473
1555849
1557892
1593411
1680801
1703527
1812997
1814887
1885771
1888192
1889566
1914671
1935241
2035216
2050651
2058643
2070511
2096557
2108107
2137171
2140469
2148553
2151633
2164321
2165836
2305216
2328292
2503271
2578891
2681647
2800753
2896021
2998183
3040201
3064387
3106684
3119557
3141181
3164623
3165532
3205357
3370921
3560896
3596113
3598321
3609361
3632511
3685969
3776921
3789633
3801409
3857653
3887323
4044337
4059073
4061647
4114813
4172224
4385356
4453037
4507177
4539976
4552801
4590757
4624921
4681201
4767301
4775793
4800277
4846381
4889626
4952977
5002693
5067193
5123347
5243371
5252941
5262401
5264767
5333713
5349653
5367181
5395666
5395891
5457991
5467231
5494529
5502849
5519749
5534651
5691697
5712449
5729249
5751361
5818453
5917192
5951617
5982331
6086746
6159457
6264067
6329773
6366811
6394816
6419281
6478297
6627776
6755953
6825313
6855241
6963041
7060141
7100992
7173457
7200199
7445041
7507489
7540401
7701001
7735693
7879377
7937711
7958929
8028208
8099569
8108764
8114281
8191769
8203417
8503771
8744893
8779096
8905051
9288739
9350197
9412327
9447121
9503341
9543184
9693949
10045231
10070659
10387243
10617721
10706983
10735841
10738759
10747031
11072161
11350481
11352209
11442913
11479744
11672353
11742361
11837461
11868721
12022156
12039571
12297601
12403441
12528241
12601441
12605057
12696607
12749963
12806893
12814593
12973531
13064869
13104811
13226984
13418713
13434013
13488529
13627009
13879633
14153296
14164591
14255941
14336323
14464337
14472217
14582051
14615017
14773969
14785201
14837851
14845633
14875147
15080241
15334041
15389053
15407161
15413911
15434833
15445357
15580621
15674881
15736327
16001651
16042889
16107877
16152109
16175041
16183729
16367937
16432801
16610293
16887301
