78
2626
7051
7361
12001
15605
17753
19335
21217
21918
26286
27391
28145
30255
36127
36201
37381
40573
41197
44977
53057
61126
63253
69169
71305
80119
95145
100542
117253
118333
127961
129559
152929
155281
156234
157326
159757
163241
176437
176617
190381
202865
221923
231721
237451
265009
272749
301987
302737
317569
355001
362209
372031
396973
405721
427362
434393
470485
475001
492041
495145
495727
518881
522653
543201
560833
566777
571745
587251
602161
643537
645457
659126
668985
694401
698743
699331
712151
714017
729505
732061
764609
774089
783217
790426
797521
798553
836479
902721
931353
939421
953869
1001526
1026109
1075751
1092091
1113547
1137761
1156233
1176617
1192033
1212101
1220899
1251277
1351393
1361377
1372177
1408531
1420455
1474941
1484241
1512451
1514201
1522261
1608301
1634437
1650985
1683427
1693193
1694329
1696337
1716001
1750881
1774001
1782383
1812151
1813549
1842319
1855063
1866306
1885379
1912561
1950257
1988077
2000561
2018653
2047657
2050501
2121013
2122351
2137591
2168769
2203873
2281281
2353351
2404601
2487585
2548309
2599913
2631643
2648481
2655731
2730065
2759205
2759926
2878291
2892241
2923505
2960833
2961829
2967007
2969353
3012251
3026161
3076477
3205951
3214135
3232138
3240546
3273265
3296113
3423737
3445117
3448705
3451999
3493945
3501745
3521611
3590481
3603061
3612301
3635841
3644719
3698989
3706613
3786861
3811705
3863593
3925831
3983233
3987865
4000841
4070521
4111185
4154321
4216537
4259413
4318705
4345369
4358041
4362769
4449181
4525654
4605697
4633049
4645657
4695901
4704545
4707037
4746113
4779671
4801651
4803601
4812401
4863001
4905733
4957501
4996721
5047297
5099137
5126353
5136949
5146529
5240369
5321137
5357901
5433135
5492191
5493463
5546346
5564231
5625199
5631319
5658373
5737753
5748359
5784415
5813457
5902729
5911126
5982761
6051046
6156181
6173726
6188833
6235681
6258281
6258385
6333721
6336401
6429306
6459811
6515895
6574321
6602817
6634991
6701851
6926677
7127209
7212601
7231357
7295597
7386366
7389617
7500301
7522681
7558321
7572631
7581883
7616701
7683703
7692641
7828093
7838857
7974681
7992881
8108178
8176127
8290049
8294781
8317465
8322601
8329831
8379885
8443609
8445385
8501655
8559469
8617285
8659015
8668345
8677753
8724441
8804341
8822401
8828911
8843905
8996497
9012751
