20453161
20835361
20858449
20862623
21668209
23411053
23868781
24227311
25575811
25700221
26151761
27198601
28187251
28364851
30301441
30374159
30555593
30759899
30955549
31809461
32720527
33266899
33746599
33944837
34163053
34266493
34500841
34588061
34616683
35739469
35762477
35810479
36095081
36231911
36243001
36441329
36531811
36582433
37379971
37615873
38129851
38652553
39380683
39469519
40437277
40717447
40749193
41452759
42312013
42614641
42678091
42698023
43294417
43504133
44672741
45460661
46390051
46449691
46887697
47003131
47121073
47370511
48448747
48863783
49294901
49437829
49953481
50087467
51189353
51495361
51615301
52311799
52991599
53180089
53934511
54429553
54520247
55097953
55469209
55988731
58769437
58859441
59022781
59292221
59863021
60314971
60652285
60696301
61344661
61539239
62323843
62330369
63079733
63421921
64271351
64384387
65908987
66484043
72642571
73797341
74415361
75178619
76023001
77044241
77622533
78679537
78954893
80759701
81118801
81535273
81992191
82103143
82156793
82574509
82627651
84488251
84499871
84686561
84792577
86117879
86257601
86652469
86739073
87051229
87414001
89295985
89701411
89931157
91097701
91307791
92696911
94022881
94986949
95593291
95849857
100534123
104433073
104573629
104861233
105056057
107869549
110372257
111743017
112019059
113522293
114189373
114267661
116718211
117249341
118151881
119042977
122901131
124144801
125315317
126283273
126965659
127446169
127796861
127807813
129353251
129648751
129901711
131204053
132381103
132537961
132701521
133026001
135674353
137193541
140244017
141157801
142160509
142800193
145390351
145552681
147175813
147460069
147899281
151144033
151358059
151514133
151736881
153697601
155172469
155767561
155961121
156463159
157409869
160346521
161367013
161784241
162186461
162921487
163185257
163434685
164270107
164593153
167074997
167126651
167994163
168783343
170594539
172790951
173575739
173861117
175765789
178399099
179498881
182829401
185261581
185370241
187143661
187637071
190328839
190636051
191643721
192371017
192574201
192746443
193044697
196311871
198909439
203110001
206878351
208329841
210457777
211383511
213829279
217333351
218043577
219550081
221498161
222514141
222802921
223784053
224848849
226525121
230707765
232522123
233162959
234005857
234057319
235319699
238671187
243084001
243200299
243858841
245163673
246560651
247066273
252204343
252468973
255120373
256580059
