48
172
176
304
496
688
904
1075
1146
2486
2509
3056
3091
3268
5317
6005
6175
7288
7783
10396
12496
12606
13072
13476
13975
15613
16426
22156
26216
29326
32407
33616
34126
34933
37864
38872
41245
44231
44707
44816
52975
53671
61741
62725
67768
70995
71896
73992
74029
74096
78604
79249
85975
86141
91356
95824
104126
116497
120916
123376
132925
158275
159676
160336
164176
164861
169534
176506
178525
182836
183157
184528
184866
188551
192403
193876
194575
204961
205435
211352
218956
228475
231085
240886
240901
247561
255991
256366
263575
268336
289693
292744
309948
313384
329251
330325
335908
340171
345475
349246
353116
355696
356212
357475
363805
368668
368752
378325
388141
390325
400336
416856
421525
423953
424066
435436
435667
448976
491536
492976
509206
509776
510425
511786
532456
559471
565804
567988
613677
632281
637836
650332
677776
710326
767206
768011
777085
788075
823544
842501
873325
875656
898588
911076
919556
921961
946991
966736
978251
991825
994456
1007056
1016353
1026181
1027216
1038376
1041286
1042096
1046606
1098056
1105648
1110925
1117675
1139749
1146256
1146613
1176652
1176751
1185346
1204774
1211275
1248376
1254007
1262626
1262701
1339516
1393624
1396235
1432615
1453992
1473616
1474381
1501336
1507612
1563472
1569133
1572941
1573076
1582307
1593406
1595021
1610671
1628152
1702075
1715416
1732933
1741156
1752616
1800976
1809226
1817113
1850725
1861336
1879471
1929544
1934416
1981123
2049853
2058855
2077699
2188486
2188786
2223076
2228776
2263885
2264746
2337985
2341636
2375836
2436289
2446676
2471365
2480326
2483218
2523301
2529475
2550109
2557936
2626716
2636656
2650348
2671306
2721944
2839189
2843849
2855651
2873872
2969305
2992531
3006256
3010855
3013309
3108568
3108925
3128518
3209946
3263251
3266152
3272725
3273931
3281965
3311176
3314389
3335806
3358675
3436991
3473884
3476041
3477624
3502291
3521508
3547291
3581033
3615527
3638101
3661711
3669964
3683083
3712276
3743623
3765136
3776095
3795361
3823979
3856225
3856711
3938155
3964136
3972991
4031175
4082455
4115805
4132412
4223791
4238825
4275476
4278632
4307095
4343989
