11720101
12452969
12935089
13095051
13538561
13696607
13881841
14210881
14400541
14910481
15365989
15801431
15934511
16612801
18783649
19314037
19322983
19825271
20754031
20864497
21141541
21797147
21935611
21953593
22586257
22943737
23123017
23867071
24084581
24642239
24768061
25360819
25908919
26771473
26906881
27152173
27244621
27398801
28091821
28897831
29169611
29695363
30389743
30824399
31909789
35625031
35679911
36520751
36733901
36810397
37480411
37663963
38106073
39083381
39558517
40238101
40669021
41059619
43219951
44500501
45267373
46207429
46810441
46868947
48704797
48843521
49293721
49341241
49896001
50004901
50215231
51193633
51463171
54190579
54511021
54718717
55557169
55895797
56219851
57692081
57783001
58754981
58938617
59891239
60886729
62710663
63083389
64173751
64530241
65750791
65834281
66622111
67560571
67717301
68098861
69178801
69842089
70216591
71841421
72145009
72707353
73698127
74017945
74936341
76524373
77098841
77140207
82630369
83926369
85209077
86120143
86371651
87670837
87946603
88186033
93856717
94482181
94873417
94981861
95162041
95652241
96715139
98557033
98816761
100216981
101370781
103846933
107938801
108102097
108422233
109271251
109582579
109886669
110651521
112238281
112308697
112563361
112939831
115409881
118756177
119121031
119214577
119480761
119675377
120493621
121883101
123513601
124048237
126135637
126196633
126987049
131105977
131936401
132551563
133591921
134870621
135425351
135660949
136526501
137316901
138285247
139422229
139742483
141867727
142164301
145167751
145187671
145239121
145714339
146035405
147926101
148048057
148136467
150858553
151662733
152444783
154135411
154764793
154981861
156568553
158217571
158723783
159343201
160202131
160275961
161600671
162586771
164302699
164601433
167592583
171393041
171557101
173167861
174361219
178404769
178927783
179467201
182585761
183944113
184835641
184855717
186135517
186284671
187574689
188030641
188306101
189471869
190072081
196905601
197157151
198176189
200900953
204421801
206976001
207322061
207985927
212853793
213129589
214894261
217768601
218052865
218275951
219719083
224402257
225632359
226026061
226978051
227466973
227615361
227892097
228138059
229370941
229386709
230297887
230382401
231127261
232277387
232404509
237260791
237349003
237445937
237906727
238625347
238940771
239806099
243413311
244405351
245968273
246364651
246382711
247071331
248786209
251969629
251997721
252204041
253859783
255858881
255889279
256272881
261713219
264225151
264644929
265729339
266523373
267968251
273041389
273823507
278750701
280664663
284540041
288173257
289816081
290273491
290507051
292906001
293608801
294876613
296098873
297920729
298872187
