56
125
203
725
1625
2296
3625
6461
9425
13228
13366
18025
23149
25732
29459
31465
40601
41125
45193
47125
64819
68953
78625
79825
83261
92596
96617
102517
104777
105821
111505
114421
121625
123221
135865
139625
140056
145978
151331
160225
163016
172525
183625
199423
203329
203425
206696
211651
218465
224236
225151
234325
236611
237757
253925
261625
262061
300937
304525
307105
310103
313345
325171
326005
340621
351001
378625
388321
398329
408269
409045
416017
433321
457225
462985
478193
487345
512425
524125
540649
549704
552631
554449
560077
576604
578725
580616
622216
675577
676693
717619
744125
751276
786625
788881
798001
823733
840577
848219
852325
856513
960481
1037725
1068625
1077496
1084696
1087645
1092691
1154143
1164205
1198429
1210147
1241345
1268083
1288441
1298521
1323701
1332721
1335097
1417897
1448776
1457125
1503496
1506625
1525861
1627717
1673201
1688626
1689877
1703605
1733185
1743625
1831363
1842361
1843153
1878376
1895585
1899157
1921105
1925303
1939297
1967665
1992677
1993825
2027761
2091625
2092321
2098831
2104733
2117057
2154401
2158325
2211925
2248949
2252401
2288317
2296945
2316925
2384347
2423281
2460041
2520571
2530837
2555533
2562925
2574067
2584609
2609425
2613625
2651905
2658811
2703425
2742091
2882671
2884669
2890285
2916997
2954659
2958641
2985661
3030157
3048371
3095605
3118501
3120811
3130225
3168301
3198157
3212821
3214861
3243577
3282133
3304301
3342025
3352207
3355843
3356605
3380956
3440125
3515176
3594625
3713905
3765125
3799825
3822625
3824905
3907025
3968713
4100701
4132051
4145141
4171825
4194125
4197889
4240601
4272493
4274425
4294865
4307225
4422925
4428073
4431937
4521025
4537325
4563791
4566145
4569631
4632733
4699729
4724245
4739125
4922281
4929913
4971905
5027005
5120701
5148325
5169313
5233921
5271025
5305021
5325125
5347543
5376451
5408221
5538001
5648356
5652013
5686525
5812061
5840803
5857096
5871125
5920597
5938765
5943925
5994625
6005233
6018805
6028001
6043909
6057121
6074225
6104917
6107545
6130751
6133825
6171127
6355831
6521857
6561181
6583409
6638185
6661981
6692725
6723781
6821957
6834565
6883625
6896881
7118801
7155773
7166017
7205485
7247825
7327111
7369811
7384531
7398925
7496125
7523173
7523425
7604641
7631785
7687225
7696339
7764569
7785889
7902469
7908901
7924931
7983847
8106169
8187193
8201201
8316301
8462791
8474536
8486131
8487505
8515525
8565157
8618113
8636461
8670025
8674261
8715805
8856193
8939917
9010001
9017125
9023281
9181729
9191857
9217279
