18
153
169
889
905
906
1035
1629
1661
1849
2955
3201
5466
6223
8145
8281
8869
9997
10021
10515
11557
11809
13213
15385
16745
18109
18769
20329
24761
25273
28273
30589
31861
32477
34497
37681
40921
41003
43561
47593
49441
51181
59585
65161
66421
68257
69781
78469
78547
102235
102831
104077
107821
110617
113491
114801
115297
127605
129961
137311
137561
138097
138465
139057
139189
150241
151873
156751
157693
160909
179389
184939
185329
186201
187487
191407
198247
204841
210553
227351
228193
234823
241751
242721
243169
249145
249301
256241
257302
300641
306397
310651
311185
312481
325801
329001
348361
360553
427609
445145
446247
447421
474961
489853
505141
509153
528651
531505
533181
546481
546883
566293
567073
580831
582193
586449
594811
604513
608481
611281
638611
640969
651551
655041
683641
701087
726193
731521
738577
744601
748237
749009
753865
763165
765937
767419
770329
772471
775921
777801
795341
803097
821059
825366
843661
844705
856087
902629
922909
935101
938503
965497
965997
970165
970921
974101
982345
985249
987691
1010651
1027297
1031689
1042561
1062615
1071217
1109593
1114945
1122337
1145473
1157881
1166791
1183921
1205641
1259713
1293241
1304821
1314721
1317331
1321957
1350391
1357681
1393881
1418209
1448881
1462081
1472401
1491511
1496561
1498861
1513171
1520581
1529317
1565785
1611757
1629145
1638501
1640041
1754145
1760941
1805131
1809457
1813393
1813801
1815067
1844929
1876065
1880082
1910461
1943521
1965547
1973881
1975231
1993369
2022385
2026297
2050661
2051841
2054389
2071455
2091817
2106481
2114431
2141415
2189197
2227401
2283841
2293837
2298541
2310829
2374177
2398463
2455265
2457577
2487121
2496181
2525029
2525509
2593909
2600065
2615481
2657221
2671601
2683513
2687089
2715691
2754757
2791321
2795905
2798181
2815309
2868193
2909401
2913181
2918587
2926381
3052063
3070233
3108805
3122041
3124241
3139319
3179953
3192889
3242121
3268801
3273385
3277729
3289585
3304393
3346209
3403065
3407521
3413845
3435601
3468865
3474289
3475381
3488347
3557281
3581233
3596005
3597889
3603851
3632593
3671137
3716401
3719653
3736011
3738911
3808603
3814699
3820033
3831881
3850849
3855481
3873097
3898161
3932865
3991373
3994447
4004813
4095961
4115917
4119499
4125441
4158857
4208581
4350697
4380985
4481741
4561459
4574413
4592407
4692645
4698913
4706841
4748149
4748185
4756753
4790889
4795777
4808557
4848733
4931941
4982761
5008771
5029711
5090361
5113081
5124801
5145985
5162059
5164705
5234305
5244121
5262355
5295401
5312041
5351985
5398401
5427091
5428009
5455521
5484241
5529369
5603473
5640001
5646989
5706817
5712421
5727745
5739511
5766841
5878261
5940257
5967811
5982949
5985721
6044857
6100705
6136805
6144265
6180517
6199051
6276007
6368089
6372105
6431473
6479601
6487201
6542761
6577711
6609421
6637393
6637546
6649735
6703291
6733105
6746749
6765826
6813793
6820261
6835753
6849745
6864949
6871665
6986827
7074649
7096141
7120513
7126129
7180849
7239889
7250113
7268413
7341145
7361809
7363333
7378801
7406701
7411201
7440013
7522399
7526513
7597621
7634341
7670961
7676521
7710661
7717081
7788943
7828201
7884541
7927621
7971451
7994251
8021377
8131501
8168721
8181469
8236585
8373001
8392033
8399521
8409441
8428645
8614033
8614333
8634331
8668639
8670461
8697121
8745949
8873305
8887333
8899661
8936722
8941051
8996129
9066883
9081121
9141705
9155563
9164701
9191371
9192151
9206623
9263761
9276929
9281009
9301037
9329113
9422257
9483706
9487153
9527413
9577409
9696329
9710481
9782641
9812921
9902413
9907261
9931285
10110841
10122121
10188829
10206937
10271233
10286227
10292401
10327681
10328051
10349761
10360321
10449985
10536931
10563337
10604881
10650601
10698799
10826623
10874305
10957921
11012209
11119811
11183809
11344393
11383633
11425921
11433961
11436061
11480401
11505397
11591137
11609521
11738329
11755501
11759755
11782849
11805031
11831065
11915281
