299
303
309
319
321
327
339
355
371
381
391
393
395
407
411
413
417
437
447
453
471
489
497
501
515
517
519
527
535
537
543
551
555
573
579
591
597
611
615
633
635
649
655
663
665
667
669
681
687
695
699
707
713
717
723
731
737
749
753
755
759
767
771
779
789
791
795
799
803
807
813
815
831
835
843
849
851
879
893
895
913
915
917
921
923
933
939
943
951
955
957
959
979
987
989
993
995
1003
1007
1011
1041
1043
1047
1055
1059
1077
1079
1101
1115
1131
1133
1135
1137
1139
1145
1149
1167
1169
1177
1185
1189
1191
1195
1199
1203
1207
1211
1219
1227
1235
1239
1243
1253
1255
1257
1263
1265
1293
1299
1311
1313
1315
1317
1329
1335
1337
1343
1347
1349
1355
1357
1363
1371
1379
1383
1385
1389
1391
1397
1401
1403
1407
1415
1419
1437
1455
1457
1461
1463
1465
1469
1473
1495
1497
1505
1507
1509
1515
1527
1529
1533
1535
1545
1547
1555
1563
1565
1569
1577
1585
1589
1595
1605
1623
1631
1635
1639
1641
1643
1651
1655
1659
1671
1673
1679
1685
1689
1691
1703
1707
1711
1713
1717
1727
1731
1735
1739
1743
1745
1751
1757
1761
1769
1779
1781
1793
1795
1797
1799
1803
1817
1819
1821
1829
1833
1835
1837
1839
1841
1851
1853
1857
1865
1883
1887
1893
1895
1903
1909
1915
1919
1923
1927
1929
1939
1941
1943
1945
1947
1955
1959
1961
1963
1965
1967
1969
1977
1983
1995
2005
2013
2019
2021
2031
2033
2045
2049
2051
2055
2067
2073
2085
2093
2095
2103
2109
2119
2123
2127
2135
2139
2147
2155
2157
2159
2163
2165
2167
2171
2177
2181
2183
2189
2195
2199
2215
2217
2219
2227
2229
2231
2235
2247
2249
2253
2255
2261
2263
2265
2271
2279
2283
2285
2291
2301
2307
2315
2319
2323
2327
2329
2335
2337
2343
2345
2355
2359
2361
2363
2369
2373
2379
2387
2391
2395
2397
2407
2415
2419
2427
2429
2433
2435
2443
2445
2453
2455
2461
2463
2469
2471
2481
2483
2487
2489
2491
2495
2497
2505
2507
2513
2515
2517
2519
2533
2537
2545
2555
2559
2563
2567
2571
2573
2577
2585
2589
2595
2599
2603
2605
2607
2613
2615
2623
2627
2629
2631
2635
2639
2643
2649
2661
2667
2669
2679
2681
2685
2697
2715
2717
2721
2723
2733
2735
2739
2747
2751
2757
2759
2771
2773
2785
2787
2795
2807
2811
2815
2823
2827
2831
2839
2841
2847
2855
2859
2865
2867
2869
2877
2895
2901
2913
2919
2921
2923
2929
2931
2933
2935
2941
2949
2951
2959
2967
2973
2985
2987
2991
2995
3003
3005
3013
3017
3021
3027
3029
3031
3035
3039
3043
3047
3055
3057
3063
3065
3071
3073
3077
3081
3085
3093
3095
3099
3101
3103
3107
3113
3115
3117
3127
3129
3139
3143
3147
3149
3151
3153
3155
3161
3173
3183
3189
3197
3199
3205
3207
3215
3219
3223
3227
3233
3235
3237
3239
3243
3245
3247
3255
3261
3263
3265
3269
3273
3279
3287
3291
3293
3295
3297
3305
3309
3315
3317
3327
3335
3337
3341
3345
3349
3351
3353
3355
3369
3377
3383
3387
3395
3399
3401
3403
3405
3409
3415
3417
3419
3423
3427
3431
3435
3437
3441
3443
3453
3455
3459
3471
3473
3477
3487
3489
3493
3495
3497
3503
3505
3507
3513
3515
3521
3531
3535
3543
3551
3561
3563
3567
3569
3579
3587
3595
3603
3611
3615
3619
3621
3629
3633
3635
3639
3647
3651
3657
3665
3669
3679
3685
3687
3689
3693
3695
3707
3711
3713
3715
3723
3737
3741
3743
3747
3749
3755
3759
3763
3765
3777
3783
3787
3791
3795
3799
3805
3809
3815
3817
3819
3827
3831
3835
3837
3839
3841
3849
3855
3857
3859
3865
3867
3869
3873
3883
3891
3893
3895
3899
3901
3903
3905
3909
3921
3927
3935
3937
3939
3941
3945
3949
3953
3955
3957
3959
3963
3965
3973
3979
3981
3983
3985
3995
3997
3999
4009
4011
4017
4029
4031
4035
4037
4039
4045
4053
4055
4063
4065
4083
4085
4087
4101
4103
4105
4109
4115
4117
4119
4121
4135
4137
4143
4145
4147
4151
4155
4161
4169
4173
4179
4183
4189
4191
4193
4195
4197
4199
4209
4213
4223
4227
4233
4245
4247
4249
4251
4255
4265
4267
4269
4277
4279
4281
4285
4287
4295
4299
4303
4307
4309
4313
4315
4317
4319
4321
4323
4333
4341
4343
4353
4359
4367
4377
4379
4385
4387
4389
4393
4395
4399
4403
4405
4407
4413
4415
4427
4429
4433
4435
4439
4443
4445
4449
4461
4467
4469
4471
4479
4487
4497
4499
4501
4503
4511
4515
4529
4531
4533
4535
4539
4541
4543
4551
4555
4559
4565
4569
4571
4573
4579
4585
4587
4589
4593
4595
4601
4605
4607
4609
4611
4613
4615
4619
4627
4629
4645
4647
4659
4661
4665
4667
4669
4677
4683
4685
4687
4695
4697
4701
4709
4711
4713
4715
4717
4727
4731
4735
4737
4739
4747
4749
4755
4757
4763
4765
4767
4769
4771
4773
4781
4785
4791
4803
4809
4811
4819
4821
4823
4827
4829
4835
4837
4839
4841
4843
4845
4847
4853
4855
4857
4863
4865
4867
4873
4879
4881
4883
4885
4891
4893
4895
4897
4907
4911
4915
4917
4927
4929
4935
4939
4947
4953
4955
4963
4965
4971
4979
4981
4983
4985
4989
4997
5001
5007
5015
5017
5019
5027
5029
5033
5035
5037
5045
5053
5057
5063
5065
5069
5079
5089
5091
5093
5095
5097
5105
5109
5111
5115
5117
5123
5127
5129
5131
5133
5135
5137
5141
5143
5155
5159
5163
5165
5169
5173
5177
5187
5191
5195
5199
5201
5205
5207
5213
5215
5217
5219
5221
5223
5235
5241
5245
5249
5251
5253
5255
5259
5263
5267
5269
5277
5285
5287
5293
5295
5305
5311
5313
5315
5327
5331
5335
5339
5343
5345
5349
5353
5357
5359
5361
5363
5367
5369
5379
5383
5385
5389
5395
5397
5401
5403
5411
5421
5423
5429
5433
5435
5447
5451
5453
5455
5457
5459
5465
5467
5469
5485
5487
5489
5493
5495
5497
5505
5509
5511
5513
5515
5523
5529
5533
5539
5541
5543
5545
5549
5555
5559
5561
5567
5579
5583
5585
5587
5595
5597
5599
5601
5603
5609
5613
5615
5619
5627
5631
5633
5637
5645
5649
5655
5663
5667
5671
5673
5677
5681
5691
5695
5699
5703
5705
5707
5709
5721
5723
5727
5735
5739
5745
5747
5753
5755
5757
5759
5761
5763
5765
5767
5771
5773
5789
5793
5795
5799
5803
5809
5811
5815
5817
5829
5835
5837
5845
5847
5853
5855
5863
5871
5873
5883
5885
5889
5891
5893
5899
5905
5907
5909
5911
5919
5933
5935
5937
5943
5945
5947
5955
5957
5959
5961
5965
5969
5971
5973
5979
5983
5989
5991
5993
5997
5999
6009
6013
6015
6017
6023
6033
6035
6041
6049
6051
6055
6059
6063
6065
6071
6077
6081
6087
6099
6103
6107
6109
6115
6117
6123
6127
6135
6139
6141
6145
6149
6153
6155
6157
6159
6167
6179
6181
6185
6187
6189
6193
6195
6207
6209
6213
6215
6227
6231
6233
6235
6239
6243
6245
6249
6251
6259
6261
6265
6267
6279
6285
6293
6295
6297
6303
6313
6315
6319
6331
6333
6335
6339
6341
6347
6349
6351
6355
6357
6365
6371
6377
6383
6385
6387
6393
6395
6403
6407
6411
6415
6423
6429
6431
6437
6439
6443
6445
6447
6455
6457
6459
6463
6465
6467
6477
6479
6483
6487
6493
6495
6497
6503
6505
6509
6511
6513
6515
6519
6523
6527
6531
6535
6537
6539
6549
6555
6557
6559
6565
6567
6573
6583
6585
6587
6589
6593
6595
6603
6605
6609
6613
6617
6621
6623
6629
6631
6635
6639
6641
6645
6649
6657
6663
6667
6671
6677
6683
6685
6695
6699
6707
6711
6715
6717
6729
6731
6735
6739
6743
6745
6747
6749
6751
6753
6755
6757
6767
6769
6771
6773
6783
6785
6787
6789
6797
6801
6805
6807
6809
6815
6819
6821
6835
6837
6839
6843
6847
6851
6855
6861
6865
6873
6879
6881
6887
6891
6893
6895
6901
6905
6913
6915
6919
6923
6927
6933
6935
6937
6941
6955
6963
6965
6979
6981
6985
6987
6989
6995
6999
7003
7005
7009
7015
7017
7021
7023
7031
7033
7035
7037
7041
7045
7049
7053
7059
7061
7063
7067
7071
7073
7077
7085
7089
7091
7093
7095
7097
7113
7115
7117
7123
7131
7133
7135
7143
7145
7147
7149
7153
7157
7163
7165
7167
7169
7179
7181
7183
7185
7195
7197
7199
7205
7215
7217
7221
7223
7231
7233
7235
7239
7241
7249
7251
7255
7257
7259
7261
7265
7269
7271
7273
7277
7279
7285
7287
7289
7291
7293
7295
7303
7305
7311
7313
7315
7319
7323
7327
7329
7339
7341
7343
7347
7355
7357
7359
7365
7367
7373
7377
7379
7383
7385
7387
7391
7401
7403
7405
7409
7413
7415
7419
7423
7427
7429
7431
7435
7439
7441
7445
7447
7453
7455
7463
7465
7467
7469
7473
7485
7491
7493
7495
7503
7505
7509
7511
7513
7519
7521
7527
7531
7535
7539
7545
7553
7555
7557
7563
7565
7571
7579
7593
7597
7599
7609
7611
7615
7617
7619
7627
7629
7631
7635
7637
7647
7651
7653
7655
7661
7663
7667
7671
7679
7683
7685
7697
7707
7715
7719
7721
7729
7733
7737
7739
7747
7751
7755
7761
7763
7765
7769
7771
7773
7779
7787
7795
7797
7799
7801
7805
7807
7811
7815
7819
7827
7831
7833
7835
7837
7843
7845
7847
7849
7851
7855
7859
7863
7871
7881
7887
7891
7895
7897
7899
7903
7909
7915
7917
7923
7931
7939
7941
7945
7955
7959
7961
7967
7971
7973
7977
7979
7981
7985
7989
7995
7997
8003
8005
8007
8013
8015
8021
8027
8031
8033
8035
8043
8045
8047
8049
8051
8057
8061
8063
8065
8067
8071
8077
8079
8083
8095
8097
8103
8105
8115
8121
8129
8131
8133
8135
8139
8141
8143
8151
8153
8155
8157
8159
8165
8169
8173
8185
8187
8189
8193
8195
8197
8201
8205
8207
8211
8213
8215
8223
8229
8239
8247
8251
8255
8257
8259
8265
8267
8277
8279
8283
8285
8301
8309
8313
8315
8319
8323
8327
8331
8333
8335
8337
8339
8341
8345
8347
8351
8355
8357
8359
8367
8373
8383
8391
8395
8399
8403
8407
8409
8411
8413
8417
8435
8437
8439
8441
8445
8453
8455
8457
8459
8471
8473
8479
8483
8485
8489
8491
8493
8495
8497
8499
8503
8507
8509
8511
8515
8517
8519
8529
8531
8533
8535
8545
8547
8549
8551
8553
8555
8561
8565
8567
8571
8579
8583
8585
8587
8589
8593
8603
8605
8607
8611
8615
8617
8621
8633
8635
8637
8639
8643
8645
8653
8655
8657
8659
8661
8665
8671
8679
8683
8687
8691
8697
8709
8711
8715
8717
8723
8727
8729
8733
8735
8751
8755
8759
8763
8765
8767
8773
8777
8781
8785
8787
8789
8791
8795
8797
8799
8801
8805
8809
8813
8815
8817
8823
8843
8845
8851
8853
8859
8871
8873
8877
8879
8881
8885
8889
8891
8895
8897
8899
8903
8907
8909
8913
8915
8921
8927
8935
8939
8943
8945
8947
8949
8953
8961
8977
8979
8981
8983
8985
8987
8989
8995
8997
9003
9005
9015
9019
9021
9023
9031
9033
9035
9037
9039
9047
9051
9053
9055
9057
9069
9071
9077
9079
9083
9087
9089
9093
9095
9097
9101
9105
9107
9111
9113
9115
9119
9123
9129
9141
9143
9145
9147
9149
9155
9159
9165
9167
9169
9177
9179
9183
9185
9191
9193
9195
9201
9205
9213
9219
9223
9229
9231
9233
9235
9237
9247
9249
9255
9259
9263
9267
9269
9285
9287
9289
9291
9299
9303
9307
9309
9321
9327
9329
9335
9339
9347
9353
9355
9357
9363
9365
9367
9379
9381
9383
9385
9389
9393
9395
9399
9401
9407
9411
9415
9417
9427
9429
9435
9443
9445
9447
9449
9451
9455
9465
9469
9481
9483
9485
9487
9489
9493
9499
9501
9503
9505
9507
9509
9515
9517
9519
9523
9527
9529
9535
9543
9545
9553
9557
9561
9563
9565
9569
9571
9573
9579
9581
9589
9591
9593
9595
9597
9599
9607
9609
9611
9615
9617
9627
9635
9645
9647
9651
9655
9659
9663
9665
9667
9669
9671
9681
9683
9687
9691
9695
9701
9705
9707
9713
9715
9717
9723
9727
9731
9735
9737
9741
9745
9753
9755
9757
9759
9761
9763
9771
9777
9779
9785
9789
9793
9795
9797
9799
9807
9813
9815
9821
9823
9827
9831
9835
9843
9845
9847
9853
9861
9863
9865
9867
9869
9877
9885
9889
9893
9895
9897
9899
9903
9905
9913
9915
9917
9921
9933
9935
9939
9943
9951
9953
9955
9957
9959
9961
9965
9969
9977
9979
9983
9985
9987
9989
9991
9993
9995
10003
10005
10013
10015
10019
10023
10029
10031
10033
10041
10047
10049
10055
10057
10059
10063
10065
10073
10077
10083
10085
10087
10095
10097
10101
10109
10113
10117
10119
10121
10123
10127
10129
10131
10135
10137
10145
10147
10149
10153
10155
10157
10165
10167
10171
10173
10183
10187
10189
10191
10195
10199
10203
10205
10207
10209
10213
10219
10221
10227
10229
10231
10235
10237
10239
10245
10255
10257
10263
10265
10281
10283
10291
10295
10297
10299
10307
10311
10315
10317
10319
10327
10329
10335
10345
10347
10351
10355
10361
10363
10365
10367
10371
10373
10379
10383
10387
10389
10393
10397
10401
10403
10405
10407
10409
10411
10415
10417
10419
10423
10435
10439
10441
10445
10447
10451
10455
10461
10471
10473
10479
10481
10483
10489
10491
10493
10495
10497
10505
10507
10509
10511
10517
10519
10523
10533
10537
10541
10543
10545
10547
10549
10551
10553
10555
10561
10563
10565
10569
10573
10577
10579
10581
10583
10587
10591
10595
10599
10603
10605
10615
10617
10619
10623
10635
10637
10641
10643
10645
10653
10655
10659
10661
10669
10671
10673
10677
10679
10685
10689
10695
10697
10699
10703
10705
10707
10713
10715
10717
10721
10727
10735
10741
10743
10747
10749
10751
10757
10759
10763
10765
10767
10779
10783
10785
10787
10793
10797
10801
10803
10805
10807
10811
10813
10815
10817
10819
10821
10823
10833
10835
10839
10841
10843
10849
10851
10855
10869
10871
10873
10885
10887
10893
10895
10901
10905
10907
10911
10913
10915
10919
10921
10923
10929
10931
10941
10943
10947
10951
10955
10959
10965
10967
10969
10977
10981
10983
10995
10997
10999
11001
11009
11013
11015
11017
11019
11021
11023
11029
11031
11033
11035
11037
11039
11049
11051
11053
11055
11063
11065
11067
11073
11081
11085
11091
11095
11099
11101
11103
11105
11107
11127
11129
11135
11139
11141
11143
11145
11147
11153
11157
11165
11167
11179
11181
11183
11185
11189
11195
11199
11201
11203
11207
11209
11211
11215
11217
11219
11233
11235
11237
11247
11249
11255
11263
11265
11267
11269
11281
11283
11285
11289
11291
11293
11297
11301
11303
11307
11309
11315
11327
11333
11335
11337
11339
11341
11343
11345
11347
11357
11361
11363
11365
11371
11373
11377
11379
11381
11387
11389
11391
11395
11397
11401
11405
11407
11409
11413
11415
11419
11427
11429
11431
11433
11435
11451
11453
11455
11459
11461
11463
11465
11469
11473
11477
11479
11485
11487
11499
11501
11505
11507
11509
11513
11517
11523
11531
11533
11535
11537
11539
11541
11543
11545
11553
11555
11559
11561
11567
11569
11571
11573
11577
11585
11589
11591
11595
11603
11605
11607
11609
11611
11615
11623
11627
11629
11631
11635
11639
11641
11643
11645
11651
11653
11659
11663
11665
11667
11669
11671
11679
11683
11685
11687
11693
11695
11697
11703
11705
11707
11715
11721
11723
11729
11733
11735
11739
11741
11747
11749
11751
11755
11757
11759
11761
11765
11769
11771
11773
11785
11787
11791
11793
11795
11797
11803
11805
11811
11815
11819
11823
11829
11841
11843
11847
11851
11855
11857
11861
11865
11869
11873
11877
11879
11883
11885
11893
11895
11899
11901
11911
11915
11917
11919
11921
11929
11935
11937
11945
11949
11951
11955
11957
11963
11965
11967
11973
11977
11983
11991
11993
11995
12003
12009
12013
12017
12019
12021
12023
12029
12031
12035
12039
12045
12047
12053
12055
12057
12059
12063
12065
12067
12077
12079
12081
12085
12089
12091
12093
12095
12099
12111
12115
12117
12127
12129
12131
12133
12135
12137
12139
12145
12147
12151
12153
12155
12165
12171
12173
12179
12181
12183
12185
12187
12189
12191
12199
12205
12207
12215
12217
12219
12223
12229
12233
12235
12237
12243
12245
12247
12255
12257
12259
12261
12265
12271
12273
12279
12283
12287
12291
12293
12295
12297
12305
12307
12309
12311
12313
12315
12317
12319
12327
12333
12335
12341
12345
12349
12351
12353
12355
12359
12361
12363
12365
12367
12369
12371
12381
12383
12385
12387
12389
12395
12399
12405
12407
12415
12417
12419
12423
12435
12439
12443
12445
12449
12453
12459
12461
12467
12469
12471
12477
12481
12485
12489
12499
12507
12509
12515
12521
12523
12529
12531
12533
12535
12543
12549
12551
12557
12559
12561
12563
12565
12567
12571
12579
12581
12585
12587
12595
12597
12599
12603
12617
12623
12629
12631
12633
12639
12643
12651
12655
12657
12665
12667
12669
12677
12679
12683
12687
12693
12695
12701
12707
12709
12711
12715
12723
12727
12729
12731
12733
12737
12741
12745
12747
12749
12751
12755
12759
12761
12767
12773
12777
12779
12783
12785
12787
12793
12795
12797
12803
12811
12813
12815
12817
12819
12827
12831
12833
12835
12837
12839
12845
12847
12849
12855
12857
12859
12863
12865
12867
12869
12873
12877
12883
12885
12891
12895
12903
12909
12913
12921
12929
12931
12935
12937
12939
12945
12949
12955
12957
12961
12963
12965
12971
12981
12989
12993
12995
12997
12999
13011
13015
13017
13027
13029
13031
13035
13039
13045
13047
13053
13055
13057
13061
13065
13067
13069
13071
13079
13081
13085
13087
13089
13091
13097
13101
13105
13107
13111
13115
13117
13119
13123
13129
13133
13135
13137
13139
13141
13143
13145
13153
13155
13157
13161
13165
13169
13173
13179
13191
13193
13195
13197
13199
13205
13207
13211
13215
13223
13227
13231
13235
13243
13247
13251
13253
13255
13261
13263
13265
13269
13271
13273
13277
13281
13283
13285
13287
13295
13299
13301
13303
13305
13307
13315
13317
13319
13323
13335
13341
13343
13349
13353
13355
13359
13363
13369
13371
13373
13379
13385
13387
13389
13391
13393
13395
13403
13405
13407
13409
13413
13415
13423
13433
13435
13439
13443
13445
13447
13449
13453
13459
13465
13471
13479
13485
13489
13493
13495
13497
13501
13503
13505
13507
13511
13515
13517
13519
13521
13529
13531
13533
13535
13539
13541
13543
13547
13549
13551
13555
13557
13559
13561
13565
13569
13587
13589
13593
13595
13601
13603
13605
13607
13609
13611
13615
13621
13623
13629
13631
13637
13639
13641
13643
13645
13647
13651
13655
13659
13661
13663
13667
13677
13683
13701
13703
13705
13713
13715
13717
13719
13727
13731
13733
13735
13737
13739
13745
13749
13753
13765
13767
13771
13773
13777
13783
13785
13787
13791
13793
13795
13803
13805
13809
13811
13813
13819
13821
13823
13827
13835
13837
13839
13845
13847
13849
13853
13855
13857
13861
13863
13865
13871
13885
13891
13893
13895
13899
13909
13911
13917
13919
13927
13929
13935
13937
13939
13943
13945
13947
13949
13951
13953
13955
13957
13961
13969
13971
13973
13979
13983
13985
13987
13989
13991
13993
14001
14003
14005
14007
14015
14017
14019
14021
14035
14037
14039
14043
14047
14055
14059
14061
14069
14073
14077
14093
14095
14097
14099
14101
14109
14113
14115
14117
14119
14123
14127
14129
14131
14133
14135
14137
14141
14147
14151
14155
14163
14165
14167
14169
14171
14179
14181
14183
14185
14187
14189
14195
14199
14201
14203
14205
14209
14213
14215
14217
14219
14223
14227
14231
14233
14235
14237
14239
14253
14255
14257
14261
14263
14267
14269
14271
14273
14277
14279
14285
14289
14291
14299
14305
14307
14309
14311
14313
14317
14329
14333
14335
14339
14343
14345
14349
14353
14359
14361
14363
14367
14371
14377
14379
14381
14393
14395
14397
14403
14405
14413
14417
14421
14429
14433
14435
14439
14441
14443
14451
14453
14459
14465
14467
14471
14477
14483
14485
14487
14493
14495
14501
14507
14509
14511
14513
14515
14523
14529
14545
14547
14555
14559
14565
14567
14569
14573
14579
14581
14583
14587
14595
14597
14599
14601
14603
14605
14609
14611
14613
14615
14617
14619
14623
14631
14635
14647
14649
14655
14659
14663
14665
14667
14671
14673
14677
14681
14687
14691
14693
14695
14709
14711
14719
14721
14727
14729
14735
14743
14745
14755
14757
14761
14763
14765
14773
14777
14781
14785
14789
14791
14793
14795
14799
14803
14807
14809
14811
14815
14819
14829
14835
14837
14839
14845
14849
14853
14855
14857
14861
14863
14865
14871
14873
14881
14885
14889
14893
14899
14901
14903
14907
14909
14915
14917
14919
14921
14933
14935
14937
14941
14943
14953
14955
14959
14961
14963
14971
14973
14977
14979
14987
14991
14993
14995
14997
14999
15001
15005
15007
15009
15011
15015
15019
15023
15027
15029
15033
15035
15037
15045
15047
15049
15055
15063
15065
15069
15071
15079
15081
15085
15087
15089
15095
15097
15099
15103
15105
15109
15113
15115
15117
15119
15127
15133
15143
15151
15153
15155
15157
15159
15163
15167
15169
15171
15177
15179
15185
15189
15195
15197
15205
15207
15209
15213
15215
15221
15223
15231
15235
15243
15245
15247
15253
15257
15261
15265
15267
15279
15281
15283
15285
15293
15295
15297
15301
15303
15305
15315
15321
15323
15333
15335
15339
15343
15347
15351
15353
15357
15365
15369
15371
15387
15389
15393
15395
15397
15403
15405
15407
15411
15415
15419
15421
15423
15429
15431
15433
15437
15441
15445
15447
15449
15455
15459
15465
15469
15477
15479
15481
15483
15485
15487
15491
15495
15499
15501
15503
15509
15513
15515
15517
15519
15529
15531
15535
15537
15539
15545
15547
15549
15553
15555
15557
15563
15565
15567
15571
15573
15585
15587
15589
15591
15593
15595
15599
15603
15611
15621
15623
15627
15635
15637
15639
15645
15653
15655
15657
15659
15663
15673
15677
15681
15689
15691
15693
15695
15697
15699
15701
15703
15707
15711
15713
15715
15719
15721
15735
15743
15745
15747
15755
15757
15763
15765
15771
15779
15781
15783
15785
15789
15801
15807
15811
15815
15819
15821
15829
15833
15835
15837
15839
15843
15845
15847
15853
15855
15857
15865
15869
15871
15873
15879
15891
15893
15897
15899
15905
15909
15911
15915
15917
15927
15931
15933
15935
15941
15943
15945
15947
15949
15951
15953
15955
15961
15963
15965
15967
15969
15977
15983
15985
15989
15995
15997
15999
16003
16009
16013
16015
16019
16027
16031
16035
16037
16039
16041
16043
16045
16049
16051
16053
16059
16071
16077
16079
16081
16085
16089
16095
16099
16105
16107
16109
16113
16115
16117
16123
16131
16133
16135
16143
16145
16147
16151
16153
16157
16159
16161
16163
16165
16167
16169
16171
16177
16179
16185
16195
16197
16199
16201
16203
16205
16207
16211
16215
16221
16233
16235
16239
16241
16243
16247
16251
16255
16257
16259
16261
16265
16271
16277
16279
16283
16285
16287
16289
16293
16295
16303
16305
16307
16309
16311
16313
16315
16321
16323
16327
16329
16331
16343
16345
16347
16351
16355
16357
16359
16365
16367
16373
16377
16379
16383
16385
16387
16391
16395
16397
16403
16409
16413
16419
16423
16429
16431
16435
16437
16439
16445
16449
16455
16457
16459
16463
16467
16469
16483
16489
16495
16499
16503
16505
16507
16509
16517
16521
16523
16527
16535
16537
16539
16541
16543
16545
16555
16557
16559
16563
16565
16571
16579
16581
16583
16585
16591
16593
16595
16597
16599
16601
16613
16615
16617
16621
16627
16629
16635
16637
16639
16643
16645
16647
16653
16655
16663
16665
16667
16669
16671
16679
16681
16683
16685
16687
16689
16697
16701
16707
16711
16715
16717
16719
16723
16727
16733
16735
16737
16739
16743
16751
16753
16755
16757
16761
16765
16769
16773
16777
16779
16781
16783
16789
16791
16793
16795
16797
16799
16801
16805
16809
16813
16815
16817
16827
16833
16835
16837
16845
16847
16849
16851
16853
16855
16859
16863
16865
16867
16869
16873
16877
16885
16887
16895
16899
16907
16909
16913
16915
16917
16919
16923
16933
16935
16941
16945
16949
16953
16955
16957
16959
16961
16969
16971
16973
16977
16985
16989
16991
16995
16997
16999
17005
17007
17009
17013
17015
17023
17031
17035
17039
17043
17045
17049
17057
17063
17065
17067
17071
17079
17083
17085
17087
17089
17095
17097
17103
17105
17111
17113
17115
17121
17129
17131
17133
17135
17139
17143
17147
17149
17151
17155
17157
17165
17171
17177
17179
17185
17187
17195
17197
17201
17205
17211
17213
17215
17219
17221
17223
17227
17229
17233
17237
17241
17243
17245
17247
17249
17251
17255
17259
17263
17265
17267
17269
17273
17277
17279
17281
17283
17285
17287
17295
17301
17305
17309
17311
17313
17315
17319
17323
17331
17335
17337
17339
17345
17347
17349
17355
17357
17363
17365
17367
17369
17371
17373
17381
17385
17399
17403
17409
17411
17413
17421
17423
17427
17429
17435
17437
17439
17441
17447
17453
17455
17459
17463
17465
17473
17479
17481
17495
17499
17503
17507
17511
17513
17515
17517
17521
17527
17529
17531
17533
17535
17537
17543
17547
17549
17553
17555
17557
17561
17563
17565
17567
17571
17583
17585
17587
17589
17601
17603
17605
17607
17615
17617
17619
17621
17635
17637
17639
17641
17643
17645
17647
17651
17653
17655
17663
17665
17671
17673
17677
17679
17687
17691
17693
17695
17697
17699
17705
17709
17715
17717
17719
17723
17727
17731
17735
17741
17743
17751
17759
17763
17765
17769
17771
17773
17777
17779
17781
17785
17795
17799
17801
17805
17809
17813
17815
17817
17819
17821
17831
17833
17835
17841
17843
17845
17849
17853
17855
17859
17861
17867
17869
17871
17873
17877
17879
17887
17889
17895
17897
17899
17905
17913
17915
17917
17927
17931
17933
17935
17943
17945
17947
17949
17951
17953
17961
17965
17967
17969
17979
17993
17995
17997
17999
18001
18003
18005
18007
18011
18015
18017
18021
18023
18033
18035
18037
18039
18051
18053
18055
18057
18065
18069
18071
18073
18079
18085
18087
18091
18093
18101
18105
18107
18111
18113
18115
18123
18129
18137
18139
18141
18145
18147
18151
18155
18159
18161
18163
18165
18167
18173
18177
18183
18185
18187
18193
18195
18197
18201
18203
18209
18213
18215
18219
18221
18227
18231
18235
18237
18239
18245
18247
18249
18255
18263
18267
18273
18281
18283
18285
18291
18293
18295
18303
18305
18309
18317
18319
18321
18323
18327
18331
18335
18337
18339
18343
18345
18347
18349
18355
18357
18359
18363
18365
18373
18381
18383
18385
18389
18391
18393
18395
18399
18403
18407
18409
18417
18419
18429
18431
18435
18437
18447
18449
18453
18455
18463
18465
18467
18469
18471
18479
18483
18485
18489
18497
18499
18501
18505
18507
18509
18511
18519
18527
18529
18533
18535
18537
18543
18545
18547
18551
18555
18557
18559
18561
18563
18569
18573
18577
18579
18581
18589
18591
18595
18597
18599
18607
18609
18611
18613
18615
18619
18623
18627
18629
18633
18635
18641
18643
18647
18649
18651
18653
18659
18663
18665
18667
18673
18677
18681
18683
18687
18689
18695
18697
18699
18703
18707
18709
18715
18717
18727
18733
18735
18737
18739
18741
18751
18753
18761
18763
18771
18779
18781
18789
18791
18795
18799
18805
18807
18809
18811
18813
18815
18817
18821
18823
18827
18831
18833
18835
18841
18843
18845
18847
18849
18851
18853
18857
18861
18863
18867
18871
18877
18879
18881
18883
18885
18887
18893
18895
18897
18901
18903
18905
18915
18923
18929
18931
18933
18935
18937
18939
18941
18943
18949
18951
18953
18955
18961
18965
18967
18969
18977
18983
18985
18987
18989
18991
18993
18995
19003
19005
19007
19011
19015
19019
19021
19023
19027
19029
19033
19039
19043
19045
19047
19049
19055
19059
19063
19067
19077
19083
19085
19091
19095
19099
19101
19103
19109
19111
19113
19115
19117
19119
19123
19127
19129
19131
19135
19137
19145
19147
19149
19151
19153
19155
19165
19167
19169
19173
19177
19185
19187
19189
19191
19193
19195
19199
19203
19205
19217
19223
19227
19229
19235
19241
19243
19245
19247
19253
19255
19263
19265
19271
19277
19281
19283
19291
19293
19295
19297
19299
19303
19311
19313
19315
19317
19327
19329
19331
19337
19339
19347
19349
19351
19353
19361
19365
19367
19369
19371
19383
19385
19389
19393
19397
19399
19401
19405
19407
19409
19411
19415
19419
19437
19439
19443
19445
19451
19455
19459
19461
19473
19479
19487
19491
19493
19495
19497
19499
19509
19511
19515
19519
19523
19527
19529
19533
19535
19547
19549
19555
19563
19565
19567
19569
19579
19581
19585
19587
19589
19591
19595
19599
19605
19607
19613
19615
19617
19619
19621
19623
19627
19631
19633
19635
19637
19639
19641
19643
19645
19651
19653
19655
19657
19659
19667
19671
19673
19677
19679
19689
19691
19693
19695
19703
19705
19707
19711
19713
19715
19731
19733
19735
19741
19743
19745
19749
19765
19767
19769
19771
19779
19781
19783
19785
19787
19789
19795
19797
19799
19803
19807
19815
19817
19821
19823
19829
19831
19833
19835
19837
19839
19847
19849
19851
19857
19859
19869
19871
19873
19877
19879
19883
19887
19893
19895
19897
19901
19903
19905
19907
19911
19915
19921
19923
19931
19933
19939
19945
19947
19955
19957
19959
19967
19969
19977
19983
19985
19987
19995
19999
20001
20003
20005
20009
20013
20015
20019
20027
20031
20033
20035
20037
20039
20045
20049
20053
20055
20057
20059
20065
20067
20069
20073
20077
20081
20083
20085
20087
20091
20093
20095
20099
20103
20105
20109
20119
20121
20127
20131
20135
20141
20145
20153
20155
20157
20159
20163
20165
20171
20179
20185
20189
20193
20195
20199
20203
20209
20211
20213
20215
20217
20221
20227
20229
20235
20239
20243
20245
20247
20251
20253
20255
20257
20267
20271
20273
20279
20281
20283
20285
20289
20291
20299
20303
20305
20307
20309
20315
20317
20319
20321
20337
20343
20345
20351
20355
20361
20363
20365
20371
20373
20377
20379
20381
20383
20387
20391
20395
20397
20401
20409
20413
20415
20419
20423
20427
20429
20435
20437
20447
20453
20455
20459
20463
20465
20467
20469
20471
20473
20481
20487
20489
20495
20497
20499
20503
20505
20513
20517
20523
20527
20537
20541
20545
20553
20555
20559
20561
20569
20571
20573
20579
20581
20585
20587
20589
20595
20597
20603
20605
20607
20609
20613
20615
20617
20621
20623
20633
20635
20643
20645
20647
20649
20651
20653
20657
20659
20661
20665
20669
20671
20677
20679
20685
20687
20695
20697
20699
20703
20711
20713
20715
20721
20723
20729
20733
20735
20739
20741
20751
20755
20757
20761
20765
20767
20777
20779
20783
20785
20791
20793
20795
20803
20805
20811
20815
20819
20821
20823
20827
20829
20831
20833
20837
20841
20843
20847
20851
20855
20859
20861
20863
20865
20867
20869
20877
20883
20885
20891
20893
20895
20901
20905
20909
20913
20915
20917
20919
20927
20931
20935
20937
20941
20945
20949
20951
20953
20955
20957
20965
20967
20969
20971
20973
20977
20985
20987
20989
20991
20993
21003
21005
21007
21009
21027
21029
21035
21039
21041
21043
21045
21047
21053
21055
21057
21063
21065
21071
21077
21079
21081
21083
21085
21091
21093
21095
21099
21103
21109
21111
21113
21117
21127
21129
21131
21133
21135
21137
21145
21147
21151
21155
21161
21165
21167
21171
21173
21181
21185
21189
21197
21199
21201
21203
21205
21207
21209
21215
21219
21235
21237
21239
21241
21243
21245
21251
21253
21255
21257
21259
21261
21263
21265
21271
21273
21279
21281
21287
21289
21291
21293
21295
21297
21301
21305
21307
21309
21311
21327
21329
21331
21333
21335
21337
21343
21345
21351
21353
21355
21359
21363
21365
21367
21369
21373
21381
21387
21389
21395
21399
21403
21405
21409
21415
21423
21427
21431
21437
21439
21441
21443
21445
21449
21451
21453
21455
21457
21459
21461
21469
21473
21477
21479
21485
21489
21495
21497
21505
21507
21509
21513
21515
21527
21531
21533
21535
21539
21543
21545
21547
21549
21551
21553
21561
21565
21567
21571
21579
21581
21583
21585
21593
21595
21597
21605
21607
21615
21619
21621
21623
21629
21631
21633
21635
21637
21639
21641
21643
21651
21653
21655
21657
21665
21669
21671
21677
21685
21687
21693
21695
21697
21703
21705
21709
21711
21715
21719
21721
21723
21729
21733
21741
21743
21745
21747
21749
21755
21759
21761
21763
21765
21769
21779
21783
21791
21795
21797
21809
21811
21813
21815
21819
21823
21827
21829
21831
21833
21837
21847
21849
21855
21857
21865
21867
21869
21873
21877
21883
21885
21887
21889
21891
21895
21899
21905
21909
21913
21917
21919
21921
21923
21927
21935
21939
21941
21945
21947
21949
21955
21957
21959
21963
21965
21967
21971
21973
21979
21981
21983
21985
21989
21993
21995
21999
22007
22011
22017
22019
22029
22033
22035
22043
22045
22047
22053
22055
22057
22061
22065
22069
22071
22081
22083
22085
22087
22089
22097
22101
22105
22107
22115
22117
22119
22127
22135
22137
22141
22145
22151
22155
22161
22163
22169
22173
22179
22187
22191
22195
22199
22205
22207
22209
22211
22213
22215
22217
22219
22223
22227
22233
22235
22237
22241
22243
22245
22249
22251
22255
22263
22267
22285
22287
22289
22297
22299
22301
22305
22309
22313
22315
22317
22319
22323
22327
22331
22333
22335
22337
22339
22353
22355
22357
22359
22361
22363
22371
22373
22377
22379
22387
22389
22395
22403
22405
22407
22413
22415
22417
22421
22423
22427
22429
22431
22435
22439
22443
22449
22451
22457
22459
22461
22463
22465
22467
22471
22479
22485
22487
22489
22493
22497
22499
22503
22505
22507
22513
22515
22517
22519
22521
22523
22529
22533
22535
22537
22539
22547
22551
22553
22555
22557
22559
22561
22565
22569
22577
22579
22583
22585
22587
22593
22595
22597
22601
22603
22605
22607
22609
22611
22615
22623
22629
22631
22641
22647
22649
22655
22657
22659
22661
22663
22665
22667
22677
22683
22685
22693
22695
22701
22703
22705
22711
22713
22715
22719
22723
22729
22731
22733
22735
22737
22745
22749
22753
22755
22757
22759
22763
22767
22771
22773
22781
22795
22799
22803
22805
22809
22813
22819
22821
22823
22827
22829
22835
22837
22839
22841
22843
22845
22855
22863
22867
22873
22879
22881
22889
22891
22893
22895
22897
22899
22903
22909
22911
22913
22915
22917
22919
22927
22929
22931
22935
22939
22947
22949
22951
22953
22955
22957
22965
22967
22969
22979
22983
22985
22987
22989
22991
22997
22999
23005
23007
23009
23015
23019
23023
23033
23035
23037
23043
23045
23047
23051
23055
23061
23065
23069
23073
23077
23083
23089
23091
23093
23095
23097
23101
23105
23107
23109
23113
23115
23119
23123
23127
23129
23133
23135
23141
23145
23147
23151
23161
23163
23165
23169
23171
23179
23181
23183
23185
23187
23191
23195
23199
23207
23213
23215
23217
23219
23223
23231
23233
23235
23237
23239
23243
23245
23249
23253
23255
23257
23259
23261
23263
23267
23271
23277
23285
23287
23289
23295
23299
23303
23305
23307
23309
23313
23315
23317
23323
23329
23331
23335
23341
23343
23345
23349
23351
23359
23361
23363
23365
23367
23379
23381
23383
23385
23387
23389
23393
23395
23397
23401
23403
23405
23407
23411
23415
23419
23421
23423
23429
23433
23435
23437
23439
23443
23449
23451
23453
23455
23457
23461
23467
23469
23477
23483
23487
23489
23493
23495
23501
23503
23505
23507
23511
23513
23515
23519
23523
23527
23529
23533
23541
23543
23545
23547
23551
23555
23559
23565
23573
23577
23579
23583
23587
23597
23601
23605
23611
23613
23615
23619
23621
23631
23637
23639
23641
23645
23647
23649
23655
23657
23659
23665
23673
23681
23683
23685
23691
23693
23695
23699
23701
23703
23705
23707
23709
23713
23717
23721
23723
23727
23729
23735
23737
23739
23749
23755
23757
23759
23771
23777
23781
23783
23785
23791
23793
23795
23797
23799
23803
23807
23809
23811
23815
23817
23821
23835
23839
23843
23845
23847
23849
23851
23853
23855
23861
23865
23867
23871
23881
23883
23885
23889
23891
23897
23903
23905
23907
23915
23919
23921
23923
23927
23933
23935
23937
23939
23941
23943
23945
23947
23951
23955
23963
23965
23969
23979
23989
23991
23995
23997
23999
24005
24009
24011
24015
24017
24027
24031
24033
24035
24041
24045
24047
24051
24053
24055
24063
24065
24067
24069
24081
24085
24087
24089
24095
24099
24101
24105
24115
24117
24119
24123
24127
24131
24135
24139
24141
24143
24145
24149
24153
24155
24159
24161
24163
24171
24173
24177
24185
24189
24191
24195
24199
24207
24209
24213
24215
24217
24221
24227
24231
24233
24235
24241
24243
24245
24249
24253
24257
24259
24261
24263
24265
24267
24269
24271
24277
24279
24283
24285
24287
24289
24293
24295
24301
24303
24305
24307
24313
24315
24319
24323
24331
24333
24335
24339
24343
24347
24349
24351
24355
24357
24361
24365
24369
24377
24383
24385
24387
24393
24395
24397
24401
24403
24405
24409
24411
24415
24423
24427
24429
24433
24437
24441
24445
24447
24449
24455
24457
24459
24463
24467
24477
24479
24483
24485
24487
24491
24493
24495
24497
24501
24503
24511
24513
24515
24519
24523
24529
24531
24535
24537
24539
24545
24553
24555
24557
24559
24567
24569
24573
24577
24581
24583
24585
24587
24589
24591
24595
24599
24603
24605
24607
24609
24613
24619
24621
24627
24629
24635
24637
24639
24643
24645
24653
24655
24657
24663
24665
24667
24673
24679
24681
24685
24689
24693
24695
24699
24701
24703
24707
24711
24713
24715
24717
24719
24721
24729
24731
24735
24737
24739
24743
24747
24751
24753
24755
24765
24769
24771
24773
24779
24783
24785
24789
24791
24797
24801
24803
24807
24811
24815
24819
24823
24827
24829
24833
24835
24837
24839
24845
24853
24855
24857
24861
24865
24869
24873
24879
24881
24883
24887
24891
24893
24895
24897
24899
24901
24905
24911
24913
24915
24927
24931
24933
24935
24937
24945
24947
24949
24951
24955
24959
24961
24963
24965
24969
24981
24983
24985
24987
24991
24995
24997
24999
25001
25003
25005
25007
25009
25015
25017
25019
25021
25023
25027
25035
25041
25043
25045
25049
25051
25053
25055
25059
25061
25063
25067
25069
25071
25077
25079
25081
25085
25089
25091
25093
25095
25099
25103
25105
25107
25109
25113
25115
25129
25131
25133
25135
25139
25145
25149
25151
25157
25159
25161
25165
25167
25177
25179
25187
25193
25195
25197
25199
25203
25207
25211
25213
25217
25221
25223
25231
25239
25241
25249
25251
25255
25257
25259
25265
25267
25269
25271
25277
25279
25283
25285
25287
25291
25293
25295
25297
25311
25315
25319
25323
25329
25331
25337
25341
25347
25355
25359
25361
25365
25379
25381
25383
25385
25387
25393
25395
25397
25399
25401
25403
25405
25413
25415
25417
25419
25421
25427
25429
25433
25435
25437
25445
25449
25451
25455
25459
25467
25473
25481
25483
25485
25487
25489
25491
25493
25495
25499
25501
25503
25505
25507
25509
25511
25513
25517
25527
25535
25539
25545
25547
25549
25553
25555
25557
25559
25563
25565
25567
25573
25581
25591
25593
25595
25597
25599
25611
25613
25617
25619
25629
25635
25637
25645
25647
25649
25651
25653
25655
25661
25663
25665
25671
25683
25685
25687
25689
25691
25697
25699
25701
25707
25709
25711
25719
25723
25727
25729
25735
25737
25739
25743
25745
25751
25755
25757
25765
25769
25777
25779
25781
25783
25787
25789
25791
25795
25797
25805
25807
25809
25811
25813
25815
25817
25827
25831
25833
25835
25837
25843
25845
25851
25853
25855
25859
25861
25863
25865
25869
25871
25877
25879
25881
25883
25885
25887
25891
25895
25899
25901
25905
25907
25915
25917
25923
25927
25935
25937
25941
25945
25949
25953
25955
25957
25959
25961
25963
25967
25971
25973
25977
25979
25985
25987
25989
25995
26005
26007
26009
26023
26027
26031
26033
26035
26039
26043
26045
26049
26051
26057
26059
26061
26063
26067
26069
26077
26079
26081
26085
26087
26089
26093
26095
26097
26101
26103
26105
26115
26121
26123
26131
26133
26135
26137
26139
26143
26147
26149
26151
26155
26157
26159
26165
26167
26169
26173
26179
26185
26187
26193
26197
26201
26205
26207
26211
26213
26219
26221
26223
26229
26231
26233
26239
26241
26243
26247
26255
26259
26265
26273
26277
26279
26283
26285
26287
26295
26301
26303
26305
26311
26315
26319
26323
26327
26329
26331
26333
26337
26345
26349
26351
26355
26359
26363
26365
26367
26369
26373
26377
26381
26383
26385
26389
26391
26395
26403
26405
26409
26413
26421
26427
26429
26435
26439
26441
26443
26445
26447
26453
26455
26457
26461
26463
26465
26471
26473
26477
26483
26485
26491
26493
26495
26503
26507
26511
26515
26517
26519
26527
26529
26531
26535
26537
26543
26545
26547
26549
26551
26553
26555
26563
26565
26567
26571
26579
26581
26583
26587
26589
26593
26601
26603
26609
26611
26615
26617
26619
26621
26623
26629
26635
26637
26639
26643
26651
26653
26655
26657
26659
26661
26663
26665
26671
26673
26679
26689
26695
26697
26707
26709
26715
26719
26727
26733
26735
26743
26745
26747
26749
26751
26753
26755
26761
26763
26765
26767
26769
26771
26773
26779
26781
26787
26789
26791
26795
26799
26805
26807
26815
26817
26819
26823
26827
26831
26835
26837
26841
26843
26851
26853
26855
26857
26859
26867
26873
26887
26889
26895
26897
26899
26905
26907
26911
26913
26915
26917
26929
26931
26933
26935
26939
26941
26943
26945
26949
26957
26961
26963
26965
26967
26969
26971
26977
26989
26995
26997
27003
27005
27007
27013
27015
27019
27021
27023
27029
27033
27035
27039
27041
27047
27049
27051
27053
27055
27057
27065
27069
27071
27079
27083
27085
27087
27089
27093
27095
27101
27105
27111
27113
27115
27119
27121
27123
27129
27131
27137
27139
27141
27145
27147
27149
27151
27155
27159
27161
27163
27165
27167
27169
27173
27177
27181
27183
27185
27187
27193
27199
27201
27203
27205
27213
27215
27219
27221
27223
27227
27229
27231
27235
27237
27245
27247
27249
27251
27255
27257
27263
27267
27269
27273
27285
27287
27289
27291
27295
27301
27303
27305
27309
27311
27313
27317
27319
27323
27327
27335
27339
27341
27343
27345
27347
27353
27355
27357
27359
27363
27365
27373
27377
27381
27383
27389
27393
27395
27399
27401
27403
27411
27413
27415
27417
27419
27421
27429
27433
27439
27443
27445
27447
27451
27453
27461
27463
27465
27469
27471
27473
27483
27485
27491
27493
27497
27499
27501
27503
27505
27507
27515
27517
27519
27521
27523
27533
27535
27537
27543
27545
27553
27555
27557
27561
27563
27565
27569
27571
27573
27579
27589
27591
27593
27595
27597
27599
27601
27605
27607
27609
27615
27619
27623
27627
27629
27633
27635
27641
27643
27645
27649
27651
27655
27659
27661
27663
27665
27667
27669
27671
27677
27679
27681
27683
27687
27695
27699
27703
27705
27707
27713
27715
27717
27719
27723
27727
27731
27745
27755
27757
27759
27769
27771
27777
27785
27789
27795
27805
27807
27811
27813
27815
27821
27829
27831
27833
27835
27839
27841
27843
27845
27849
27857
27859
27861
27863
27865
27867
27871
27877
27879
27887
27895
27897
27899
27903
27905
27907
27911
27913
27915
27921
27923
27929
27933
27935
27939
27949
27955
27957
27959
27965
27969
27971
27973
27977
27987
27989
27991
27993
27995
28003
28005
28007
28011
28013
28015
28021
28023
28029
28039
28041
28043
28045
28047
28049
28055
28059
28061
28065
28067
28079
28083
28091
28093
28095
28101
28103
28113
28115
28117
28127
28129
28131
28133
28135
28137
28139
28141
28147
28149
28155
28157
28159
28165
28167
28169
28171
28173
28177
28185
28187
28189
28191
28195
28199
28203
28205
28207
28209
28213
28217
28235
28237
28239
28241
28243
28245
28247
28253
28255
28257
28259
28261
28263
28265
28267
28271
28281
28285
28291
28293
28295
28299
28301
28303
28311
28313
28315
28317
28321
28327
28329
28331
28333
28335
28337
28339
28343
28345
28347
28353
28355
28357
28361
28363
28365
28367
28369
28373
28379
28383
28385
28389
28391
28397
28399
28401
28407
28415
28417
28419
28421
28423
28427
28437
28441
28443
28445
28451
28453
28455
28457
28459
28461
28465
28473
28479
28481
28483
28487
28489
28491
28495
28497
28501
28505
28507
28509
28511
28515
28523
28527
28529
28531
28533
28535
28543
28545
28551
28553
28555
28563
28565
28569
28581
28583
28585
28587
28589
28595
28599
28601
28605
28613
28615
28617
28623
28633
28635
28637
28639
28641
28651
28653
28655
28659
28667
28671
28679
28681
28685
28689
28691
28693
28695
28699
28705
28707
28709
28713
28715
28721
28727
28733
28735
28739
28743
28745
28747
28757
28761
28765
28767
28769
28777
28779
28781
28783
28785
28787
28795
28797
28799
28801
28803
28805
28811
28815
28819
28821
28823
28829
28831
28833
28835
28839
28841
28847
28851
28853
28857
28865
28869
28873
28877
28883
28887
28889
28891
28893
28895
28903
28905
28907
28911
28913
28915
28923
28929
28931
28937
28941
28943
28945
28947
28951
28955
28957
28963
28965
28967
28969
28973
28977
28983
28987
28993
28995
28997
28999
29001
29003
29005
29011
29013
29015
29019
29031
29035
29037
29039
29041
29045
29047
29049
29051
29053
29055
29065
29067
29069
29071
29073
29081
29083
29085
29087
29091
29093
29099
29103
29105
29107
29109
29111
29113
29117
29119
29121
29127
29135
29139
29143
29145
29149
29157
29159
29163
29165
29171
29177
29181
29183
29193
29195
29199
29203
29211
29213
29215
29217
29219
29227
29229
29235
29239
29245
29247
29249
29255
29257
29263
29265
29267
29271
29273
29279
29283
29285
29289
29291
29293
29299
29301
29305
29307
29309
29317
29319
29321
29323
29329
29335
29337
29343
29345
29353
29355
29357
29359
29361
29365
29369
29371
29373
29377
29379
29391
29393
29395
29397
29405
29407
29409
29413
29415
29417
29419
29427
29431
29433
29441
29445
29447
29451
29455
29461
29463
29465
29467
29469
29471
29477
29479
29481
29485
29487
29489
29491
29495
29499
29503
29505
29507
29509
29513
29515
29517
29519
29521
29523
29533
29535
29541
29543
29545
29549
29551
29553
29555
29557
29559
29561
29563
29571
29577
29579
29585
29589
29591
29593
29595
29597
29603
29605
29607
29609
29613
29615
29617
29621
29623
29627
29631
29635
29639
29643
29647
29649
29651
29653
29657
29661
29667
29677
29681
29685
29687
29689
29693
29695
29697
29699
29701
29703
29705
29707
29711
29713
29715
29719
29721
29729
29731
29733
29735
29737
29739
29747
29749
29751
29757
29765
29769
29771
29777
29779
29783
29787
29793
29795
29797
29801
29805
29807
29809
29811
29813
29815
29823
29827
29829
29831
29839
29843
29845
29847
29849
29855
29859
29861
29865
29869
29877
29883
29885
29893
29895
29897
29899
29901
29903
29905
29909
29911
29915
29919
29923
29931
29933
29935
29937
29941
29945
29949
29951
29953
29955
29957
29967
29969
29971
29973
29977
29981
29985
29987
29991
29993
29995
29999
30001
30003
30005
30007
30009
30017
30019
30021
30023
30027
30031
30035
30039
30041
30043
30045
30049
30053
30055
30057
30061
30063
30065
30067
30077
30079
30081
30083
30085
30093
30095
30099
30101
30107
30111
30115
30117
30127
30131
30145
30147
30149
30151
30155
30157
30163
30165
30167
30171
30173
30179
30183
30185
30189
30191
30193
30199
30201
30205
30207
30209
30215
30217
30219
30221
30227
30229
30235
30237
30239
30243
30245
30247
30257
30261
30263
30265
30273
30277
30279
30281
30283
30287
30289
30291
30295
30297
30299
30301
30305
30309
30311
30317
30327
30329
30333
30335
30337
30343
30349
30353
30355
30359
30363
30365
30369
30373
30377
30379
30385
30387
30395
30397
30399
30405
30407
30409
30413
30415
30417
30419
30421
30423
30433
30435
30437
30439
30441
30443
30445
30451
30453
30455
30459
30461
30463
30471
30473
30477
30479
30485
30487
30489
30495
30499
30503
30505
30507
30511
30513
30515
30521
30523
30531
30533
30541
30543
30547
30549
30551
30561
30563
30565
30567
30569
30571
30579
30581
30583
30585
30587
30595
30597
30599
30601
30605
30607
30611
30615
30617
30619
30621
30623
30629
30633
30635
30639
30641
30647
30653
30655
30657
30659
30665
30667
30669
30679
30683
30687
30691
30693
30695
30701
30705
30709
30711
30715
30719
30729
30731
30733
30737
30739
30741
30743
30747
30749
30751
30755
30759
30761
30765
30767
30769
30777
30779
30783
30785
30787
30791
30793
30795
30797
30799
30801
30805
30813
30815
30819
30823
30827
30831
30833
30835
30837
30849
30863
30865
30867
30873
30877
30883
30887
30891
30895
30903
30905
30907
30909
30913
30917
30929
30935
30939
30943
30945
30947
30953
30955
30957
30959
30963
30965
30967
30973
30979
30981
30985
30989
30991
30993
30995
30997
30999
31001
31003
31007
31009
31011
31015
31027
31029
31035
31037
31043
31045
31047
31049
31053
31055
31057
31061
31065
31067
31071
31073
31083
31085
31087
31093
31099
31101
31103
31105
31107
31109
31111
31119
31127
31129
31133
31135
31137
31141
31143
31145
31155
31157
31161
31163
31165
31169
31173
31179
31187
31191
31197
31199
31207
31209
31215
31217
31227
31229
31233
31235
31241
31243
31245
31251
31261
31263
31269
31273
31279
31281
31283
31285
31287
31289
31295
31297
31299
31301
31303
31309
31313
31315
31317
31323
31331
31335
31341
31343
31345
31349
31351
31353
31355
31359
31363
31367
31371
31373
31377
31381
31385
31389
31399
31403
31405
31413
31415
31421
31427
31429
31431
31435
31439
31441
31443
31445
31447
31449
31451
31453
31457
31459
31461
31463
31467
31479
31485
31493
31495
31497
31499
31503
31505
31515
31519
31521
31523
31533
31537
31539
31549
31551
31553
31555
31557
31559
31561
31565
31569
31571
31577
31579
31585
31587
31589
31591
31593
31595
31597
31611
31613
31615
31619
31623
31629
31631
31633
31637
31639
31641
31645
31647
31655
31659
31661
31665
31669
31673
31677
31679
31683
31685
31691
31693
31695
31701
31709
31711
31715
31717
31719
31731
31733
31735
31737
31739
31745
31749
31755
31757
31759
31763
31765
31767
31777
31781
31783
31785
31787
31789
31791
31795
31803
31805
31807
31809
31811
31813
31819
31821
31829
31831
31835
31839
31841
31843
31845
31853
31855
31857
31863
31865
31867
31871
31877
31879
31881
31885
31889
31893
31895
31897
31901
31909
31911
31913
31915
31917
31919
31921
31927
31929
31931
31933
31935
31937
31943
31945
31947
31949
31951
31953
31955
31961
31965
31967
31969
31971
31979
31983
31985
31987
31989
31993
31999
32001
32007
32011
32015
32017
32019
32023
32033
32035
32037
32039
32043
32047
32055
32061
32071
32073
32081
32087
32091
32093
32097
32101
32105
32107
32111
32113
32115
32123
32127
32133
32135
32137
32145
32147
32149
32151
32153
32155
32161
32163
32165
32169
32171
32177
32179
32181
32185
32187
32195
32197
32199
32201
32205
32207
32209
32217
32219
32221
32223
32231
32235
32239
32243
32245
32249
32253
32255
32259
32267
32271
32273
32277
32281
32285
32287
32289
32293
32295
32311
32313
32315
32317
32329
32331
32333
32335
32339
32343
32345
32347
32349
32351
32357
32361
32365
32367
32379
32383
32385
32387
32393
32397
32399
32403
32405
32415
32417
32419
32421
32431
32433
32435
32439
32447
32449
32451
32453
32455
32457
32459
32461
32465
32469
32471
32473
32483
32485
32489
32493
32495
32501
32505
32511
32513
32515
32519
32521
32523
32527
32529
32539
32541
32543
32545
32547
32555
32557
32559
32565
32567
32577
32583
32591
32593
32595
32597
32599
32601
32605
32613
32615
32619
32623
32627
32629
32631
32635
32637
32639
32641
32645
32649
32651
32655
32659
32663
32665
32667
32669
32671
32673
32677
32681
32685
32691
32695
32699
32701
32703
32709
32711
32721
32723
32727
32729
32735
32737
32739
32741
32745
32747
32753
32755
32757
32759
32763
32765
32777
32785
32793
32795
32807
32809
32811
32815
32817
32819
32821
32827
32829
32835
32837
32845
32847
32849
32853
32855
32857
32861
32863
32867
32871
32881
32883
32885
32889
32891
32893
32897
32899
32901
32903
32905
32907
32915
32919
32921
32923
32927
32935
32937
32943
32945
32947
32951
32953
32959
32961
32963
32965
32973
32979
32981
32989
32991
32995
32997
33005
33007
33009
33011
33015
33017
33019
33027
33031
33035
33041
33043
33045
33047
33051
33055
33059
33061
33063
33065
33067
33069
33077
33079
33081
33085
33087
33089
33095
33097
33099
33101
33103
33105
33109
33115
33117
33121
33123
33127
33131
33133
33137
33141
33143
33145
33155
33157
33159
33167
33171
33177
33185
33187
33189
33193
33195
33197
33205
33207
33209
33213
33215
33217
33221
33229
33231
33233
33239
33241
33243
33245
33249
33251
33253
33257
33259
33261
33263
33265
33267
33269
33277
33279
33281
33283
33285
33295
33297
33299
33303
33305
33307
33313
33315
33319
33321
33323
33333
33335
33339
33341
33351
33357
33365
33367
33371
33373
33379
33383
33385
33387
33389
33393
33395
33401
33405
33407
33411
33415
33421
33423
33429
33431
33433
33437
33439
33441
33443
33445
33447
33449
33451
33455
33459
33473
33477
33481
33483
33485
33491
33495
33497
33499
33501
33505
33509
33511
33513
33515
33519
33523
33527
33531
33535
33537
33539
33541
33545
33549
33551
33555
33557
33559
33567
33571
33583
33585
33591
33593
33595
33603
33605
33607
33609
33611
33621
33627
33639
33643
33645
33653
33655
33657
33659
33665
33667
33671
33673
33677
33681
33683
33685
33689
33691
33693
33695
33697
33699
33701
33707
33709
33711
33717
33719
33727
33729
33731
33733
33735
33737
33743
33747
33753
33755
33763
33765
33771
33779
33783
33787
33789
33793
33799
33803
33805
33807
33815
33819
33821
33823
33833
33835
33837
33839
33841
33843
33845
33847
33853
33855
33861
33869
33873
33877
33879
33881
33883
33887
33891
33895
33897
33899
33901
33905
33907
33909
33913
33915
33917
33919
33927
33929
33933
33935
33945
33947
33949
33951
33953
33955
33959
33963
33965
33971
33973
33977
33979
33981
33983
33985
33987
33989
33991
33995
33999
34005
34007
34009
34013
34015
34021
34023
34027
34035
34037
34041
34043
34045
34049
34051
34053
34059
34063
34067
34069
34071
34073
34077
34079
34081
34085
34087
34089
34091
34093
34095
34097
34099
34103
34105
34107
34109
34111
34115
34117
34121
34131
34135
34139
34143
34145
34149
34151
34161
34163
34165
34167
34169
34177
34179
34181
34185
34187
34189
34193
34195
34197
34199
34201
34203
34205
34207
34215
34223
34229
34233
34235
34239
34247
34249
34255
34257
34269
34271
34277
34285
34287
34289
34291
34293
34305
34309
34311
34315
34321
34323
34329
34331
34339
34341
34343
34345
34355
34357
34359
34363
34365
34373
34377
34379
34383
34387
34393
34395
34397
34399
34401
34405
34409
34411
34413
34415
34419
34423
34427
34431
34433
34435
34437
34449
34451
34453
34455
34459
34463
34467
34473
34477
34491
34493
34495
34503
34505
34507
34509
34517
34521
34523
34527
34529
34531
34535
34539
34541
34547
34553
34555
34557
34559
34563
34565
34567
34571
34577
34579
34581
34585
34593
34595
34597
34599
34601
34609
34611
34615
34617
34619
34621
34627
34629
34633
34635
34637
34639
34647
34653
34655
34657
34661
34663
34665
34671
34681
34683
34685
34689
34691
34697
34699
34701
34707
34709
34711
34715
34717
34719
34723
34733
34735
34737
34743
34745
34753
34755
34761
34765
34769
34771
34773
34777
34779
34783
34787
34789
34791
34793
34795
34797
34799
34801
34805
34809
34811
34813
34815
34817
34823
34827
34829
34831
34833
34835
34837
34851
34853
34855
34859
34863
34865
34867
34869
34873
34879
34885
34887
34889
34891
34895
34899
34901
34903
34905
34907
34909
34915
34917
34921
34923
34927
34931
34935
34941
34943
34951
34953
34955
34957
34959
34967
34971
34973
34977
34979
34985
34987
34989
34991
34993
34995
34999
35003
35005
35007
35009
35011
35013
35015
35021
35029
35031
35033
35039
35041
35043
35045
35047
35049
35057
35063
35065
35067
35071
35077
35079
35085
35087
35093
35095
35097
35101
35103
35105
35115
35119
35121
35123
35135
35137
35139
35143
35147
35151
35155
35157
35161
35165
35167
35173
35177
35179
35183
35185
35187
35191
35193
35195
35197
35203
35205
35207
35209
35213
35215
35219
35223
35229
35233
35237
35239
35243
35247
35249
35255
35259
35261
35263
35265
35269
35273
35277
35283
35293
35295
35297
35299
35303
35305
35309
35313
35315
35319
35331
35335
35337
35341
35345
35347
35349
35351
35355
35357
35359
35365
35367
35369
35373
35377
35383
35385
35387
35389
35391
35395
35399
35403
35405
35409
35411
35413
35417
35421
35429
35431
35435
35439
35441
35445
35455
35457
35459
35463
35465
35467
35471
35473
35477
35479
35481
35483
35485
35489
35493
35495
35497
35499
35501
35503
35511
35515
35517
35519
35529
35535
35539
35545
35549
35555
35561
35563
35565
35567
35571
35579
35583
35585
35587
35589
35599
35601
35605
35607
35609
35611
35615
35619
35621
35627
35629
35633
35635
35637
35639
35641
35645
35647
35651
35653
35655
35657
35661
35663
35665
35669
35673
35679
35683
35689
35691
35693
35697
35699
35701
35707
35709
35713
35715
35717
35719
35723
35727
35733
35735
35737
35741
35743
35745
35749
35751
35755
35761
35763
35765
35767
35769
35773
35777
35779
35781
35783
35787
35789
35795
35799
35805
35807
35813
35815
35817
35821
35823
35827
35833
35835
35841
35843
35845
35849
35853
35855
35857
35859
35861
35867
35871
35873
35877
35885
35887
35889
35891
35893
35895
35903
35905
35907
35909
35913
35915
35927
35931
35935
35939
35941
35943
35945
35947
35949
35953
35957
35959
35961
35965
35967
35971
35979
35981
35985
35987
35989
35995
36003
36005
36021
36023
36029
36031
36033
36035
36039
36041
36043
36047
36049
36051
36053
36055
36057
36059
36065
36069
36071
36077
36079
36085
36087
36089
36093
36095
36101
36103
36105
36111
36115
36119
36123
36129
36133
36139
36141
36143
36145
36147
36149
36155
36157
36159
36165
36167
36169
36173
36177
36181
36183
36185
36193
36195
36197
36199
36203
36205
36213
36215
36219
36221
36223
36227
36231
36233
36235
36237
36239
36245
36247
36249
36253
36255
36257
36259
36265
36267
36271
36273
36281
36285
36287
36289
36291
36295
36303
36305
36317
36321
36323
36327
36329
36331
36337
36339
36345
36347
36349
36355
36357
36359
36361
36363
36365
36367
36371
36377
36379
36381
36385
36393
36395
36397
36399
36401
36403
36409
36411
36413
36415
36417
36419
36427
36429
36431
36435
36437
36439
36443
36447
36449
36453
36455
36463
36465
36471
36483
36485
36487
36489
36491
36499
36503
36507
36509
36511
36515
36519
36521
36533
36535
36537
36539
36543
36545
36547
36553
36555
36557
36561
36565
36573
36577
36579
36581
36589
36591
36593
36595
36597
36601
36605
36609
36611
36613
36615
36617
36619
36623
36627
36631
36633
36635
36641
36645
36647
36649
36651
36655
36659
36665
36669
36679
36681
36685
36687
36689
36695
36699
36705
36707
36715
36717
36719
36723
36727
36731
36733
36735
36737
36743
36745
36751
36753
36755
36757
36759
36763
36769
36771
36773
36777
36785
36789
36795
36797
36803
36807
36811
36813
36815
36817
36823
36827
36829
36831
36835
36839
36841
36843
36845
36849
36851
36853
36859
36861
36863
36867
36869
36879
36881
36883
36885
36889
36893
36903
36907
36911
36915
36921
36933
36935
36937
36939
36941
36949
36951
36953
36955
36957
36959
36965
36967
36969
36971
36977
36983
36987
36989
36993
37001
37005
37007
37009
37015
37023
37027
37029
37031
37033
37037
37041
37043
37047
37055
37059
37063
37065
37067
37073
37077
37079
37081
37083
37085
37091
37095
37099
37101
37103
37105
37109
37111
37113
37115
37119
37121
37127
37129
37131
37133
37135
37137
37141
37145
37149
37151
37153
37155
37157
37163
37165
37167
37169
37173
37187
37193
37195
37203
37205
37207
37209
37211
37213
37221
37227
37229
37235
37237
37239
37241
37245
37247
37255
37257
37259
37261
37263
37265
37267
37271
37279
37283
37285
37293
37295
37299
37301
37311
37315
37317
37319
37327
37329
37331
37335
37343
37347
37351
37353
37355
37365
37371
37373
37383
37385
37391
37393
37399
37403
37405
37407
37411
37415
37417
37419
37421
37427
37429
37433
37435
37437
37439
37443
37445
37451
37455
37457
37459
37461
37465
37469
37471
37473
37477
37481
37487
37491
37495
37497
37499
37509
37513
37515
37519
37523
37527
37531
37533
37535
37541
37543
37545
37551
37555
37563
37565
37569
37577
37581
37585
37587
37595
37599
37601
37603
37605
37609
37613
37615
37617
37621
37623
37627
37635
37637
37641
37645
37651
37653
37655
37659
37661
37667
37669
37671
37673
37677
37679
37685
37689
37695
37697
37703
37705
37707
37709
37711
37713
37715
37721
37723
37727
37729
37731
37733
37735
37739
37743
37745
37749
37751
37753
37757
37759
37761
37763
37767
37769
37771
37777
37785
37789
37793
37795
37797
37801
37803
37805
37807
37815
37817
37819
37821
37823
37829
37833
37835
37837
37839
37841
37843
37849
37851
37855
37857
37865
37867
37869
37883
37885
37887
37891
37893
37895
37903
37909
37911
37913
37915
37919
37923
37927
37929
37931
37933
37937
37939
37941
37943
37945
37947
37949
37955
37959
37961
37965
37973
37977
37979
37981
37983
37985
37995
37999
38001
38003
38005
38009
38015
38017
38019
38021
38023
38027
38029
38031
38033
38035
38037
38041
38045
38051
38055
38057
38059
38063
38065
38067
38071
38077
38085
38087
38089
38091
38093
38095
38099
38101
38103
38105
38107
38109
38111
38117
38121
38123
38127
38129
38131
38135
38137
38139
38141
38143
38145
38147
38155
38157
38159
38163
38173
38185
38191
38193
38195
38199
38203
38207
38209
38211
38213
38215
38217
38227
38229
38235
38243
38245
38247
38249
38251
38253
38255
38257
38263
38265
38267
38271
38279
38283
38285
38289
38293
38297
38301
38305
38309
38315
38319
38335
38337
38339
38341
38343
38345
38347
38353
38355
38359
38365
38369
38373
38379
38381
38383
38387
38389
38395
38397
38399
38401
38405
38407
38409
38411
38413
38415
38419
38423
38427
38429
38433
38435
38441
38443
38451
38455
38463
38467
38469
38471
38473
38477
38479
38481
38483
38485
38487
38489
38495
38497
38499
38505
38507
38513
38515
38517
38519
38521
38523
38527
38531
38535
38537
38539
38541
38549
38551
38553
38555
38559
38571
38573
38577
38579
38585
38587
38589
38591
38595
38597
38605
38607
38613
38615
38621
38631
38633
38635
38641
38643
38645
38647
38649
38657
38659
38667
38679
38681
38683
38685
38687
38689
38695
38697
38703
38705
38715
38717
38721
38731
38733
38735
38739
38741
38743
38751
38753
38755
38757
38761
38765
38769
38771
38773
38777
38785
38787
38789
38793
38795
38797
38801
38805
38807
38813
38815
38819
38823
38827
38831
38837
38843
38847
38849
38855
38859
38863
38865
38869
38877
38879
38881
38883
38885
38887
38893
38895
38899
38901
38905
38909
38911
38915
38919
38927
38929
38931
38935
38937
38939
38941
38945
38947
38949
38951
38957
38965
38967
38969
38973
38981
38983
38987
38991
38995
38999
39001
39003
39007
39009
39011
39013
39017
39021
39027
39029
39031
39035
39037
39049
39055
39057
39059
39063
39065
39067
39071
39073
39077
39081
39085
39093
39095
39099
39101
39109
39111
39115
39117
39127
39129
39131
39135
39137
39143
39145
39147
39149
39153
39155
39165
39167
39169
39171
39173
39179
39183
39187
39189
39193
39197
39201
39203
39205
39207
39211
39215
39219
39221
39223
39235
39237
39243
39245
39247
39253
39255
39257
39259
39261
39263
39265
39269
39271
39273
39279
39281
39283
39287
39289
39291
39295
39297
39299
39307
39309
39311
39315
39319
39327
39329
39333
39335
39337
39345
39351
39353
39355
39361
39363
39365
39369
39379
39381
39385
39387
39389
39395
39399
39405
39407
39413
39415
39417
39421
39423
39427
39431
39433
39435
39437
39441
39449
39453
39455
39457
39459
39467
39469
39471
39473
39477
39479
39485
39487
39489
39495
39497
39505
39507
39513
39515
39517
39523
39529
39531
39533
39535
39539
39545
39547
39549
39553
39557
39559
39561
39571
39577
39579
39583
39585
39587
39589
39595
39597
39599
39603
39611
39613
39615
39617
39621
39629
39633
39635
39637
39639
39643
39647
39649
39651
39653
39655
39657
39661
39665
39669
39677
39683
39685
39687
39689
39691
39693
39695
39697
39705
39707
39713
39721
39723
39729
39731
39737
39741
39743
39745
39747
39751
39755
39757
39759
39763
39765
39767
39773
39777
39781
39783
39785
39787
39795
39797
39801
39803
39805
39811
39813
39815
39819
39823
39833
39835
39845
39849
39851
39853
39855
39859
39867
39871
39873
39881
39885
39891
39893
39895
39899
39903
39905
39909
39911
39913
39917
39919
39921
39923
39927
39931
39939
39941
39943
39945
39947
39949
39955
39959
39961
39963
39965
39967
39973
39977
39981
39985
39991
