148219
287274
3543794
38718219
142500794
211860799
293790169
378321938
552333594
850684829
1033256883
1454938619
1464112007
1493284930
1848698699
2692083869
3183401369
3428629709
3447827069
6083780389
12347196919
14859821594
18857199243
23945481939
28038185589
31553778999
35578437889
45786595849
46143833821
58319492029
69172843305
104469430514
124881280189
130022665949
183004018114
223717663394
241184744949
277346419994
277408687165
301140664819
307397098079
310653669274
312617334569
329016930569
330380687813
343357168874
383665743119
412367792754
536442095469
543608421994
548355186219
557510766569
559612614019
560082847890
564409776379
566777057659
656652094169
667059635159
690522141394
693443125677
797378707119
843782812769
849408800234
878953078074
889046299499
981648045449
1092901726757
1157034988103
1170878691295
1251502873769
1279726520619
1394576922194
1581669371594
1678277355749
1678604247314
1681325384194
1707770356594
1772973472418
1964290880469
2008010807594
2022419833869
2168256986211
2523407533319
2731353262829
2927950089394
3526234498879
3755333789194
3803830296689
4296772262469
4341863552306
4537325265649
4705948620794
4861262249243
