46943
64583
85877
128843
155933
208403
209933
1992383
2155283
2237183
2973113
3535883
3697733
3834683
4858631
8060753
10109093
11841383
12344813
13107263
15453383
16122653
18401183
18742823
20012273
21248183
23164193
25966793
28777463
31350383
32526593
50175683
55540493
57075443
58345883
61250813
66514643
72047753
72079103
97922987
98960051
99964943
124060553
163879493
166760063
181085003
184729553
190833443
223629533
227191133
235532543
245927627
251535383
256993343
262812173
282062033
284613983
289989323
311769953
341355113
346490243
350304083
355551083
405984293
448382033
473163083
489383903
516441563
554807513
579178223
616007183
673830683
678832253
706542083
774377633
797293673
815092883
830491307
850138451
874132001
897304871
909519983
1020011561
1032347159
1119413633
1252706939
1262512259
1269863603
1289434913
1475990783
1504069253
1504287863
1821686273
1834756253
1841510723
1937606273
2006201933
2035079813
2047903973
2064391883
2073435533
2104922303
2134891403
2391954713
2423888423
2469518423
2640516173
2873204783
3045342203
3315254813
3414818303
3454059617
3551222123
3614231933
3620994983
3679855913
4007364083
4014315833
4038869843
4055955443
4098147383
4289316263
4455325883
4472617157
4520187953
4606913753
4683575333
4778142083
4891620833
4950771743
4972832873
4996446533
5112486233
5153866523
5245064693
5268734921
5377912163
5384639177
5395245383
5596896383
5600934053
6034094963
6060731633
6236740133
6274384523
6378882749
6478652213
6492314543
6615733223
6827527583
7157605463
7638291683
7703821133
7721327843
7742602043
8033839073
8444326283
8813125763
9429569333
9747701279
10255148483
10280081963
10481640983
10489191893
10501450583
10891002383
10900381283
11490777383
11590699373
11616409673
11659302413
11664457883
12001667147
12025666133
12070213163
12281176853
12939755543
12971055413
13261036643
13897028933
13924716143
14051553653
14157197153
14245048133
14586357833
15168768623
15494887133
15696381863
15880916843
16721373383
16897051223
16922495663
17590327973
17650583933
18148862303
18530844263
20024002853
20063525273
20990680103
21098443283
22090890167
22171890203
22678532423
24155690273
24189982433
24817137353
24961016627
25030140143
25076068433
25533388493
26675104013
27411009263
27567994553
27750440033
27781223093
27827758673
28024752533
28410966683
28690627283
29480941883
29969137283
30063006233
30750515783
30952978433
33113726423
33334782533
34085754053
34374758867
35782557533
36289931093
36310745633
36468308843
37450068587
37631095433
38172640943
38727788723
39142077983
40783122143
40945734383
40980143303
41592686633
43205349041
43363168703
44051511383
44087658623
45730762253
46173938723
47065320233
47121583517
48627861983
49385950433
49681259603
51413750333
51977575133
52448355863
55438703783
55667840033
56295050183
57893071283
58223174633
58574872133
59120308493
59459554253
59550459683
59763406373
59808625973
60927863543
62005606883
62115027533
62540650583
64094978033
65231655623
65423860433
65641963913
66741087113
68435638433
68592533633
68833598933
69084552083
71250188633
73348521527
73894979903
75092631353
75500293583
78731225273
79754749883
80625617633
83197095353
83551398983
83747889233
83751222113
83989535183
85928442083
86041551023
86500998683
86529259583
87900049133
88491612833
88959410933
90049247783
94323689783
95791300613
96558232103
96917220401
101789536493
102306099233
103104086093
104045017553
104048810153
104593502483
105386517629
108096923033
109896373133
111578880113
112470170093
116661577733
116778942953
117620295983
118837182563
120601531583
123961743683
125277833843
126206849483
126817206923
131644878443
133365857633
133591214933
134334145583
136992742433
140342671631
142054210943
143828689103
145881029393
148194131093
148388873333
149121171053
149885619983
153283523093
154868268563
154912399433
156862542383
158485642883
158510300033
161919013373
162239547863
164037605003
166932989693
167505411653
168182448533
174858345233
176064334181
176622366383
177031614383
180291155129
182079822023
182319572933
185161931963
185611625963
188477243963
190253258063
190832063903
194428216133
197135011133
197740506851
198020880989
200225909213
204550737329
206339617583
206995666193
211145433353
212564224223
216846720233
222753379493
224005903703
224456410403
226280484053
227018992103
227710953863
228262609583
228270578453
234383026193
234789138683
235977028883
236218110983
242195195393
244476966833
248339065073
248698002743
251155057733
258762337583
263194938833
263394050543
264565050563
272344595363
273893783633
276093390833
277240745933
278619330023
278705841983
281023105733
281136533543
281931042203
281997415799
282903293213
286255808333
287479667483
288346970483
293556057803
295493085833
301603672763
303366764303
305568220133
309867621533
310472052563
314218640333
318090882383
319134903893
324802395233
330520172333
332657513903
334623785903
334959726473
336489762743
336551829083
336871504943
339943050851
342068246783
346020012533
349142537843
350812487033
351001203533
351681808733
352160629913
355934438483
357314871383
358379506493
359467842833
360076920533
377623262453
377636774033
381802505183
382039753103
389091830933
390021866333
390062302253
390698990333
394157886683
403720214213
403818712613
405039515273
412836292583
413980067033
414967898213
420139329233
423183876893
424595571023
424740826133
427595835689
428881993163
448845036893
449759706803
462872390543
468538473203
469331419103
472107720983
472455057173
473086598993
478033219763
486258263513
488727421883
493143798233
494685760283
502079000093
515171038733
521607603833
524987292383
526982183099
529220960333
529670402423
532323494963
533378569823
536031315443
537029613557
541216602053
549482196131
549629152703
550905499943
552220844183
560251877963
574134868133
575096730671
576588256343
577931320583
579747728573
585604775393
587532104783
596847638123
599096563073
609879111083
611855627993
627988507973
632073296303
634887556883
637531059383
637772823773
643037503823
643238571833
643930288793
644723230523
645063814403
649433541653
651465436553
652410868733
660211907363
660683348333
667162146113
667590738263
669590187113
672708111083
673902862883
675206486963
676710806633
683873185913
684424845203
684628320293
686261230883
691941875633
694017668033
697935625343
700645089383
701535068333
709149589343
709766198513
711255890423
713029151843
716003769203
729385379423
735391589633
743006041163
745281323333
756419354153
760498314983
781318218689
784304034683
786086290403
787848404603
788216889083
790060819283
792018321263
792027615233
806062104233
807381053333
813199509683
826505289233
828821104163
829658771873
834581291783
836963802683
837479928293
837630503333
842208350453
842424326843
851107233383
868731823583
874092387113
876687708833
877592470763
897653416283
897900225083
897965771183
901888644833
902123335583
902644395353
911794234373
915031742633
918994462793
920249339633
922589517473
928335913583
929434000643
930920268671
951663269033
977132501423
988201184633
991845522203
993514866443
