48581
52421
54677
61997
65021
73337
108383
112217
119621
134357
143429
155237
200777
214709
238901
252197
261749
283871
302789
358853
363263
378437
388841
407813
420893
423797
447557
462029
476789
488597
493493
493511
597893
632021
770117
793373
819221
842189
893021
898469
927797
964229
1010021
1067981
1157513
1162733
1183013
1188101
1193621
1266053
1308389
1394789
1418477
1490837
1628957
1667237
1744013
1775669
1793381
1842341
1965821
2202233
2272781
2278661
2307461
2379461
2566949
2625197
2690609
2800733
3325829
3350501
3387461
3467651
3593477
3631061
3635429
3721037
3757901
3788213
4137749
4265861
4361621
4503317
4550117
4572293
4690373
4792793
4896941
4995221
5202629
5341133
5688149
5936117
6104453
6115109
6413477
6603077
7438709
7502117
7621157
7700621
8225789
8609549
8871941
8964389
9182213
9440717
9746117
9892589
9919109
10237813
10543109
10598021
10608533
10687781
11374277
11829221
11979973
11994053
12162917
12231653
12526757
13180541
13631189
13721669
13864037
14067149
14069489
14175221
14544101
14879597
15534293
15854909
15901541
16199429
16546997
17554829
17570597
17743649
18044213
18367349
18535649
18635813
18982031
19105637
19263317
19693157
19836773
20525477
20662277
20674373
20768837
21084341
21104837
21141749
21163589
21818237
22173989
22292933
22552997
23108261
23153669
23726213
23974709
24739349
24966149
25210949
25742981
25857221
26141189
26601989
27324869
27546629
28594709
29155469
29695253
30453701
30812381
31004069
31214909
31317949
31496477
31625573
33325253
33767717
33964997
34206341
34382213
34398221
34479401
35506853
35525957
35730821
36239333
36752441
38480909
39803477
40764929
41397413
42495029
42734957
42871301
43434149
44178629
44582837
44817701
44821733
44892581
46001813
46155641
46809509
47062301
47561189
49732709
50424197
50836973
50977157
51105521
51624221
52077317
53483603
55219757
56349293
57471557
58461221
58699373
58848053
58865669
60250949
60913193
61095221
61602469
61938149
62394197
62427461
62778413
62804357
64132133
64630373
64894949
65744033
66480557
67469477
68511989
68649893
69038681
69161477
69774341
70936349
72232997
72828833
73462037
74668997
74871893
76431269
76583813
77477573
77951237
80025899
81709061
82489253
82863221
84206309
85038233
85278821
87197693
87778157
88713581
88951181
88981541
89174741
89960981
92077349
93054533
93324101
93421949
93958709
95753669
95891333
96482309
96530621
98376773
98828429
101910149
102741413
102831349
103645157
104223677
105583637
105728693
106427417
107490269
108956237
110074757
110958881
111382997
112466021
112493381
112623269
114801197
115409957
117040901
119714117
119886053
121701893
122360837
127727717
130624277
130627733
132437921
132646757
133883573
134710133
134786741
137241221
138265301
139358021
141028277
142020221
142146653
143353061
146866469
147538781
149488157
149950661
150332117
150587141
152731493
153555701
158671877
160104713
160169189
162960773
164706053
165961229
166369973
166491941
167417717
169720061
171038921
175277849
176003861
178637189
178743773
180875597
183391367
185573093
186352613
187072709
187933829
191486237
192305393
194252261
195559709
197117861
198654197
199737221
208658021
210859493
211363997
212620037
212759573
216614021
217469453
217542533
217552613
217902533
221001989
221821253
222303653
222925841
223678949
226554053
227706869
230159237
232227077
233631221
233853053
234282053
235884389
237306893
238553861
238980677
241685141
241880189
242519909
243010157
243033341
243448133
243777149
252995297
253892501
254782253
258971621
259029893
259250549
268700927
268836521
269562221
270789953
271982597
273935597
278004389
279633029
280096157
281594669
284943209
286794221
287220389
289646357
294147821
294159437
294351629
296822453
300161741
304031621
304154933
305055293
305375621
306493829
306653963
309895997
310903333
313622501
314811833
317078789
320323001
322832669
326006021
329410373
330121181
331010069
332537093
333132701
334163669
338344421
338905649
340877069
348045269
348972197
351113621
351121349
351544037
361944077
363602309
366648773
367769381
370505021
370607429
370858757
372458021
375216413
386376989
395932997
396685973
404854637
409444997
410460869
410484821
411740789
415943561
421932677
422002229
422685653
424696937
425322149
425373317
428155733
431775797
435553277
435598637
436012421
436291973
438837509
440330693
442074869
447711269
449482397
451979141
452243741
458982473
460402997
460516721
462421877
466244861
466948877
468027509
469122197
469645349
474156293
479215877
485024261
487432517
487809509
490100261
494291621
494693141
494840021
497612741
497992781
498895061
499768709
504119093
504269393
506701949
507773453
509155421
511497509
513145253
517479737
518012357
518511461
525796997
525899309
527695781
527762093
528554213
530150621
533894009
536139329
540004757
541323653
542207237
542217533
542381957
544055621
549166469
550150277
554024021
559541309
559625981
565811141
570158789
573666161
579461069
579676829
582239273
587804789
595896917
596173253
601984229
603098501
606146117
607498757
611345957
612290021
612941477
614381801
614676587
615582077
619756709
619997609
624152597
625543781
629240261
631407749
640039397
642013349
645188549
656205989
658125221
666638141
677153741
680864189
685181957
686484293
688378829
692449637
696072533
696837317
708835589
716612069
723018317
723582293
725662157
735406853
736925189
751090829
751748933
752347349
758302277
762762437
766314437
771097157
784931621
790833461
802880573
803972741
805394021
807383813
810028517
816629357
819392117
823526501
824017829
826571093
839169509
842798957
843939941
865105061
868451429
869129357
869173961
869819093
874089221
876179813
881450141
887287973
888174617
910965893
912681533
915952133
922776629
923170253
928392197
937884101
952831493
953071493
954492341
961869389
969450053
975271757
982398821
994708517
997359557
1007123333
1007998997
1012326341
1012531973
1015553957
1025209757
1033428821
1043347877
1044522437
1045779053
1046632613
1046695109
1054312517
1056097229
1056965117
1062699461
1080159197
1081656581
1082562629
1083825797
1084074773
1084450757
1088647781
1088860421
1093195013
1097217077
1099279109
1103137061
1105333637
1107367637
1108708997
1123871117
1141696517
1144104533
1146358337
1146730541
1148374661
1154974469
1157637173
1164988517
1166881637
1168000421
1170020813
1177753829
1177763909
1188548933
1197921317
1198811237
1199798213
1203672197
1210229189
1218275861
1221148037
1225958741
1227133157
1232458661
1233562517
1234935077
1236307973
1241194757
1251831677
1252398533
1253410277
1254802757
1256551301
1260292451
1274180549
1274231957
1277533301
1285837061
1291659269
1299225317
1300655669
1302763397
1307473277
1311597413
1318094213
1345171721
1348560581
1359384773
1369305509
1373084837
1376282957
1383164069
1403842973
1416212429
1421781989
1424185061
1435444421
1436068661
1451112773
1455192869
1456571597
1457426201
1465346597
1468732613
1469077853
1476001301
1477833341
1489809893
1490870309
1492716797
1494429557
1495372037
1495918373
1501948553
1508421317
1516146989
1518373841
1520483333
1527684569
1543925669
1549961789
1552727237
1567567013
1573046789
1574377349
1590267173
1602763349
1605071813
1605672029
1610122757
1614058829
1617868733
1622075621
1625003429
1626857573
1639963589
1644940661
1646453957
1649279021
1649863157
1650992453
1662069029
1664640773
1676293061
1677572933
1679732549
1685740901
1694938901
1696803113
1700820077
1709266757
1711952933
1718396069
1722972389
1733580581
1746018461
1750874933
1755693797
1757705621
1759215029
1769084933
1770985949
1771865477
1775116733
1778373077
1804997381
1805669717
1809077333
1822954613
1828845221
1834493477
1848100469
1851693701
1866092261
1878981989
1880173157
1882941989
1886198501
1886963909
1887176093
1891588793
1893909893
1900803173
1905511613
1926169637
1932655301
1936950629
1948955909
1949248229
1949607301
1954811453
1957670629
1974302213
1977535301
2004634373
2012868221
2013349343
2021161637
2021655173
2025245381
2027526629
2032574549
2047142669
2052110021
2055892613
2056347557
2057094149
2058509381
2066363141
2090137733
2090671973
2098418621
2103802277
2113857989
2128821557
2135882741
2137212329
2143599749
2156698661
2158067021
2164239653
2166743381
2167734821
2185509749
2203020293
2241825773
2242207877
2253716933
2257021541
2260958117
2263493237
2276702213
2282045189
2310298853
2320528061
2333511941
2345949221
2376079277
2381232389
2390599013
2397557237
2401062053
2406896261
2423663429
2424974117
2425079129
2433303653
2439273317
2439562361
2441575229
2462010413
2462314349
2463957509
2465993381
2484474053
2494998077
2506770173
2512712309
2525741573
2562890621
2567158253
2601553253
2605018757
2614422101
2634149813
2643090917
2647613597
2649097913
2670160493
2680690181
2684320133
2715106469
2716941101
2728884613
2741201573
2745575357
2750273141
2768853893
2776366373
2805202373
2806594277
2814435629
2814628613
2825513717
2828096537
2837433989
2841868613
2849150309
2852209157
2864979077
2877501821
2885301221
2902174709
2911832981
2914305581
2915702249
2929143173
2934521861
2951520773
2962194053
2981840069
2989528997
2992261613
2999862437
3016855877
3047854661
3059306717
3068745701
3072670661
3073245791
3078446909
3089745653
3097493789
3097714373
3100146197
3101933021
3111586637
3159754421
3159828677
3164546957
3185359853
3185824829
3186969413
3196884677
3205522661
3215979653
3221261573
3226689653
3271965317
3273915749
3277447997
3283040381
3294152069
3320657093
3324330581
3331978529
3334181297
3354379781
3383397941
3385172549
3397970693
3402096989
3404770517
3408295649
3441364997
3452150021
3458860613
3479356613
3479705333
3488201717
3500439269
3519646949
3526292453
3527621069
3552584117
3552783533
3555456737
3566597837
3571038581
3578507429
3588767429
3591223781
3610787549
3611233301
3624251909
3641827397
3651934949
3652453517
3658256789
3670063709
3673838789
3694597709
3698950757
3712627589
3740188613
3745158989
3747180533
3748758629
3785206469
3807796469
3814741229
3818533829
3848072261
3868936709
3882086213
3884868797
3886024901
3887267909
3888195701
3917523461
3938999909
3939894437
3969424517
3992064389
4008029477
4058640773
4070891417
4074511397
4086592613
4109017253
4124327597
4128777221
4134361397
4166433509
4183042253
4220364461
4237216709
4242846277
4245284309
4246597157
4246970117
4255355741
4268241437
4269348941
4285007573
4294217669
4310617253
4316814437
4342415621
4344109061
4367048621
4376293493
4388135477
4389770021
4392043349
4398755933
4437572837
4448855669
4463470373
4472705669
4490916773
4499118629
4501018373
4545806837
4563495941
4570141829
4582433861
4602397973
4616727269
4628518781
4631006021
4645421573
4667917877
4673949701
4679602637
4684374497
4709500757
4763693381
4766540693
4766604029
4771085597
4791961733
4807735889
4814753333
4830721637
4862189057
4885688453
4902447797
4908240797
4919754533
4930988837
4933987877
4938794789
4943969789
4946024501
4962337133
4977955589
4987091933
5004018437
5018067941
5023216517
5047013669
5056836053
5080995509
5104689413
5133018821
5158562981
5172592661
5172666917
5200928213
5201771333
5209600037
5217745349
5239660613
5250306677
5256649013
5260745957
5264937797
5273809637
5286130421
5367345269
5378903717
5398856429
5401418693
5402793317
5403832313
5407667501
5416806533
5445552749
5468641061
5469292757
5470727801
5487196181
5489978261
5491109429
5496996389
5511227909
5521201061
5556037877
5564098181
5599641701
5600066549
5605365701
5613780821
5615084921
5636732981
5637928901
5681423669
5700596621
5715164741
5722026629
5727404597
5732616461
5737785989
5762113637
5763594821
5777688389
5798071697
5799584021
5799620453
5801193221
5802882629
5838056789
5843734853
5867204837
5902009349
5922526181
5938761317
5947259477
5956689029
5968844789
5971612613
5972237927
5979546221
5989345661
6001445957
6005889797
6012324869
6017612549
6020544101
6029089253
6038688677
6042731189
6046172213
6049911173
6056599829
6056945861
6061364501
6073507781
6082591109
6093839141
6104331077
6127866437
6131143373
6131989253
6134957141
6137562821
6138683141
6188674973
6203602949
6208652021
6219835781
6233792213
6256626773
6269524877
6276967493
6279932741
6306365021
6311193413
6327378293
6331357157
6339263909
6357197957
6361762253
6369324197
6373374341
6375196469
6394539941
6407842397
6418407749
6423207341
6474021197
6484236701
6497315141
6518728949
6521910917
6585074501
6588271877
6599132573
6613423157
6614555909
6616865069
6617355269
6625166261
6647577053
6652493573
6655831637
6677858309
6678426353
6704008421
6749670053
6764966213
6797580773
6797840159
6798566021
6817109717
6821925557
6823251869
6851410493
6852362837
6858285701
6938591621
6948679421
6970491533
6974329829
7024191053
7031868389
7065512069
7066119101
7066623569
7068173957
7070592821
7095365429
7099890413
7119313349
7124339717
7127111717
7141053317
7160305157
7160819237
7185804197
7197292877
7240423853
7261839221
7267101413
7271425229
7316078117
7322845829
7333470149
7364214221
7415724101
7462447109
7464721829
7471863329
7486620773
7510344833
7519371053
7525902389
7528875269
7535789189
7550849381
7589972813
7626975053
7652540021
7662164333
7668727781
7676669957
7683246149
7697834501
7711451753
7723422941
7750161221
7779294437
7803698501
7810653317
7859529221
7866442589
7924397189
7937411333
7962885221
7982476661
7983793697
8003899013
8013845957
8060294597
8079515141
8079601829
8081135621
8116644101
8123829701
8147048117
8203691501
8213124821
8246648597
8263069061
8268708173
8275068653
8280897989
8286502229
8313593657
8317257989
8323361051
8374687781
8417786117
8421393029
8482987121
8487705413
8489686469
8509812701
8513289587
8515199957
8526196697
8543258897
8572593749
8589520373
8601854981
8608282961
8618728613
8652607061
8658734117
8701500197
8740590341
8747298437
8780631557
8786585813
8814957317
8822976197
8842684037
8852681381
8930631029
8944294541
8949960773
8961924389
8979460061
8979874853
8982242141
8988722069
8995574021
8995641737
9002690429
9024086489
9052782341
9069558629
9109269797
9135963653
9174249221
9177015281
9219038981
9257681489
9276730853
9321647621
9333549797
9364321157
9374576453
9379842773
9387865877
9399523397
9439377029
9456256661
9470948261
9558090437
9574431053
9585793481
9589009253
9614375573
9622565573
9662671733
9681658277
9693060221
9721373381
9736661381
9748096709
9752667281
9846094181
9846791357
9910499261
9955973669
9957530021
9978538757
9981333437
10012620917
10019133509
10027632389
10028930189
10036498901
10036553189
10038560453
10047746021
10074452801
10099885493
10119295373
10124850533
10135052933
10150944341
10161001037
10225839557
10241776193
10268436101
10279270661
10300302941
10312087973
10313214917
10328467973
10375632797
10386811013
10393651301
10401994949
10403660069
10407070877
10433406821
10510707317
10523763437
10531145669
10551303653
10602367781
10606761989
10614178181
10624618049
10677610949
10692725741
10701624317
10771518917
10771881989
10788056933
10815690821
10836077621
10844563301
10851556469
10917928901
10923984797
10927566221
10937156333
10957117253
10994272133
11019389477
11037974981
11053368221
11057213453
11064475301
11073628181
11076788393
11091786629
11091984293
11110492013
11120643077
11189764157
11192121989
11213442149
11214635549
11285168837
11287215581
11334804773
11336602541
11376120677
11390225621
11433668741
11461203941
11473328993
11503444181
11568305957
11573401229
11635329893
11682972509
11689006829
11701084421
11702513597
11706930149
11707456397
11747224013
11755214861
11762091653
11766589637
11791673069
11841574757
11842880621
11843852909
11885967461
11909033477
11984727461
12009439013
12024241493
12047299493
12066189413
12136974701
12211993757
12281661509
12289288037
12292269701
12305686757
12326461061
12358806341
12373867589
12400397861
12403351301
12445618757
12462136637
12469110773
12476466293
12479212517
12486955577
12522890693
12574445189
12612439229
12671758853
12700359677
12710479397
12715499333
12746184197
12768307781
12772747421
12787046213
12795003221
12858030029
12861029669
12956521253
12968639717
12973831421
12988196933
13014997637
13054347941
13091849573
13099637309
13110889181
13121058461
13133440661
13184426981
13193922677
13216319597
13217749781
13227632357
13268326181
13272081989
13273964933
13322867549
13324663877
13348078133
13355559173
13366003973
13368091469
13371861893
13383370181
13406208359
13442482289
13472762693
13504852037
13516824893
13555536197
13622517797
13659469829
13702102133
13742745413
13802545157
13803904301
13828729829
13837775957
13850770757
13867177973
13890374789
13891087397
13903089317
13934929541
13945558541
13981101557
14053998821
14110258349
14153360837
14185588037
14196577109
14215632053
14230741733
14238542981
14246220677
14251414721
14254551221
14331384149
14348020133
14457880229
14463414581
14467030277
14468624357
14482750469
14620437221
14629020341
14634595877
14643662117
14651638853
14689687493
14691104693
14695559429
14710559981
14794489229
14848177349
14884727621
14946300941
14947201373
14983180421
15043199813
15102716909
15108062981
15112397669
15126244133
15193423877
15197331149
15202115549
15241016453
15254824613
15325666181
15341179469
15343757429
15345932117
15349832069
15384706601
15408505157
15418719797
15429972101
15533460941
15580784021
15610618373
15624688469
15745618229
15772221509
15788075693
15847363229
15866495573
15873451781
15893224061
15934734149
15942237701
15961697141
15966272741
15994484357
16015194221
16026565973
16081808909
16082607749
16088882693
16107351881
16164077333
16201761269
16232215109
16276221029
16333744901
16348180469
16398778037
16416153221
16417570181
16571091173
16610217701
16625246117
16642166693
16649897477
16657552301
16662841349
16669991651
16683819269
16771554581
16785436613
16791051317
16796370821
16827222893
16860084701
16871774309
16875238469
16947202613
16965322997
16975865093
17118222917
17154613733
17175861989
17187912509
17190648797
17211382853
17228308613
17234616677
17263873121
17277767969
17298163589
17356834913
17435464709
17511076037
17542641317
17548212533
17553475589
17592642821
17697346133
17705296229
17723303141
17727151013
17730327893
17795135237
17803713317
17815509941
17819810981
17865288389
17867036213
17877980237
17934622277
17996688869
18038433677
18054257837
18066602741
18082757957
18095285741
18134187461
18160661909
18189848213
18205300997
18272646293
18353723333
18399566021
18400480541
18423902957
18484129589
18543095813
18568551461
18574875869
18689216837
18723985061
18738798629
18740028923
18763080341
18784278581
18806240453
18842699309
18904019117
18920977157
18935160557
19028507909
19039321943
19043536517
19053467069
19077540629
19189824533
19203616517
19219874261
19227448973
19324420421
19418168957
19430415653
19463518229
19504636277
19540043717
19545048341
19562741177
19563337157
19579456517
19579608581
19601592197
19630531877
19632282917
19646758157
19660714517
19706654693
19718074409
19735798997
19758513893
19760468117
19774041413
19777799813
19830521093
19888700837
19906834757
19981157621
20010928901
20024016389
20155196957
20177483513
20211291653
20245946117
20260655357
20276758661
20285584709
20294876453
20313927221
20346158669
20368101029
20393332421
20411133197
20422226669
20440316741
20458589429
20528950469
20542339589
20558918021
20561485061
20576395013
20623988957
20634918869
20655369509
20672031749
20720133341
20758575101
20769491237
20775003557
20829384581
20867917061
20942316869
20990058773
20990176133
21046611437
21110909201
21117059717
21152818769
21165421541
21194399237
21240687941
21249346469
21260295941
21278257733
21312914693
21355604933
21365344733
21437349197
21440716421
21441413669
21457555397
21464771333
21526644677
21542153477
21577756541
21598116701
21611234309
21728892437
21758978813
21792348149
21803560133
21864909533
21869126501
21894396557
21902256293
21906152549
22042847141
22079450237
22147842029
22150394357
22154699957
22176894101
22183830149
22200710873
22208354789
22217430821
22227683621
22228844909
22257826169
22344451493
22408949381
22428842909
22495129277
22595836037
22596416141
22610161301
22619859197
22647540893
22652289797
22664111909
22713086453
22713097061
22768173041
22783276061
22802715941
22827043517
22925595173
22932277373
22963820549
22988662709
22996763141
23035298117
23079623117
23083622861
23144927909
23201353829
23203979069
23276975909
23463899717
23680911413
23681190533
23684248229
23734951637
23754602597
23772323237
23787660533
23811884717
23817655589
23825793893
23852778053
23863575461
23865728549
23921316221
23969542037
24041305013
24054678869
24063415493
24096042437
24153929189
24372909077
24380731877
24489266549
24494301221
24558672533
24566245709
24830256533
24849030533
24865617413
24982015253
24985974533
25018070117
25052185709
25056900869
25059206597
25152374021
25156331213
25200150989
25205406341
25273516037
25364510501
25464104069
25475142929
25479643397
25498234949
25618499813
25620389189
25646525861
25651154597
25661623013
25723116641
25738159397
25757497589
25833085829
25845638117
25889646533
25918582181
26008311173
26020674113
26293204037
26318743781
26319893549
26323077461
26361311333
26387344373
26457795941
26467632581
26573942309
26584258181
26607657893
26683173797
26711424437
26732510117
26770047701
26831013053
26890972997
26955024101
27015550133
27037813829
27058955621
27138832229
27211097669
27246308549
27280626917
27316736837
27363948617
27378076037
27379606853
27453654149
27538325573
27539009531
27539919797
27563974709
27693967397
27697698149
27712634117
27722609381
27829222853
27830109389
27858527429
27879312389
28042720277
28081612949
28100902289
28138156277
28161815477
28199014277
28200826589
28223970197
28292692181
28297493537
28357188293
28387747157
28403335301
28471441157
28484617733
28596218981
28673531717
28696698581
28733746613
28748269781
28904867717
29011279973
29019632069
29025061637
29038697429
29058565541
29076216629
29083646597
29103704357
29192187029
29236110293
29264525477
29285286917
29338388357
29359847093
29496679061
29664438053
29673079493
29686789517
29745781637
29779895813
29840919077
29954357321
29964943013
30093442709
30126684677
30158919077
30185251673
30212236661
30218143613
30240133061
30258241013
30260211077
30260227541
30265128101
30307211429
30426708317
30431499269
30441837317
30530536421
30705231173
30705991013
30716409029
30737887493
30741783077
30747723557
30765905357
30809313509
30826817441
30833816837
30923574197
31040081861
31102272437
31249196069
31295391461
31335368069
31352984213
31480817093
31550942897
31611062021
31611932357
31646104061
31683643997
31684143749
31704115469
31726582277
31729712261
31813933541
31949807909
32058544397
32084229749
32098759973
32108078453
32163177557
32281995317
32348595461
32370629837
32555503013
32594317061
32609583557
32648507429
32665782149
32814040901
32856523133
32898020237
32913767957
32988574949
33005821277
33057553541
33104158157
33140697413
33164195069
33180443141
33192688037
33257913773
33292590089
33314540693
33391341401
33428657309
33527989157
33568892357
33577875329
33710955941
33764479397
33780602021
33897540677
33980464661
33993574277
34016244197
34053098693
34096974197
34106242469
34188273509
34208137733
34260147077
34285104581
34321665677
34359170333
34403947781
34413620477
34474473077
34512462941
34550682773
34594327157
34709943317
34856516597
34885348601
34966869509
35034107909
35045756933
35056795493
35107891637
35148749597
35181063461
35206270853
35294761157
35326076837
35364385733
35371001237
35397840317
35444721317
35485342709
35533643189
35538152837
35547963269
35587189253
35605314113
35622097061
35649239081
35735577701
35779617977
35831206829
35844209861
35910330629
35969495693
36058862117
36103398413
36163608773
36216941189
36219216389
36234747653
36293001701
36301953413
36351180437
36446135549
36490550621
36521418029
36528931157
36592079333
36599596493
36643602749
36760038341
36786639461
36786856397
36795092213
36803540597
36918449573
36952387841
37020145349
37033782557
37071885317
37099971221
37218295301
37289083109
37305874949
37332508829
37392387053
37427245133
37430635037
37463855117
37531077701
37558221701
37730949989
37735802753
37810481189
37843138949
37890381317
37922085509
38015479661
38027066117
38089696181
38129758133
38166510317
38313281669
38330446973
38415401861
38465215997
38469492437
38512059773
38524965341
38541198389
38761916261
38833907117
38906813093
39078488069
39087941261
39130115029
39229221029
39241542821
39328725161
39367649573
39387747173
39403843061
39489126149
39522012101
39599795597
39670164989
39692304293
39743960261
39746843897
39805444229
39872619941
39875907461
39986355029
40017083909
40036330493
40052683949
40240429829
40327002149
40515229733
40528614677
40570789901
40581676421
40627290821
40700181461
40790878133
40837753397
40850735189
40870428773
40890110693
40916704829
40919276837
41067782789
41121189653
41140069349
41221438709
41269206533
41317175597
41366417573
41441554517
41472824237
41516732549
41547272009
41551441349
41597851973
41735731973
41746803173
41810706581
41925819941
41935910021
41992616237
42044979317
42072514853
42133860293
42232198277
42284312837
42330928757
42334935557
42340691237
42434874053
42452524301
42489515957
42532929653
42576077957
42582379013
42582451301
42606525533
42634069637
42673008053
42687334373
42705296933
42737627237
42786215141
42805231877
42864748997
42867782573
42880672301
42903979781
42957122117
42957378581
42968330501
43039384421
43079618309
43097409173
43199380229
43226780357
43313178389
43351334789
43354938317
43628765621
43767004037
43810114661
43866951557
43873879397
43880045669
43928715941
43940125157
44052812501
44143454633
44165757641
44178826757
44239331813
44244009221
44257334693
44307359213
44377361957
44390892749
44429114147
44486658221
44487668237
44540066237
44951864837
44979226997
45080721509
45101399117
45210069917
45246787421
45285733157
45291022397
45296684357
45363096581
45365371133
45379927301
45427540709
45485218229
45546312773
45580838693
45608481221
45757969493
45766551173
45772178309
45835699109
45869729477
45897752741
46038799229
46047547397
46070571461
46202848421
46244556293
46247789957
46348680677
46380125237
46406253353
46491955781
46543037189
46573723229
46624184717
46671116549
46719130757
46723307909
46727205701
46855429637
46897060229
47201813573
47295320693
47351057117
47418763397
47501441861
47511179573
47778756773
47819095277
48174666629
48185252789
48191021933
48442067861
48478871173
48726341669
48778268453
48815167973
48851376293
48950556677
48969470093
48981436421
49125437933
49177466213
49200935333
49251776117
49312196213
49335484973
49397271341
49437299021
49465678421
49477329221
49488006677
49522992629
49530639749
49533827189
49545567797
49605230597
49689585797
49695787013
49725932261
49734739589
49787625893
49941252653
49944985781
50048905709
50117102789
50172785861
50219035781
50239310693
50258692517
50316246797
50386359749
50433268037
50454703733
50498470037
50658755621
50787105413
50889647429
50894823941
51199155221
51332720549
51341033021
51353430413
51357593201
51448708421
51524066417
51649380221
51669926789
51703840193
51772600913
51790876709
51856946069
51869527421
51909076037
51923014349
51975354821
52063715597
52264106501
52316835989
52368710693
52378970117
52442824901
52461593717
52476360053
52587648293
52596852341
52622710061
52624156013
52691724293
52744388261
52805114213
52833783821
52839514733
52925982989
53031782137
53071183877
53092555997
53136506309
53159877293
53252782133
53301418637
53369383709
53486885093
53486915333
53511110789
53546439749
53640495221
53640696101
53658915557
53759208893
54010655501
54115843397
54263819909
54289339109
54428419589
54441540389
54467534693
54557823461
54573224321
54583036421
54727740149
54735496709
54749182181
54850924133
54892811693
54939920117
55155079733
55219959773
55264233029
55304312453
55307879429
55344247541
55410744389
55555152581
55647042449
55674492737
55817040389
55833723461
55855476941
55879072709
55888803509
55915984949
55938670277
55940727029
55969617821
56115661901
56224336901
56350031171
56354803349
56448869477
56508249803
56525382149
56624331413
56675668229
56693365349
56741713061
56758570349
56799662309
56819629157
56880284741
56905826549
56965062341
56983747397
57099245621
57171486101
57203354213
57285696389
57369441029
57403404581
57444234749
57564175037
57689174597
57758158463
57891602669
57894109829
57983631557
58064148329
58081649477
58140626693
58218848261
58221615317
58222051277
58224167357
58236454661
58317761381
58368174821
58511416397
58606924997
58706879621
58780210901
58900559333
58937247941
58997082149
59125646417
59198909957
59249303789
59474981669
59495749997
59517549509
59534436197
59550591749
59737220933
59776457669
59779141133
59836879877
59842717709
59880847493
60038754053
60072463589
60079296317
60086385221
60140849333
60266195717
60344566133
60380060741
60383498117
60386689157
60399489029
60452866661
60520428077
60562109669
60606582377
60618944237
60691804997
60859484213
60880186757
60886613957
60972190349
61087151333
61100246597
61144729637
61221436133
61231004357
61303512461
61425729797
61501795349
61505288261
61528302869
61590500933
61600903061
61647427517
61679992301
61752928853
61806601589
61888976357
61906473221
62112626609
62151105749
62401667333
62483884421
62495952389
62500166789
62545987733
62680009397
62691306683
62703430949
62760497813
62894466437
62971661093
63055452437
63073018013
63081010517
63286927709
63291957773
63353728949
63371013557
63440113973
63491651501
63531673301
63582681461
63645427781
63670330589
63993314957
64048657853
64054249061
64127020613
64130914853
64203790469
64214736773
64243150949
64357723253
64394645117
64417005653
64512529781
64525652357
64586631317
64692559013
64768955333
64838942789
64930872389
64976372741
64986261317
65031466037
65042666213
65112184373
65164318133
65208475589
65260508549
65328697733
65374766501
65704956413
66180426053
66271024517
66298652789
66328143497
66436958021
66526967237
66555011237
66670636037
66689868677
66726639221
66808713389
66836263109
67055665721
67068364181
67164731933
67179762221
67216807229
67225175429
67225810613
67294485893
67438245677
67441493021
67485128837
67561796741
67574529797
67770900293
67815028661
68102818397
68180485469
68204199173
68376439301
68388663593
68566883333
68573340869
68574019829
68586139589
68689757669
68740219301
68791720613
68819463869
68850240629
68918666117
68955720773
69078772229
69115379333
69153197261
69203212421
69211155893
69378162341
69433099013
69535013189
69595386341
69686513429
69947302661
70175066549
70181481893
70260397061
70358532821
70476207653
70524847349
70541418029
70577087621
70578423557
70647568997
70668663301
70735044677
70736980613
70958116661
70974116933
71191115429
71353814909
71356455077
71360737349
71401209269
71455877141
71537247941
71772376109
71806902629
71932364933
71936219381
72079608389
72144648581
72186358613
72330293189
72455158373
72577882949
72637409957
72659564213
72775820213
72799070981
72930577181
73059950213
73205465261
73272755093
73378547429
73407295967
73474809413
73474940357
73521996917
73579437893
73601962733
73641828629
73656701573
73660048901
73688412677
73696630181
73716361061
73867086221
73994359829
74267641877
74348997317
74372122517
74441457029
74557131269
74573232557
74650052741
74665527557
74791279589
74830627877
74994362357
75060898133
75062184197
75073704581
75097936373
75099583949
75111105893
75162429893
75190925381
75293779853
75368597477
75620396549
75644313701
75864218981
75946100501
76075703429
76162728773
76163639909
76439500709
76501840181
76570568789
76668645989
76704105893
76892188901
76943356061
77048355389
77255227229
77309432933
77311246397
77351710469
77362978181
77518861061
77748602621
77858254661
77929652141
77973491813
78096801029
78200261573
78295300781
78456884693
78714183821
78736898021
78803839301
78974329109
79301551397
79402635221
79413633941
79493212661
79499507477
79504194341
79536500069
79694976821
79710476741
79871238221
79913850341
80039083397
80164296581
80468479733
80512661269
80515893029
80520141317
80575244069
80612659589
80624480837
80674659077
80749291397
80847445229
80854910213
80885943941
80904439733
80979620909
81142809701
81347336933
81352688261
81377505797
81480211493
81691014641
81738270437
81749943077
81788649269
81792652037
82027546781
82182960293
82226124293
82282978349
82316580197
82341106853
82548070757
82626584117
82678207253
82807513349
82949203013
83045037101
83082609797
83202219653
83281775621
83310510101
83396446853
83455986101
83577223301
83592679973
83645433149
83851534949
83976617093
84094818197
84286808933
84293854853
84525418661
84704847557
84854764517
84959626757
84966896789
85170304037
85205736341
85209573029
85221881393
85283467493
85296465149
85462693997
85508686373
85554177701
85574191829
85864263749
86031099869
86036950949
86046756521
86250126149
86655660413
86669962853
86783507627
86863936901
86988023141
87004952069
87042751493
87057287861
87112273781
87113408261
87135424997
87151671941
87431870141
87453485789
87530718821
87613710917
87625948877
87783452573
88071050501
88080162917
88127911877
88154443949
88378594421
88383803513
88392353621
88424147621
88563559397
88601673389
88609940501
88620128933
88676691173
88848942341
88928607677
89009768237
89105564597
89116768949
89238359369
89287966661
89311920197
89404173149
89469080069
89603605679
89626048517
89660942501
89743810469
90155521349
90169029797
90191111477
90317219333
90383177381
90492070757
90511402217
90529794437
90688537637
90886344197
91151509181
91174177589
91176593717
91200832637
91331488517
91421484341
91607371781
91623750053
91625680949
91690328021
91736546837
92262608069
92301654821
92373849797
92451911981
92672297429
92845605893
92877992933
93082594181
93211358693
93451872101
93558209477
94158330101
94189429781
94206375653
94217882477
94227323657
94290265949
94598493029
94626818837
94748990549
95001067733
95226450917
95235007301
95330535557
95871120917
96129431429
96131012549
96319887053
96343565981
96352049057
96369544661
96438936581
96550991717
96701438657
96812912213
96878467229
96952519301
97084467653
97157852069
97217543813
97220028533
97284168833
97408653413
97415364821
97600966853
97712101877
97745953541
97892549573
98005713701
98150941733
98360660741
98450319077
98452873013
98482207829
98631223493
98659667309
98660151581
98824618373
99041983397
99152605349
99248482949
99323520413
99397628933
99563674397
99618556037
99881160197
99900257189
99937714037
100042329413
100230588869
100286502629
100623866117
100834130633
100929411077
100961787173
101110459037
101120951237
101212350629
101241355523
101259242789
101434454693
101482780037
101509365893
101862903301
101878430693
101928064133
101953827941
101957512613
102204303773
102313584581
102357714821
102465632261
102469457669
102868968389
102879402197
102935592149
102999782597
103131081311
103150046741
103185966533
103296961157
103313371397
103337551157
103341832781
103383234869
103594717589
103801659269
103826833349
104272904741
104376853157
104432984213
104497840133
104613882917
104639531141
104640202373
104848299197
104865389321
105109265093
105133305893
105193293413
105247229477
105477516149
105484300493
105502563941
105919140101
105965076101
105986872997
106027119941
106047008933
106120139669
106334910869
106383354341
106602009701
106603091717
106665200933
106874257061
106945567601
106957939109
106976667941
107018981789
107254291541
107354194997
107364836549
107414035781
107554797509
107618732837
107635416581
107694177701
107774306309
107922673661
107924648837
108076881029
108116987333
108210378749
108238611317
108246309449
108286661813
108331807493
108625741061
108775112549
108789974861
108865985261
109038708581
109048550621
109102881893
109140472229
109201578629
109225309541
109307870789
109404969077
109449289157
109512362237
109697082629
109907120741
109921839557
109934258621
110130151829
110167121069
110260067909
110420646341
110505943301
110624698949
110696608649
110760904661
110910818597
111013527461
111242927957
111243261029
111288506789
111498327941
111506452421
111523350533
111582651173
111659294213
111676879781
111714133613
111800043941
111837803173
111935180453
111938426717
112011330821
112088193509
112157142053
112226431109
112259897573
112468039493
112494590213
112632562229
112693269533
112720218581
112986826997
113019635669
113205762437
113389259021
113467090181
113467758773
113488722821
113581639589
113735670053
113803218149
113871793061
114236412449
114249373733
114377986877
114456061373
114539535869
114545120261
114680337413
114820387973
114834368693
114846977453
114885189221
114896419781
114945435077
114987442757
115030507757
115130811653
115159780517
115185087941
115228788701
115233940229
115290937013
115674070853
115694483693
115723243493
115738770677
115951925381
116080538117
116269029077
116650254677
116686411457
116701780613
117025245797
117107062709
117369006053
117501146117
117617133821
117657163013
117776521157
117794722661
117995016389
118000705541
118029734933
118108023269
118136631173
118163499557
118280486021
118309016453
118467737861
118592040677
118686351173
119004023237
119331356933
119368348559
119534247173
119774110181
119858291789
119893531973
119919053189
120001658117
120379709021
120412930469
120434673749
120478631117
120479838869
120505921637
120573896261
120640662389
120686914661
120691566437
120761985029
120763869413
121011796373
121020225989
121128772037
121151878853
121263339461
121820447237
121926357509
122023538213
122069920901
122126920277
122324239301
122345679461
122425008557
122578553669
122850543821
122939517797
123152875781
123189709109
123204279557
123287893349
123323059013
123335810213
123418013477
123502795421
123548735021
123558898181
123581796917
123622650149
123760626437
123900268037
123976424549
124002793733
124090920917
124124678501
124254198437
124537198469
124802995973
124900459871
125177978021
125295481157
125369656781
125380032629
125665410533
125851963781
125951667413
126044784437
126064838597
126113317349
126259571989
126284115749
126431883149
126654286829
126743836613
126803850269
126941897633
126943994021
127022077733
127091333381
127121212613
127170784949
127301245061
127477818473
127546427849
127997037173
128192966501
128353556453
128457708197
128464036349
128478548021
128662605797
128845914629
128962521413
129183997397
129279241733
129458415749
129494863589
129695285621
129836938901
129967929581
130245181709
130250752133
130301018741
130348624901
130387865621
130422827969
130431617069
130458307109
130509465413
130588999637
131182992101
131255683781
131454790277
131803707821
131861138981
131878774109
131889259733
131988925157
132186329093
132381789701
132482642693
132668522789
132694137581
133168928261
133270578821
133484085413
133887660989
133895145221
133909687301
134446656773
134564447237
134583957509
134686937957
134710817477
134717445329
134736223349
134902168133
134906538893
134962382021
135024044069
135063083237
135134458277
135138677861
135160849157
135341369861
135420880901
135478874333
135596790173
135618175229
135669292421
135684610061
135799315349
135883058909
135977697077
135997473953
136304453957
136445014139
136736445389
136783323941
136843682981
137001725789
137342386181
137378368517
137393269637
137416016309
137419359269
137475255461
137506434413
137574870977
137706462437
137813911877
137997935717
138230754149
138330975893
138352295669
138677573381
138707722949
138717760901
138824224817
138894234701
138917549741
138921505493
138942218693
139059149333
139075013621
139324851797
139390827917
139434199301
139603691813
139870910597
139964505917
140007774857
140100890501
140163600101
140672524613
140720476853
140823356357
141003217157
141032133401
141209883869
141412598717
141428140997
141478825829
141609964613
141684573497
141695771261
141698656841
141939891329
141947402693
141947723813
142103051333
142359257381
142365167621
142491238193
142532676221
142779481493
142898416757
142937032217
143315453957
143510198837
143815536293
143954221829
144048435557
144114874997
144349893797
144538557581
144711563981
144938499557
145046780741
145140394817
145329641429
145336778501
145438061333
145468430021
145498015157
145517500133
145617674741
145742250533
145814910701
145818418709
145836273029
145935400037
146024175029
146184338921
146191694453
146254045397
146353500293
146357950757
146484649589
146560119557
146701955741
146780546981
146830438661
146881076321
146886646541
146984858501
146994734309
147112080197
147139580021
147359872517
147400653587
147486458957
147521243093
147590231717
147606008933
147606193157
147611816357
147651506429
147813986633
147824273597
148038486629
148050774149
148080420869
148215348869
148521004637
148632394253
148659326981
148794971117
149200797317
149407822709
149434473557
149659568357
149889538769
149929613141
150070109189
150098267093
150099313397
150248092181
150251725013
150315167021
150565676261
150578783789
150610935389
150631694213
150675892133
150806866397
150873706373
150914044517
151028133989
151083467141
151379294981
151400550449
151429161317
151484251973
151574905781
151684940741
151712539781
152194844549
152411008757
152464552133
152592723899
152732853509
152861176421
153037899173
153182756237
153348754949
153435256637
153435926957
153523696037
153644467037
153762913661
153939193637
153975317501
154027230593
154123747349
154213903877
154315068869
154464941957
154562518661
154687298309
154692117221
154849475429
154859936621
154874888789
154917141293
155094543077
155102818469
155163250877
155385481109
155416440317
155563058453
155648735429
155694547877
155940680069
156122588237
156199265717
156273681893
156626159189
156795462437
156861815873
156976389869
157274549861
157507313909
157834860773
157938295949
158010367793
158313057413
158344635461
158356797989
158559553157
158704781981
158877455189
159071150789
159222282341
159361472093
159373345157
159496759301
159499033637
159659567429
159704845781
159707418533
160057126229
160210940573
160434967901
160504996397
160634887241
160805468213
160841108741
161281877573
161361139721
161481472997
161526848189
161614998797
161892878369
161996460197
162024387593
162117891941
162125800133
162125881349
162223146797
162470918489
162666139757
162725786501
162733698743
162824112869
162880589669
162948981893
163286106989
163286625689
163410011861
163420739669
163577131781
163662937061
163668166277
163775289221
163836773573
163891377221
163900646789
164037724037
164115186053
164203330037
164225368949
164248985957
164755821893
164812440893
164891959349
164958105317
164989476293
165178889573
165179485877
165248195909
165309125189
165356692709
165395942717
165487810757
165575777477
165983412677
166134366689
166167859541
166315531541
166838754677
166893574853
167265878477
167672074757
167804107133
167905574789
167968005917
168119753477
168452807957
168535713029
168596592197
168795928301
168801432629
169175490629
169192647293
169524708197
169646998757
169883651813
169893176549
170068779761
170154474053
170202291341
170331268613
170531137517
170545293773
170673192293
170818399589
170877330533
170950922693
171128320277
171173259941
171175907453
171263152373
171413997557
171449489237
171685177781
171758363873
172098858293
172287671981
172440164741
172447241477
172551447941
173060514437
173125966739
173167564037
173467361669
173475301109
173521002821
173651389637
174258546341
174280742069
174361139069
174397991621
174460590617
174578568197
174646812317
174682408901
175221528053
175306143173
175353161093
175439583653
175637645573
175672073477
175739966213
176045618117
176050767821
176098895537
176219682413
176236243573
176375895701
176514255461
176535201029
176653522661
176654538149
176662358213
176863014053
176892660581
177039638501
177311783381
177348636869
177387485189
177473625989
177652778693
177699666677
177736561637
177760181093
178099690613
178135487717
178227789701
178249947629
178780860221
178805206277
178918098917
179312491013
179488264181
179883544133
180115581893
180115802069
180226571243
180493058597
181094376209
181394556677
181428126269
181684017317
182250430661
182302107629
182306394149
182344334513
182345912453
182844268997
183404907509
183562490501
183583624901
183604063901
183725024453
184064867861
184543815461
184615604213
185128461653
185219926853
185387049293
185438801093
185555329349
185564149349
185685051461
185910725957
186102747509
186211711301
186502234973
186532307429
186554875589
186589618997
186880365509
187084121801
187098301733
187431558341
187651246757
187723543397
187855412981
188001729221
188226055589
188304791477
188651770949
188676286853
188830627601
188860778573
188968334693
189365257733
189510729413
189856149509
190020210077
190154885261
190394349773
190691478617
190728158621
190735647653
190772011877
190965142373
191310432773
191475488957
191601056057
191607975941
191802542981
191822742221
191868542213
191882445221
191914436597
192007241933
192361738613
192638783237
193253141093
193552028549
193894729853
193980842501
194322757109
194476732277
194598911813
194806401977
194969581637
194978751989
195045684197
195075627773
195230695397
195378722357
195489866453
195905711237
196207694501
196241773733
196503551249
197039071493
197069057141
197215622213
197602765493
198087136709
198235696037
198287320901
198658464389
198742742021
198834640709
198889617029
198925288133
199112240453
199292428697
199522960061
199799498813
199837816997
199912633349
200235445961
200438755781
200606347877
200781064229
200818353461
200828797637
200963416901
201105721157
201187369157
201363910181
201443796293
201491069477
201582876677
201995372597
202344202373
202397872721
203159873957
203230978781
203254802861
203282406437
203546531669
204009836357
204141053957
204157086341
204250413029
204409606973
204465226217
204859543397
205009140677
205067007941
205552002029
205557903941
205673574293
205697729669
205942563293
206009053349
206508411653
206537569061
206561827589
206726228357
207022983557
207282696197
207483646181
207663720269
207716884709
207797929421
208015984517
208122035693
208537473677
208574970917
208988553389
209180224517
209194108277
209389135541
209391309797
209403649733
209520307589
209529866789
209748451757
209808918149
209812238069
210027819461
210157790393
210248888981
210510664133
210984375173
210998101109
211103115557
211152729821
211159855877
211170976133
211315293509
211530481349
211856612837
211988720669
212479733093
212645679953
212678339333
212816742773
213165408461
213885112901
214246471829
214348355429
214833499781
215069976581
215074450661
215570536277
215845782053
215880009917
216408631829
216430929797
216755746421
216987340757
217640297957
217756295069
217839423053
217962242069
218161039829
218191109669
218354275781
218400872261
218779733717
218919099173
218963822693
218982296741
218991672581
219102234629
219366696389
219370975493
219851419541
219920066501
220132309613
220432859897
220434190709
220634560613
221292085253
221635205069
221826753401
221837553509
222074667149
222305525741
222442432421
222558118781
222666624869
222790001621
222882115109
223163941973
223278186461
223566193877
223592791397
223708141013
223915054277
224091838373
224123651141
224312099333
224433043637
225213651941
225307159493
225585900293
225616057997
225639767813
225867853517
225973865213
225998238653
226019469317
226455871829
226534174781
226844464901
226932691613
227064145973
227171366609
227248205189
227391590309
227417866061
227532413189
227612388101
228360423317
228464924693
228502616837
228608040197
228609815621
228826480757
228864626501
228929027333
229143482573
229192920437
229473500261
229566938117
229614636581
229769215709
229858660421
229861619069
229976651933
230189923733
230281417301
230304307973
230710925021
230716947461
230856325637
230891335493
231041728517
231059703173
231082853573
231414072197
231444573701
231527726357
231558194309
231697100453
231777718277
231823036229
231888399917
231903206789
231941791877
232329775613
232363738373
232428883973
232488895397
232745923877
232805284997
233084477813
233783267333
233809373957
233929902437
233952990341
234063877829
234077372897
234115301381
234146913161
234847882661
234944759621
235007238149
235213693349
235226702597
235328328653
235420497239
235434841493
235493663669
235562591957
235682824613
235793452037
235949026901
236430531653
236442758837
236582122757
236589824021
236604817157
237100391093
237199372709
237229733213
237447790853
237707785733
237815798981
237904422197
237915778469
237982407941
238218918197
238436949509
238553751749
238703383301
238793329157
238868210597
238979658533
238997567237
239025990533
239251665029
239658223397
239669504261
239720867573
239898134117
240065341061
240156076277
240328594181
241699027757
241768092389
241888979381
242013818597
242080130633
242138919797
242231423621
242286969293
242305027781
242374536101
242486590037
242715965189
242716719173
242774624741
242997933029
243531296069
243984037253
244136611997
244247524421
244619911877
244741487333
244839699221
245326013189
245334339437
245406272837
245470116533
245944407461
246102687941
246195034349
246911025821
247243730081
247285862213
248025331013
248121431717
248251315109
248271348677
248435276549
248650568969
249103065293
249293879429
249329912837
249369444329
249492681581
249609057989
249705255497
249763873469
249826806437
249856193669
249865535309
249924765701
250139172101
251030507621
251090842469
251094504533
251112463061
251781933317
252130403621
252156260741
252213870641
252552723197
252662391077
252798524429
253331130533
253409659277
253684705253
253974452837
254240185001
254506716581
254727756293
254846332733
254903994077
255060661973
255366875237
255373713509
255449051429
256055111429
256131443909
256441487333
256962972677
257150047397
257278462277
257471518757
257496563357
257499803237
257552199749
257766269189
257965481093
258051057269
258059865173
258071514629
258189377633
258210712859
258213717221
258629281349
258640288373
258740262797
258854232389
259020007493
259050001397
259057316453
259241536013
259570084757
259743340589
260012222321
260079440549
260597734997
260678561477
260680217957
261191346773
261248797661
261334974389
261346910837
261550571189
261601035701
261651774389
261947259509
262023430421
262040761157
262360746149
262499566901
262560655877
262887170117
263072912261
263171817221
263354905049
263571669773
263676207533
263801153453
263863733549
264024634373
264156098393
264205555493
264265013381
264906357989
264979852421
265355790341
265438973189
265465766021
265682581169
265692090053
265803471869
265844922341
265846409477
266214076133
266480484989
266782203077
266905547909
266925020549
267023918309
267400237109
267524815493
267634741829
267693004997
268127086661
268733279237
269134920509
269463737093
269489992469
269809350629
269976713669
270199677893
270275117189
270824007641
270836807813
271086692357
271232798837
271239879461
271808937797
271848682229
271859976869
271942433357
272005074437
272115434981
272123308301
272153471513
272401342421
272482310021
272883780581
273113972213
273333152741
273437829509
273529847141
273944902901
274035953357
274279344773
274340622869
274422500357
274450523429
274495582949
274803159461
274982244773
275285830181
275470666133
275472618629
276285367589
276382950989
276403461521
276424085957
276743751557
276781967621
277267188749
277380656789
277583980349
277855715093
278155083869
278202830261
278542500197
278650137533
279182361029
279239916389
279274147493
279440161637
279720365909
279824950949
280422117509
280443526277
280868201861
281222502917
282218628389
282366953861
282596799749
283113579677
283651500137
284034140213
284967927221
285132517493
285165230693
285256281029
285389242061
285424933541
285498931037
285802279493
285857044709
285877019237
285977545061
286188269801
286292921909
286429884053
286542104453
286551395429
286593477989
286602343781
286755861749
287038852133
287168433557
287241429701
287242264517
287718585341
287759612453
287950382501
287973028229
288120318629
288167224133
288324058181
288418267877
288887165957
288901143509
288902642033
289001913989
289005914741
289015937033
289257438533
290348106629
290762076389
291037217861
291050952197
291199684781
291922229093
292277785541
292396312949
292402063301
292595656757
293074107653
293279856413
293378264933
293541888029
293709689609
293973634949
294119789717
294126091781
294254079509
294562509701
294841033349
295263737573
295695828293
295745511413
296065417757
296635919333
296921151077
297036577829
297107071877
297114949157
297200337413
297334566149
297391720037
298032419333
298188243221
298350404357
298456929221
298598376389
298669915661
299104626821
299271542561
299343676973
299889937877
300002675621
300068204909
300191502497
300453681029
300478375301
300634358981
300956012357
301091916389
301214190821
301273201157
301494927461
301922254373
302160867701
302319428549
302578105037
302739181277
302845572293
303471115853
303602101997
303886634693
304351370141
304523707493
304726953797
304746678437
305176088453
305431360421
305449655621
305487086693
305568260093
305645161541
305748010853
306061197629
306085750997
306129297677
306310117349
306420361637
306617000261
306715760741
306800603933
307065294149
307227582149
307262320601
307395109301
307763499461
308346613853
308788204037
308900898437
309326748197
309483695477
309651963269
309756066053
309764262821
309764955029
309766309853
309952925573
309964548101
310140810677
310316844101
310505256581
310590401693
310839027917
311317659653
311380740221
311412798401
311674648829
311724333653
311876851109
311907504389
311992150937
312137489669
312302327909
312558499517
313270097621
313876329989
314101391021
314641063301
314709310613
315288253229
316224235013
316255236869
316442411381
316494473573
316551391637
316625352197
316666446101
316759730117
316784046857
316789837061
316962470237
317057988101
317097315077
317311157189
317415380381
317696395973
317893636373
318074850329
318394137101
318549931397
318557374421
318614890613
318855357917
319166543393
319483858181
320076004253
320639630477
320659702973
320824069637
321174279041
321199607201
321291289877
321342546173
321356288309
321742064453
321773909189
322146890213
322922041637
323196514373
323403855269
323918719493
323998536797
324098289221
324132480581
324528608597
324588224597
324688076861
324963433541
325464545021
325540663877
325873203269
325901438933
326028781013
326368728581
326444871653
326763922541
326932230917
326999985317
327237808469
327450864389
327642152453
327822114389
328060027373
328358173253
328395051077
328571671433
328572744197
328606584773
328699265237
329339439077
329676643301
330310588613
330715069781
330731549573
331282952453
331506850757
331565825309
331886884901
331975034501
332004934469
332542802597
332559631913
332730568373
332821095269
333007714949
333266575829
333344636357
333488098949
333518334197
333565232117
333941912249
334188467717
334683606677
334770667313
334772013317
334802578181
334830213653
335106404729
335124061277
335347045061
335349975749
335357413781
335498102693
335670918917
335746143941
336297685253
336952089941
337752275621
337901466677
337930518821
338018406269
338134358021
338329518917
338468509013
338493870797
339100901573
339239581637
339382505957
339750031397
339790128557
339920524949
339935864933
340431915941
340813197653
341015759117
341025463553
341236373621
341719253573
341780927549
341900612933
342459431501
342480483077
342664474469
342796912133
343209369893
343676307749
343799229173
343932535301
344488368749
344554777733
344921443781
345004051397
345091402661
345227737541
345386897861
345798784133
346607934629
346817762933
347555091317
347712075653
347958635909
348104263613
348125190341
348309676517
348526572773
348694261349
348812493029
349121448221
349398874949
350461221269
351298653053
351511437893
351674501477
351813873317
351856343237
352032752741
352083214397
352109115077
352398638597
352583230109
353386505477
353532868997
353542252037
353627307797
353750364869
353824823357
354550749701
354550791173
354684948233
354776813573
354819925157
355023001949
355779156101
356204021381
356240275781
356434993733
356564379029
356876682629
356894010401
357000275021
357204048773
357442828517
357550953989
357826496837
357962403461
358124430389
358234573541
358578356981
358638868549
358743882677
358848299381
358962318797
359094351533
359229866693
359543736293
360408823493
360590818901
360813713117
360928873037
361340715749
361684956677
362046710597
362082827909
362159848517
362385563909
362801413733
362888718197
363177726917
363261344549
363520130909
363584579189
364203081221
364210882469
364266372101
364504516997
364975117781
365117868653
365835992549
365919615941
366045582677
366053446589
366066408713
366124904717
366540650069
366553924469
366840606137
367173034277
367407669101
367516713029
367953492821
367954996469
367972067333
368246983109
368473354373
368525956661
368764816901
369766074389
369937952189
370055702021
370150201013
370390383077
370573178981
370796219717
370959162917
371089307237
371245561349
371617283141
372341335301
372441994853
372523435709
372652241183
372653910629
372661009061
372880976837
372883327493
373316692397
373373065301
373675557533
373834391117
374522375813
374646298109
374654409701
374728531877
374921993957
374974917413
375092869541
375615420773
375965999141
375980675621
376062193157
376076788997
376116606437
376157978117
376407709133
376484496869
376693192517
376964503877
377554165877
377736524933
377797119413
377874531221
378072388517
378496841189
378827851589
379255459973
379760488133
380123612069
380177555189
380300703557
380780906693
381351001493
381393648581
381977979773
381989683397
382092094949
382180330229
382419309389
382856924741
383234749469
383665678709
384792516113
385009825541
385066386521
385432318661
385589001677
387215704517
387663048869
387763785029
388158864917
388211719901
388455160469
389379060257
389401993733
389757211277
390071466629
390734604293
390804680453
391048614437
391726442021
392329442021
392757322613
392819836613
392821232837
392895737057
392912638277
392924155343
393095342021
393388129013
393470767877
394009551941
394495974437
394980518693
395123918189
395862064277
395895387173
396071456261
396087233477
396153666221
396274216901
396287494853
396509629829
397128723269
397496116589
397632344261
397736030021
398003460197
398187251789
398260707941
398316845381
398516953541
398547135173
399062605793
399401285477
400247320037
400297186661
400473495581
400552419629
401201894021
401576718821
401594475893
401639043461
401655090149
402339145829
402462937013
402728524133
403243115189
403253440421
403526515397
403619543717
403933984277
403949871941
404343343469
404760934661
404779385309
405216917573
405335437421
405379976837
406148644517
406543537517
406747801157
406796083517
406998229253
407071482053
407268013829
407623050917
407829414893
407830957253
408150405221
408633446597
408905240837
409578432989
409656705029
409804378709
409941743909
410318705669
410345184821
410392325957
410624946149
410667897029
410690004197
411119646341
412077692453
412361262149
412487161637
412914741701
413050482437
413442396869
413488251797
414403559141
414532279733
414881704517
414929688341
416891149061
417105853253
417473282237
417642879197
417881614757
417944297237
418240646213
418470261053
418539144821
418939008773
419665762661
420030785669
420418129829
420428764229
420550023173
420592241669
420859490693
421163530457
421362291173
421632941189
422122081157
422415880133
422502844181
422721817061
422747793221
422988998549
423345959573
423365222021
423585594437
423688696709
424032640421
424691304917
424739119397
425125959809
425369018597
425427758789
425723658629
425756551493
425757953381
426189814853
426222476069
426526224773
426726641957
426808680677
426935736197
426940764773
427124240933
427791499637
427965354437
428158108229
428192303621
428609004773
428812625813
428994096773
430290662189
430302694757
430505144069
430691652149
430856332709
430912085189
431092777157
431365868141
431449166021
431709715013
432070897037
432330329093
432439506917
432987381797
433150979261
434029446149
434030115389
434351466437
434523581189
434582874437
434707080197
434803106309
434925757733
434976230309
435770365541
435776788517
436870348997
437336283461
437624398853
438572817221
438619223021
439181918789
439318121429
439558793861
439572823877
439985221637
440123476133
440153410037
440246124869
440333013461
440893186277
441577264133
442140713573
442164820361
442360378901
442880226437
443183614277
443583027437
443853846749
444383139317
444458464637
445046844209
445312419557
445768568789
445982626661
446159835077
446473972229
446565345413
446797056893
447006106013
447315653741
447589098437
447669740453
447771897221
447882614933
447973633541
448104731261
448213656077
448447333997
448773520613
448886769413
449229700517
449316137093
449435552837
449446074341
449882403269
450074169473
450399093989
450407104229
450693000077
451355538821
451391654021
451717417877
451773523877
452013308213
452111974277
452785544069
453438590981
453513820037
453741530933
453886204301
454789798853
455248358213
455491235309
455628202853
456089565893
457205239013
457432479509
457856992157
458093456861
458113959581
458354866541
459175172357
459246222293
459426578693
459595848101
459600919349
460052480069
460120905167
460155879617
460332682997
460763889773
461246617733
461638080293
461871146597
462081215237
462416339957
462632101349
462690027077
463161125957
463589922437
463652964101
463732302857
464179644269
464301369653
464622829781
464835903341
464921484053
464944045109
465017140229
465486004373
465984798053
466049560901
466624702661
466697480837
467114866853
467631859973
467896256357
468023265869
468134981501
468410686469
468989096693
469084442117
469200464933
469454545301
469737487373
469794882821
469853909573
469875699221
470150252213
470197484741
470747226101
470955595973
471073306181
471386328197
471526709477
471606020501
471693439481
472057672037
472106338709
472113883589
472160584901
472485614837
472489643813
472615906757
472960504301
473746516997
473895578381
474405170629
474620431493
474858116069
475036690469
475230244901
475793361797
476362421573
476930561861
477787964549
478005792269
478422475109
478665611429
478920641477
478934029733
479517164357
479614173197
479614314821
479759340101
480073424069
480208712597
480211349189
480485845229
480638872901
481084392101
481480489733
481975954997
482322124373
482322274709
482672358509
482768032829
483023678597
483146112389
483680143589
483751902821
484250984789
484520764733
484891467971
485042245637
485262949397
485280817637
485559797189
485662782533
485950082189
486253430213
486418306253
486491022869
487126262309
487224170501
487586860493
487793828681
488030626613
488185857797
488501423429
488621469341
488708492981
488720945861
488863426469
489187100741
489314486309
489422357303
490575659189
490862041493
491336806181
491384492261
491431107893
491473693373
491515807109
491576514629
492099619973
492490601069
492619649093
492776337413
492908312237
493045076741
493381212917
493988673029
494003493989
494728671893
494869326341
495104430821
495307480421
495369173381
495612988421
495888665669
496033108373
496035733253
496355220149
497633630837
497716578149
497988547781
498113377349
498162335333
498280852613
498649716437
498755598341
498809624549
498989640389
499191262421
499365032873
499514448389
499532648837
499701915221
500085966749
500126253989
500150300837
500559415097
500731080773
500997091397
501083806613
501851492357
501949666949
502281752549
502559243429
504465587813
504506044229
504581081333
504655583333
504914570501
505403369861
505603467941
505824134093
505938635717
506515466597
506897934821
507164744021
507483787109
507534276893
507882850277
508066567013
508931479061
509171370629
509348499077
509391533381
509698242149
509911666997
510454078853
510776796101
510826751429
511059654149
511418110901
511449410309
511577988773
511636425053
511657578437
511719649637
512709329189
512767032341
512943810197
513446855189
513550068197
513694558949
513885566381
514123638053
514264027397
515007924821
515605357589
515968194677
515970429413
516031873637
516787201301
517313793893
517501785449
518300770421
519647040869
520616287301
520940053949
521137786181
521594718629
521804560901
522183106373
522222117989
522390157637
522559646789
523294392197
523562228453
523614249821
524640458381
524732914277
524984449253
525200461637
525788436101
525841481093
525913744901
526106617349
526151699141
526277386661
526671613733
526686808037
526895715533
527192928869
527311985909
527378364581
527543511269
527699092037
527828114693
528068563781
528879407873
529167050357
529810820357
529901222309
530062344509
530459610917
530643243317
530856694841
531267835397
531768470693
532009166981
532419751589
533205535109
533236045613
533701814261
533808684029
534106132061
534116763521
534183471437
535068149621
536438230493
536581051781
536926588133
537298079477
537326371013
537595275173
537752497001
538398925493
538465732229
538715975621
539011689221
539423935517
539452803209
539573596133
539604993317
539605617521
539677349069
539995119053
540159293861
540279952133
540479098373
540603274181
541047974549
541280253173
541284122813
541827015917
541870979837
542141443121
542663359397
542699643893
543625324709
543720262181
544235859557
544314021053
544472054789
544582040189
545431190837
546563011397
546881100029
547088151461
547260459413
547446001541
547522968389
547794768533
547969997957
548075819597
548705283341
548994727517
550132038149
551021114453
551096977541
551602938101
552188496821
552443826101
552689405933
552836436773
553154823221
553196633333
553533378053
553647605621
553679452877
553911066917
553987953293
554355641669
554670445901
555038347253
555063661157
555129281957
555466919909
555507929093
556188540677
556232511749
556770535601
557381650397
557460971501
557564707733
557763619397
557845727717
557881525661
558303585533
558397009373
558474745829
558808354949
558838714181
558922090277
560139099701
560288326757
560394682853
560831310149
560881808933
561170410421
561465221189
561662916773
561784796573
561949691693
562310083781
562352184581
563675165429
563784964853
563853064577
564285877421
564372323429
564468988109
564672421157
564712331909
564813644549
564885764357
565113127577
565463973893
566148036101
566382739109
567517995653
567687875333
568022131877
568042368269
568540522373
568733129501
569080066469
569751096101
570073680797
570477535061
570860613581
571791843797
571897583717
572203474997
572442628901
572566135757
573442656869
574121682293
574195795493
574504396709
574775750021
575141726957
575204823653
575209730381
575287667141
576206559269
576672915173
577137810821
577209848549
577564029509
577631029253
577752844037
577939994357
578005110149
578942090501
579110372573
579342167717
579732828197
580080834821
580745590997
581325323909
581395064261
581549568773
581618244317
582308318597
582745733141
582797976773
582909199493
583105081109
583114705061
584110161437
584281482629
584588384357
585027654629
585060138437
585395860901
585836098853
585840816113
586066210133
586144764821
586294848053
586968453509
588269846021
588980415749
589154814869
590141426117
590333639621
590777643461
590853694541
591013131917
591420543461
592553199173
592715762501
592778073893
593003714693
593458590821
593652211997
593707647461
593984470469
594136638149
594805035461
595131239813
595345860257
595451279813
595573232441
595730743781
596627090213
596918403653
597046377317
597080870573
597188250149
597577588997
597614033021
597718453253
597883086437
598056335717
598645740173
598653730757
598665352901
599570084237
599642397653
600083013101
600091589069
600146424421
600377438237
600638105093
600760407749
600822134177
601713107429
601764216989
601841683877
601875513869
601989642077
602850853253
603065559101
603340840373
603574852613
603736741949
604342183541
604450373189
604538590661
604559421317
604730871113
605339244977
605366152781
605903657189
606288401381
606607852037
606989217029
607423202261
607454422853
608266042277
608537658629
608888480837
609078624341
609362018501
609471390533
610057107077
611282772581
611403910997
611624559749
611839391189
612199491269
613269591557
613530215429
613993483157
614434612181
614877755189
615050383253
615619810013
615993078389
616773836453
616980139781
617094261509
617343269801
617605989917
617641750661
618350799533
619330323029
619443169493
619797693221
620353758029
620533777253
621195820421
621672769541
622568733701
622585657733
622715575493
622823845541
622999485113
623403772997
623639997293
625851630437
626037440777
626391039461
626924531381
627062971397
627262474181
627267414389
627287008661
627464643461
627749029913
628158924293
628753831277
628870033181
629144906213
629759805701
630317289173
630478009733
630612388229
630625554977
630978114821
631134909509
631592599181
631989888197
632153694149
632379289547
632632131941
633482500901
633712733477
633848573237
633950515973
634495076501
634866827621
635089554797
635099941229
635337255173
635444941829
635842638293
635904238469
635935246133
635967584213
636243715301
636402777701
636517956677
637083650117
637115258021
637352646341
637647608213
638018470661
638091462629
638489372477
638536509077
638929944653
639012097157
639083139557
639628981997
639834398117
640476061637
640484171717
640602342869
640712784101
640767112133
640818732293
640963349717
641173006661
641346845573
641351674229
641746150661
643484542181
643717995809
643735997357
643814443013
644271958517
645111516677
645387821573
645506516933
645594897029
646607579189
647248256501
647428983773
648139315037
648790955477
648814463861
648864081437
648901571477
648916822517
649025004293
649186495781
649607343173
649618268117
649706085509
649746546377
650196343109
650256881741
650304414149
651120095813
651245303021
651880411061
652076347109
652295023853
652549373861
652864125173
653002135637
653149225157
653654697701
654266790917
654314347769
654562891013
654788555909
654844930493
655162355237
655550853989
657675625157
657914585333
658048190189
658397236133
658459217021
658565110229
658821407333
659291939141
659805010961
660316635797
660863764013
661432933733
661484710661
661979131637
662220304709
662277872261
662378304749
662728134101
662813733461
662924315669
663034373069
663155144069
663369567173
663585868517
663961753733
664260579869
664279939229
665060496917
665155126949
665402459909
665955912389
666118216517
666220338509
666280748201
666466013669
666641324453
666651788717
666712415381
666876982469
667093486757
667099016069
667599948293
667701625541
668080376837
668449826357
668618290373
668698060901
668816357081
669046561349
669410255813
669410558861
669536021957
669798905333
670721048933
671113191173
671461293317
672029526173
672148468229
672364648373
672419995637
672868619237
673323100637
673336629173
673627104869
673697032013
674227596677
674269731077
674587908293
674833860797
675321270629
675366329741
675510730757
675712521797
676284155909
676332078917
676985165477
677147958869
677425023077
677537185061
678079871573
678266824709
678350931557
678449964701
679152037829
679166210021
679580580677
680342136089
680634516173
680796115277
680912793797
681061680101
681175643153
681264368069
682170075653
682283524109
682565308157
682813006529
683131506629
683161211381
683454722501
683810817989
684166506413
684223840949
684313132037
684328585253
684460986053
684616112549
685228271117
685276107269
685336385669
685364690561
685464365573
685725176141
685751730053
685979290121
686270670701
687079964597
688232295509
688692515621
688855684613
689352584261
689365335461
690943346357
691345936517
691441308437
691591991909
691617541109
691719879821
691773129437
692068911341
692701461149
692921212709
693095596133
693551805413
694171173701
694719466061
694892084549
694979314349
695063105357
695098551173
695790938309
696428117957
696554283269
696604971893
696798778373
696917891309
696946422341
696997357061
697155276389
697318371029
697344482021
697750192949
697897381109
698453599877
698557102997
698579019941
699263827997
699293434229
699591737213
699674155493
699742219181
699856706741
700029451973
700690959113
700765795301
701179962341
701222631989
701391285509
701640654629
701797334789
701882468357
702029511293
702172758929
702891478133
703103690021
703485443237
704003224397
704474394629
704487628157
705437277701
705577550837
705770650013
706112955077
706117539461
706570642013
706897691141
706952279621
707242270181
707771101757
707785386341
708987708581
709717828253
709879758593
710809179701
710942738693
711164380421
711470310941
711610154717
711844441061
712148499221
712304406077
712503746141
713072662853
714076085273
714240094469
714350547041
714424681157
714710200517
715023053477
715083280133
715135421957
715142934077
715539037829
716252838917
716754478181
717279611333
717318165317
717497604941
717657782693
717848919221
717877978277
718467873557
718563085889
718603571717
718982163653
719685047957
721779428669
722671573253
722857359173
723263692541
723647187653
724228718117
725407396901
725661131333
726486608237
727533216149
727539406781
727858181237
728102160203
728321866277
728643009029
728780867141
728822815061
728885839253
729849990329
730925911721
731068600421
731082144413
731672569589
732216338597
732254101493
732434971217
732570005981
732582746789
732942450149
733215869573
733421932997
733435518821
733455359861
734222194277
734536109957
734995344011
735253085957
735479079197
735801549593
736256775749
736308020453
736809552869
736896455429
737102050349
737597181893
738042727037
738476031389
738729729869
738854589317
738915178061
739099807493
740060221829
740545011653
741070922009
741487557893
741495501077
743235623429
743296657493
743412042077
744204819077
744339619301
744499723973
744662854661
744793400741
744964444229
745528335557
745568707301
745839069701
746276478953
746915737253
747482190341
748324369637
748862500853
748978169477
749124521717
749739515621
750269524757
750380897453
750819023141
751320576869
751369903493
751706064653
751879545989
752222066909
752531549189
752703802709
752907801893
753475265213
753496805381
753769783877
755099942693
755116928501
755166221381
755468885813
755743798661
756422890853
756632180309
757961683757
758086000061
758687112293
759319322117
759673207661
760640420237
761298505061
762357811397
763322439269
763325631689
763369814597
764347915037
764700466829
765640130981
765668686181
766091608133
766718179529
767505842213
768601342157
769113134501
769149504653
770644137989
771148121693
771244392677
771441463301
771933184517
772471134869
772923129893
773201244821
773418148997
773863676213
774063750101
774360080087
775340197637
775702457717
775891817573
776024105477
776078864069
776489921177
776678738693
776970931973
778039231541
778291763909
778518912533
778668185237
778845379037
778933599557
779113257557
779272639493
779399563397
779618605253
779828248589
780067470533
780193808069
780446030117
780731906981
780889274933
781214996021
781258388117
781409616197
782093255333
782387905409
783533047253
783670728533
784504396373
784839568973
785261943653
786707716613
786912185813
786941368421
787151294501
787709780429
787735188293
788221094837
788895848741
788983908053
789146116421
789183603941
789786326453
791513335877
791805700229
792182225093
792466384253
792720090629
793328818469
793425764741
793760270693
793844795021
793969646981
794199891173
794673500549
794900952389
795052499333
795052589573
795066481781
796617493061
796842131909
797260638389
797491713221
797737593317
797781419141
798173757029
798384865829
798855945893
799017300653
799423855781
800613539717
801452508701
801649350437
802259027141
802261667597
802455639557
802693016573
802884716933
802929731549
803236981253
803637601637
803715745253
804181791509
804259600709
804631136309
805596678437
805605629477
805926731909
805995169061
806390929877
806401167533
806732725253
806754590213
807112905989
807490219541
807774804149
807781635617
808060452197
808294809173
809008220597
809070163781
809198750981
809649038021
809667448133
809706527141
809764498373
810381600509
810778517189
810965654141
811080827861
811197355141
812091319637
812163144749
812336329733
812515915013
812534255429
813009950597
813080998301
813147616517
813188704973
814539871301
815542454069
816273875597
816500735909
817693459973
817761028133
818991950117
819166089929
819499529021
820838163101
821087580929
821165302661
821515640621
821685413813
821848854533
822543374021
823924110533
824931733829
825058224653
825336493349
825695626397
826135608677
826366944317
826591907237
826752817157
826818484973
827131075589
827196577541
827751298829
827933215829
829137817733
829209353621
830650137413
832566115589
833386871669
833444852189
833590931717
834224816549
834826661597
834897030533
835745686781
837361466933
837664386101
837691739141
837727069541
837733792901
838026807233
838708269701
839288467589
839493262613
839617887173
839735140613
839866392293
840109300997
840395838821
840530797349
840603906653
840627321413
841047655877
841605149957
841950283109
842166840317
842413958573
842661485237
842929840061
843580252949
844101278501
844408510853
844600079237
844943008901
845060933813
845648833349
845906358533
846029653349
846178535597
846322020869
846568024853
846636633029
847608487781
848072398901
848803124741
848894882309
850629002657
850738307909
850994244581
851947397957
852199101941
852296393597
852646905221
853249755281
853251439397
853522173509
853737332309
854211990533
854454225461
854638962917
854713982309
854805982469
855177857357
855734523509
856307939333
856727968829
857366735477
857841663173
859153423973
859751775173
859846151813
860456013989
860568403469
860810725877
861468324197
862118751461
862597514273
862839286853
862857422861
862858507901
863141068229
864067557029
865323100229
865360167677
866156262053
866384239469
866934566069
867607610189
868084470293
869078681861
869131767749
869426193029
870259947653
870283285349
871472568173
871673129717
872109455621
872700984293
873142378949
873936072581
875051609549
876586115669
876685265573
876974253413
876991771733
877577734661
878030093309
878172929093
878226369557
878318060261
878937466181
879027310733
879291893381
880427026589
880525956497
880690279397
880895669477
880959200693
881249283941
881398088069
881454453269
881725270613
881787809453
882400142741
882512636549
883797975221
883906651589
883951182581
884324552837
885235732997
886019089541
886703865701
887612563661
887910089981
888097137989
888156609917
888326890169
888723388733
888949658021
889382911037
892150262213
892358322917
893858059589
894003858437
894231911669
895149933809
895167160277
896484944789
896524475621
896840992949
897216171269
897576153413
898145532317
898559626613
898641068693
900043104389
900490083701
901449912389
901756037957
901918881869
902949743813
903449562917
903750063557
905573184773
905868931973
906609175313
907660177637
908456795141
908510308421
908656965221
908905747973
908964609701
908988372869
909185105309
909247679429
909400877621
910085777573
910344669701
910929946757
912665888741
912953809157
913114490909
913150814693
913733894309
913880481701
915929015981
916206415493
916286876549
916338363941
916577910149
916832452613
917026523429
917335115933
919227603173
919296499973
920215741109
920567725637
921417939461
921556582133
922159306997
922164645737
922482322949
922978893317
923386690421
923873782613
924239964653
924667875941
924739330949
925669072421
925935506501
926539654469
926669947973
927680439749
927755783141
928007232053
928161315653
928372750277
928851909557
929802473717
929802943949
929906322917
930418096613
931193048021
931375682501
933484632197
933853378757
934014251021
935123231957
935305975301
935777043941
936451323293
936595033253
937434716069
937608563813
937696730261
938129469893
938654706533
938786790821
938854342517
939417284741
939897993221
940103063861
940559141093
940780489381
941333754821
941673967421
941719788581
941908304909
941978791589
942036974429
942262628837
942275463701
942516013829
943099432709
943382450309
944709654101
945485538521
946508924933
946555120373
946635028421
947591350277
948333099677
948998059781
949024002029
949232377637
949431466373
949648143449
950064931769
950423120069
950770357493
950896085909
950904816197
950936995013
951531367253
951818176517
952095817733
952689576389
953315795717
954248084933
954308611157
954469179977
954501267461
954628513349
954726025349
954741587909
955480997861
956097104261
956359232213
956537001509
956824638341
957532446293
957650840069
958919122733
958946418149
959983353221
960230345189
960299585861
960545938469
961038436517
961168358597
961295301797
962493786077
962788172261
963122364293
963461181317
963631253669
964073342237
964588967573
964850385413
965029022501
966185116421
967561488773
967564359221
967708286501
970264757957
970499982821
970766639141
971465126021
971606461397
971626656677
971964784229
972996661733
974024094461
974378968997
974895220733
975445878533
975502414661
975515853317
975686377853
975990625181
976664556509
977339846021
977378131301
977386051589
978973175213
979523684969
979810141541
980046789701
981188206493
981407944517
981657254669
981826320389
982041145349
982240273481
982460537357
982496320949
983197336973
983202387809
983301042911
983318727461
983318812229
983570537669
983944315541
984040003133
984298482869
984443304101
984489527021
984780474629
985078085117
985301337893
985740482309
986137759301
986243378021
986841812957
987998228357
988086811829
989726295173
989772930437
989813919281
992280979877
992505790661
992838166853
994020794597
994049315537
994319415941
994691495621
994694412101
995559011837
996483872741
996614141549
997738450181
998374022789
998821881797
999053405621
999140931269
999282856109
999312879173
