61171
71799
84271
107371
140151
150071
305359
364791
420391
854845
948631
966671
1003191
1209745
1260791
1327911
1675511
1691351
1870167
1982391
2400935
2721535
2788791
2854551
2900791
3203191
3620811
3740511
3981111
4477431
4698111
5129911
6081231
9338151
9432491
10059495
10847991
12115831
12168455
12362231
12856471
14063511
14942711
15476331
15586679
16451111
16684879
17897591
19471751
20192471
20705991
20903159
21809031
22807191
23447191
24191095
27390263
28194871
28303511
28688451
30009399
31441191
37136811
37896311
37946711
38543991
39024951
39673911
43385151
45778731
50789191
51208311
51871811
53647671
54298391
55930551
57137911
63234071
63371831
65638151
66647551
67634151
68517911
68762615
75450891
79269951
83740011
88967991
90455741
91217271
91261931
92852471
94836271
99756791
102900711
107102591
113799831
114832631
117732199
118504951
124990591
130367431
135429879
135593031
136132611
142959991
147077079
155174871
162317431
162409511
163737591
163744663
164094871
168253241
174544491
176449271
193375551
198635351
213596471
216143191
218146439
219237191
228095551
231204615
247074091
257735271
259594711
264403991
266426151
276783927
283643351
289248951
292399791
293757231
296470391
300547511
315728131
317940215
324833591
329627991
338500951
341453431
346157191
358117751
359267991
386221911
387876207
397095151
401013751
403175071
418530103
418835991
422007031
424438635
440949815
464827991
494813751
497825319
502914711
507964791
508971991
511626711
512750711
514308751
536811191
539412711
550878711
554845431
555362071
569220951
583627399
588470263
593526351
594878583
608010711
608011591
608502743
614555191
641147091
650742391
659378711
662298231
665285143
673956295
676263495
691585935
708025855
730977511
733193655
740643191
812890615
844039803
844155191
851472403
895329391
899898991
917580655
917621111
918354883
941272631
945653271
957916671
964849135
967647191
1003139191
1018035191
1025281303
1035340791
1048075851
1049509991
1059629991
1072363591
1077013621
1088724991
1089157111
1089802551
1123708551
1169067891
1175578791
1191999191
1199109623
1216335351
1222257559
1224977591
1227324791
1232650951
1247245991
1267841111
1296410071
1298303591
1303149111
1312508391
1337218599
1356903231
1372307871
1374554991
1381989831
1384190071
1414481591
1421671191
1456009511
1460542711
1468045711
1481418615
1483490571
1501450791
1519837431
1524772695
1583795191
1596191511
1620265911
1642530335
1666508631
1667173191
1684235271
1698955511
1715134951
1772102631
1796686311
1802759495
1806586871
1819774003
1823083491
1838762367
1865238231
1909340391
1912931011
1915111735
1984956591
1992714351
2001344791
2039334519
2045317791
2096356631
2096754735
2112689271
2113803991
2160323751
2178966391
2210617491
2223453111
2233522751
2252630371
2330502711
2343613511
2402740471
2414685511
2418089511
2437543671
2438331071
2477772015
2479484791
2493084991
2517913851
2559955191
2562251991
2574812231
2652722791
2682223271
2764235751
2769199991
2772596631
2793986391
2814584071
2829793111
2851595031
2856921591
2956715511
2976437751
2976827831
2977868535
2979544407
3024196791
3030300407
3061807831
3103103351
3198992951
3275179255
3323286551
3338549751
3376174287
3464756951
3502499511
3505127991
3581688791
3628795511
3664122999
3702576791
3829629431
3830923191
3835745331
3893432471
3903646871
3904763711
3912881271
3950087671
3997363191
4110587591
4127204631
4200808791
4284138031
4319381211
4326957591
4428370091
4446568271
4457584551
4544054051
4568576991
4634806231
4649397991
4688523831
4692750711
4704962071
4707720951
4723189791
4827106471
4852993591
4860203591
4866540215
4910198263
5110629823
5130873431
5197044151
5207708991
5219233871
5304591831
5315990671
5374062839
5387404391
5435185591
5572393991
5637607031
5656405911
5669371335
5725024439
5790282951
5794242991
5822186711
5844515591
5905705335
6096674631
6144065191
6402967159
6447754551
6537766391
6548702591
6551050679
6565839271
6659658071
6666594135
6712047671
6717202791
6823264791
6981981591
7028419991
7096230951
7102444151
7157900391
7211916439
7212023511
7242594511
7292295911
7354098951
7360752551
7375162071
7409814711
7423390231
7440998871
7566865671
7691111791
7691751751
7702987591
7807714871
7816255711
7918335031
7973280471
7998798071
8071927591
8087976839
8180117111
8265739991
8307084791
8362970191
8526025191
8545827031
8609423991
8809212991
8823374551
8843729655
8994757191
9039759951
9056944615
9058333431
9253507991
9420762391
9496298231
9637716151
9660895543
9679196791
9790432071
9841361191
10087103031
10200374903
10244841591
10291425991
10300303095
10384042751
10676489591
10758857191
11003310491
11071620791
11078954871
11125378255
11151238791
11278127731
11320108791
11351797591
11454804471
11459094519
11846006471
11848358751
11952072731
11956568055
12196496191
12237388791
12266672451
12286079671
12315224759
12417635991
12494712011
12559126711
12597670615
12911989991
12959637591
12980531863
13046434231
13058842935
13134076791
13155916271
13179368991
13380625711
13508637991
13616376791
13665437751
13727568391
13773295527
13826896951
13870911991
13872840531
13873070631
13993789367
13996309591
14058390071
14302924991
14383969031
14458320791
14510814295
14518651631
14631669591
14651981751
14697129711
14769054759
14909386791
14963396439
15061180151
15157095351
15357164191
15410839071
15491615151
15538813463
15615345471
15794029671
15829726891
15845257511
15936641607
16095592455
16139385591
16153641911
16194174231
16251655719
16344964991
16412280855
16426970551
16458335591
16465485111
16695017591
16788905551
16813523991
16828339519
16899755191
17062266751
17107188791
17119114311
17134109431
17327270391
17396554791
17427285335
17468497191
17613322991
17630446071
17695002151
17853122551
18043871991
18102556631
18288617431
18363298791
18450232671
18452179191
18528461943
18600337831
18638802551
18694521991
18751467831
19087355991
19334909571
19359680695
19387110327
19459664439
19499572191
19547285091
19603085831
19786789463
19798869991
19897613987
20017004271
20034006711
20051703991
20062584951
20287021991
20310079991
20439068151
20490192791
20511181031
20611938583
20798486791
20862865751
20909380791
21005120855
21012266231
21132084991
21133985591
21188894991
21454352911
21558423031
21709979191
21864317431
22089863631
22224802839
22229099191
22269353591
22310391451
22469875111
22511026991
22557390231
22580678111
22835372551
22917177703
23027691351
23066382071
23280291991
23569139991
23652446991
23854124311
23934855551
24082150391
24363025271
24372609231
24419194791
24467266815
25088619911
25191413511
25874154991
25922808791
26133153191
26343661607
27014604791
27023448135
27067300559
27244950647
27580629991
27681369091
27719981791
27786120311
27892471191
27906443031
27921425991
28254262391
28432410151
28464756311
28472496351
28505449271
29248870551
29273994631
29360132247
29379598071
29485243191
29646181787
29664816711
29710194911
29728745191
30042974183
30208529391
30249136343
30358769991
30653861271
30716903351
30725783191
30801011431
30980276591
31237937911
31395654391
31516155991
31520627591
31532972231
31680953911
31860515391
31897729591
32015783791
32102511271
32116134391
32161755991
32223883991
32239232471
32475309991
32642371559
32664952311
32765362071
33200822191
33330365367
33555259351
33747599191
33893443751
34007800951
34197112391
34237675991
34324377911
34554233991
34558225251
34645918935
34725789831
34825142231
34862970791
34956800791
34985215991
35096835639
35187892071
35208243607
35262953871
35391523431
35761331191
35990532023
36027309491
36369062791
36442171031
36589345511
36597573311
36702866191
36907197591
37414977591
37509287191
37711488183
37880198391
38092994931
38220211671
38334228231
38480735271
38581670391
38678302199
38684141921
39110383511
39117551191
39159419511
39229725911
39488862831
39626120791
39753299031
39842494711
39872453703
39949238215
39975936551
40028510711
40871839351
41153731351
41181058391
41237104823
41384543191
41552467255
41580919371
41728712471
41829320615
41954902071
42104000391
42389102591
42435131191
42674455815
42705351435
42783449271
42932416791
43032241571
43054589991
43151158391
43178705911
43333783351
43365192631
43766021991
44038777431
44405699511
44887981831
44991900791
45057463351
45356285931
45519177891
45765765111
45960770231
46204985431
46558177111
46572637991
46788111031
46848888231
46895105391
46956668911
46965995871
46970778991
46987787591
47015855591
47085753711
47174888631
47178779991
47249035671
47284849911
47399301311
47838051791
47939649791
48005945671
48544594791
48553969191
48841735031
48918533655
49124617715
49181655031
49209276471
49210543191
49408774791
49630034991
49672742341
49835308535
50399881831
51067080651
51154074391
51296589111
51327077991
51342087095
51467962551
51486677079
51564254271
51758255991
51784039991
51809043431
51916841071
51991204151
52236881191
52613745591
52835865591
52952328871
53031417591
53062656911
53098097015
53220791111
53790597159
53858626631
54111688391
54485003991
54575500971
54738203511
54847766391
55408422991
55423131671
55917390135
56053983031
56172193431
56436200119
56484697591
56538112391
56538362391
56615379063
56718280311
56749655991
56799878007
57188997591
57343965131
57517723191
57744730111
58151210199
58593598791
58774339671
58820721769
59082566317
59519555191
59690529591
59867398351
59907059511
59950319511
60167452791
60577392671
60935008411
61320680951
61492829431
61617898991
61692503591
61769892791
61822307191
62400665591
62581382391
62807018551
62901394391
62927012447
62936554551
63351219351
63519874871
63557024631
63801497751
64249968631
64573510551
64649024871
64974509591
65256065551
65334800951
65389064851
65405855415
65499160991
65861440631
66032686711
66333697399
66912933351
67383673831
67666027511
67946545271
68361632759
68683300131
68700063731
69443436391
69642588391
69690129591
69720198231
69810890231
69846602231
69940276791
69999979271
70027299991
70152972727
70323810807
70690047351
70993288951
71157777591
71676084471
71969865959
72403283031
72711260151
73971694151
74159797591
74284102191
74747630991
74986357591
75771666311
75845386551
76356347991
76695434191
76891247851
76977907991
77013208991
77081562071
77196452727
77722361751
77794135031
78054838391
78160599991
78173410551
78342944055
79122735111
79286653591
79895148191
80388615991
80627735991
80780299959
80842321551
81089489991
81171949241
81555196791
81622375111
81818354791
82044704271
83581367991
83675992391
84090899191
84196558951
84541016551
84632391991
84944958791
85354688751
85442578597
85549424631
86226667791
86288070391
86864412791
87079324631
87153176535
87291096247
87339647991
87738159255
87739991031
88188099991
88581118071
88583905751
88943711351
89096019991
89299180311
90047064791
90347492343
90935465271
91193514711
91422567511
91519075639
92563362551
92613918399
92882535191
93105011991
93487066391
93752777991
94634668119
95047330551
95105499711
95779058919
95862748791
96310010095
96822127239
97205600791
97276425391
97492630391
97787448951
97846425591
98143557391
98315667511
98837939191
98970643191
99003717111
99082510791
99235408991
99475340791
99568252231
99718591271
99901171991
100439022983
100766067351
100823054631
101121436407
101258220791
101343719919
102170837991
102342638391
102517793831
102572483991
102659604311
102706503671
103030556191
103288148031
103590614391
103600806391
103617263895
103736340391
104062248391
104343851031
105017485991
105036595207
105519105111
105652426871
105804061431
106397329911
106927472951
107448023991
107484555351
107628611991
108110405191
108142910711
109495015071
109546007991
109615008351
110338067831
110598572791
110662650551
110747025831
111105139591
111764608791
111937288223
112318213271
113018112471
113248967991
113401117271
113944879039
113976919551
114288271095
114742018151
115478713159
115593773671
115921289671
116277853863
116768744391
117299367031
117492061431
117646871671
118038917031
118272714551
118821999791
119473241655
119898757671
120026004791
120186534767
120196694455
120376108151
121145462611
121391157991
121887438391
122169558071
122568529151
122579812311
122794597735
122826648131
124405813831
124452988791
125597230519
126481962871
126762797271
127305875391
127347085591
127395079031
127413967735
127589225911
128304357991
128464445191
128649641111
130269655351
130538771671
130999850791
131021041879
131392375287
131443017431
131689801591
132150692847
132172965111
132249233415
132507347271
132950915231
133110510711
133199313791
133418460551
133436384891
133712437927
133871055991
134507180491
134681409399
134760150991
134792195991
135444879911
135878887191
135955603511
135968690071
136291377603
136340625911
136743620151
137678514391
138008375223
138491787831
138508650271
139115542711
139441154591
139816622391
140718226871
141515213831
141517247991
141756240791
142475868471
142903524755
142936036311
143485794807
143534177591
143661400071
144012410211
144023285991
144076527551
144108342231
144503609591
144505555991
144770962327
144924089455
145417752471
145432367071
145444857591
146840365047
147324468191
147504875111
147881446951
148021296491
148961762391
150968771191
151755124631
152264076791
152375136151
152462815671
152904716151
153017149591
153339364631
153443743871
153657139991
154194593271
155381441591
155472129111
155808784991
156002977751
156045271191
156711632771
157076886711
157148809991
157157892311
157166568991
158110256071
158198797671
158579010791
158808004311
159142730871
159633065911
160101314791
163455255591
163465931991
164122785431
164277040191
165079999491
165280891767
165898819671
166468106103
167572334711
168844836151
168920636295
169783975671
169959970871
170378288071
171186055031
172011565591
172054821111
172115936951
172879548391
173749456751
174230838311
174431431191
174763614751
174949158991
175127363831
175905964407
176098259031
176444481911
176486205271
176688355191
176714280391
178455080991
179514441671
179688000791
179709377111
179728604151
180310137271
180747005591
180908400291
181067360311
182997720039
183225803591
183413038751
183531155071
183546026391
184224918991
185163666231
185573651991
186777212151
189056651511
190202932911
190205211495
190313450591
190722300151
192269150155
193100228871
193278743831
193514738551
194091268791
194559908471
195841120431
196237563991
196287403611
196538338995
197463210991
197732633131
198333109751
198741206391
198744723735
199088972535
199156126391
199442125335
201047778391
201733379111
201958777991
202191269271
202389474551
202790200695
203173330791
203314151031
203873922551
204975835671
206754409671
207591454191
208843107415
209489842391
209783209991
209890558743
211928819401
212851716663
212998884791
213971478591
214556708951
214746250391
215026232711
215561318551
216491960951
216643788231
216742943991
217012495691
217057228071
217355634991
218995300151
219175443751
220372310391
221103186295
221261382641
221674052591
221974189351
222817675071
222910495071
222948559671
223834330711
223946166631
223963456191
223970338583
224196772791
224231057391
224397322167
224720350391
225060763191
227242632111
228269341991
228323434967
228619049111
229028807271
229259726071
229293693543
230093221687
230878356271
231271859271
232037005191
232911806151
233501773943
234003416911
234202408431
234380049911
234973504271
235157555351
235192719991
236114069311
236334138711
236334786231
236647759911
236828866551
238165992055
240168755951
240255584791
241900394727
241947214071
242055883671
242155775191
242737767991
243079606871
244188150743
244660379943
245634975031
245811294631
245956282871
246265803511
246555628151
246930178871
247034413911
247531943559
247807310791
248263956311
248731602231
248756771991
250065743191
250696137991
251154644631
253899085431
254712277239
254761404791
255550129111
256124175991
257625368607
258499438391
258589200091
258939904951
259152352791
259476724551
259504666791
259564098631
260493210991
260588990191
260748660471
262852025271
263419403511
263570571255
263909027191
263969080871
264286015831
264317859111
264521286391
264714365991
264867242631
264977414231
265043251191
265736726871
267155227351
267505632231
267908980759
268655295991
269223543671
269336530551
269460657191
269503084191
270941567671
271313288391
271844521751
272266784391
273358972471
273845829991
275719331991
276219074815
276616759711
276697482591
277527345991
277825393991
277975414191
278369603511
278378743799
278406103191
278639251791
280159157191
280198813431
280246545591
281933388651
282590628311
283504840311
284213296631
284980874871
285493374311
285508996491
286091967991
286321963191
286609357991
286750974631
286933192691
286957500951
286996753463
287252336791
287754410935
288053592311
288156504991
288398038983
288501802591
288977231991
289223118591
289822641911
290145846751
291024246391
292477081391
294326759991
294375245183
295598409783
296005321911
297321639991
297788139031
297929679591
299361753591
300318926591
300584256951
300897154021
301377419831
301755652503
301850787831
302395565463
303299643911
303744071991
303831208399
303876657271
304115663271
304279514231
306078019511
307252172491
308997890423
309641158191
310510463991
311040329591
311524505591
311580738551
312825260011
313658242679
314315645559
315671139511
317117586007
317690024951
318325552151
319720127991
320610161751
321127742103
321147737671
321264191351
321671714551
321977052871
324736112991
326449902471
328271407591
328761478491
328912292791
329291522551
329329686999
330521822391
331253630391
331423561831
331851705351
331888085751
333073767171
333547452691
335948423991
336239987151
336924251655
339840621111
340886873591
341537855351
343465999791
345137469591
345476860071
345547849911
346196202231
346601949685
347403584631
347817397191
347864604351
348113844615
348657800055
349662949991
349837568071
350011939191
350492942791
351439509111
351526979991
351972275191
352061036591
352893326231
352947776991
353193203991
354642892791
355276127351
355301278631
356647948151
358291274871
359446927831
360099206647
360566634111
360988365911
361178253735
361731589591
362281972351
362414475511
364858826631
365115645479
365674574487
366841861671
367042446391
369150091455
370297012791
371382577991
371516003031
371693167991
374282149111
374480145111
374918980791
375343670791
375506576751
375509831191
376702107927
378618522455
378674265191
379089074355
379708210231
379728949591
380075357639
380128079751
380727744591
380954170231
381928392991
382329515559
384231807671
384382925995
384390825271
385025968151
385503605751
385971310443
386217585831
386418408871
386483701791
387540776471
388012732791
388279685015
389792314551
391029904311
392338379319
392920426351
393738664471
395012289971
395909832855
396022827191
397776555895
397816172591
397964482791
399115643511
399402156151
400758203991
401360431351
401976713591
402168105111
402734094391
404046839031
405022925991
406918202871
408023808491
409829179751
409879345911
410314631991
411224413591
412398158051
413188407511
413434835191
414483669591
414741386071
415652595791
418639284791
420690255691
421674411831
421961016391
421968791991
422312744631
422364612791
425451198471
426335400111
426781795431
428372117591
428884696231
429319427831
430319241651
430502425591
430722095991
431231091191
431455729031
431508860851
431896572791
432601687991
432847382231
433462252951
433567674311
435777081591
436100646791
437008399511
437259040503
437464881271
437622497303
437833139511
437923081191
439087084791
439998728951
440203229191
440910668791
441652990551
441681578791
442879008871
442900693991
443301052791
443794411991
444665129431
448456374231
449288534231
449586591991
450512443351
450601493991
452385588151
452404224151
453405112151
454176170231
454257019031
454670671831
454869821271
456159834471
456864966591
457475284551
457654957751
457977701431
458140059291
458828257151
459126113831
459999407991
460194169335
460856330471
461087467351
461197371927
461756889431
461816358841
462357024351
462462633943
462998535991
463055651511
463431105751
463933138751
465920516503
466119093431
467844045751
468480029151
469191419191
469715963591
470271082951
472447273079
472921782711
474114680471
474133608751
474158974791
475558054391
475998305431
476922548471
477939985591
478450415191
479360477951
479664537079
480600292471
480746511159
482016578881
484647208311
484652313591
484818724991
486000844791
486091227991
488860475831
489037969191
489290922991
489377757431
489927638191
490628898471
491981300151
492414700791
494083958359
494874346551
495968797623
496413713591
496543447351
497664961015
498703113991
499502910711
499882947191
500861936631
501589944231
501966991391
502013511991
502036961991
502355792631
502674143991
502701794551
503185934711
504002127991
504179818791
507811647191
507920009511
508493758071
508976366435
509368680119
509458149191
509818220791
510281734191
512204887031
514034237631
514485651671
514840800551
515006572071
515406250231
515633268471
518045820491
519724908015
520131010551
520256552191
521506700791
521798954815
522990867831
523005061031
523843619191
524094704791
524704205751
525660663351
526189110711
526523680151
527057358231
527104868071
527704217031
528149175191
529189945431
531884884431
533037719991
533416695341
533646815511
534330181831
535003959767
535036890071
535939518391
537681838971
537850565751
538079036871
539191073335
539249761391
539923459031
543577554511
543756774391
545338405911
546014861691
546814231591
547076665091
547582994391
548872862711
549274700711
551125719991
551687825911
551815118391
552222717271
553059248551
553437685351
553854874551
555171488247
558255897591
558645071591
559206676831
559614013831
560663362551
560814555831
561686856071
561989606631
562862394631
563695523151
566929734791
567967220471
571636117351
572232897591
573035408391
574209526791
575248099151
576369502791
578776606707
580345934711
580659603991
581267850231
581820747191
582753526391
582803344551
584179498551
587567552311
587804355831
590629227991
591473437091
591653204679
591803179231
592993883011
595244144591
595865276151
597673432991
598367478791
598664465511
601590909911
602637177791
603221819191
604029185431
604869032031
605881128151
606093243607
607841353911
607886248191
608388612711
611348162871
611395271751
611918473465
613337850831
615296933879
615698650831
617625007991
618611895671
619626542491
619631896511
620716914991
623405243991
623959467591
623963920935
624494184711
625123155011
628652777991
628720834551
629079578391
629363454711
630853386231
630966851831
631411211991
631545947191
632359821511
636445964663
636935796103
637055128311
639949155991
643752321191
644364841111
645561643991
647263157191
647710992311
648184631799
649072132791
649239827591
649604889015
649751488811
650000847991
650031599351
651810503335
652755373591
653266208551
655358790791
655602920951
655619333591
658289008951
658481379591
659029799991
660936120311
661202580471
662026900911
662980286071
664501255871
664653466391
665624075991
665858073991
666963929623
667513408735
668148889399
668529661791
668635167191
670699564435
671322744391
671828696439
672836338711
673967527991
674223552651
675503320791
675895047091
677832687831
678791457335
679392642491
680308439151
680902000271
681115672151
681523384951
684319399671
684477408991
685054098951
685597669111
686465264791
687506068471
687728740391
690220330791
690280001591
690517252871
690614183271
691726627191
691742916471
691801922231
693306049735
695243659479
695524047671
696625071791
696781019991
697643718455
698551934071
699901698991
700051351991
701158710551
701398549271
701925864631
705251029551
708495633655
710082445063
710947677431
713391486071
713569829271
714349967991
716626037391
717413238519
720739130151
721011567351
721147431191
721303650695
721355837991
721445480439
722154029991
723206817311
723712275431
724209312311
725432448039
725457224791
725968924791
727574924991
727713882887
730815671031
734385261991
736297251863
738866019351
741956162631
742510890959
743286205191
743396196391
744031935911
745800106791
746460627891
747623598711
750443621191
750500224311
751661150455
751942231031
752520731415
753120873111
753417055991
754231976511
754576337891
754632740391
754940515831
755808888791
755857269431
757179445111
759268862791
759287649111
759416564359
759768456711
759986433015
760137081751
761027467191
764024096631
765258830327
765849176391
766119188631
766507132151
767502095351
769622992311
770157315191
772151255031
773904498631
774003950711
776585904631
780131679591
780336036471
781249079391
789965504011
791932830071
793429623991
794055732461
795757726391
797898664631
798343679971
800807109879
803076137591
803129049231
812115604599
812361001751
813223720391
813361946999
816492724311
817078995031
817702628591
821037987607
821046771991
822196522231
822554595191
822928651151
825643029111
826168857351
826958520951
829553524791
831144467991
831235151991
831296978391
831500552391
831859188851
832454363991
837834997991
838634043511
839852663991
843226657691
843337951447
843617655991
843815059351
844031261271
844614563511
844708695591
844974184591
847747977991
849892203151
849920395791
850143506511
854531678971
855423750711
855897805831
857822492791
858210140471
858491526191
862555677071
864193211191
866632294871
866942880951
869323317791
876404228691
877163121007
879738787191
879789951031
880250629591
880528216251
880715208791
881972953671
882464844791
883092891551
884903514591
885130073751
885247647351
885324702071
886222246791
887413064151
888239670631
889128590943
889207507991
890459030991
894885911911
896650394871
904013532231
906100703191
906576585191
906981457191
908750490639
909277716471
911594055671
911600455911
913559994471
913709685495
913739583671
913851556455
914021675831
914244759671
916632998391
916719438535
917173773815
918633089911
918847937271
919596358455
919700943031
919746691239
922267488991
922422968871
922625846511
923700974551
923845410791
926600807431
927849507191
929205614055
932098657271
932536976791
934914672991
935614462151
936087210231
936172200311
937999005671
938237269191
938412200951
940335211191
942340847991
942987177991
945051251135
950286207927
951045546891
953808598391
954545544471
955638780591
956863134911
957124950551
957597980631
960952855511
961100103031
961136591511
961364619591
964184566391
968284369351
971064605111
971354383991
972585257271
972987317191
973712195447
974334880671
975083137591
977525825111
977588259991
978420777591
978853235351
979337971911
979351973591
984726791655
986454185591
990278145991
991755336871
993738957591
994464447991
998254739991
998414903191
998683223991
