50609
74269
91793
99199
100529
152329
187889
235049
271469
313049
471977
828529
841033
1057793
1078649
1186949
1265609
1324609
1592809
1623449
2201089
2295029
2628509
2921459
2945209
3019489
3567209
3754949
3777029
4091849
4238729
5212073
5337481
5812309
5945641
6087689
6348109
7238569
7580309
9229649
9363209
9768109
10017209
11083829
11293529
11838409
11839529
11911909
12297769
13193609
13204529
14339369
14634569
14875289
15466889
15608329
17395849
17563009
17867509
18254609
19587689
20352809
23232649
23259049
23717969
24597989
26978149
29365193
31419817
31927289
35508209
37362481
38233481
39613961
39779329
42322709
44540009
44831809
46539229
47440549
48885769
49662089
50378249
51022049
56107489
56721289
59008777
60218609
61625993
63662569
63994489
64372009
68215177
77430089
77459209
77595401
79712009
85433777
85698569
92843249
99454949
103244689
104847209
107575169
110804969
113436409
113713609
115849609
126298409
128220409
131711281
151841209
151891609
160773769
160913489
171479009
176187209
177857689
180356809
183350729
185114809
189612809
198201397
202154759
202941449
208528009
209331749
219060809
223084849
231294809
233294009
235427929
246345097
263900009
267159209
272745209
275415929
282704059
287362609
290496509
306425009
308248369
321845449
328473913
329228909
336251729
338513129
347540089
349057949
353389409
375939209
377336689
391761929
395318009
403015349
405583849
425163209
426567689
442209049
454327289
456496049
457240709
460754009
461454409
461924969
465232469
475585609
477974569
482928329
490845329
504558889
505057289
519702409
525761609
528631609
531947009
532902409
569973569
576656009
596263369
599320969
599766409
608704457
612512329
622024489
658564489
664601009
679493789
689610889
708597409
720360329
720501769
723060361
731497769
734101337
737142857
752055359
757625609
759478729
789759749
791791009
807810089
819339929
839643649
840273289
850066009
854968777
863833609
867574409
873673537
882622409
887978009
902132569
925492801
929936009
930076849
956006489
956649439
964079969
986766209
996074809
1005410569
1018950409
1035817673
1041857609
1054625609
1083988169
1084810409
1091346569
1097445449
1106263609
1136611177
1173537209
1176907433
1184326649
1207910009
1229539529
1238410169
1261376489
1272644809
1310720329
1325145809
1331462449
1357406633
1378699309
1378965289
1420301129
1427121089
1433561929
1485253009
1488004969
1503080809
1511730509
1531548209
1534326313
1542953729
1577714609
1594100489
1604425609
1607609009
1610368769
1613659609
1642257409
1678948909
1703175721
1705260181
1742623369
1751133833
1766593609
1789355009
1803755369
1857340969
1864058009
1892752409
1977799049
2065631369
2125267049
2128494377
2130353929
2183824729
2204352089
2208177169
2300023609
2326158809
2336174489
2353635601
2355365329
2410876169
2442491249
2450139569
2450208289
2455196809
2490334009
2512760129
2528720849
2568160009
2597325289
2598944777
2605575709
2741772809
2763074609
2767688009
2795365309
2812145369
2812458889
2843734049
2902008937
2908948009
2950815569
2971051469
2990402281
3019993909
3050657489
3057541993
3100610249
3127060169
3130893929
3149304409
3195395489
3282144589
3328393609
3370656529
3386454269
3398963017
3515293609
3522179369
3577135529
3680563049
3683952113
3686834489
3703086409
3762539209
3776652049
3916133909
3932364809
3978455609
4117148009
4117305509
4132668809
4172000149
4182342329
4184911369
4188291809
4218475529
4227671009
4230466669
4246485769
4258672009
4373837449
4386082129
4386582209
4389224849
4430578469
4505120629
4509106121
4593856969
4599194609
4618010441
4621497617
4642747769
4654237289
4676508209
4831219129
4844224009
4863530009
4888425089
4890115841
4953061129
4980371209
5001685789
5029499309
5041204009
5055648649
5073566329
5073790409
5125737929
5186331029
5204741369
5252822809
5279887349
5283460169
5297568649
5334448513
5383712633
5401488409
5438619209
5532681449
5542425989
5637509009
5647648169
5702143369
5768547269
5875777609
5878540681
5907569369
6015328009
6021547849
6022441049
6056393849
6136711009
6271821929
6314308009
6316401289
6319489913
6338939849
6448229489
6473762249
6482472649
6502010909
6603850889
6673171849
6714326929
6741259369
6856499009
6938057009
6985017433
7008294409
7048101209
7078106009
7088636489
7114240009
7123060009
7177237769
7238090869
7424237249
7444978249
7566018889
7597396829
7652441729
7688080409
7789873289
7792991369
7842713609
7846081889
8064938009
8209189417
8246872097
8357997209
8397802409
8399224009
8447576489
8501502889
8542738969
8619335929
8758947269
8803215209
8853425009
8969560609
9021213217
9038390009
9055010129
9093272617
9103966729
9197799697
9200156009
9204579449
9287099809
9326817929
9504073049
9552703169
9636733577
9720751049
9818254889
9935105609
9937291529
9955878409
10048406069
10052585993
10067204849
10107565169
10182760649
10245857369
10273774793
10359305609
10459433609
10491348569
10500512009
10551509089
10593283529
10617761009
10677714569
10849182409
10906197049
10911724469
11015149609
11050082569
11084432809
11101679689
11116463209
11276245129
11530739209
11598006569
11684284469
11692651529
11700867593
11745498809
11840715469
11855263849
11900397001
11907159329
11981864609
12174853609
12212928233
12326615009
12346487561
12351977969
12417731209
12427136969
12438947369
12457237529
12506675729
12580833029
12682947209
12706624849
12751654729
12803985161
13025714249
13105531409
13130791529
13210845349
13232148169
13236077929
13290083179
13481081609
13709004409
13927512769
13956674569
13967584969
14039157001
14062539689
14112862409
14129024009
14151078409
14326484909
14380317149
14613183209
14736568009
14741282369
14802311689
14912924777
15117458233
15187615049
15293774329
15314162509
15422126729
15445693769
15450158009
15698837009
15736454729
16165616489
16263910217
16328612309
16614956809
16626282409
16630818529
16726388009
16747910069
16975988129
17044588297
17045485873
17071281509
17395498649
17404249109
17432615209
17763040009
17777909809
17866332209
17878077569
17896296041
17997233209
18017658269
18137707709
18185331593
18201440329
18207296809
18301585289
18347224709
18420691529
18432909833
18456710281
18779029889
18796777609
18872448989
18963222889
19128328109
19254025129
19304979209
19346518409
19394531209
19433128009
19495494209
19526419229
19690431569
20060209129
20251085809
20288248409
20319178889
20393716409
20681060609
21139532969
21145536841
21157427209
21279515609
21510749689
21865191049
21891433993
22029151769
22073741881
22120814809
22230288509
22383701041
22400198249
22452955589
22580658109
22685479609
22920582529
23122560169
23186203049
23242865809
23411455769
23545867081
23588352209
24033201929
24162325889
24212527469
24352216009
24584672009
24805446409
24972325961
25027133833
25126600249
25266886489
25286752009
25366570889
25501854233
25627179209
25725891529
25866682249
25940676329
25981459009
26116822433
26151549433
26366435209
26378322889
26453112149
26469803369
26519231209
26600477969
26648930009
26675471209
26750892233
26791765009
26802455689
26817387529
26933159689
27020746909
27222298609
27777222209
28184174909
28311344009
28320613009
28325224937
28539566009
28556748649
28879459849
29192869897
29232111533
29355659509
29406170761
29421516769
29547105289
29566551989
29866534609
29867575049
30109970809
30214052009
30586025609
30664520009
30776779273
31279690889
31339887049
31356193609
31357141121
31471932809
31576290629
31916724409
32130152833
32142694649
32161729609
32308265009
32563784509
32621789209
32707440649
32855542729
32931398929
32939832809
32996094469
33065273369
33181308169
33431280649
33455926009
33623212009
33682159009
33754716809
33973425209
34000274009
34044843569
34165863433
34234316489
34243137049
34426438969
34587569809
34862180089
35217543689
35731843849
35898313889
36316035401
36347000209
36990281309
37201952489
37266136609
37270928809
37554110729
37854204089
37911517849
38024233949
38224799689
38305920809
38508822361
38633099969
38755235209
38915171689
38924620009
39400592009
39406496009
39407488129
39525117809
40169729609
40189460873
40228357609
40371973609
41048925577
41083729609
41108559809
41178979039
41239688009
41243453449
41671437509
42431313353
42543594817
42877999789
42943373209
43014569009
43202393509
43277053829
43431095689
43459452409
43494983233
43929995209
44063787329
44192776969
44593000769
44785664009
44945334793
44960423209
44971699649
44976290249
45112429609
45176573429
45327675017
45370662409
45491488009
46143419209
46318190809
46729276009
46753091849
46829484809
47023947529
47232816809
47279656069
47384243209
47620236389
47620939529
47621580829
47694395849
47723339309
47860120009
48009424969
48019010909
48143586829
48540647689
48898145129
49149424489
49230747449
49525576529
50068040009
50124714649
50603877809
50719776809
50775961609
51047857289
51266442089
51303956609
51322070809
52059370309
52223503369
52481086009
52519201289
52692007433
53177830169
53274313849
53457466309
53642045389
53895016969
54191680009
54203576969
54245058569
54534487709
54932782729
55150921289
55605025289
55725454409
56079943049
56140662409
56185507933
56312305289
57387224809
57569276609
57775676009
57810294529
57877996969
57956771609
58056729289
58759178249
59212988809
59435728361
59696280809
59736906889
59774614601
60016567109
60073026169
60280102409
60365401609
60462935689
60904209529
61154358281
61154506009
61188940189
61306835809
61457884169
61805264209
62070910969
62442808129
62536995209
62837074729
63824528777
64503907169
64524268961
64716288569
65076479689
65246419849
65667121529
66218545129
66241055309
66369846409
66481049609
66624660349
66873730009
66973430449
68419256509
68495090729
68604497161
69573035177
69778508809
69798559609
69901283929
69983107337
70522679929
70913427209
70914724309
71273798809
71647882889
71868027449
71914548169
71938762009
72339496721
72938705849
73052994569
73057166009
73063182929
73176502169
73841915849
74149279369
74245363721
74357785609
74965540169
75012589769
75031103429
75149312009
75171065209
75827539489
76217405609
76664784569
77173678409
77946373129
78058944889
78214716169
78220756489
78268584809
78662314201
78823124809
78833768809
79148008949
79211393809
79786729801
79897101449
80267886409
80493168649
81194045669
81389545169
81414716609
81441148609
81474601609
81804046249
81857768729
81887227529
81891215857
82325210977
82341131609
82541462089
82555827209
82591936009
83011848649
83416859209
83780556869
83797859609
84531040729
84961735049
85001352809
85369151569
85424835449
85653037609
85900813609
86049896689
86246392969
86303801089
86767331849
86956065569
87591770249
88051408489
88247103709
89007487129
89010774229
89617035517
89750327689
90028103009
90721708649
91049291069
91260076609
91825615849
92311072709
92765351809
93154600009
93322737209
93361650209
93723479509
94499617529
94530949249
94607418629
95034247009
95305272253
95795100137
96357318409
96796863809
96825883009
97171714649
97265472809
97438300969
97678208329
97685039881
97701312809
97762634209
98529519209
98652318529
98769160009
98784648209
99228426649
99344217709
100054577009
100239683609
100347755209
100412025569
100543347529
100792344389
100852444121
100869112409
100976067929
101786285129
101942116649
102039938009
102600986189
102807073609
103047574009
103068456409
103312139849
103320059929
103681133257
103692578089
104568706009
104817763609
105440700409
105501335929
105584351609
105648620009
105773255569
105988232009
106023217289
106059997129
106416746081
106967539709
107055821609
107329449929
107420230409
107450006729
108261627049
108295221449
108488806409
108989111009
109108918529
109663634009
110163368009
110213230409
110257322569
110276566409
110278997609
110703724769
110760862249
110877393209
111307917149
111674927989
111761434409
111976015129
112342533641
112345408769
112698640609
113332198729
114423741449
115012548209
115106424169
115258682009
116029681469
116578846409
117306463409
117339951689
117528250169
117576520889
117648608009
118024218629
118369323809
118409261609
120363392809
121089892009
121408262369
122064489409
122113069529
122440932469
122654049449
122744336009
122902816153
124321096909
126005181929
126055840829
126153023369
126233309609
126544633609
126559599049
126664445449
127202479049
127314387209
127700800649
127713031609
128088500969
128209589209
128610706849
128692498229
129092454409
129498485609
129757318273
130108391149
130246644593
130342901929
130788784009
131296880009
131628519209
132642190109
132918561829
133083416233
134113843769
134355760009
134971713809
135818699209
136110262969
136132983359
136696560569
137713379969
137829519529
138076502209
138601217309
138917806729
138987088249
140514521009
142572362249
142642058729
143328038009
145096567009
145311136009
145682237129
146069356169
146132119177
146408522689
146588102089
146706649609
147046522489
148394121353
149446685089
150120691849
150244354409
152064059849
152288408309
152466931717
152616697649
152770347809
152801028809
152891057209
153208168969
153400289009
154189811113
156079367089
156079400009
156429340649
156528554009
156658816169
157651053989
158831780809
159238882097
159495924289
159957053209
161062839193
161410198609
162246071689
162492504809
165410398729
165584003273
166982054809
167195799689
167609079209
168688150409
168785520409
169082378089
169639482329
171023782169
171292501081
173137857629
173897978249
175521903769
175602826009
175782022009
176535372841
176664699209
176942675809
177028167689
178914210809
179314679609
179493150889
179608438889
179793849769
180948583049
181519898569
182847509689
182847986057
183367926289
184392082849
184935367009
185142737789
185383968449
185714097049
185924732009
187708539209
187946704969
188827683209
188847127709
190313769529
190651953809
190904874169
190920406729
191345735009
192905772809
193313573609
193515235769
193944869729
194787611041
195310425809
195855932659
196201522309
197706128993
198096609269
198884781209
199398935593
199472218409
200397030409
200434867649
200845177009
201419466649
201513680377
202153777709
202391969789
202413836809
202451666153
203028627769
203587713569
203797592249
204134551049
205413588809
205536167209
205870237309
205889138849
206290266949
206294949289
206417509769
207157933609
207494067209
208121602313
209144916409
210093907529
210115624169
210319653553
211945184009
212041210249
214235861849
215172769009
215233144009
215357450009
216073825249
216237874169
217122825929
217604907529
218211266009
218247642209
218263969289
218696334089
219265106489
220177725469
220564839049
220992676949
221507789009
222966207529
224088857449
224403630809
224463077897
224724131809
225700454989
226081290149
226226996809
228646359769
229199457289
230031903149
230227325549
230881019609
231833096329
232761393929
232968680009
233325747209
233665932289
234111460409
234442249609
234749071657
234934822369
235275708589
236563894009
236708416009
237079068809
237160693289
237919722469
239055412409
239134665289
240297452369
240691150709
240875969609
241866313841
242289483809
242790679049
242896102409
242934222089
242971836809
244205966629
244507749209
244918490969
245042170109
245493320809
246002829809
246377999569
249172388729
249597138569
249657210889
249789710729
249840030449
250493250709
250554779449
251098620509
251607381749
252443266889
252942206009
253129820009
253469590649
253538343529
254058132169
254492062729
257170631909
257224108249
257947674049
258059038729
258303354409
259116474409
260060350169
260197417489
261720807049
261799404169
262312490449
262619932129
263332335409
263558096489
265245559609
268010365489
269050496009
269231623649
269385744329
269611369729
270223676809
271112364409
271592284249
271966860209
272055977609
272085194929
273489673609
273585032009
274467300809
274586979529
275696784169
275764324009
276041944649
276996586889
277520995529
278806428329
279280124489
280661516809
281656748809
282070188409
283106364809
283395531809
283678874089
285504801929
285552013669
285651774473
287578811179
288542986069
289199569129
289503380329
289872796169
290501509769
291489195209
292275095849
292683385129
294200537609
294346406909
294624036569
295831303049
295983860489
298121496409
298624562329
299475194489
300171944809
300694593089
301179232649
301341340729
301476116009
302185231049
302273056969
302881820393
303150636809
303258749209
303510122729
304142784409
304356741929
304588091201
305070185849
306251926409
306762255809
307355811209
307722271753
308133469289
308724132649
308847001577
309275961353
309852200009
310063204009
311714095009
313531595309
314098281989
314709041929
315498070729
316581536329
317216086889
317530681169
317724134009
318321263689
318634436129
320011824809
320241761849
322935548329
324015807929
324392422409
325741929049
325921446409
327262722809
328170821449
328974098189
329847639109
330010681009
331199541409
331758957049
333042001609
333065753449
333221560009
335284294409
335400104713
336312356809
337214270129
337886940809
337983795697
338854980529
339248089609
339602657929
340196964809
341261204489
341896667569
343480491209
343759884169
343777487909
343806226409
344996460169
345137122889
345152544809
345273008089
346258122569
346493100809
346686214169
347333116009
349669335761
351569901769
354457411009
354724567349
356255771209
356298242729
356967671489
357537913609
357742985609
360128538121
363192860809
363472116233
363519656509
363580207769
366316097849
367597965709
367610516009
367754968009
368207574709
368478080009
368804497609
369125957209
372001999609
372593328809
373045498969
375699049609
376265907209
376695200009
377991586009
378340412329
379015091689
379203482009
379556665609
379605716009
379893167929
380601100889
381407057929
382534440649
383536533809
384630222689
384647404969
387280626469
388043710217
388153045513
389065549609
389262924809
390820051609
392756620489
392936772601
393103110409
393272468489
393318020489
393504322409
393652856809
393793052809
394899208729
395410288009
397027107689
398056423529
398747689769
399269115401
399492991049
400201469369
400423414169
402990468169
403207946969
403609400489
403665009449
404191244809
404890270409
406666342889
408363099209
408444478409
409402100809
410017455857
410089699721
412794498769
415055000009
415530770209
416312042441
418212492209
418944763169
420328060889
420572561509
420638792009
421738004809
423388611109
424049165129
425276492909
425586230729
425741522089
425857432009
427334319113
428458584409
428595958709
429517809289
430929471709
430929926009
432022463609
432573011233
436706614409
438096686729
439570037489
439651374409
440034726569
440074718729
440926376809
441235537609
441736282409
442544685449
442819084409
444414530569
444785513929
444836683993
445060994569
445697035849
446718798409
447060757009
448106780809
450736381069
451265756909
452297015209
453487034009
455568473509
455607650969
455623430089
455955678089
456992851289
457269760649
457398389569
458629183769
459647246089
460958278153
462437122169
462622720009
463495448009
466286571529
467527900009
468358420049
469696528009
469807354729
470270231209
471814241509
472410461129
474118825609
474181697449
474506176153
474555650809
474717591049
475755660809
475830513769
476162668529
476645995289
477051612809
477758344009
479337615493
480328607209
482058976009
482189518729
482834541289
483187534729
483263651209
483477525089
486421129489
486751371769
486780219809
487306255753
488144697049
490000051529
490748325769
491711360149
492810736009
493060971881
493155324937
493403102929
494160253609
495214746409
496214344201
496405891529
497096656009
497803880009
498056478929
498823498609
499006785209
499377388169
499427749249
504353726809
504397532809
504440809609
506678757209
507019620809
507544821289
510745786889
511219834409
512164157129
512837517289
513223998569
514419197609
514695050249
514966612169
515726911709
516316485169
517005125009
517243126409
519546221749
520433032009
521440512329
521650008889
522270121109
522413785609
522430597489
524131320449
526478859209
528239918089
528486187009
529730397209
530119520009
530439784429
530832370189
532621541309
532844295817
534356790409
534495526409
536152416809
538268384069
538421969809
539421756809
541307744969
542692352809
542942093689
542952991009
543265968569
543374754569
543792768649
544390208969
544503232709
544907035529
546495363241
547685356409
547775735369
548801693449
550939887059
551691078409
553095342809
554250310009
556995679249
557224925609
557264158649
557729009209
559014804049
559020797449
559894855529
561049204249
561755440409
566099027209
566299044169
566461658009
569228327369
569690196469
570480645289
570701098249
570881534089
574049907209
575710834309
577699009589
578546781241
578578300309
580259559889
580529672809
580778105609
581664030649
581916974089
581958675769
583573084169
585221683657
585723255259
585750659209
587729223209
588412043921
589227333109
589875654377
592123290889
593281494409
595877349769
595984256569
596356250009
597271292809
597729720289
599366804969
603992601529
604791248009
606160714889
606705352409
608246740649
609562272601
609674542409
609681492409
610207117529
610327098929
610944804409
611845288609
612420137849
614570373769
614618129609
614971477129
618363698689
620838931009
621263505641
622013452489
622040012009
622930063009
623292023209
623791424009
624205010909
626259010729
626288176609
628408120609
628686630169
628781150069
628959593509
629532816649
632692688329
633533893309
634632678689
635407403969
636105296489
636574223129
637806520969
639133632553
639373187609
640298631401
643036366709
643787784649
643789722409
643990691969
644648231929
646169518969
647531008553
648291919669
650522480309
650558924609
651811476809
652720307809
653835845129
657578054309
662038179889
662765787209
662867742329
663067847689
663137095049
665717066089
666000998009
666143403869
668332022809
669139716289
670019326909
672747083017
673217242217
676475615209
678322936993
679264530373
680540121833
681405652009
681838299529
682061755657
682244886409
684446999609
684942418169
685483198409
685499538089
687018404809
687235380379
688220831209
688375049609
689635334089
690052262909
690075242789
690505610089
691443887209
692791326929
694721695369
695879427889
695981405009
696347164249
696791756089
698946888649
699979353929
702373371709
704139598409
704732796469
705289785209
705388245593
708293780489
708528608489
710156067049
711278136809
711544392169
711780859249
711807261209
712062837949
713299246409
714197311529
720187252409
721775944409
723906841849
724626943049
724882470013
732536669209
733689240209
734065807189
735680204009
735738386249
738566279369
740324361569
740862600409
743466099049
744230560649
746686525429
746718061609
748415309609
752224033801
753796332809
755564044169
756118549769
756287039209
756382318129
756928046009
757174352209
757679006149
759245267209
759830308169
760052737609
760275408629
761338473377
761927386229
761973863209
765776211209
765957161209
767071320409
767747959849
767824602169
768685388809
771389355529
772605596009
773005345849
774446086241
774459030809
775429132409
776487395209
777152469193
777436831609
777852460009
778328877209
779001440009
779391427369
780095680009
780276660809
780313354249
781284803209
781577202569
782681354849
783135791369
783363761609
789130897109
790364294729
791425292009
791456831993
791920514849
792121655369
792406487609
792798944009
793477725049
794143258729
794974888409
795754014757
799867587529
802430766209
803020577689
803044211209
803240357929
807467987909
809655576809
813195423049
814235815129
817106880889
818954659609
819518704169
819644866889
820278457609
820360248409
822507453469
824003451049
825324323209
825354345209
826238677049
827752620809
830391296009
830713243369
831346089289
831743292809
831809422009
833562266189
835676528969
835731491639
838653216553
840887864969
841091513609
841372323073
842705525209
843283349249
843717640649
844843683209
846006380809
846388617629
846610532009
848747667049
849036440009
850573691809
850922098609
851961125609
852885184489
854350232969
855343879289
856917042109
859311918089
860197583009
864085970449
864313788809
865094687753
869315480009
869589544777
871402960129
873072070789
873237836809
873979494089
875917602569
877764164489
878526626329
880782752509
880904259209
882330472309
883576009129
887045185609
888973032649
889878549593
891579735209
893402155529
893498853529
893949320009
896214938089
898140865169
900330274489
902193164489
903594184649
905372431609
905529226121
907345539109
908214025609
908593369609
911927735609
912213446209
912588776009
915158071529
918617056009
919925477809
920320853321
920917412509
922582661009
923290568209
926511557609
929185268209
930067967497
930470542409
932956769929
933880065001
935919925369
936103562249
936692273849
938574336709
938693715809
938982726889
940096720649
940615511009
941690560729
941812625609
943613070409
943718198929
947742367009
948127735529
951548333129
953163747209
954917896669
955161397129
955920750409
956203156379
957193207889
959238229609
962559542009
962929096649
964169402009
965025575449
969072080009
974450138489
974827846729
977841355709
985056086569
985980483497
986567449409
987007889569
987397537289
989891504009
990230687609
990249456793
991922511589
992257528649
992863619449
993302029729
994161280009
996883040569
998954439569
