484133
554749
618481
3898571
13810481
17710811
27754681
68170091
113268161
132484891
488476513
562612331
629962801
944029141
1759856741
2024292991
2406729331
2491302281
2740377481
2781100471
3089281663
5561766931
7176758881
9455678381
9582447881
9628639943
10737000007
11976314881
13688668181
15122563231
16623343561
17329537231
19951069081
22232762131
23436142631
27291588883
29110892201
34948231331
35077661131
36818532631
40572036511
44922262391
45830806181
57222260941
69296201981
72276701041
79172410631
97205501581
110327774381
140117310053
166826650381
191922417511
216511820531
217654889731
239782535531
262707771871
280178782201
284959589921
317272031341
369517236521
392799091691
399902662627
451370308631
458703639631
469448479181
528895860031
535126667081
594697428331
645284494231
648161973871
657153178831
743930070631
775604330551
785167590031
828872254601
888406704191
990977540111
1042313964131
1104244854481
1116548656801
1137877491281
1289792690731
1411191034561
1497797923831
1632952171381
1650299052331
1687672507681
1841821144631
1947683684381
2175117860131
2180238011881
2227454733881
2628975799681
2727674366731
2953517171513
3016843627531
3024914874581
3032806251481
3072066746881
3142288055731
3184559984381
3504692106383
3734056109251
3762141348881
4051745882281
4075469204351
4227001778291
4283424648181
4288357463891
4466102304131
4611592442281
4661954754281
