387127
1344517
1430449
2125642
2383417
3542797
5808067
7592577
7834042
7930117
9241627
12122947
15250942
21928717
37908667
39355867
39627217
49825117
60738622
71092717
90640927
110995807
121338742
179404477
207315667
227750242
239573557
316111942
316570267
336891142
339583447
478013242
486214237
504556282
504967897
512240617
526852045
526892842
633174562
677225422
677743102
682778242
760434667
816748015
936362797
944451487
1223656327
1260233227
1410999967
1441948942
1487142397
1491868342
1525048342
1596695077
1658668042
1718448157
1748368762
1918605367
2033914042
2133069667
2440113382
2668667059
2708963722
2894847913
3023047747
3180337642
3246283942
3303321517
3322542502
3659627782
4061342017
4205618542
4282688017
4543396642
4994523442
5141065537
5170884067
5527959607
5624659747
5734460647
5831505217
5884085017
5924214847
6416668657
6732618742
6843712582
7284768769
7291614322
7415277337
7619420242
8023551742
8025729067
8549718715
8772513742
8978707477
9158808547
9168909742
9544891777
9928744642
10150880617
10791870697
10960198417
11085721822
11812940902
12301345522
12999659617
13476625987
13498140922
13640096242
14011948327
14746294717
15993269767
16133488867
16188090022
16228014067
16253891542
16358811517
16552894042
16718838337
16750910917
17297817067
17540137747
18595021357
18766073467
20070897247
20572894747
21111487417
21390086242
23678373277
24095274517
24689835442
26324475031
27013767157
29322225847
30023787142
31680048322
33227867242
33584292937
33606463267
34242703417
35037860005
37077073117
37163163007
37727435359
38349865777
38700429067
39096118117
40734574642
42409083457
42498174277
43505377102
44110918027
45036521767
45619521562
47627819242
47879347762
49112601607
51648053617
54022177117
54606918337
55443636163
56365867837
57158206867
60135198247
60137760367
60605410627
61187209642
61739536942
62694677842
63276736627
63574576057
64746532297
69596084242
70035524902
73100072017
73221501142
74568844342
76659152617
77173588477
77662305622
80413599742
81422810362
81448612042
81529831117
83430290782
83672781682
84472420717
89829709417
90687403162
94929126922
95146128667
95731236307
97925498047
101054210977
101105754742
104553785977
104900154022
105257517742
108043661557
111717881617
114703376257
114761352082
114778617967
116537068297
116832330442
117252270622
118898644087
119334647242
123337434142
130621576042
134100139942
136681200217
141247660942
144516303742
150173494177
158281454617
161941207717
163330958167
165422150767
165915971317
169749889642
173967856327
179156360242
181802545462
183472679767
186070557742
189259034887
191658577942
192916251982
193649117059
197066298142
202418172982
204003895747
208268589367
209510804242
212895868177
215492514229
221627963017
227714952367
229539844162
231229158817
244353745342
244613839267
245137377862
250596446482
263717833267
268242662557
270410946742
274379356117
275659897267
275928785047
282560957902
285283953442
288687961837
290270386342
301647025693
301782113842
306179151382
308315078182
313463328742
314642545867
314848359862
316234143217
323455880377
324847611262
325774202242
327211834942
330078330847
338999375467
342929657062
345803403817
347705653987
347830535242
348162868207
349018505542
350554484467
355557438487
357298574842
376872611107
379411772347
384425378722
385199410042
393016646179
409255301359
415433117917
417342170242
419690949742
421086833362
425575526662
427759819102
439757282242
445286716867
445595635477
469346123917
486981910342
487634186317
489648055042
490286118097
505320477067
508130516809
510489168202
517365010882
518063157142
522308688517
527052748042
537337492342
538864675957
553670943202
553889043502
554820820021
561041402095
569738636767
578278423267
578381420917
579758344417
579915366022
581698716157
584323239547
584451267847
585421081237
585697306942
589712078827
596710939663
602629055482
611952415462
614608267447
621236249767
621390269422
622407692647
624751215067
637175939617
639655850917
643477454227
649966662862
652535594542
665319256327
665814530542
669843494767
677699798482
678274993927
687676963042
702257540977
711160505782
729022940677
730768985317
730795163167
733680961642
738786362482
746637063157
749015825242
749251506787
772323757582
785085109822
791414759842
796859130367
805880668117
813088685842
813355329142
823541395942
824199030802
833405122927
846170428117
862106924242
870980190787
887771634742
903808642267
909330752377
909440415337
916583580982
919424946817
940006787257
962303412097
972926633242
978115934557
984351676762
995568925057
