1886
50711
628421
766931
1105646
1778621
2523902
5430047
5836181
6265805
9306986
10671881
12450371
21817715
24953666
32029934
34836791
38697746
48807671
55252571
57264161
63697721
69300086
74157926
78434681
87972881
93163451
101035931
112777661
120588191
149594441
151552166
158507681
164350061
181541006
214197854
215854271
227856470
235054886
239322821
289238846
335068646
336508106
364696861
366072521
381982646
414784121
420636821
438398726
461056046
542122346
660016346
681537398
692018771
696630671
713577146
746055761
824224166
914951726
941596151
1018431410
1122091421
1124246651
1176780146
1237701146
1315173911
1357477286
1359656546
1426328186
1526834606
1540587902
1566068801
1609446263
1610838806
1717659086
1750013471
1846411871
1860600101
1876307891
1953324446
1958639126
2045264441
2128484354
2238378026
2300120546
2317071746
2447949731
2785456670
2874633458
3048908621
3079071446
3182008826
3222735386
3252350321
3274528946
3309058166
3357384026
3377674751
3634668770
3737813306
3794334566
3809909606
3924138335
3988613471
4234651781
4260518321
4399679371
4429330286
4575162434
4589890511
4694501066
4721002646
4879243946
4959361886
5015818886
5027817146
5028844586
5053628471
5940708521
6657306161
6753707411
7358808866
7411002266
7888867934
8227115186
8280309506
9557745746
9566948471
9641374046
9844137761
10005665666
10153900886
10190389946
10202444906
10237380611
10637387771
10767607301
10780181786
10909512302
10958342846
10964075846
11240836526
11294978054
11359993883
11468857991
12010296866
13722735686
13918210406
14408854526
14549763110
14611255655
14624427686
14665591391
15014018246
15118954826
15523440071
15737497541
17694285011
17985093386
18494191166
18906322046
20284453346
20295521294
20420551301
22630223066
22841821871
22869831281
22914277781
23386661546
23517574934
24065385746
24877371515
25032247691
25141593641
25793788646
25800177155
26240263466
27344653241
27711732746
28719946706
29811997211
30426481151
30636153866
31656853121
31665442721
32033344031
32307931106
32477991521
32994615461
33210692546
33506677886
34086273581
34289514221
34382002406
35013334121
35289243671
39488759621
39990100271
40201170746
42130435226
42154032371
43158883946
44527156241
44864398211
45989852051
46428909215
46602177926
47284322081
47793749846
50575803071
51177212654
52283049881
53193261671
54219176546
55053033746
55696972271
56849084222
57037770401
58708735466
61959710102
62020590782
62912116406
63685514321
65774500781
67125715646
67794032246
68215413647
68260403966
68400547211
68529065666
69460010231
69903536021
71399538371
72340204946
73787490311
78148747106
79276166177
82851402245
83132234531
83629150601
83688973511
84575320826
85483654421
86698594121
86859179546
88054795391
89223001682
92162277671
92332977026
92712622271
93425776466
97677175046
97773900521
100939383086
101984087201
102198964721
103267667786
105048936311
106257414371
107715239621
108051618671
110684933771
112230434921
113824250186
113934871046
115926775961
116591640161
116951647046
117143801771
119345029826
119454866366
121225551611
125182884830
126455370206
128086550231
128917073246
129453050471
132608755121
133178459711
134500518995
137034891626
137240628521
137694058106
138119732201
139146817946
140550898946
141541138121
144472954391
145900105061
145958985311
146520881426
146893995986
146986586897
147215740811
151306844846
154134632921
157683302591
164412342986
167269843121
168175825961
172740462221
179952065366
182002295471
183236562491
183942179417
183942887306
186456440621
188019929786
193831949426
194827532441
196712791271
196800632171
207476856401
207850508771
212410607846
214615367501
215756628746
219006424346
221198080001
224091938066
227039586341
232165656971
234278610926
237779188601
246673492691
247204104521
250884732731
254061592781
254134983461
258062770346
259384230626
260121985301
264123909311
266651353391
266856233666
267613834946
267617938661
268543765121
276647852246
277537849871
279280633346
279829121711
283432158005
288938359706
290719839686
292645235921
293095627331
299563413926
301828859006
309807456206
310591148486
312031260761
312419798141
315807393911
315864389291
317313931271
317886570221
322163682746
324053955221
332788271321
333613733981
336632102321
337794077786
337968878621
340604184371
341015969381
341156931566
342623426999
347617180361
357572666615
360559119371
361751100161
361938159671
364476627581
367408961531
369310809206
371401925891
377629478321
379430175146
379549021694
381075074519
385180648646
386807668166
394176462746
395213707346
400549774946
400591932191
402461199311
403691661446
405448497842
407544093146
412924667081
413122513541
413607836246
416148364346
417616991726
417754618781
419685376946
420622916171
423074077961
424685656226
426155692721
426870598451
433156469126
434680905083
437184957821
443367614966
444565161491
445331012045
445422527546
448616962706
449725887446
453859033701
456366933221
463224342731
475155553946
480571057886
486336232301
489053501303
492764565146
493022479946
495137184746
498671823191
502801738358
505821382286
506269942601
506557540121
509741230841
514117530806
518377872191
525779011571
529776988646
530260007546
532039258571
533369038055
542045341526
544370336726
546952941986
548197658186
548729451266
548958927506
552830404346
556654530461
559197066281
561321838346
562390924931
563627814746
565296295586
567751954766
568530493226
577671283031
584232499301
586550449166
593340893141
595440500651
598158070121
602391872030
603754650446
625521702146
626617127846
628120151501
631450022486
632313458861
641895451466
647270013386
648325147466
650429249921
655947098621
662888951546
667649037506
672276956171
673967465321
676729479191
680433115631
680894801726
681873725606
682856801546
687639662321
695680749221
698731146431
710055942746
713729832721
716626225766
718686522851
729854977001
738251739221
740426719721
740493718646
742986168746
752888055146
753478976246
757821065621
780614219381
782333787686
786333217766
806796691151
809133601991
809945045906
811667251391
815465366621
820110009110
827225080106
829248058481
834091774421
841132725026
855625441121
856497497306
862880838746
862914008246
864899851361
866903376335
879972166706
881307631541
882953275343
888138006206
890646064745
894520604246
896981926811
902687541206
902801778809
916287933011
917092591271
920230881962
925821419666
933620177486
934953015146
937805524106
942295218146
954664602881
954679426151
956971126751
960674698490
964364821871
968221617086
971646119258
973975201181
975215753321
987271285451
995505475961
