104355281
621193
248411
302257
402641
410167
807091
1514267
1541369
2020801
583573
2693771
861457
5837599
1636099
2932019
1388749
2171137
21699757
7205789
1966087
1007451559
136765331
3729277
3799009
11371531
8338487
4454057
12305443
5242073
7160753
4872559
41567
5518181
41449
13053023
19094249
44197
27560297
16554883
42593
47083
47477
41989
15896129
45571
50429
16086563
48319
28855559
64777
49163
99157
58447
47053
55453543
329530847
30561653
62059
160805861
72217
80543
65339
73813
50621
22669957
61423
57599
64807
53357
156351353
19471091
55687
64291
60491
59989
15494131
15909133
89701
18126467
116843
102709
71189
68021
64507
93623
41389147
72731
44444927
69133
40189403
67591
87953
426147133
75067
75637151
97781
76151
89039
76693
72899
77837
43926383
78391
86267
41867869
87391
89077
79523
119143
112052807
39344413
112977659
103459
46719143
132731
28514467
50638853
2362197469
96091
51268661
101617
123107
102941
143041
95477
97343
143371
98587
99221
109237
36414107
125449
35360399
111547
60126481
6504039263
115519
142661
161197
117613
162521
166245133
118829
2760988091
125701
110290967
146929
116939
130012621
175477
46914053
56255659
57631111
123197
101882507
150463
150419
152849
151117
82065793
182293
92340917
126727
205039
173633
83650949
155011
70244453
159197
151979
154507
239249
60795643
183811
178729
212519423
141367
171953
180049
142859
128188537
162373
147431
145157
56466073
168019
218693
164009
167137
166343
171107
193339
327155449
84614329
172189
113384333
194081
772254577
186913
171371
186503
180589
85349063
181427
189029
192397
181451
183941
199553
197881
150762077
186623
224155873
194417
276271
190087
189209
161162167
395569
114859139
207887
198907
194477
90868171
390283
202451
205193
311599
368955569
206989
152063819
99577873
227333
996897637
211591
316229
210677
225481
263231
231037
213443
216221
120435097
424663
146042789
179460161
266389
253727
154655129
254701
370415333
265631
638225521
239117
136002949
456487
281861
268577
114537043
283307
4356069379
243013
128114603
354049
255811
273487
256793
245009
368761
729314077
364093
169986149
284987
250997
522360973
315619
377753
