52701
138601
150121
316561
506521
629911
762841
798571
1149009
1282953
1412479
1454321
1559818
1592961
1609833
1751839
1798993
1865971
1916461
2149309
2725201
2834173
2840761
3459761
3702601
3767149
3796129
3868801
3925351
4208737
4445701
4599181
4651681
4725841
5414851
5661431
5723257
5835481
6056821
6255541
6554131
6571601
6582961
6986251
7199281
7392901
7545961
7672237
7711679
7713511
8107177
8470441
8539786
8559721
8725861
8809417
8929831
9425901
9536861
9549001
9960427
10034641
10605001
10615489
10721959
10723861
11706971
12493681
12813274
12906841
13783561
13954711
14264761
14477541
14795301
15428953
15993033
16925011
17345539
18069931
18190921
18697501
18715411
18723817
18735601
19069541
19460409
19532401
21720557
21783961
22040551
22517089
22634569
23247379
23801401
23838409
24967711
25502891
25536601
25705513
27085451
27308501
27941881
28423009
28618591
29765539
30116801
30339511
30774801
31178881
31665971
32772709
33430981
33999491
34698301
34849079
34865471
35246101
35504389
35529001
36396001
36613513
38121841
38700113
39091921
39166051
39483577
39612601
41274091
41657821
41776561
43146379
43576501
44062921
44194951
44617609
44852809
45022069
45126529
45213841
45270601
45768251
47190221
47637577
48223253
48495601
49724401
49863661
50061961
50151241
50304241
51424831
51632101
52011037
52035961
52374631
52537681
52588771
53369801
53665291
55265113
55371451
55575703
55638871
56035951
56165977
57630701
58594537
59001601
59542561
59659921
59777641
59858839
59883877
60036418
61437181
62120401
62411973
62749369
62786409
62903401
63974989
64132426
64203679
64339111
66254401
67527331
67624051
69427777
70016761
70844761
71060761
71726061
71916769
71946131
72881641
72915877
73045369
74427001
75133801
75275677
76772851
77570389
78587879
78672151
80157001
81244951
82485649
83583249
85269061
86452129
87139801
