144940461540661
155877454897561
157529730393001
168266529486721
186272667362401
216698245356265
236404588691041
238168709563051
255790322593261
269848495082431
277843188823201
324759252975211
334088128280401
349600676255293
473076390115729
589271598088561
593204436719929
755572078700209
917729213567761
938541780256081
946699279067521
961788162899701
1023698879695801
1045470662664121
1114852348136269
1295971290159001
1347446429521921
1513677741705361
1540162010998801
1590330746396101
1659485129591521
1784936549711449
1853899084409401
1905099549370921
1905662631061441
1958509370764801
1976040102722401
2268102525107329
2280700112147773
2537495070455041
2613956331451501
2825022785719681
2835775768462561
3004878755105701
3185999513516161
3433771391734321
3829425475932001
3879382961923489
3970582609276801
4735789179570721
4954476138110677
4996328360361301
5078524207465801
5321923180460713
5387508704200897
5846541462863209
6236209635163201
6273253750545601
6361026110318881
6416153277142951
6526394369684641
7088868329306401
7656482882664529
8306099168269501
8308424866119841
9026529329752705
9518830158998161
10030045735654201
10110557650452601
10592833397509441
11108393831644201
11687274158640961
11754040254240061
11890720761718681
13084594017478993
13782364080438721
14484998664444001
14599076900732689
15203682808352641
15219597426435361
15321376426920961
15681209768199301
15732513501605581
16734679884594001
16880167928362201
16992061854088321
17437739861021761
17742506605855729
17918644616881921
18567696590270101
19426600534004929
19976239195783201
20119848634416961
20892400736749201
21602919300019201
21837189978172801
21917256399561601
22919021728344721
23235810695143201
24441367473916321
25461446993912161
25712825293219681
25902835241976001
26770777577303761
27080895742132321
27741186409519441
27847258612192801
28686579288868801
30941437306815001
31638240528336289
32098795746732001
32456308471372801
32799149475234241
33055413431040001
34330978273116001
36633091218272641
37416412531538041
37653319596354799
42266902081676273
43902988361914753
48924826167016801
49300758247648951
49378917706272001
50670000529332001
51217085869006411
52524311763094141
53157703424779801
55462840794033121
55674964702808881
63440095156099201
64053284664586753
64823293137386323
65139955623085201
65902243665788839
67852349271727921
68986065800459281
69917099369317201
70187504500684033
70528076605417969
72168156751771081
74784858008325121
79155799693185601
79447670882729101
79716103317849601
84329593216849201
86854962572414401
91109332133918281
91381638905005681
91810074462534121
92235419676120601
97888401904493201
98054079263284561
98887722199329001
100598347411990273
107032744888669601
107472588866458201
110740428331473601
112124533357980001
115166132177500801
123809643387258841
126252287239503331
128382498348229441
129478501343212561
131447210630403361
135369353585327905
139751807396947201
145062838720393441
150001856301900061
150868027050116113
158963177694112561
159508888925257873
159851751186916801
161053574972904001
162379038681199201
166889385475081921
177973613370662401
178504107745131001
180614951706407329
186539529879574831
188786127210801121
192585244539977521
192957755315688751
193074260090176081
194948835230647081
199048885863621301
212951542962470401
216088857968306401
221597649349527601
225035635351519081
234038436224237587
234757790944840801
240735815940082651
241196316100708321
251495794833460321
251544329301813409
253166633784172801
257464855153265761
262670421448812301
270319240269621901
275663084023343251
285678570485530861
287211726143971201
290510718674965921
296829399797042533
300554271538883101
307788610301892721
311304138924765001
319205210667373801
320644244095227361
326498409422269921
354605742803370241
369527902529070601
369822300839346601
380731895745818401
384698248977852001
384966232314446021
400745121294602701
401082264452546161
403938078695996731
406050579644366161
422297533497147001
430445002882946041
435635824570069033
438626723183443801
464009435543355241
464506027214328001
479420525973106657
485418305305533601
486413572991220001
487241996901105601
488214281825524801
495060513820740001
505629584912390401
505986764807991601
510625483957789201
517130069680298593
540232638141596401
544202123056986241
547365154202972353
549508755608768233
551931756390933001
552840415873855201
554022812250331201
565055339715725329
566537115469941001
572626528830774001
592189391043316441
600455170140724801
605527340034432817
608577585769913761
608987869695571321
622508501243029501
632950720211466361
639056745501809581
641499967388595281
644705795164329361
654281768107117261
660799248671543521
663922195784416801
681389278408661341
703390038894962401
706103648137267381
711514946651600521
725886020682895249
733792563864577981
738814338158440321
748207775402619841
758002537615752001
758646724940812621
762859522121615101
769407157010526049
786041675570891191
789084041396570011
808893287497896481
818092647590869729
827509275929730241
827795043623314801
833490561505286161
844894177312878001
845570607458120701
856687254510782701
885170845929751201
907548711770100961
919592789883636961
924192677058030241
927172063449181369
934205066049870721
946986758302999201
955792083097575361
959139102976907581
959832950380958161
994956230205105481
1002595859792958481
1006205787832099681
1028088997299172481
1033611256668735361
1040575822149427201
1041079171450182481
1055937202891621051
1056484333427424901
1084026013353917201
1086902279177270557
1090590502023338401
1091469827715911281
1104915358902066001
1116472021464820441
1116688041079490881
1156109629551418081
1167573247078694401
1233079632195596641
1245028034133374401
1285595024335956161
1292909988134889601
1317897032084121601
1321139910171201121
1333558010303322049
1374948233982770833
1397918462631490801
1404327304346915593
1409669786534045401
1416134198880401131
1422301936465388161
1424101258597858681
1429744233321699787
1437957851107218481
1446820249219727971
1461909572551280711
1529545808422271641
1539602903150348401
1593461300162465521
1599319455588454321
1625033695960200961
1641131131536915481
1684502809525065601
1699425071060349601
1702432683821228017
1704946310457223681
1717327765281340801
1728083505337133617
1740350156449428217
1754796170675096641
1765450199314060813
1781464581739166401
1791924690573668593
1813516717845109873
1865533836093642001
1888156989986047201
1896832382512003861
1899057213200731897
1945119016358595001
1977371863935249601
1993813848546661681
2060889477972850801
2069397179462424481
2071782742017501451
2113875568022158081
2176377619010515201
2197117894515737441
2236749190277110081
2254838502463943761
2267359840966896001
2341536761541978001
2369951785393636861
2389869788590133449
2422196211362578561
2423628384800758741
2430557403483242881
2454993482062736161
2472774201630377569
2472835807693803601
2485715240518890997
2559799747651682611
2569962181474598401
2573600047479195841
2817680861232578881
2822922843790935601
2832089182686702121
2846616245670570661
2853363659551493791
2870859517211784001
2887236853000060177
2925946069256637001
2931346136472442081
2937010309398367273
2948976195997456801
2970342702053371009
3078974993977824481
3089018765325650977
3102836727711520801
3105214330565421361
3127972209754659961
3130765789076188201
3188361341349838081
3228791046437960641
3238675871976186643
3286598093740388281
3302776993576418689
3306133659634041601
3310117718522479201
3321235955836176841
3349108838108246401
3380733098895453841
3412592130180032641
3423574488615858721
3508911871635960241
3531690900223849801
3551404012347391201
3628971485102371201
3630295722230358721
3657388621041644581
3769285795164896761
3773907760951785601
3804434486566187761
3819191807114087041
3863441232790080481
3910218782100983353
3923186770684209601
4003137386895366721
4011241870723295521
4059683672836425481
4090203714191628601
4143283173439925761
4151764096985484001
4177483599858629701
4223227656200353711
4229269969530550201
4261209609123162361
4267655032611657961
4291703907277026241
4344000362249728501
4348746160623760897
4393489031266404301
4409983222669134881
4410214975017371521
4430998601745748033
4553848150700546501
4563754898638677841
4608201288849840001
4633146649555351201
4715612486908036561
4748654616806339857
4783029724334473921
4820468829328425001
4857944665140403201
4874796032329379521
5020044169435495201
5043542384423088001
5081210973809913601
5152988772721748701
5294622729201975781
5334543980305722001
5433403420105596433
5482499509517251201
5539294453443393601
5541405330381696721
5645679998581461281
5732393745406085473
5754451186849958209
5788260927641808001
5807099205532825201
5973566249369496961
5984418071802791521
6011973943701108241
6029365840128852001
6085945872505699201
6104919718630173281
6115378987227454561
6172543791232728031
6195576541499604481
6203358898418800801
6249995245511725051
6267949199886306241
6296043306866227201
6311020416644314801
6320635572019532401
6347784335566800001
6428575011437268481
6466934717493798241
6500616422468968801
6511270739402318401
6527184721186187521
6569241089978406841
6593601402326936801
6688060167005568001
6845703150976143841
6902834264262504961
6915361468886369857
7029850628306977201
7042081115194560001
7051058271347650561
7056219659350592641
7193168170012805401
7200880311910131001
7212233231258615281
7286851098909614233
7299184911793952581
7407576251445408481
7430534973015974821
7439052062977411969
7497617853181156471
7585481101335883201
7586234690269716001
7643732881640655361
7705008111904725889
7735572779937742081
7745309868146170321
7748299154104938001
7793135857845538201
7835622642551697319
7844852618937710641
7903292392348250401
7931632699894678561
7971685011813295081
8015441727208275361
8044879720773357001
8058794290251400801
8072050481550095041
8104683370775540257
8222117219143027201
8263553244513114689
8313756350773407481
8318984299040934793
8409330572132809201
8438620218146727841
8481676458538066393
8620705447253995201
8621612658280258561
8744309939785488641
8796049341727656121
8846944712825927401
8851514206043421361
8949999946047984517
9027453631771602721
9166850042217695041
9180200906396279761
9260688492110045761
9262419948684302401
9273734267472702721
9334889772548414977
9385467611634021601
9466572226214463049
9664159210938373681
9692468318579342401
9711986900468252401
9740698385926622401
9869968058231801521
9911979975454401601
10016791496931004501
10058959321699329889
10076800381839686881
10081297065628609921
10118998931941575721
10212298169469580801
10237405127455558361
10296718897397847881
10490114800480946401
10542669969765997441
10679727364633278001
10736237196472546081
10950134733886911751
11043148218240872449
11116347038609662081
11269002632487548401
11286590061286624897
11297397326807460961
11329694585427525121
11352457730721257281
11443977873761451481
11587715203841814961
11612026355076908281
11714382378953100001
11777632905130812721
11862134001854476801
11913351420120975001
11934609345882854401
11994282518526813961
12008156613572750401
12026059560890190721
12110693336028607321
12152301019389634321
12217740450708723841
12341787938997538561
12358736974942525441
12374016095259138601
12468441062008386001
12489247093564200961
12525080793214737601
12611311609471248961
12625332449747325761
12754010969403303601
12885876660524908321
12995269485400263601
13166300908736755201
13197131021182366651
13235160879185605921
13414879096577366761
13502251144966560481
13531912003271376001
13571498700893952001
13637046809131166401
13642314512666439601
13670340416438706001
13791887415661446001
13854803127115991041
13868356457141580241
14023151211725149537
14253007378257660097
14272829265848589451
14305991750857669633
14334321355614514801
14492220348400835041
14599691102689308001
14809518008190960121
14868930763180391041
14953143151235431801
15060286938065904001
15096359371241748601
15223446330103630657
15365318259054795001
15419094503240142001
15620641846041304801
15665979465929746801
15807508979824598401
15851276617687875001
16107617601602196193
16220749613875875433
16240325299754212801
16351620562355173921
16419799071200467801
16509085160153063941
16622095757552840281
16640881147122631561
16736664570469099201
16792922573654687461
16815523254049749601
17070422793510436633
17084613473822790721
17205921998843820031
17679461184688253581
17695639709657309401
17866284874285100401
17978573444898797641
18093924554188883401
