128
243
256
512
625
729
961
1024
1125
1331
2048
2187
2197
2401
2809
3125
3645
3721
4096
4489
4913
5329
5589
5625
6561
6859
8125
8192
9801
10125
10201
10625
11449
14161
14641
15625
16384
16807
18225
19321
19683
21141
22201
23409
24389
24649
27889
28125
28561
29791
29929
30625
31213
32041
32768
32805
33125
36481
37249
38637
38809
39601
44521
45441
50625
50653
51529
54925
57121
58621
59049
60025
63001
65025
65536
68921
72171
72361
73441
74431
76729
78125
79507
80089
81289
83125
83521
91125
94501
96721
97969
98125
100489
103823
105625
106641
107653
107811
111537
113569
116281
117649
121801
123823
128547
128881
130321
131072
134689
136161
139129
140625
142129
143641
146461
146689
148877
151321
157609
160801
161051
164025
167281
175561
177147
177241
180625
185761
187489
189225
192721
195625
196249
201601
203125
203401
205379
208849
214369
218089
226981
229441
231601
232897
241081
249001
251505
253009
253125
254221
262144
269001
273529
279841
290521
292681
295245
299209
300763
309825
310249
314721
316969
319345
323761
326041
332929
344569
351649
357911
358801
361201
362551
368449
371293
375769
380689
383161
388125
389017
390625
397953
398125
401841
405121
405769
410881
413449
434281
436921
441013
450241
453125
453871
455625
458329
462241
466489
468391
472361
477481
491401
493039
494209
502681
516961
524288
531441
537289
544563
546121
552049
554625
564001
571787
573049
578125
578641
579121
591361
597529
600281
613089
619369
624169
635209
654481
657721
674041
677329
683929
690625
693889
695871
703125
703921
707281
713125
714025
727609
734449
737881
750541
765625
769129
776161
777925
779689
780325
786769
793117
793881
803551
808561
820125
822649
823543
829921
838125
844561
860625
863041
877969
879217
885481
893101
894691
896809
908209
912673
923521
935089
942841
943041
954529
966289
970785
982081
989901
994009
1002001
1018081
1026169
1030301
1030393
1038361
1042441
1048576
1062961
1067089
1071225
1079521
1092727
1100401
1104601
1105425
1125721
1129969
1140625
1142761
1154881
1181569
1185921
1190281
1203409
1216609
1221025
1225043
1247689
1261129
1265625
1274641
1295029
1324801
1329409
1355121
1357741
1358127
1371241
1373125
1394761
1399489
1408969
1413721
1419857
1423249
1442401
1443001
1468125
1471369
1476225
1481089
1495729
1500625
1510441
1515361
1529437
1530169
1540081
1555009
1560001
1585081
1594323
1610401
1615441
1630729
1635841
1653125
1661521
1682209
1692601
1697809
1708249
1710325
1739761
1742221
1745041
1755625
1760929
1771561
1852321
1868689
1874161
1885129
1896129
1907161
1923769
1953125
1957201
1985281
2024929
2036329
2042041
2047761
2048383
2053489
2070721
2093809
2097152
2105401
2111209
2128681
2130625
2163841
2193361
2199289
2203125
2211169
2217121
2229049
2235025
2235331
2247001
2248091
2278125
2283121
2307361
2319529
2343961
2352637
2374681
2380849
2390625
2399401
2411809
2430481
2455489
2468041
2476099
2493241
2496825
2505889
2514337
2550409
2563201
2571353
2582449
2588881
2621161
2624041
2627641
2632033
2640625
2645217
2647129
2653105
2657205
2664541
2679769
2685619
2691325
2710981
2719201
2745649
2754081
2765569
2778889
2783121
2785561
2825761
2866249
2873025
2879809
2883601
2886601
2920681
2941225
2956581
2961841
2968729
2970625
3003289
3007693
3031081
3052009
3070625
3073009
3075625
3094081
3157729
3179089
3193369
3200521
3243601
3279721
3307949
3323329
3352561
3402217
3411409
3412801
3416337
3418801
3442951
3455881
3463321
3485689
3492181
3500641
3508129
3515625
3523129
3528481
3530641
3568321
3575881
3604711
3613801
3636649
3659569
3680721
3728761
3736489
3798613
3806401
3821301
3834181
3861325
3869893
3892729
3900625
3908125
3916441
3921841
3948169
3972049
3988009
4004001
4012009
4036081
4044121
4068289
4081105
4092529
4100625
4108729
4116841
4157521
4190209
4194304
4214809
4225123
4239481
4255969
4280761
4330561
4330747
4338889
4353013
4355569
4363921
4405801
4456321
4464769
4473225
4479021
4532641
4541161
4562625
4583881
4592449
4635409
4657463
4668625
4669921
4748041
4756725
4782969
4812291
4815625
4821877
4826809
4853209
4865825
4870849
4879681
4897369
4902525
4932841
4965961
5004169
5013121
5031049
5041147
5044501
5067001
5078125
5124141
5132701
5139289
5148361
5166529
5175625
5177717
5202961
5230369
5255361
5257849
5267025
5274997
5276209
5321625
5331481
5340721
5351917
5386581
5442889
5470921
5480281
5487525
5508409
5521177
5527201
5555449
5582601
5621641
5640625
5650129
5669161
5678689
5707321
5720625
5726449
5735339
5755201
5764801
5812921
5828125
5841889
5845851
5848281
5870929
5909761
5929741
5934097
5938969
5958481
5987809
6046681
6076225
6086089
6115729
6130801
6135529
6255001
6265009
6328125
6355441
6383125
6405961
6436343
6446521
6466849
6497401
6507601
6528025
6538249
6640625
6651241
6709571
6713281
6723649
6765201
6773221
6806881
6818791
6848689
6869641
6870501
6883201
6924781
6932689
6967871
6978401
7006609
7042321
7059649
7070281
7091569
7093141
7134241
7166329
7189057
7198489
7219969
7230721
7284601
7293013
7295401
7306209
7327849
7349521
7360369
7381125
7392961
7447441
7458361
7463425
7468825
7557001
7579009
7616017
7620625
7645373
7656289
7710625
7715137
7778521
7789681
7823209
7845601
7856809
7880599
7890481
7946761
7958041
7964125
7974021
7983325
7985377
8025889
8048569
8082649
8101537
8128201
8162449
8185321
8213601
8242641
8254129
8288641
8325909
8334769
8339441
8388608
8392609
8427409
8462281
8473921
8508889
8567329
8588377
8593537
8634925
8637721
8637921
8720209
8732691
8743849
8779369
8814961
8826841
8850625
8915625
8921773
8927425
8934121
8994001
9006001
9006151
9034497
9066121
9114361
9138529
9213841
9223369
9247681
9282325
9296401
9357481
9369721
9393931
9402625
9406489
9480241
9504889
9513433
9541921
9625057
9665881
9728161
9740641
9765625
9840769
9953125
10004569
10029889
10042561
10084257
10097389
10118761
10144225
10156969
10182481
10189225
10259209
10297681
10343125
10349089
10374841
10426441
10463641
10496941
10527121
10569001
10582009
10608049
10621081
10688125
10699441
10754551
10883401
10896601
10936249
10975969
10991701
11015761
11029041
11042329
11082241
11089567
11095561
11175649
11202409
11267893
11274901
11282881
11296321
11317725
11336689
11363641
11377129
11390625
11391625
11485321
11498881
11513125
11607649
11648569
11681449
11697083
11730961
11785489
11826721
11864125
11895601
11950849
11978521
11992369
12008989
12020089
12024181
12033961
12117361
12187081
12243001
12369289
12383361
12439729
12453841
12482089
12515625
12524521
12538681
12581209
12592845
12649337
12652249
12666481
12765925
12823561
12837889
12909649
12996025
13010449
13045131
13053769
13082689
13126129
13140625
13143141
13184161
13205101
13227769
13271449
13286025
13350811
13359025
13388281
13476241
13483873
13490929
13494481
13520329
13606021
13608721
13623481
13630771
13651919
13667809
13697401
13721617
13756681
13830961
13845841
13848625
13882141
13890529
13916611
13920361
13935289
13980121
13997521
14070001
14078143
14122081
14145121
14190289
14205361
14280841
14303125
14317849
14348907
14386849
14417209
14462809
14540149
14585473
14600041
14615329
14630625
14691889
14730625
14799409
14815801
14830201
14845609
14922769
15031129
15062161
15124321
15214225
15264649
15295921
15342889
15358561
15389929
15405625
15411789
15437041
15452761
15476545
15547249
15578809
15647905
15686533
15721597
15737089
15744177
15813251
15824033
15912121
15972781
16008001
16024009
16040025
16056049
16104169
16119553
16152361
16168441
16200625
16216729
16274161
16362325
16394401
16410601
16459249
16462225
16475481
16503913
16589329
16638241
16654561
16711425
16729921
16736281
16752649
16777216
16778125
16797691
16801801
16900321
16974593
17032129
17048641
17081689
17131321
17171425
17247409
17280649
17297281
17418001
17447329
17453125
17465625
17481529
17530969
17578125
17602417
17648401
17721781
17732521
17779581
17783089
17799961
17850625
17884441
17901361
17986081
18003049
18016921
18088009
18139081
18156121
18191447
18193357
18241441
18258529
18272385
18285733
18292729
18311041
18344089
18389701
18395521
18438925
18464209
18574777
18683407
18722929
18743341
18749347
18792225
18809569
18826921
18913801
18966025
18983449
18993625
19035769
19123129
19133569
19140625
19183791
19189729
19258057
19265625
19280881
19333609
19439281
19465109
19478161
19487171
19508125
19545241
19562929
19663021
19722481
19775809
19811401
19864849
19882681
19902511
19918369
19939711
20079361
20097289
20128561
20151121
20187049
20306377
20313049
20367169
20403289
20417761
20421361
20439441
20457529
20503125
20511149
20542249
20675209
20693401
20703125
20791225
20802721
20830651
20857489
20996353
21003889
21046861
21077281
21132409
21187609
21238903
21253933
21260625
21322561
21353641
21365785
21390625
21460465
21501769
21507553
21515221
21520321
21557449
21594625
21613201
21631801
21687649
21743569
21789081
21836929
21893041
22005481
22118209
22183525
22188041
22287841
22306729
22363441
22383945
22401289
22425625
22572001
22591009
22648081
22665187
22722625
22730625
22756357
22845025
22877089
22915369
22934521
22972849
22992025
23030401
23049601
23094253
23164969
23203489
23290625
23338561
23360457
23360701
23449933
23541805
23588101
23629321
23665825
23726641
23785129
23804641
23902321
23914845
23965537
23998681
24019801
24039409
24098281
24137569
24148125
24196561
24220801
24314761
24334489
24373969
24433249
24492601
24512401
24571849
24611521
24671089
24690961
24730729
24862401
24870169
24905849
24930049
24990001
25030009
25090081
25095825
25110121
25126465
25153757
25210441
25227307
25230529
25328737
25391521
25411681
25492401
25512601
25593481
25646625
25775929
25816561
25843825
25865281
25877569
25999801
26020201
26081449
26142769
26204161
26259985
26418925
26421825
26491609
26532801
26553409
26682301
26697889
26739241
26807671
26822041
26869591
26925721
26941621
26953125
27008809
27015625
27133681
27185201
27321529
27363361
27384001
27384289
27426169
27447121
27464701
27678121
27762041
27804529
27805333
27867841
27888961
27994681
28058209
28121809
28166373
28185481
28230625
28241137
28334329
28398241
28440889
28461601
28548531
28590409
28629151
28633201
28881793
28882945
28890625
28934443
28946281
28955161
29019769
29028961
29084449
29098405
29127681
29149201
29160781
29235649
29251125
29300569
29343889
29345329
29365561
29491345
29495761
29560969
29604481
29626249
29662281
29691601
29931841
29997529
30003337
30008125
30019441
30063289
30080231
30261001
30283009
30327049
30459361
30481441
30547729
30591961
30664297
30813601
30880249
30916657
30946969
31013761
31032625
31058329
31147561
31236921
31241665
31259281
31475585
31559905
31618129
31640625
31798321
31820881
31855013
31888609
31931929
31933801
31942225
31956409
32001649
32024281
32137561
32222449
32234193
32282425
32296489
32364721
32374161
32410249
32434907
32501401
32532193
32549121
32615521
32684089
32879681
32913169
32959081
32960161
32982049
33051001
33097801
33396841
33397273
33443089
33466225
33535681
33554432
33651601
33721249
33790969
33840625
33884041
33900769
33953929
34000561
34044625
34093921
34140649
34210801
34234201
34251829
34304449
34328125
34351321
34421689
34445161
34562641
34586161
34710625
34774609
34796125
34845409
34987225
35081929
35129329
35153041
35271721
35349481
35356321
35438209
35557369
35717305
35738681
35772361
35844169
35934301
36077257
36084049
36132121
36264691
36348841
36445369
36517849
36566209
36638809
36808489
36881329
36905625
36954241
37075921
37100281
37218853
37222201
37347493
37368769
37442161
37463251
37466641
37515625
37521601
37537921
37589161
37613689
37648513
37662769
37704385
37732311
37736449
37807861
37834801
37890625
37982569
38105929
38130625
38217825
38235925
38272753
38344321
38402809
38427601
38477209
38576521
38651089
38700841
38721025
38800441
38950081
39025009
39150049
39225169
39244591
39300361
39325441
39400729
39440401
39480001
39526369
39632125
39677401
39702601
39731581
39753025
39784921
39822841
39828721
39882817
39904489
39980329
40038125
40056241
40118113
40157569
40221117
40233649
40353607
40360609
40403881
40436881
40462321
40538689
40615129
40640625
40650625
40691641
40729825
40813669
40819321
40921609
41038921
41083561
41229241
41302261
41306329
41317633
41490505
41589601
41781923
41847961
41874625
41899729
41977441
42003361
42133081
42265741
42351505
42354325
42471289
42508549
42523441
42575625
42627841
42680089
42730597
42863209
42915601
42941809
43046721
43072969
43151761
43178041
43256929
43260493
43309561
43546801
43573201
43652449
43710961
43811161
43986977
43998325
44049769
44129449
44262409
44297121
44342281
44368921
44416801
44528929
44609041
44635761
44652673
44700103
44742721
44769481
44903401
44930209
44949121
44974825
45010681
45144961
45198729
45333289
45334081
45387169
45564337
45664201
45711121
45738169
45778153
45954841
45981961
46117681
46144849
46268279
46280809
46553329
46607929
46635241
46689889
46799281
46855281
47018449
47045881
47100769
47183161
47210641
47230561
47247613
47313751
47375689
47408725
47458321
47596201
47621665
47700657
47706649
47761921
47844889
47897473
48011041
48020581
48191617
48205125
48260809
48288601
48394801
48427681
48455521
48539089
48556211
48594841
48622761
48678529
48762289
48828125
48874081
48896641
48958009
49014001
49097621
49159441
49182169
49186801
49266361
49308421
49378729
49406841
49430863
49547521
49603849
49695625
49788037
49801249
49837761
49970761
50112241
50158081
50452609
50465451
50537881
50708641
50791681
50794129
50822641
50961025
50993761
51136801
51251281
51345385
51509329
51652969
51739249
51855769
51895117
51940849
51998521
52027369
52035301
52113961
52123825
52200625
52253125
52258441
52286521
52340977
52374169
52461049
52519009
52525501
52584301
52606009
52809289
53042089
53246209
53392249
53421481
53564625
53597041
53664751
53695621
53743561
53765593
53772889
53851393
53868781
53967277
54007801
54037201
54302161
54436003
54436313
54439939
54479161
54546625
54656449
54739909
54745201
54918391
54922921
55011889
55095601
55249489
55517401
55523125
55582777
55606849
55636681
55668625
55815841
55905529
55965361
55980001
56055169
56085121
56181887
56235001
56334781
56355049
56505289
56595529
56685841
56700865
56806369
56853721
56866681
56953125
56957209
56987401
57138481
57168721
57279321
57350329
57410929
57501889
57592921
57623281
57703185
57774637
57805609
57811501
57866449
58079641
58354321
58415449
58507201
58762081
58813561
58863869
58874929
58997761
59089969
59151481
59274601
59336209
59552089
59630131
59644729
59706529
59825601
59830225
59851837
59923081
59954049
60052833
60063741
60109009
60171049
60202081
60668521
60730849
61105489
61122061
61199329
61230625
61249825
61293241
61328125
61481281
61669609
61697161
61814341
61889689
61984129
62047129
62049925
62078641
62121241
62141689
62245729
62308849
62425801
62429185
62520649
62570773
62672625
62710561
62748517
62837329
62930161
62932489
62995969
63015625
63186601
63218401
63409369
63555625
63601351
63619425
63671257
63805105
63812161
63888049
64081225
64144081
64176121
64272289
64304361
64464841
64475425
64481201
64518961
64850809
64947481
65005651
65080225
65108761
65228801
65302561
65399569
65431921
65480481
65496649
65626201
65788321
65806741
65885689
65983129
66015625
66245201
66373609
66396451
66406201
66430125
66601921
66699889
66765241
66886561
66896041
66990625
67092481
67108864
67283125
67307233
67341625
67387681
67551961
67584841
67749361
67782289
67848169
67947049
68001363
68277169
68318625
68376361
68417929
68442529
68471617
68574961
68674369
68740681
68773849
68793985
68840209
68989921
69072721
69172489
69207697
69239041
69279057
69294673
69343957
69372241
69618771
69710625
69765625
69772609
69899347
69939769
70040161
70174129
70341769
70375321
70674625
70879561
70945777
70946929
71048041
71081761
71244433
71284249
71351809
71528191
71588521
71690089
71737225
72267001
72419821
72421921
72471169
72558281
72607441
72634001
72709729
72880369
72914521
72982849
73200331
73324969
73421881
73427761
73496329
73530625
73560059
73633561
73908409
73942801
74040625
74096625
74114881
74207521
74356129
74390625
74425129
74459641
74618461
74666881
74770609
74839801
74846025
74942413
75047569
75151561
75289573
75290329
75359761
75384001
75498721
75568249
75603025
75672601
75811849
75916369
76020961
76230361
76335169
76386321
76405081
76431937
76510009
76615009
76693501
76755121
77070841
77141089
77492809
77563249
77591009
77636125
77774761
77810041
77923105
77986561
78092569
78127921
78171457
78304801
78366925
78418081
78449581
78517321
78552769
78623689
78731191
78916321
78978769
79085449
79250041
79332625
79405921
79475341
79619929
79727041
79798489
79922753
79941481
80062991
80120401
80263681
80335369
80442961
80478841
80570581
80669953
81018001
81126049
81182737
81198121
81234169
81293409
81390625
81416881
81522841
81598777
81625909
81739681
81775849
81884401
81940141
82065481
82114561
82165901
82210489
82590481
82646281
82864609
82973881
83213161
83265625
83302129
83360221
83411689
83484769
83616625
83665621
83740801
83850649
83923921
84143929
84194947
84290761
84306313
84400969
84435625
84604519
84621601
84695209
84709093
84805681
84916225
85026841
85137529
85359121
85396081
85526551
85530961
85581511
85692049
85810131
86003281
86062729
86109121
86136961
86174089
86339617
86359849
86694721
86721601
86766121
86843761
86918329
86938307
87047569
87134125
87139273
87179569
87254281
87291649
87403801
87579037
87815641
87890625
87928129
88190881
88303609
88305841
88368433
88416409
88455241
88529281
88604569
88717561
88755241
88943761
88981489
88983973
89056969
89094721
89405289
89510521
89539425
89548369
89624089
89737729
89851441
89867701
90047251
90079081
90193009
90240445
90322561
90420481
90459121
90518849
90649441
90673453
90842401
90845125
90878089
90992521
91145209
91221601
91265725
91910569
92179201
92290705
92389441
92409769
92525161
92602129
92627371
92717641
92756161
92987449
93048125
93103201
93291121
93334921
93339751
93435201
93616705
93644329
93683041
93876721
94031809
94458961
94497841
94610425
94731289
94848121
94926049
95043001
95101281
95339025
95394289
95433361
95443993
95578125
95667961
95682861
95704525
95785369
95863681
96059601
96098809
96255721
96373489
96609241
96687889
96699825
96805921
97042201
97118161
97160449
97199881
97436641
97634161
97673689
97752769
97972181
98029801
98039041
98148649
98465929
98539441
98585041
98594641
98624761
98727037
98783873
98823481
98982601
99252847
99320551
99341089
99460729
99579025
99690625
99726621
99980001
100090081
100097425
100140049
100180081
100741369
100781521
101223721
101344489
101384761
101586241
101739925
101793025
101828125
101828281
101847563
101868649
101953125
101989801
102070609
102232321
102376225
102515625
102677689
102799321
102839881
102878881
103042801
103193761
103205281
103286569
103408561
103571329
103652761
103897249
104060401
104264521
104509729
104561821
104878081
104919049
105001009
105124009
105135841
105247081
105291901
105306097
105411289
105493441
105534529
105656941
105863521
106110601
106151809
106275481
106357969
106523041
106571781
106605625
106722001
106729561
106770889
106853569
106977649
107017921
107101801
107186761
107255071
107267449
107391781
107516161
107591653
107968421
107972881
108065221
108139201
108277897
108508081
108531333
108550625
108722329
108736237
108764041
108847489
108972721
109175521
109265209
109313281
109348849
109390681
109474369
109545625
109767529
109902239
109977169
110229001
110271001
110276209
110365921
110523169
110609317
110713285
110859841
110901961
110938721
111110881
111284641
111492481
111661489
111746041
112042225
112126921
112296409
112381201
112508449
112550881
112635769
112763161
112890625
112933129
113018161
113085385
113188321
113409721
113443801
113570353
113571649
113699569
113784889
113798125
114211969
114297481
114354801
114682681
114725521
114982729
115001965
115008417
115111441
115197289
115326121
115455025
115501303
115627009
115856201
115966621
115984225
116014441
116185861
116229961
116402521
116428849
116485201
116530465
116618401
116837761
117310561
117437633
117440569
117614161
117657409
117787609
117917881
117961321
118091689
118317889
118370771
118439425
118439689
118569361
118570321
118613881
118722901
118875409
119006281
119043589
119165761
119336581
119407561
119433601
119530489
119574225
119617921
119617969
119661721
119880601
120055849
120143521
120406729
120538441
120670225
120714169
120778533
120846049
121066009
121188061
121242121
121329325
121531417
121594729
121616929
121863853
122036209
122165281
122244001
122257249
122265625
122301481
122422825
122522761
122567041
122832889
122921569
122999041
123054649
123306625
123498769
123587689
123632161
123899161
124251499
124284161
124300201
124507201
124523281
124567921
124790625
124791241
124799521
124835929
124880625
124925329
125104951
125255809
125372809
125476561
125731369
125780831
126315121
126405049
126585001
126681841
126720049
126810121
126953125
127058625
127080529
127215841
127263527
127396369
127667401
127803025
127938721
128074489
128165041
128346241
128681125
128845201
128890609
129140163
129254161
129390625
129572689
129655961
129800449
129937201
129988501
130002145
130210921
130484929
130804969
130942249
131033809
131079601
131179321
131215825
131492089
131554501
131583841
131859289
131872229
131874925
131997121
132039721
132043081
132181009
132319009
132576081
132687361
132696225
132733441
132871729
133046145
133290625
133379401
133425601
133469281
133920577
134073241
134217728
134258569
134397649
134490409
134850001
134954689
135047641
135063505
135305721
135326689
135750433
135885649
135942625
136005101
136328401
136352329
136402273
136445761
136632721
136813753
136866601
136913401
136956961
137147571
137288089
137334961
137475625
137616361
137898049
137940625
137945025
138209401
138399625
138697729
138744841
138839089
138980521
139253269
139263601
139405249
139452481
139546969
139736041
139798177
139877929
139902301
139972561
140019889
140161921
140398801
140435137
140524489
140548681
140730769
140749021
140812021
140825689
140994841
141030913
141158161
141300769
141420761
141444625
141538609
141613381
141681409
141815251
141824281
142157929
142253329
142396489
142416001
142539721
142587481
142826401
142874209
143003125
143017681
143055667
143256961
143304841
143408161
143496441
143544361
143593165
143688169
143723125
143976001
144120025
144168049
144264121
144407809
144600625
144680625
144730081
144889369
144985681
145033849
145160191
145178401
145709041
145757329
145898431
146143921
146337409
146434201
146465281
146579449
146627881
146697777
146724769
146870161
146918641
147008443
147258541
147264625
147452449
147598201
147792649
147812077
147889921
147938569
148035889
148177225
148590625
148596625
148766809
148841631
148913209
149059681
149108521
149334921
149455125
149499529
149793121
149842081
150087001
150136009
150381169
150493297
150528361
150724729
150822961
151019521
151314601
151856329
152004241
152289325
152349649
152448409
152713561
152924293
153091129
153190129
153239641
153536881
153586449
153604945
153784801
153834409
153983281
154082569
154281241
154428625
154579489
154607461
154615825
154678969
154754821
155027401
155176849
155575729
155712213
155725441
155925169
155971621
156025081
156175009
156325009
156351601
156525121
156615625
156675289
156780625
156925729
157026325
157171861
157177345
157226521
157276681
157377025
157427209
157577809
157622257
157979761
158180929
158203125
158331889
158340421
158364151
158482921
158586625
158706001
158785201
159037321
159087769
159103627
159138225
159239161
159643225
159693769
159794881
159946609
159997201
160098409
160250281
160554241
160617925
160823125
161010721
161061481
161213809
161366209
161464941
161620369
161823841
161989345
162282121
162384049
162741049
162894169
163047361
163194697
163353961
163609681
163667323
163814401
163847431
164070481
164185021
164378041
164429329
164583241
164601361
164891281
165148201
165179521
165199609
165369841
165390625
165643921
165848125
166126321
166229449
166384201
166389841
166590649
166693921
166848889
166869001
166900561
167003929
167469481
167745865
167780209
167935681
168143089
168298729
168454441
168558289
168565321
169016317
169026001
169078009
169182049
169234081
169390585
169494361
169859089
169963369
170119849
170276401
170570401
170641969
170692921
170725465
171426649
171430281
171432625
171583801
171688609
171845881
172160641
172318129
172560861
172791073
172808693
172843609
172873153
172948801
173159281
173264569
173274625
173475241
173633329
173791489
173884321
173896969
174364801
174689089
174704257
174741961
175006441
175227481
175324081
175328125
175454545
175536001
175801081
176013289
176486041
176558481
176640625
176650681
176810209
177129481
177235969
177608929
177715561
177875569
177928921
178026211
178409449
178453547
178591933
178676689
178708831
178953985
179051161
179263521
179479609
179517625
179533201
179854921
179997781
180015889
180121501
180123241
180156769
180590725
180660481
180922105
180929401
180941761
181090849
181252369
181413961
181629529
181737361
181899169
181964881
182223001
182238301
182601169
182625625
182795725
182871529
183110625
183250369
183300625
183683809
184063489
184220009
184334929
184528125
184576561
184686473
184715281
184878409
184974901
185313769
185422689
185477161
185524417
185691331
185695129
185718625
185858689
185863321
186169411
186295201
186501001
186660181
186841561
186854221
186985057
187115041
187169761
187333969
187443481
187498249
187607809
187890625
187936681
187991521
188223553
188265841
188320729
188485441
188896401
188980009
189066001
189090001
189255049
189310081
189420169
189551461
189915961
190136521
190412401
190456399
190633249
190770625
191241241
191296561
191351889
191403125
191430625
191465641
191573281
192071881
192100033
192404641
192460129
192571129
192626641
192737689
193122001
193237801
193293409
193404649
193571569
193640625
193794241
194072761
194128489
194965369
195077089
195468361
195916009
195972001
196064551
196200973
196252081
196308121
196812841
196925089
196956085
197430601
197599249
197993041
198124381
198175681
198274561
198330889
198443569
198745961
199007449
199120321
199590625
199807741
200024449
200194201
200307409
200477281
200533921
200873929
200987329
200999617
201116521
201152449
201462625
201554809
201654441
201838849
201902625
201975607
202129201
202236841
202262003
202608001
202854925
202863049
203034001
203091001
203415121
203946961
203979091
204217741
204289849
204575809
204919225
205091041
205148329
205160761
205262929
205292017
205318125
205350769
205604001
205664281
205731841
205836409
206468161
206985769
207024325
207043321
207202941
207331201
207388801
207437041
207561649
207667825
207676921
207907561
208022929
208253761
208426969
208527857
208669825
208703125
208715809
208773601
209033461
209120521
209641441
209931121
210299713
210337009
210801361
210808741
211208089
211324369
211498849
211673401
211731601
211906249
212022721
212055541
212078125
212080969
212172241
212897281
212955649
213773641
213949129
213992497
214007641
214124689
214300321
214358881
214435825
214651801
214710409
214827649
214921799
214954201
215179561
215233605
215435053
215489737
215590489
215863921
216060601
216237025
216472369
216565921
216590089
216766729
216902881
217002361
217081801
217179169
217297081
217338625
217474009
217651009
217828081
218064289
218128741
218182441
218229193
218418841
218537089
218951209
219242881
219247249
219424969
219662041
219839929
219958561
220314649
220552201
221027689
221086801
221087161
221309089
221384641
221622769
221741881
221920609
222246865
222303445
222568561
222695929
222875041
223084225
223173721
223306525
223412809
223532401
223648543
223711849
224070961
224430361
224490289
224520625
225325009
225390169
225432801
225480997
225510289
225930961
226497601
226532601
226592809
226765153
226833721
227195329
227315929
227496889
227738281
227916001
228040201
228221449
228644641
228762625
228886641
228947161
229128769
229189321
229345007
229492201
229791871
229855921
230219929
230346397
230644969
230827249
231009601
231235291
231374521
231557089
231633585
231765625
231861529
232044289
232058125
232288081
232508881
232593001
232837081
232959169
232979761
233142361
233203441
233386729
233692369
233753521
233804233
234059401
234304249
234487969
234633201
234671761
234885113
234978241
235039561
235591801
235898881
235960321
236316751
236329129
236452129
236513641
236636689
236693601
236712421
236882881
237176659
237190801
237560569
237992329
238353697
238362721
238486249
238501585
238541941
238733401
239042521
239228089
239413729
239817451
240033049
240157009
240591121
241087729
241482241
241522681
241808941
241833601
242003125
242082481
242393761
242580625
242743501
242767561
242829889
242972821
243391201
243578449
243953161
244140625
244265641
244356385
244640881
244703449
244828609
244891201
245266921
245350701
245454889
245580241
245831041
245956489
246274561
246333025
246539921
247338529
247464361
247527289
247653169
247716121
248031001
248253997
248409121
248598289
248720625
248787529
248828125
248963365
249026625
249229369
249355681
249545209
249734809
249924481
250072381
250177489
250367329
250937281
251055421
251239591
251507881
251632381
251924401
252015625
252079129
252122761
252206161
252396769
252460321
252734041
252841801
253032649
253223569
253414561
253541929
253605625
253623097
253691425
253937025
253973071
253987969
254136681
254689681
255072841
255136729
255712081
256032001
256224049
256680451
256740625
257057089
257375881
257763025
257827249
257955721
258019969
258148489
258212761
258341329
258474853
258791569
258852925
258920281
259113409
259152625
259306609
259564321
259977601
260080129
260144641
260422423
260467321
260531881
260703873
260835201
260997121
261027361
261090001
261316081
261889489
261963801
262018969
262083721
262213249
262796521
262991089
263185729
263298817
263374721
263380441
263445361
263485377
263762497
264030001
264160009
264615289
264810529
265236961
265497831
265722601
265847707
265975381
266309761
266441371
266766889
266962921
267289801
267682321
267747769
267944161
268337161
268435456
268860241
269320921
269339041
269517889
269649241
269692333
269846329
270043489
270101377
270503809
270635401
270701209
270840023
271293841
271491529
271623361
271720401
271821169
272019049
272739025
272877361
273207841
273803209
273858625
274001809
274266721
274404901
274465489
274664329
275005081
275194921
275633125
275659609
275792449
276191161
276590161
276656689
276880761
277189201
277255801
277455649
277588921
277795441
277824625
277988929
278055625
278152801
278445077
278589481
278656249
278856601
278959681
278990209
279032689
279190681
279738145
279859441
280010809
280261081
280462009
280589233
280864081
280998169
281190625
281803369
282475249
282600673
282609721
283013329
283141993
283215241
283282561
283686649
283740625
284630641
284765625
284900641
285035689
285158593
285238321
285643801
285652081
285711409
285992785
286191179
286223041
286315237
286320241
286523329
286658761
286861969
287065249
287743369
288150625
288286441
288354361
288473941
288538705
288558169
288575365
288762049
288804781
289268161
289374121
289714441
289918729
289986841
290123089
290129905
290211793
290395681
290600209
290804809
290953125
290963581
291579925
291585721
291614401
291623929
291685381
291760561
291890521
292170649
292375801
292467001
292649449
292991689
293064421
293197129
293491501
293635441
293676769
294431281
294499921
294705889
295255489
295383025
295461721
295530481
295854421
295911733
295943209
296080849
296115625
296149681
296265025
296320625
296774401
296829037
296907361
297183121
297765301
297804049
297942121
298138401
298909521
298978681
299047849
299255401
299878489
300017041
300224929
300259765
300432889
300710281
301057201
301334881
301774801
301960129
302168689
302307769
302377321
302516449
302794801
303003649
303351889
303421561
303839761
304258249
304467601
304821217
305096089
305106511
305235841
305445529
305655289
305865121
305935081
306145009
306316081
306565081
306725761
306915361
307616521
307875601
308037601
308090881
308458125
308490481
308669761
308810329
309021241
309091561
309165193
309504889
309654409
309724801
310062025
310076881
310288733
310570129
310711129
310851541
311630761
311769649
311840281
312193561
312617761
312688489
313021969
313099993
313537849
313679521
313750369
314317441
314601169
314956009
315027001
315103041
315293329
315342001
315453121
315832573
315977761
315993601
316005625
316235089
316448521
316519681
316894825
317058625
317089249
317182581
317801929
318158569
318229921
318598525
318611987
318658201
319086769
319467825
319694681
319730161
320087881
320405625
320517409
320652541
320732281
320803921
321162241
321233929
321449041
321807721
321953125
322399441
322418125
322453849
322525681
322956841
322983451
323070625
323172529
323301853
323316361
323532169
323604121
323730721
323758051
324168481
324468169
324648325
324651825
325477681
325549849
325694209
325766401
325849069
326083681
326127481
326199721
326409301
326777929
327035437
327211921
327240991
327501409
327838537
328028701
328298161
328370641
328588129
328733161
328805689
329168449
329386201
329640625
329939371
330024861
330105601
330112561
330328125
330548761
330912481
331138717
331200001
331203601
331413901
331580305
331640521
331859089
332077729
332150625
332296441
332442289
332490025
332661121
333099001
333172009
333219745
333318049
333737041
333756361
333760609
334109041
334414369
334487521
334727625
334926601
335146249
335243125
335292721
335365969
335467189
335480041
335559841
335576125
335952241
336357877
336392281
336832609
337167631
337346689
337373037
337493641
337787641
337839913
337884625
338368151
338449609
338596801
339038569
339189741
339223141
339522625
339554329
339775489
339860521
339996721
340144249
340439401
340556125
340660849
340808521
341366977
341547361
341917081
341991049
342065025
342361009
342656721
342669801
342879289
343027441
343101529
343694521
343768681
344026625
344100925
344213809
344472101
345015425
345327889
345476569
345699649
346461841
346592689
346606417
347253481
347337769
347396281
347773825
348232921
348539401
348606241
348867217
348905041
349141825
349353481
349727401
349890625
350176369
350400961
350475841
350850361
351300049
351525001
351652861
351825049
351978001
352275361
352357057
352425529
352876225
352884511
352951369
353176849
353327209
353552809
354360721
354630151
354907921
355661881
355936141
356039161
356400829
356590125
357172201
357625921
357701569
357852889
357928561
358988809
359443681
359512011
359898841
359974729
360202441
360405025
361038001
361342081
361494169
362178961
362198761
362407369
362940601
363626761
363779329
363814011
363917521
364008241
364064701
364084561
364313569
364695409
364955625
365340625
365612641
366301321
366325201
366377881
366575761
366990649
367220569
367910761
367987489
368275357
368908849
369062521
369139369
369369961
369630625
369669961
369754441
369831361
370062169
370139121
370524001
370841653
370909081
371153025
371217289
371448529
371694959
371746585
372030625
372065521
372346701
372528601
372837481
372921265
372928601
373223761
373301041
373764889
373799371
374331541
375313129
375336325
375545641
375623161
375855769
376010881
376476409
376874785
377019889
377175241
377252929
377408329
377486041
377612137
377641489
377946241
377952481
378077581
378185809
378574849
378652681
378770625
378808369
379041961
379119841
379138825
379353529
379587289
379821121
380289001
380523049
381078125
381149425
381252481
381459961
381850681
381928849
382239001
382319809
382320001
382554481
383024041
383258929
383493889
383867137
384042409
384055857
384240583
384277609
384512881
384918625
385128381
386083201
386554921
386713405
386920261
387341761
387420489
387577969
387971809
388050601
388444681
388760089
389154529
389321281
389628121
390102001
390181009
390281365
390418081
390576169
391129729
391317723
391762849
392079601
392089501
392456701
392487525
392554969
392792761
393096865
393665281
393744649
393832837
394141609
394459321
394697689
395572321
395651881
396368281
396527569
396766561
396784641
397054153
397085329
397255601
397483969
397962601
398042401
398441521
398490625
398521369
398920729
399160441
399640081
399720049
399880009
400440121
400840441
400853761
400920529
401160841
401882209
402042601
402523969
402567561
402845041
403058305
403438321
403505641
403567921
403583419
404050201
404291449
404452321
404532769
404693689
404935129
405176641
405740449
405901609
405982201
406073625
406465921
406949929
407111329
407353489
407879641
408080401
408081241
408323125
408807961
409066021
409293361
409374289
410022001
410167801
410172407
410338673
410508121
410793265
410832361
411485425
411562369
411765625
411968209
413024329
413166481
413186929
413430889
413512225
413756281
414000409
414244609
414347681
414407449
414488881
414896161
414926941
415711321
415874449
416119201
416445649
416493091
416608921
416912041
417158281
417425761
417633985
417834481
417916249
418161601
418195493
418727881
418992625
419286001
419307529
419389441
419455141
419457493
419553289
419988961
420291001
420537049
420619081
420884425
421111441
421264921
421604089
422014849
422261401
422343601
422836969
423140625
423564751
423989281
424071649
424267065
424318801
424325161
424716139
424813321
425037025
425473129
425968321
426050881
426629025
426959569
427354921
427703761
428200249
428427181
428779849
428809921
429194089
429276961
429774361
430272049
430438009
430492401
430521001
430687009
430936081
431517529
431538625
431640625
431895751
432182521
432556345
432681601
432931249
433014481
433189081
433680625
433798093
433802401
434499625
434680801
434951881
435014449
435682129
435932641
436115485
436170031
436266769
436684609
436768201
436935409
437688241
438023041
438441721
438696625
438776809
438920633
438944401
439279681
439440625
439447369
439453125
439602661
440202361
440286289
440711081
441042001
441070001
441462121
441546169
441714289
441798361
441966529
442302961
443481481
443565721
443645441
443818489
444352825
444745921
445083409
445252201
445505449
446096641
446265625
446857321
446928637
446941881
447026449
447280201
447618649
447872569
448126561
448550041
448888969
449058481
449143249
449906521
450321301
450330841
450571681
450585529
451435009
451854481
452190681
452370361
452625625
452710729
452966089
454243969
454414489
454499761
454507417
454670329
454756609
454833925
455438281
455694409
456976129
457061641
457232689
457574881
457831609
458002801
458218125
458259649
458773561
459373489
460059601
460262881
460317025
460832089
461433361
461522861
461691169
461772325
461863081
461889917
461949049
462207001
462379009
462492625
462925981
462981289
463073833
463122361
463153441
463239529
463497841
463722925
464040325
464704249
464790481
464962969
465128449
465221761
465458617
465566929
465998569
466084921
466516801
466603201
467035321
467121769
467294689
467614863
467727129
467831377
467994241
468174763
468592609
468679201
468831265
468960625
469198921
469718929
470072161
470152489
470665825
470933401
471454369
472062529
472425121
472497169
472584121
473106001
473367049
473424721
473513931
473802289
473970157
474063529
474659521
474673369
475196401
475370809
475494151
475981489
476156041
476379541
476545825
476834905
476887081
476941921
477029281
477127729
477466201
477815881
477990769
478340641
478515625
478778161
479303449
479832881
479928289
480091921
480881041
481231969
481495249
481800781
482281921
482285521
482988529
483604081
483868009
484101361
484132009
484142751
484572169
484618681
484660225
485188729
485364961
485440501
485629369
485717521
486246601
486775969
486952489
487217329
487443403
487482241
487608121
487703125
487890625
488012281
488100649
488365801
488807881
488896321
489427129
489692641
489806401
489869689
490086531
490110985
490489609
490687561
490755409
490932649
490955725
491021281
491261161
491553241
492351721
492529249
492884401
494128441
494370625
494929009
495463081
495563251
495997441
496086529
496258993
496264729
496353841
496532089
496672561
496888681
497067025
497423809
497602249
497808641
499209649
499477801
500058577
500282689
500372161
500552641
500909161
501043081
501356881
501625609
501786181
502163281
503239489
503598481
503867809
503898241
504137209
504677521
504855961
505395361
505485289
506261573
506295001
506745121
507259297
507645961
508096681
508186849
508457401
509269489
509297625
509450041
509450305
509540329
509625151
510320791
511099713
511347769
511619161
511709641
512433769
512524321
512578125
512705449
513067801
513867047
513883561
514337041
514881481
514928701
515153809
515244601
515607849
515698681
516062089
516243841
516516529
516640625
517062121
517153081
517285161
517608001
517805581
518410801
518427361
518791729
518967001
519065089
519247369
519429681
519885601
520159249
520341721
520615489
522259609
522378625
522383797
522533881
522625321
523082641
523357129
523676557
524038033
524235321
524455801
524730649
525280561
525372241
525584593
526105969
526381249
526473025
526511917
527150161
527207521
527299369
527758729
528564253
528678049
529046001
529138009
529475129
529506121
529595361
529760413
529782289
529966441
530242729
530334841
530591425
530795521
530887681
531164881
531362521
531440809
531625249
531717481
531901969
532271041
532564273
532732561
532833301
533009569
533411731
533563801
534395689
535043161
535598449
536061409
536339281
536657941
536709889
536870912
536987929
537729721
537890625
538100809
538286401
538379209
538657681
539250041
539493529
540609001
541088821
541446361
541632529
541725625
541911841
542105089
542470681
542563849
542750209
543402721
543507625
543849041
543869041
544148929
544428889
544708921
544981381
545033125
545077897
545549449
546110161
546203641
546707161
547513201
547981281
548355889
548669485
549011761
549199225
549372825
549510625
549761809
550324681
550981729
551233585
551776401
551934801
552101265
552109009
552259225
552673081
553387661
553707961
553759921
553801657
553990369
554084521
554555401
554932249
555120721
555214969
555403489
556063561
556074001
556110787
556614865
556629649
556912801
557101609
557384881
557441767
558046129
558235129
558329641
558518689
558715201
559129825
559185697
559937569
560221561
560316241
560600329
561073969
561168721
562590961
562875625
563635081
563730049
563920009
564147585
564205009
564585121
564870289
565155529
565609283
565916521
566487601
566627425
566678025
567058969
567072001
567344761
567725929
567916561
568011889
569156449
569454997
569722789
569729161
569822977
569920129
570206641
570588769
570831625
570875449
570971025
571162201
571402081
571640281
571735921
572022889
572597041
572646529
573330625
573937849
574608841
574896529
575088361
575634241
575664049
576048001
576336049
576833047
576912361
577104529
577172641
577392841
577412641
577777369
578065849
578354401
578360761
578931721
579413041
579701929
579793201
579990889
580376281
580665409
580858201
580954609
581147449
581181601
581243881
581389681
581436769
581822641
582401689
582594769
582595741
583270801
584140561
584273817
584357761
584624041
584720761
585494809
585785209
585908533
586209625
586753729
587044441
587276801
587506129
587529121
587917009
588111001
588582721
588889225
589461301
589566961
590589719
590675581
591316489
591900241
591942169
592289569
592803289
593360881
593708401
593945641
594043129
594335641
594823321
594920881
595173825
595450801
595701649
595983961
595994569
596287561
596385241
597264721
597460249
597517921
597871125
598104343
598731961
598927729
599319361
600201001
600691081
600881281
601083289
601573729
601808293
601868089
602202601
602555209
602751601
602847505
603734041
604815649
605406025
605701321
605774701
606096871
606292129
606328741
606495001
606584161
606686161
607573201
608066281
608658241
608954329
609102325
609250489
609645481
609765625
609941809
609994933
610032601
610534681
611424529
611662825
611721289
612398125
612513001
613075681
613206169
613404289
613461745
613755625
614097961
614692849
614828125
614990401
615486481
615988225
616082041
616861441
617075281
617265891
617373409
617572201
617969881
618280657
618475201
618865129
619415713
619462321
619872001
619913125
620358649
620650477
620856889
620956561
621155929
622153249
622652209
623351089
623550841
623850529
623924497
623950441
624318625
624450121
624880273
625650169
626550961
626651089
626765161
626851369
626951521
627319441
627853249
628321981
628655329
628941781
629285625
629357569
629422793
629448625
629859409
630274177
630562321
630863689
631064641
631204981
631366129
632084761
632170449
632371609
632673409
633176569
633478561
633579241
633839779
634183489
634485721
634578517
635392849
635997961
636502441
636906169
637209049
637363189
637411009
637714009
638118121
639533521
639744625
640137925
640140601
640241809
640313401
640444249
640478125
640545481
641153041
641272321
642064921
642267649
642571801
642735647
642977449
643484689
643789129
644702881
645617281
645653269
645703201
645718921
646328929
646430625
646615711
646820721
647142721
647234461
647549809
647855209
648058849
648364369
648669961
648771841
650130481
650154625
651423529
652138369
652342681
652669381
652869053
653364721
654182929
654285241
654489889
654796921
655411201
655513609
655820881
655951681
656283601
656435641
656522581
656663041
657050689
657358321
657563449
658013161
658281649
658794889
659102929
659401261
659411041
659574721
660130249
660644209
660945825
661364089
661573501
662187289
662599081
662908009
663248125
663526081
663732169
663826177
664144441
665278849
665301681
665588401
665691601
666366337
666415729
666620761
666855073
667391481
667757281
668067409
668170801
668682421
669101689
669412129
670240321
670720681
670795399
670965409
671453125
671483569
671580625
671794561
672342525
672416761
672520489
672610393
672831721
673039249
673154209
673454401
674261821
674388961
674526133
675012361
675104301
675494721
675844009
675948001
676156009
676196521
676572121
676884289
676950625
677092441
677508841
677538577
678133681
678275659
678380941
678758809
680322889
681008401
681157801
681575449
681784321
681888769
682202161
682823197
683122573
683351881
683611201
683797841
683979409
684397921
684530141
684921241
685235329
685549489
685863721
686246617
686597209
686613425
686821681
686911681
687855529
688358125
688380169
688465387
689010001
689115001
689640121
689745169
689955289
690890625
691321849
691532209
692163481
692584489
692748721
692795041
693532225
693742921
693870625
694164409
694480609
694691449
695322901
695429641
696273769
696565441
696590449
696907201
697329649
697540921
697650913
697857889
697864103
698174929
698503501
698597761
698914969
699549601
699671601
700078681
701137441
701667121
702002665
702091009
702303001
702939169
703699633
703893961
704318521
705274249
705451825
705486721
705819961
705911761
706124329
707081281
707254801
707347971
707400409
708203125
708587425
708997129
709316689
709742881
710062609
711235561
711756001
711875761
711982489
712195969
712216513
712516249
712836601
712943401
713477521
713584369
713781541
713798089
714118729
714439441
714546361
714867169
714924299
715561561
716044081
716315265
717007729
717249601
717305953
717329089
717972025
718293601
718449183
718473925
718936969
719080831
719366041
720009889
720331921
720734581
720868801
721367011
721513321
721620769
722480641
722588161
723125881
723212161
723233449
723578401
723771409
724740241
725063329
726140809
726151825
726356401
726464209
726787681
727974361
728298169
728328601
728412601
728622049
729594121
729918289
730674961
731323849
731504551
731794257
731870101
732000061
732189481
732297721
732622489
732947329
732960865
733163929
733922281
734572609
734712121
734789449
734897881
735874129
736223761
736328125
736492141
736742449
737638993
738698041
739350481
739409221
739676809
740314081
740438521
740528425
740641321
741963121
742072081
742726009
743053081
743699521
743707441
744034729
744252961
744362089
744948721
745235401
745827181
746142643
746371759
746874241
747311569
748624321
748952689
749609641
750595609
750643201
751143649
751253281
752240329
752459761
752788969
753447601
753486817
753578101
753886849
755095441
755205361
755535169
756058031
756745081
756855121
757735729
757845841
758396521
758506681
759057601
760079125
760175361
760711561
760821889
761436001
762367321
762698689
763140625
763472161
763733125
763736491
764356609
764607025
764688409
765465625
765794929
766680721
766718533
766747345
766791481
767123809
767159481
767345401
767952637
769119289
769275325
769341169
769452121
769674049
769962817
770007001
770118001
770435281
770784169
771006289
771339529
771672841
772339681
772450849
772622641
772784401
773006809
773340481
773731201
773785489
773896761
774094105
774119329
774341929
774893701
775009921
775158401
775455409
775678201
776151559
776316421
776337157
776846161
777171781
777461689
777796321
778019449
778302721
778465801
779358889
779470561
779612041
780699481
780811249
781034809
781370209
781817521
782153089
783048289
783832009
784056001
784139401
785064361
785512729
785736961
785849089
785953125
786019411
786858601
787195249
787764601
787868761
788298721
788542561
788873473
788879569
789441409
789553801
789937969
790115881
790228321
790271721
790903129
791015625
791354929
791453125
792478801
792522193
793154569
793868041
794038841
794168761
794281489
794576125
795296401
795335905
795478321
795860521
796311961
796876441
799588729
799701841
799928089
800267521
800720209
801286249
801399481
801765089
801965761
803296201
803665801
803779201
805821769
806134225
806162449
806730409
806954491
807071281
807184921
807619681
807885625
808208041
808435489
808776721
809231809
809954761
810142369
810939529
811528741
811851049
812193001
812272825
812833021
812991169
813056833
813219289
814360369
814588681
814931209
815045401
815232601
815616481
815730721
815745001
816302041
816416329
816759241
816982237
817445281
817788409
818131609
818360449
819047161
819161641
819505129
819559741
819580201
819734161
820421449
820656001
820765201
821223649
821452921
821567569
821749825
821911561
822397185
822485041
822656953
822943969
823169425
823517809
823862209
824299021
824321521
825010729
825355441
826620001
826735009
827080081
827312725
827483041
827578297
827770441
828806521
829036849
829843249
830188969
830419489
831001501
831457225
831572569
831918649
832841881
833237621
833303689
833534641
833996641
835267801
835730281
836424241
836552881
836771329
837118489
837897697
838044601
838739521
839598025
839782441
841517425
841522081
841986289
842218441
842334529
842566729
842915089
844425481
844596301
844657969
845471929
846868201
847167361
847498681
848149129
848498641
848615161
848964769
849012385
849098625
849278123
849301957
849547609
849897409
850363921
850713889
851063929
851414041
852090625
852114481
852698401
853048849
853165681
853599601
853690825
853866841
853929217
854451361
854487361
855153049
855621001
856674361
857728369
858203125
858215161
858270061
858314209
858320281
858510625
858610793
858665809
859134721
860072929
860424889
860776921
860894281
861246409
862185769
863360689
863595769
863713321
863723125
863948449
864173925
864284785
864301201
864418801
865004921
865006921
865523177
865712929
866066041
866536969
866667361
866890249
867243601
867479209
867832681
868657729
869140625
869247289
870309001
870421825
870484951
871843729
872079961
872434369
872552521
874207489
874325761
874503125
874562329
874680625
875035561
875390569
875410921
876100801
876811321
877611825
877877641
878114689
878259781
878588881
879893569
880249561
880368241
880839541
881080489
883100089
883456729
884439361
884527081
885241009
885598081
885717121
887304925
887384521
887410625
887497201
887503681
888218809
889050625
889172761
889688125
889890625
890007889
890161489
890246569
891082201
891415933
891474493
891798769
892037689
892396129
892754641
892874161
893352321
893471881
893871739
893995201
895026889
895266241
895625329
895745041
896709857
896822809
897541681
898244893
898980289
899340121
900025777
900660121
900780169
901153125
901740841
902113201
902822209
903374081
903543481
904231063
904265041
905347921
905468281
905829409
906190609
906551881
906792769
907154161
907427521
907997689
908238769
908359321
909685921
910168561
910206949
910892761
911254969
911858809
912221209
912704521
912930481
913429729
914518081
915244009
915498611
915607081
915900301
916212361
916333441
917665849
918154945
918514249
918877969
918972145
919241761
919484329
919883125
920576281
920603425
920700001
920940409
921119329
921578125
922154689
922350241
922640625
923491321
923612881
924342409
925653457
925750189
925802329
926045761
926204301
926616901
926640625
927141601
927889425
927947251
928238089
928359961
929124001
929701081
929823049
929949541
930067009
930176065
930198897
930799081
931287289
932019841
932574833
932630521
933485809
933555025
933606325
933730249
933852481
933996889
934221925
934952929
935404561
935931649
937074825
937890625
938258161
938398385
938625769
938993449
939361201
940096921
940710241
941078329
941814721
942305809
942442501
942674209
942919849
943288369
944148529
944603821
945703125
945993049
946362169
946381051
946977529
947263681
947469961
947557153
948824809
949194481
949687489
949862087
950427241
951043921
951167281
951784201
951907609
952277881
952895161
953018641
953636161
954036721
954130321
954227425
954377449
954577225
955343521
955489921
955898125
956726761
957097969
957227041
957345481
957840601
959202841
959574529
959946289
961240501
961806169
961899301
962178361
962892685
962922961
963047089
963419521
964164601
964909969
965282761
965904241
966028561
966650281
967913101
968516641
968641129
968834581
969310111
969637321
970135609
970384801
970509409
970883281
971568325
972005329
972254761
972256401
972379489
972473257
972695521
972753721
973003249
973242271
974251369
974625961
974875729
975375361
975750169
976335625
976375009
976500001
976750009
977125081
977263105
977500225
977625289
977875441
978241537
978250729
978664141
979163659
980128249
980336953
980879761
980963425
981005041
981380929
981756889
982007569
982132921
982468033
982985521
983261449
983669401
983989825
984512341
984641641
985143769
985394881
985520449
985771609
986217601
990297961
990801529
991026973
991053361
991210177
991557121
992252353
992355001
992582461
992943121
993069169
993321289
993353725
994203961
994246345
994403761
994431361
994834681
994960849
995213209
996475489
996854329
997410961
997485889
998623201
998902801
999002449
999578125
1000267129
1000461169
1001279449
1001659201
1002165649
1002545569
1002798889
1002834001
1003010625
1003687345
1003763881
1004065969
1004334001
1004406481
1004826601
1005033025
1006221841
1006348729
1006602529
1006729441
1006804225
1007491081
1008126001
1008134281
1009072361
1009269361
1009396441
1010794849
1011176401
1011561331
1012321489
1012669021
1013171841
1014231409
1014358801
1014660361
1014995881
1015888129
1016525689
1017035881
1018056649
1018418401
1020390625
1021249849
1021424041
1021633369
1022272729
1022784361
1023424081
1024192009
1024576081
1025728729
1025856841
1026625681
1027243729
1027266601
1027562481
1027651249
1027779481
1028035969
1028420761
1028933929
1029318889
1029703921
1030345801
1031331301
1031501689
1031630161
1032464961
1033043881
1033083601
1033172449
1033247341
1033395201
1034201281
1035101929
1035338305
1035745489
1036131721
1036260481
1036956481
1037033209
1037211121
1037497681
1037677369
1038966289
1039224169
1039509197
1040127001
1040514049
1040772121
1040879281
1041008125
1042672225
1043096209
1043225401
1043483365
1043483809
1043871481
1044201217
1044647041
1044776329
1045034929
1045202977
1045940281
1046521057
1046716609
1047104881
1047363769
1047752161
1047881641
1048270129
1048529161
1049102461
1049824801
1050248641
1050472921
1050602569
1050897601
1051250929
1051640041
1052418481
1052548249
1053270361
1053586729
1054106089
1054380601
1054885441
1055665081
1055925025
1056055009
1056381313
1056445009
1056655611
1056705049
1057843801
1058089859
1058265961
1058396089
1058656369
1060218721
1060348969
1060739761
1061000329
1061205925
1061301241
1061391241
1061912569
1062309073
1062458425
1062852625
1062955609
1063346881
1063477321
1063842325
1064129641
1064332261
1064912689
1065546981
1065826609
1066165741
1066218409
1066883481
1067187121
1068439969
1068570721
1068832249
1069136437
1069747849
1070140369
1070263125
1070402089
1070532961
1072497001
1073283121
1073465185
1073741824
1073938441
1074462841
1074725089
1075118521
1075335625
1075643209
1075905601
1076036809
1076168025
1077667669
1077874561
1078005889
1078399921
1078662649
1079188201
1079857441
1080371161
1080678781
1081028641
1081554769
1083002281
1083133921
1083528889
1084319041
1084582489
1084977721
1085109481
1085565781
1085777173
1086069601
1086163849
1086954961
1087086841
1087279921
1087334401
1087878289
1088142169
1088538049
1088934001
1089125401
1089744271
1089858169
1089974881
1090183501
1090518529
1090914841
1091443369
1092236401
1092500809
1093691041
1093823329
1094484889
1095014281
1095166171
1095912791
1096073449
1096470769
1096868161
1097265625
1098856201
1098988801
1099372561
1099477303
1099651921
1100503041
1100846041
1100943031
1100961001
1100978761
1101400201
1101642481
1102173601
1102302937
1102439209
1102970521
1103360401
1103767729
1104033529
1104257485
1104322465
1104359305
1105363009
1105365625
1105720525
1108024369
1108157521
1108956601
1109483001
1109622721
1110022489
1110300625
1110822241
1110893169
1110955561
1111534801
1111755649
1112022409
1112155801
1112422609
1112606593
1112822881
1113890625
1114024129
1114206205
1114822765
1114958881
1115760409
1116161281
1116350641
1116428569
1117364329
1117854991
1117897201
1119015625
1119370849
1119638521
1120173961
1120843441
1121379169
1121622319
1121781049
1122315265
1122451009
1123657441
1124193841
1124462089
1125401209
1126474969
1126877761
1127273401
1127414929
1127683561
1128079225
1128086569
1128220921
1128892801
1129027201
1129714201
1129833769
1130066665
1130102689
1130237161
1130506129
1130844001
1130909641
1131266305
1131447769
1131716881
1132120609
1133946691
1134036289
1134275041
1135892209
1136566369
1137105841
1138320121
1138758337
1138995001
1139130001
1139175001
1139438125
1139535049
1140210289
1140345361
1140546177
1140615529
1141831681
1142237209
1143048481
1143183721
1143303841
1143347671
1143461873
1144265929
1144401241
1145890201
1146296449
1146702769
1147244641
1148464321
1148735449
1149955921
1150207345
1150769929
1151177041
1151312761
1151719969
1151991481
1152135937
1152278785
1152648091
1152855001
1153349521
1153595521
1153757089
1154320649
1154781441
1155796009
1157292361
1158108961
1158245089
1158653521
1159879249
1160151721
1160935651
1162261467
1162648513
1162695841
1163390625
1163447425
1164363201
1164379129
1164652129
1164788641
1165156741
1165607881
1166017609
1166700649
1166837281
1167041161
1167435829
1167657241
1168477489
1170392521
1170529369
1170803089
1171761361
1172172001
1173268009
1173679081
1173816121
1174227289
1174434625
1174638529
1174734793
1175324089
1176284209
1176558601
1176695809
1177151041
1177381969
1177793761
1178342929
1179029569
1179439345
1179991201
1180423933
1180678321
1181090689
1181228161
1182053161
1182328225
1182740881
1183566409
1183772161
1184463721
1184805241
1185080625
1185356041
1185899617
1186044721
1186464385
1187284849
1188111961
1188249841
1188939361
1189077289
1189353169
1190181001
1190319001
1191009121
1191147169
1191294161
1191561361
1191906409
1192739521
1192804369
1193218849
1193633401
1194090625
1194237661
1194389981
1195983889
1196139517
1196305201
1196398921
1196537281
1197367609
1197644449
1198059769
1199306161
1199590561
1200553201
1200691801
1201157047
1201742425
1201800889
1202216929
1202633041
1203187969
1203403201
1203604249
1204298209
1205547841
1206103441
1206798121
1207354009
1208049049
1208188081
1208466169
1208844325
1209486097
1209717961
1211527249
1211849173
1212362761
1212598639
1212843541
1212890625
1213895281
1214034649
1214313409
1214452801
1215986641
1216405129
1216823689
1217800609
1217903401
1218917569
1219336561
1220703125
1220733721
1220895625
1221432601
1221611509
1222271521
1222411369
1222830961
1223670361
1225953001
1226610529
1226890729
1228447261
1228572601
1228712809
1229133481
1229383981
1229834761
1230676561
1230816889
1230892201
1231237921
1231939801
1232138125
1232501449
1232782321
1233203689
1234046641
1234549225
1234693125
1234889881
1235020501
1235203425
1235452201
1235733409
1236155281
1236300625
1236999241
1238265721
1238805517
1239110401
1239532849
1240400161
1240518841
1240800001
1240941529
1242633001
1243056049
1243425925
1243761289
1244607841
1244748961
1245454681
1246866721
1247290489
1247714329
1247996929
1248420889
1248844921
1249834609
1250541769
1251815161
1252664449
1253230801
1253655649
1254505561
1254556225
1254770881
1254788929
1254930625
1255780969
1255910401
1256206249
1256489809
1256631601
1257482521
1259611081
1260677341
1260747049
1260889081
1261497601
1261741441
1262167729
1262451961
1262594089
1262878369
1263304849
1265153761
1265438329
1266244525
1266719281
1266861649
1267146409
1267573609
1268142625
1268570689
1270129861
1270140625
1271533565
1271564281
1272420241
1272848329
1273048481
1274660101
1275865561
1276404625
1276561441
1276704361
1277848009
1278277009
1278706081
1279564441
1279850625
1281425209
1281711601
1281854809
1282284481
1282368403
1283860561
1284290569
1284365503
1284433921
1284976441
1285272625
1285294201
1286154769
1286585161
1287140625
1287302641
1288594609
1288738201
1289599921
1289988225
1290461929
1290893041
1291180489
1292474401
1293337369
1293768961
1293839811
1294344529
1294427953
1294622785
1294776289
1295496049
1295928001
1296426001
1296504049
1296792121
1296936169
1297224289
1298596571
1298665369
1298828125
1300395721
1300828489
1301261329
1301982889
1302993409
1303715449
1303859881
1305449161
1305751357
1305882769
1306894801
1307617921
1307762569
1307814625
1309415185
1309498969
1309788481
1310002065
1311091681
1311396751
1311671089
1311956101
1312540441
1312976413
1313410081
1313887225
1314135001
1315005169
1315440361
1316020729
1316303017
1316390561
1317181849
1317503131
1317617401
1317993625
1318198249
1318633969
1318779225
1319069761
1320054625
1320139673
1320668281
1320793981
1320813649
1320975001
1321256125
1321256401
1321540609
1322341345
1322995129
1323056161
1323084001
1323722689
1324159321
1325779225
1326690625
1327041001
1327083121
1327363489
1328675401
1329112849
1329842089
1329987961
1330279729
1330717441
1330863361
1331739049
1332031009
1333929529
1334221729
1334367841
1334513961
1335244681
1335975601
1336560481
1336852969
1337438041
1337998753
1338315889
1338608569
1339486801
1340072449
1340130961
1341683641
1341919727
1342140625
1342269769
1342702657
1342709449
1343442409
1344544201
1344762241
1345202329
1345642489
1345937125
1346229481
1346669809
1347550681
1347844369
1348157921
1348283137
1348431841
1349080525
1349232625
1349754121
1350125107
1350489001
1351371121
1351671637
1351812289
1352694841
1352841961
1353283369
1353577681
1353724849
1354902481
1355786041
1356669889
1357701409
1358438449
1358470561
1358862121
1359470641
1359913129
1359928801
1360650769
1361536201
1361683801
1362569569
1362864889
1363012561
1363307929
1363751041
1363898761
1363938029
1364563341
1364755501
1364785249
1365080809
1365702625
1365908401
1367002729
1367150625
1367446441
1368778009
1369222009
1369962169
1370406361
1370554441
1370756377
1371299293
1371887521
1372628401
1373221249
1373517721
1373672125
1374660001
1375445569
1376187409
1376401741
1377671689
1377792241
1378117129
1379305321
1379926081
1380791281
1381683241
1382426761
1383021721
1383765601
1383914401
1385105089
1385551729
1386742561
1387041049
1387488001
1387786009
1388233081
1389259201
1389276529
1389317041
1389574729
1389898081
1391812249
1391961481
1392259969
1392857041
1393668613
1394051569
1394200921
1395545449
1395844321
1395993769
1396442161
1396560529
1397189641
1397265625
1398535609
1399433281
1400480929
1401828481
1402277809
1402815961
1403476369
1403578243
1404975289
1405425121
1405661445
1405725049
1406095201
1406325001
1406640625
1406775049
1407075121
1407407233
1407503125
1407525289
1408425841
1409026369
1409777209
1409927401
1410828721
1410833125
1411279489
1411580041
1411730329
1412181241
1412481889
1412899489
1412932921
1413083281
1413770221
1414286449
1414729225
1415189161
1415572561
1416242689
1416247867
1416588421
1416995449
1417447201
1417797361
1418049649
1418501569
1420611481
1420762249
1421139985
1421214601
1421365401
1422572089
1423828125
1424252401
1424836009
1425002761
1425639601
1426883185
1427403961
1427555089
1427562225
1428286825
1428764401
1429671721
1429822969
1431184561
1431194401
1432395409
1432636633
1432696321
1432849609
1433455321
1433625721
1434212641
1434818641
1435576321
1436075641
1436182609
1436873725
1436940649
1437975901
1438492689
1438870225
1439069689
1439315221
1440278401
1440733849
1441189369
1441493089
1443012169
1443316081
1443468049
1443772009
1444761901
1444836121
1446965521
1447574209
1448030809
1449086001
1449099457
1449248761
1450162561
1450314889
1452600769
1452979801
1453058161
1453476571
1455346201
1455651409
1456719889
1456868665
1457483329
1457941489
1458177721
1458399721
1459010809
1459290625
1459316401
1460691961
1461278341
1461609361
1462068169
1462110625
1462221121
1463447089
1463904121
1464822529
1465434961
1465550593
1465867585
1465894369
1466813401
1467119809
1468192489
1468499041
1468958929
1469112241
1469418889
1469863045
1470207025
1470799201
1471938625
1472333641
1472794129
1474022449
1474856461
1476120625
1476941761
1477190701
1477840321
1478171809
1478325601
1478633209
1479094681
1479143777
1479248521
1481346685
1482327001
1482481009
1484484625
1484890625
1485498001
1485562849
1486642249
1486950721
1487413489
1487567761
1488090241
1489419649
1489882801
1490191609
1490654881
1490809321
1491480001
1492199641
1492817769
1492972321
1493899801
1494054409
1494140625
1495291561
1495446241
1495910329
1497148249
1497216721
1497612601
1498231849
1498541521
1498696369
1499470729
1499935441
1500555169
1501330009
1501485001
1502107201
1502880289
1504121089
1504435465
1504741681
1505445901
1505672809
1506138481
1507070041
1508001889
1508467921
1509400201
1510177321
1510643689
1510673185
1511110129
1511264385
1512509881
1513260001
1513443409
1513904401
1514479681
1514532889
1514844241
1514999929
1515778489
1516740625
1517336209
1517405401
1517514301
1517759425
1517803681
1517846785
1518489505
1518738841
1519206529
1519694281
1520439985
1520454049
1522095625
1522170225
1522482361
1522794529
1524199681
1524355849
1524668209
1524845951
1525165621
1527168241
1527949921
1528575409
1529044609
1529357449
1529605441
1529826769
1530296161
1531391689
1531861321
1532683621
1532808577
1533270649
1533583921
1533740569
1534437697
1535150761
1535934481
1536561601
1537345681
1537973089
1538654601
1538757529
1538914441
1538948929
1539228289
1539699121
1539856081
1540641001
1541250019
1542372481
1543939849
1544568601
1545039441
1545511969
1545826489
1546298329
1546435345
1547714281
1547871649
1548170625
1549130881
1549760689
1550075641
1550233129
1550903761
1551020689
1551525625
1552046581
1552123609
1552438801
1553069281
1553354881
1553857561
1554440625
1555434721
1555750249
1555908025
1556381401
1556590321
1557170521
1557311041
1557701041
1560171001
1560487009
1560961081
1561119121
1561330881
1561515625
1561909441
1563490681
1564031349
1564281601
1564542001
1565230969
1565705761
1566148321
1566655561
1566747361
1567110025
1568239201
1568712925
1568714449
1569664141
1569665161
1569982129
1570616161
1571437693
1572836281
1573037747
1573470889
1573788241
1574404525
1574423041
1575216721
1576328209
1576804681
1577598961
1578011617
1578234529
1578460851
1578711289
1579983001
1580937121
1581032089
1581573361
1582368841
1582904863
1583323681
1583960401
1584830017
1585251921
1585712041
1585850625
1585861201
1586189929
1586349241
1586508561
1587145921
1587305281
1587783409
1588580449
1589058769
1589218225
1589537161
1590175129
1590653689
1590972769
1592089801
1594325041
1594386451
1594829633
1594963969
1596242209
1597479625
1597650625
1597680841
1598317281
1598320441
1598640289
1599120121
1599301341
1599899665
1600093873
1600720081
1601040169
1602480961
1602961369
1603121521
1603209889
1603622047
1604275141
1605043969
1605723211
1606967569
1607448649
1607929801
1608892321
1609855129
1610176129
1610206885
1610336641
1610606625
1611556345
1612102801
1612263409
1612695313
1613066569
1613548561
1613745281
1614038481
1614191329
1615155721
1615477249
1617075901
1617085369
1617287581
1618533361
1618686433
1618908901
1619016169
1619338081
1620304009
1621317841
1622236729
1622720089
1622947093
1623203521
1625289121
1625317057
1627557649
1627713529
1628203201
1628687449
1629010321
1629757921
1630140625
1631109769
1631432881
1633980349
1634018929
1634342329
1634504041
1634827489
1636930681
1637901841
1638236881
1638873289
1639033481
1639683049
1640169001
1640817049
1641789361
1642599841
1642761961
1643734849
1644435937
1645032481
1646492929
1646979889
1647212741
1647629281
1648116409
1649090881
1650390625
1650553129
1651365769
1651528321
1652340625
1652824225
1653479569
1655537521
1655920249
1656134481
1656245809
1656408601
1657222681
1658190625
1658851441
1659666121
1660644001
1660753125
1661147209
1661296081
1661622169
1661823801
1662274441
1662278761
1662600625
1663579369
1664721601
1665700969
1666027489
1666190761
1666517329
1666878265
1667007241
1667987281
1668477409
1668640801
1668967609
1670111689
1671092641
1671419689
1672362901
1672446203
1672564609
1673055409
1674274381
1675019329
1675237861
1675346761
1675510489
1676001721
1676820601
1677803521
1678786729
1679629393
1680426049
1680741601
1681902121
1682078125
1682171625
1682394289
1682886529
1684199521
1684363681
1684856209
1685184601
1685677249
1687319929
1687648561
1688428681
1690278769
1690607689
1691265625
1691759161
1691860681
1692567001
1692581881
1692746449
1693240201
1693536481
1694063281
1694227921
1695545329
1695710041
1695715021
1696039489
1696533721
1696726225
1697522401
1697687209
1697936057
1698473593
1698511369
1699170841
1699624837
1699665529
1699995361
1700160289
1700985049
1701826561
1702140049
1702470121
1702635169
1703130361
1703406601
1704120961
1705114801
1705607401
1708170625
1708416889
1708466761
1708480513
1709078281
1709905201
1710401449
1711769185
1712387161
1712883769
1713049321
1713289033
1713877201
1714374025
1714870921
1714954033
1715036569
1717522249
1718351209
1719512089
1720507441
1721503081
1722831049
1723329169
1723827361
1723993441
1724445073
1724907457
1725488521
1725820849
1726315201
1726319401
1727175997
1728813241
1729977649
1730261401
1730310409
1730809609
1731308881
1731475321
1731510625
1731974689
1732307641
1732323601
1732807129
1733972881
1734206761
1734472609
1734805801
1735472281
1736305561
1737305761
1737805969
1739092591
1739440465
1740474961
1740697597
1741309441
1741977169
1742478049
1742958001
1743447665
1743814081
1743981121
1744002001
1744816441
1745317729
1745419681
1747323601
1747992481
1748326969
1748458621
1748910801
1750836649
1751091393
1751338801
1751506201
1752510769
1753850641
1754520769
1754994209
1755023449
1755358609
1755842725
1755861409
1756531921
1757370241
1757873329
1759047481
1759550809
1759886401
1760054209
1760389849
1760557681
1760709601
1761396961
1761900625
1762404361
1762572289
1763916001
1764915561
1765092169
1765111825
1765143073
1765428289
1765596361
1765932529
1766276785
1767118465
1767613849
1769127721
1769969041
1770137329
1770978889
1771483921
1772494201
1774684129
1775021161
1775695321
1776657961
1777212649
1778224561
1778400261
1778890081
1779068041
1779236761
1779742969
1779993421
1780212385
1780249249
1780586809
1781599681
1781794105
1782612841
1782781729
1783119529
1783493425
1784133121
1784670625
1784770597
1784821501
1785654049
1786099441
1787470201
1787682961
1787852089
1788697849
1789205401
1789710625
1789882249
1791236329
1791913561
1792421569
1793437801
1794284881
1794382525
1795471129
1795979641
1796565825
1796996881
1797505609
1798014409
1798353649
1798523281
1799190625
1799348545
1800559489
1800898969
1801408249
1801530325
1802087401
1802485313
1802596849
1802936521
1803106369
1803446089
1803955729
1804229351
1805145169
1805485081
1806165001
1807015081
1807527037
1807757281
1809056089
1810419061
1811098249
1812119761
1812290041
1812800929
1813822921
1814845201
1815697321
1815804613
1817372601
1817490961
1818254881
1818425449
1818937201
1820304577
1820472889
1821326329
1821497041
1821838489
1822297321
1822340161
1822350721
1823033809
1823375401
1823546209
1824058681
1824912961
1825596529
1826451169
1826964049
1827648001
1828029401
1828607617
1829016289
1829276567
1829529529
1829548621
1830366721
1830727369
1831240849
1831583209
1833203125
1833638041
1834323241
1835179921
1835351281
1836379609
1836893881
1837236769
1837433521
1838265625
1839302641
1839688081
1840324201
1840495801
1841360833
1842007321
1842383929
1842899041
1843585969
1844101249
1844125921
1844960209
1845647521
1845704801
1846163089
1846853125
1847194441
1847230441
1848054121
1849258009
1850118169
1850634361
1851831961
1851838351
1852058125
1852183369
1853216401
1853388601
1854421969
1854766489
1855142433
1856157121
1856331989
1857006649
1857868609
1857898945
1859075689
1859440753
1860455689
1860640201
1862008801
1862138719
1862699281
1864206421
1864253329
1865289721
1865409391
1865641141
1866326401
1866844849
1867337953
1868227729
1869438169
1869913585
1870920577
1871305345
1871514121
1872379441
1872448501
1873418089
1873560325
1873937521
1874110681
1876015969
1876535761
1876709041
1877575561
1879629661
1881801801
1882742401
1882778881
1883299609
1883473201
1883820409
1884514921
1884888097
1885904329
1886466681
1887120481
1887989401
1888510849
1889269921
1890597361
1891119169
1892163001
1892819053
1893402925
1893729289
1895818681
1895992849
1896863809
1898417053
1898606329
1898770825
1898954929
1899129241
1900175281
1900698409
1901570449
1901744881
1902093769
1903315129
1903838689
1904467521
1905235201
1905409801
1906282921
1906981561
1907902465
1908903481
1909339477
1910651521
1911176089
1911525841
1913100121
1913791321
1914325009
1914850081
1915290625
1915636801
1916425729
1916775961
1916951089
1917170281
1917239281
1917301369
1917476521
1917826849
1918527601
1919140625
1921880925
1921990357
1923085609
1924313689
1926244321
1926419881
1927640065
1928351569
1930048641
1930108489
1930987249
1931690401
1932569521
1932745369
1933051393
1933272961
1933624729
1934551621
1934856169
1935208081
1935736009
1936024741
1937102445
1937496289
1937848441
1938376729
1938552841
1939609681
1940317621
1940666809
1941195481
1942253041
1943663569
1943839921
1944721801
1944898201
1945780321
1946486161
1946839129
1947046465
1947368641
1947545161
1947915505
1948441249
1949154801
1950017281
1950621985
1950979969
1951077241
1951784041
1952100241
1952667721
1953728401
1953905209
1954258849
1955143089
1955496841
1955610801
1956640625
1957974001
1958047477
1958682049
1959213169
1959567289
1959744361
1960098529
1960629841
1960806961
1961029441
1961869849
1967011201
1967543449
1968785641
1969673161
1969850689
1970383321
1972140625
1972159281
1972869889
1974456301
1975713601
1976069209
1976906737
1977326743
1978737289
1978738531
1978869841
1979449081
1979983009
1980339001
1980339361
1980873049
1981059937
1981941361
1982119441
1983009961
1983075913
1983188089
1983544369
1984078849
1984613401
1985860969
1985957425
1987287241
1988000569
1988309701
1988357281
1989497881
1990676689
1991033641
1991212129
1992104689
1992171105
1992818881
1993354609
1993533201
1993711801
1994247649
1995002905
1995356881
1995616979
1996570489
1996789249
1996927969
1997845641
1998000601
1998179401
1999073521
2000683441
2001757081
2002831009
2002924441
2004140625
2004442441
2004621529
2004979729
2006054521
2006771209
2007129601
2007492481
2007622441
2007846481
2008044325
2008324225
2008742761
2010535921
2010894649
2011364041
2011612201
2012520601
2013047689
2014124641
2014288129
2014842769
2015030161
2015213473
2015381449
2015732611
2016401401
2016818281
2016847105
2017536889
2017881477
2018435329
2019513721
2020076605
2020772209
2021311681
2021514625
2021671369
2022390841
2022938281
2023470289
2023830169
2025630049
2025706501
2026170169
2029772809
2030313481
2030493721
2031935929
2032476889
2032761825
2035724161
2035904641
2036265625
2036446129
2036807161
2037348769
2037529321
2039515921
2040242401
2041142041
2041322761
2042226481
2042768809
2044603111
2046024289
2047291009
2047671241
2047687825
2048377081
2048739169
2049515425
2050368961
2051093521
2051140141
2051455849
2052724249
2053165381
2053469377
2053630489
2053811761
2054269189
2054270881
2054355625
2054718241
2055443569
2055806281
2055987649
2057620321
2058675697
2059072129
2059415541
2060161321
2060682625
2061432409
2062340569
2063612329
2064157489
2064375601
2064414961
2064702721
2064884481
2066234401
2066463751
2068521361
2069431081
2069977009
2070523009
2072004625
2072331625
2072343529
2073071593
2073254089
2073982681
2074469761
2074893601
2075075809
2075440249
2076051601
2076401791
2076533761
2077992225
2078174569
2078332481
2078356921
2079268801
2079893881
2080545769
2082005641
2082188161
2082440933
2083100881
2083902121
2084744281
2085474889
2086022929
2086328125
2086388329
2087667481
2088215809
2089129849
2091449361
2091873169
2092018771
2092240639
2092245625
2093154001
2093703049
2094174433
2094252169
2094618289
2095382017
2095716841
2096451721
2096979841
2099197489
2099564041
2099747329
2100113929
2100663889
2101397281
2101895425
2102497609
2102640625
2103414769
2103965161
2105616769
2106167449
2108562625
2109073789
2110759249
2111310601
2111678209
2111932187
2112229681
2113332841
2113476625
2114068441
2114988121
2115172081
2115567751
2117932441
2118484729
2119459201
2120510401
2120694601
2121615721
2122721329
2124380281
2124564649
2124570151
2124846361
2125117801
2125486609
2128253689
2128991881
2129090041
2129545609
2130099409
2130505741
2130886693
2131008481
2131158601
2131761241
2132684761
2132869489
2133238969
2133852049
2134140625
2134347601
2136195961
2136458017
2137120441
2137860169
2138655961
2140080121
2140311601
2140467553
2140636501
2141005441
2141190529
2141700569
2141745841
2142209017
2143782601
2144335501
2144338249
2144464065
2144523481
2145988781
2146190929
2147117569
2147483648
2148229801
2148415201
2149980625
2151197161
2151685171
2152231081
2152385521
2152867201
2153613601
2153980921
2154035377
2154683125
2156580721
2156766481
2157323809
2157352351
2157695401
2158252849
2159553841
2160111529
2161227121
2162157001
2162901049
2163273121
2164389529
2164662401
2164947841
2166809401
2167740481
2168485489
2169044329
2169230625
2170534921
2170721281
2171185345
2171653201
2173331161
2173890625
2174636689
2175101425
2175196321
2175569449
2176129201
2176875649
2177435569
2178929041
2179115761
2179675969
2180049481
2181170209
2181825073
2183038729
2183412529
2185282009
2185656001
2186217049
2187339361
2187526441
2187844561
2188590625
2190895249
2191269721
2191327873
2191831489
2192018761
2192955241
2193142561
2195203609
2195953321
2196515689
2196579925
2197265625
2197453129
2198578321
2198720161
2199587041
2199703801
2199963241
2201024809
2201028913
2201392561
2201710501
2202073901
2202706489
2203292521
2203538785
2204959849
2206643185
2208342049
2208718009
2210598289
2212245127
2212855681
2213796601
2214361249
2214549481
2216364525
2216620561
2217185569
2217373921
2217750649
2219446321
2220200161
2220577129
2220765625
2220789187
2221142641
2221545601
2221896769
2222462449
2222839609
2223028201
2223990145
2224159921
2225214181
2226307501
2226801721
2228370625
2228500849
2229822841
2231334169
2231765625
2232657001
2232681443
2234358361
2235303841
2236060369
2236627849
2237006209
2237573809
2238141481
2238898489
2239105141
2239328125
2240980921
2242117201
2242306609
2243253769
2244959161
2245527769
2245717321
2247423649
2247624961
2248371889
2248561561
2249532941
2249699761
2250648481
2251824625
2252356681
2253642061
2255205121
2255395081
2255965009
2256345001
2256915049
2257019821
2257485169
2257652125
2257689421
2258055361
2258245441
2258790625
2258815729
2259386089
2260336849
2262238969
2262809761
2263951561
2264903281
2265664801
2266514251
2266616881
2267950129
2268099001
2268267625
2268521641
2269474321
2269664881
2270808409
2271189649
2271380281
2273477761
2273910481
2275194601
2275385401
2276339521
2276530369
2276756161
2276912089
2278821169
2279203081
2279394049
2282261761
2282641729
2282832841
2283979681
2284410625
2284553209
2285097841
2285509249
2285700481
2286656761
2288378569
2288952649
2289810601
2290292449
2291441161
2292398641
2292590161
2293312141
2294697409
2294744759
2295463921
2295847225
2296038889
2296992061
2297572489
2298147721
2298299185
2298914809
2299298401
2299599501
2300449369
2301024961
2301792529
2302025265
2302176361
2305199161
2305203901
2305632289
2306208529
2306784841
2306979241
2308706401
2311013329
2311163041
2311590241
2312744281
2313327601
2314475881
2315438161
2315630641
2316182121
2316593161
2318630461
2319096649
2319674569
2320027501
2321097121
2321216041
2321865729
2321986969
2322565249
2322950809
2324339941
2325264841
2327001121
2327773009
2328931081
2330089441
2331054961
2332793401
2333952721
2334145969
2336465569
2336752783
2336852281
2338012609
2338810501
2339753641
2340914689
2341344193
2342269609
2342475625
2343237649
2343431281
2343818569
2346142969
2346444361
2347153281
2347305601
2348662369
2349631729
2350213441
2350407361
2350989169
2351377081
2351473201
2351959009
2352822193
2352873601
2354481529
2354869729
2355452089
2356034521
2356228681
2356617025
2357862481
2357947691
2358364969
2359142041
2359982989
2360890921
2361279649
2362834881
2363029321
2363657341
2363807161
2364196129
2365444481
2366530609
2366725201
2367892921
2369060929
2369450329
2369645041
2372434561
2374710361
2374905289
2375932825
2376465001
2376660001
2377245049
2377635121
2378220289
2379390841
2379585961
2380171369
2381171801
2381342401
2381640625
2382318481
2383099489
2383490041
2383685329
2383702321
2385443281
2386029409
2387006449
2387022625
2387201881
2388179161
2388374641
2389547689
2390134321
2391894649
2393655625
2395808809
2396396209
2398354729
2399922121
2400118081
2401294009
2401882081
2402274421
2402862361
2404038961
2404235089
2404627369
2404737181
2405215849
2405804401
2406589249
2407043601
2407766761
2408944561
2409588721
2411104609
2411693881
2412479689
2412872641
2413069129
2413628625
2414641321
2414837881
2415559393
2415903841
2416100401
2416289851
2416410649
2417590561
2417787241
2418270625
2418377329
2418683125
2419951249
2420541601
2420738401
2421328849
2421722521
2422903729
2425858009
2426646121
2428063561
2428222729
2428419841
2430194209
2431180249
2431869121
2432561041
2433547561
2433744889
2434336921
2436597241
2436705769
2436839041
2437100689
2437298161
2437560385
2437890625
2439470881
2439668449
2441249281
2441446921
2442039889
2442080257
2442390625
2443226041
2443621489
2445132781
2445401401
2446192681
2446588369
2447973529
2448307225
2448369361
2450151001
2450499409
2451387961
2452527529
2453121841
2453319961
2453914369
2454658921
2454780601
2454905209
2455103401
2456094481
2456188801
2459862409
2460457609
2461449769
2462508225
2462839129
2463434689
2464030321
2464449121
2466214921
2466413569
2466810889
2467009561
2468201761
2469720553
2469791809
2470468617
2471183521
2472184897
2472774529
2472973441
2473968121
2474167081
2474764009
2475759049
2476190781
2476895071
2478347089
2478745369
2478944521
2480139601
2480681141
2480737249
2481135721
2482331329
2483128561
2484324649
2485321609
2486891953
2487116641
2487715129
2489111881
2491906561
2492106241
2492705329
2493277281
2493703969
2493903721
2494253125
2494303249
2495701849
2497941901
2499096925
2499100081
2499300049
2499900001
2502100441
2502300529
2503301089
2504702209
2505102601
2505302809
2506904761
2507656537
2507705929
2508707569
2509308649
2510110201
2511112321
2511914161
2512315129
2512667521
2512916641
2513117161
2514721609
2515323409
2515487825
2515925281
2517731329
2519437921
2519561781
2519664841
2520742849
2521008881
2522148841
2522751529
2523153361
2525707801
2526168121
2526243265
2526369169
2527374529
2528782369
2529184681
2530380385
2531196721
2532203041
2533008241
2533145473
2533410889
2534216281
2536028881
2536431769
2537273557
2537842129
2538139681
2538446689
2538849769
2540490625
2541065521
2541268921
2541873889
2542277881
2542478929
2544294481
2546110681
2546312521
2546358625
2546953801
2547465625
2547628525
2549260225
2549947009
2550553009
2551563169
2551828321
2552977729
2554190521
2554497863
2554594849
2554959121
2555201401
2555403601
2557106641
2557830625
2558437561
2559044569
2559298897
2559449281
2559651649
2560258801
2561384673
2562890625
2563093129
2565118609
2565523801
2565726409
2566331425
2567550241
2568555451
2568708281
2568766489
2568833281
2569191961
2569667409
2571199849
2572822729
2574649081
2574793585
2575114777
2575867009
2576782801
2577237625
2577288289
2577897529
2578303729
2579522521
2582774041
2583993889
2584603921
2585620801
2586434449
2587451689
2587568941
2588062129
2588282117
2588703125
2589893881
2590097449
2591726281
2593151929
2593384561
2593763041
2594580625
2594753113
2596004401
2596615849
2597838961
2598042841
2599878121
2599923313
2600286049
2601102001
2601652501
2604162961
2604961801
2604993777
2605178521
2605252741
2605387849
2605796209
2607021481
2607225721
2608247041
2608655625
2610969633
2611218061
2612129881
2613152161
2614379161
2614583689
2614992769
2615716881
2616424801
2617038649
2617524865
2618266561
2620723249
2621132809
2621337601
2621747209
2622582361
2623181089
2623681841
2624410441
2624932441
2625435121
2625640081
2626050025
2627280049
2627895169
2628715441
2629946089
2630356369
2632408249
2633011381
2633639761
2633789341
2634666241
2635898281
2636103649
2636478801
2636514409
2636719801
2637952321
2639390625
2640212689
2641370881
2642679649
2643296569
2643913561
2644119241
2644736329
2645147761
2645764969
2645970721
2646000721
2646999601
2648234521
2649469729
2650087441
2650293361
2650911169
2651794201
2652559009
2653383121
2654001289
2654413441
2655237841
2656100161
2656268521
2657505601
2658390801
2658742969
2659218625
2660186929
2660497921
2660599561
2661262921
2661837649
