1537228672809129301
1190112520884487201
84327972908386521673
11091312221959
1247923426698972051309601
1263705364190693
1414788616326148885598999113
19343993777516776559493121
1298708349570020393652962442872833
1772303994379887830538409413707126101
8547706748419747897
1267650638007162390353805312001
23209861470662607228884017929457
85740438909212841187621948329264431233
1419423737739697
19746984737023
12888418822997
115012116747612943
1438757754743911170421659243396668484256801
12152947470724737998788815750591901111
51747019253373488567
541397279550751432072583381
27345556583270537
49024634007889
1100109911591
5152416463416049
482650975316676497766552668137
218233225395093430342427561
379038694489712137
731113382850756808241548859394540329714677839871
128710622385073
2707262025431
852157030647162639576792068177
