42447406
52970386
53497978
68925130
69665590
71067430
93498202
126227290
157502086
164779210
196484302
198771602
200689210
226823710
228862030
232294090
246507262
253514486
292379686
326844922
336849670
338266090
370256230
401979530
412986190
440974990
675614710
728027626
784852390
788661826
800951110
1039888522
1074506098
1164489670
1171968526
1196234110
1201081714
1264853290
1413394126
1560890926
1787767570
2021519290
2026578646
2117756530
2170820170
2428452586
2577748762
2601363346
2628010126
2791483990
2923514686
2994535090
3038422570
3506460070
3580936030
3585541870
3841400122
3926830090








