4743046
4782968
4817548

4905496
5100616
5156164
5175016
5250026
5269726
5412286
5468476
5533066
5589496
5611816
5619412
5673976
5791276
5798638
5890456
5997916
6344956
6501196
6513676
6524596
6801256
6834196
6840856
6849766
6942818
6962068
7207516
7394926
7401628
7631716
7646716
7653724
7720526
7875154
7913116
7947346
8523172
9177868
9185176
9249604
9274756
9341542
9436924
9586108
9638434
9723406
9785932
9921736
9948628
10171954
10183096
10281412
10329436
10415692
10805906
10868716
10903816
10922626
10973926
11411686
11440936
11467036
11477908
11759176
11981476
12074686
12311848
12322366
12599602
12868156
13625326
13708696
13715416
13892506

14124376
14371786
14385736
14388436
14439916
14448952
14457556
14586076
14697046
14841256
14900788
15402556
15460732
15744466
15811876
15859756
16002526
16043644
16062376
16085476
16120468
16299244
16394716
16489396
16537066
16596424
17120026
17151148
17770936
17786524
17802316
17970316
18269416
18361486
18369736
18584686
19126276
19301986
19441576
19493524
19507246
19599658
19646956
19700296
19711846
19754596
19776604
19905256
20119996
20162836
20235286
20264266
20416726
20668276
20940076
21540628
22569976
22583176
22747516
22823086
22846846
23005906
23029336
23185396
23238748
23479126
23791756
23976316
24081916
24092146
24613336
24755788
25053868
25272346
25530148
25941916
25948756
25968376
26475436
26523784
26587288
27219556
27305146
27353656
27408268
27849466
28365976
28563976
28718956
28772236
28779556
29375236
30092476
30256156

30419026
30543436
31543876
31639636
31708666
32042296
32240572
32545396
32729368
33684652
33686926
34066936
34237126
34332376
34358716
34612936
35141626
35234056
35293276
35599906
35754616
37083916
37459246
37721542
38226046
38402056
39889108
40081636
40437826
40505986
40960036
40974676
41102776
41573026
41655628
41742856
41772556
42244636
42536908
42701626
42994396
43091686
43111576
43112116
43197526
43980686
44071336
44215612
44898106
44935276
45470986
45517816
46146376
46487716
46488466
46775422
47167156
47227786
47251348
47281906
47569996
47780326
47930806
48405916
48468376
48542572
48791548
48802156
48940606
49173436
50564206
50816836
51077026
51083236
51598756
52181524
52247716
52853086
52878826
53324326
53353756
54031726
54135796
54147016
54360856
54442696
54451486
54477172
54706996
54796456
55418056
55537462
55872964
57019978
57041656
57368116

57418228
57422716
57570076
57849286
58859416
59333932
59663626
60144526
60532186
60651976
60709636
60817204
60910696
61283692
62486326
62602876
62741116
62969446
63220366
63365576
63622756
64003876
64187596
64216516
65536318
65556856
66371656
66688006
66703972
67372378
67674376
68517736
68840668
69269656
69707176
70540426
70565716
70995496
71084926
71303266
71382136
71484148
71912842
72096466
73149112
73978612
74273356
74372662
74419156
74477656
74892376
75121516
75194626
75646696
76315096
76359556
76489036
76551076
76584376
76769176
76785016
77035348
77083006
77255596
77947156
78302356
78635656
78976756
79172236
79256386
79571206
79581772
79824676
79992298
80329294
81315676
81390376
81664726
82164916
82221076
82262476
82533556
83830516
84034126
84661876
85434376
85519336
85588426
85824046
85851766
85956076
85995064
86065876
86271076
87096856
88201972

90024166
90124606
90497836
90534136
91285558
91606516
91785772
92160586
92555464
92657908
92807506
92908156
93378556
93792856
93810004
93938356
95278996
95373532
95609956
95655196
95687956
95856376
97310836
97678126
98377426
98659876
99218476
99525916
99789976
99924616
99947926
100208116
100938286
101446156
101755864
102548026
103987576
104593006
104804986
106085386
107082508
107769826
108637396
109005832
109552366
112702396
112814494
113125156
113482876
113544046
113997016
114310636
114328396
114824326
116158876
116325676
117749836
118517176
119593306
119657476
119820988
119961784
120768814
121275652
121319848
121343146
122102236
122205538
122424316
122491396
124281046
125985916
126424936
127856716
128241334
128753416
129176696
130132276
130269976
130377196
130562146
130803016
131179906
131573962
131661982
131800306
132961276
134114266
134815996
135002296
135840376
135951046
136409176
136958536
137145268

137241028
137642536
141742756
141761476
142338196
142548616
142603726
143161876
143352196
143523226
143786566
143892334
144329746
145600876
146481076
146563846
146893636
147999556
148376936
148755124
148824676
148986748
149142232
149591926
149917636
151105538
151206076
151436116
151814836
151933354
152075476
153087796
154809226
155199556
156447676
156505636
157419406
157810276
158254876
158339896
158849362
159741946
160896646
161167396
161585956
161982892
162008938
162599476
163592506
163617256
163849996
164434348
164812726
166609066
166726756
167005576
167211848
170760106
171384136
171560026
173104426
173547676
173997964
176477896
177306676
177528286
178155076
178856236
179882956
180328456
180962236
181479826
181574536
181854856
182091196
182411758
183535066
183689164
184826908
185500756
187888636
187923736
188293336
189414226
189848836
190172026
190863982
190909576
192195004
192592786
193104406
193264226
194560696
195275692
195695956
196983172

199270666
199954216
200353804
201656026
202010446
202481986
202529812
203033272
203255416
203433742
203874286
204090076
204320566
204644386
205115716
205185292
205327486
206511526
207360946
209038456
209448856
209785906
209950786
210624652
211224196
212395294
212431726
212929144
212966776
213140578
213715096
213969262
214630696
215407108
216676306
217632676
217675108
217855846
221811598
222790562
222937066
223376806
223946866
224279524
224352766
224368606
226477966
227227672
227400436
227523556
227949436
228234916
228242932
228598216
229283626
229456396
229474246
229667764
229744376
230198626
230485816
231156316
231719356
231760882
231990076
234351118
234519796
235702684
236299726
237290716
238427476
238845706
239361046
240416722
240617692
240758596
241594948
242451028
242988124
243503092
248457784
250219828
253609588
255107476
255668446
256072348
258835006
258915196
259599736
259706294
260367016
261161176
262662346
262692244

262984996
263700316
266466916
267876316
267908356
267956326
268185646
268668316
268928506
269492266
269643916
269797906
269982856
271314856
272071996
272761126
273528676
274447022
274696786
275059126
276237676
277048486
277147486
277936516
281147608
282395476
282602386
283752118
283847656
283874878
284577706
284881576
286516846
286914904
287804476
288831256
289240876
289661086
291767482
292052692
292932316
293970628
294619186
295200676
298182676
298894696
299077636
301854196
301899466
302746654
303215836
303963436
304629436
304772482
306094636
306098836
306151846
306993736
307106956
307604506
308486584
308509048
310667896
312511186
314373016
314397226
315675976
316150276
316900486
320498026
320966308
321307756
321322276
322807486
323177176
324429004
325036426
325356076
325392796
326541496
326579176
328124056
330776776
331118866
332679556
334697266
335207566
339178126
339655096
339711526
342509266
343854316
344254456
344410948
344665006
345399418
346621276
347124856
347235526

