1000067795191
1000237513771
1000543043503
1001595780811
1002615085891
1002920978503
1006833713203
1009594211671
1010583457003
1010719942651
1013007447271
1013109933331
1013485759903
1014374354311
1014682035403
1015742182951
1016563322503
1017042473791
1017727171471
1018069606711
1018138100671
1018480605031
1019097258031
1021840195951
1022217638203
1023419054503
1024277641003
1024930407511
1026683598403
1027337130991
1028954657611
1029126809791
1029781119403
1029987786691
1030332278251
1031193759151
1031297161051
1033193781271
1033228281403
1033366287691
1034263553203
1034608759003
1036854000703
1037165072131
1037234205451
1038063985003
1039655323171
1039932202051
1040139885403
1040312970703
1042252509871
1042910978203
1043951088403
1044124490503
1044852936571
1045165205503
1046380028203
1046761975351
1047213457291
1047942979903
1048081965391
1048672756531
1049124650311
1049889615391
1051594403203
1052325449911
1054415554471
1054554968503
1055042990191
1057833851311
1058078227051
1058427384211
1059405330691
1059614949403
1059649887871
1060523536771
1061852172571
1062621762931
1062796708711
1063461634003
1064546958511
1065737950903
1067525687971
1068192090703
1069279825771
1069771242403
1070508579031
1071000277903
1071386691931
1072194873751
1075008314071
1075571444503
1075606645051
1075747453003
1077895916191
1080117070651
1080999114751
1081175566771
1081352033191
1082658332251
1083506083003
1083824075071
1084707631171
1086122069731
1086298939351
1086723485191
1086865018903
1087608222091
1090725359851
1091682648631
1093740466591
1095231820231
1096048944451
1096297694911
1096973017003
1100139136111
1100174736403
1100673200971
1100708809903
1101456730531
1101777345703
1102169272051
1102632547591
1102668188203
1103202866503
1104272611903
1104593636611
1104843354751
1106270856991
1106413657903
1106449359571
1108413838351
1108592513731
1108699725871
1109629114903
1111453278211
1112169045331
1112276430271
1113350564791
1113708724831
1115392848571
1115536237003
1117185866371
1117293493231
1119662595703
1120416927211
1121135574331
1122501638611
1126460723851
1127001139111
1127361487951
1128875582071
1129885542631
1130282436403
1131762381751
1132087377403
1132304067091
1134255207403
1134942119191
1135122920011
1135339900003
1135520732503
1136280386251
1137329849503
1137655643491
1138234948003
1138633305391
1140263675011
1140372407791
1140771139003
1141169939911
1141713871651
1142366760811
1143455324131
1143818293771
1144072406791
1145270748331
1148760399403
1149670033903
1150798480651
1151271864991
1151636073031
1152073198711
1154077752691
1154588281003
1156449017431
1156923562411
1157653821691
1157909466871
1158019037731
1158092087851
1158786178903
1159297747471
1161308574091
1162259753203
1162955091871
1163321143111
1164090038203
1164236523211
1164419642431
1166105014903
1166691517111
1167388180003
1170140195503
1170287060671
1173226299391
1173299827591
1173630733003
1176390092503
1178231465503
1178268307651
1178563065571
1181401995511
1182139938631
1182841198003
1183173446071
1183358048491
1183431893491
1183911942151
1184133535903
1184650668631
1185204864691
1185759190351
1185796150003
1186498492831
1186535464003
1186757303131
1188791794711
1190420642503
1190976186403
1192458270403
1195796329003
1196575880671
1196910052003
1197281408203
1200998138203
1201518940051
1202821438591
1204720628203
1206584033203
1206994175551
1208672756371
1209904456951
1210128469903
1210315163203
1212743486503
1213117290703
1216147227571
1216446685651
1216484120503
1217457628831
1218356597503
1219293376003
1220080548151
1220193022051
1220942980531
1221580626391
1222893950851
1223006554351
1223832471751
1224207980911
1225147005811
1225259712991
1225898484931
1226988538903
1227966240511
1229584063051
1229847530311
1232822903203
1233162097831
1234745622991
1235424587671
1235990534131
1237915721503
1238293384903
1239048884503
1240976451331
1241505849403
1243208250703
1243397478403
1244949688711
1245139048891
1245252671911
1246843938511
1248094932211
1248891345703
1249118939071
1249232743531
1249839788203
1250788590703
1250978394403
1251965605771
1252345406131
1253979204031
1254169249651
1255499972191
1258011254503
1260677477503
1260868030003
1261096712011
1262164168891
1262965057903
1264643934751
1267775726311
1268081474311
1268157917071
1268922471391
1269037174411
1269113645971
1269496038331
1270834865191
1271332323451
1272174397651
1273131638551
1274050928503
1274472380611
1275813828271
1276158886003
1277347775311
1277731406071
1278306960211
1279381674691
1281301930891
1282108867903
1283992708771
1284261941791
1286878817071
1287148352491
1287302385403
1289806711903
1289999453203
1291503329551
1292544987931
1294475093731
1294668183511
1295247539251
1295556581971
1296909077311
1297566258211
1298649036691
1298919801871
1299616184791
1303720891903
1304069702851
1304147222731
1305853243003
1306085968531
1306590278311
1308142611271
1308220252111
1310667117931
1311483247903
1311677602003
1313038483903
1313194058191
1313388539011
1313777543851
1313972067871
1314049881511
1315334139211
1315567708003
1316696916151
1319853477403
1320204439711
1321062543991
1322233135471
1323755679403
1324693064971
1324966531591
1325161882171
1327702750111
1328211215731
1328602409371
1329267570751
1330167759931
1330637544811
1333105276231
1333340417503
1333536384403
1334477225971
1334712488203
1335065420431
1335457622071
1335889110403
1336673813203
1336830781411
1338204646351
1339461368911
1341151018651
1341622738891
1342723742011
1343785851271
1344139981003
1345556966491
1345714455403
1346856525631
1350206763571
1350877310551
1351074561931
1352613616903
1352653091371
1353798101503
1354825074151
1355417735491
1355971003003
1356129100171
1358699470831
1359332550703
1360163691811
1360915895503
1361470283911
1362698260003
1363054872871
1363688966503
1364521438171
1365711124051
1365909455431
1367060061403
1367615699731
1369005289471
1369640765503
1370435317903
1371190356091
1372979433871
1373774953951
1374053440411
1375366685311
1376600911003
1376760206251
1377238147291
1378234124191
1379190600703
1379748698551
1380187283203
1380586057003
1382341346011
1382979909403
1383578696503
1383938030971
1385535637531
1385775358003
1385815313431
1386574576003
1386934299271
1387374024403
1387733851351
1388773613503
1389333646711
1390734223651
1391614947451
1391975323903
1393016673511
1395140630491
1395541558531
1396985376403
1398429940771
1401040072711
1401401667403
1402165187191
1402366148011
1402647517351
1405181111491
1405985905171
1407636452503
1409650625503
1409690923651
1410416388811
1410819505651
1411061403403
1411666238503
1411827549751
1412714926351
1414086874903
1414490515903
1415055710071
1415257592491
1416065266171
1419176960911
1420592496571
1420916146651
1421523089911
1422413507791
1422939794851
1423182729403
1424964883051
1426180627171
1426829236003
1427680758871
1428654238903
1429019379451
1429222255471
1432348364611
1433689171111
1433973665251
1436616744391
1438610828203
1439058669751
1440239677003
1440606294991
1440891474571
1441054447003
1441095191551
1442032475131
1443948741271
1444886952211
1445090951431
1447744251691
1447989294403
1448234357851
1449623442403
1450890540991
1451708317711
1452485419003
1452526324831
1452689953903
1454531416003
1455759705403
1462155166891
1463099273191
1463181383791
1463386670371
1463509849231
1463756222503
1464741922951
1465810139503
1467043180903
1467413194411
1468646909731
1470292669891
1470333825703
1470374982091
1471198230811
1473380954191
1473792970231
1475524066591
1476719940403
1478948030731
1478989307503
1481260417003
1481880112903
1482251992651
1482706575703
1486014730903
1486800959491
1487628793171
1488042796411
1488332632951
1489947953203
1490569463503
1491191103403
1492185996811
1492476236551
1492600633651
1492642100503
1495172667691
1495795266631
1496376475903
1496999325403
1497248501491
1498494692971
1499034870271
1499450457511
1502860445551
1503609497911
1505066522851
1507024209151
1507232548531
1507982689531
1509858858511
1510526221903
1510943398903
1511777925703
1512362231551
1512403972003
1513030147903
1514324655451
1514533498831
1516204764271
1516371941503
1516539127951
1516748123971
1516831726411
1521140366791
1522815272551
1523317923991
1523527386571
1524574915471
1525371278203
1526419440703
1527006568951
1529734000411
1529985886003
1532295803503
1532968106671
1533514461571
1533976837903
1535448499003
1535827040191
1539278120071
1540246801411
1541342199403
1541552897503
1541805754231
1542142928791
1542353681611
1542817388503
1543239000703
1545980884003
1546234103611
1546656182371
1547416069291
1547627182111
1548302839903
1552148447851
1552571333011
1554813585991
1555533141931
1557396295003
1557438652351
1559302945903
1559684416051
1560193115491
1561846961503
1566303978403
1568173568851
1569023751331
1569959218171
1571192759503
1572086315971
1572852423691
1572894990703
1573150404871
1573533565003
1573746451903
1574640734131
1575237063403
1575876112903
1577836672831
1577964577771
1578220403203
1578860057503
1580395756591
1580523765211
1581249245311
1584238270231
1585220994451
1585691100703
1586588769811
1588299318451
1590995301391
1591209366211
1591294996171
1591423445431
1592279906311
1592365565071
1592708223151
1593008079211
1593565029631
1595107861903
1595365073191
1597294818811
1597466408203
1600084288351
1600427775871
1601372556631
1602188728003
1604810473111
1605584512351
1605799556371
1606315720771
1607348298403
1607391329671
1611266502511
1612473063391
1613421392311
1613852543071
1615750290703
1619462744551
1620067500703
1620499538503
1621104488191
1621839221731
1622185036291
1625039413003
1627376678371
1627896298771
1630192281031
1630712350711
1631579317831
1632142970011
1632229694371
1632446515351
1632793458871
1633010317291
1634138213203
1634355160903
1634962691071
1637176791403
1637611104403
1639131653503
1639305475471
1639826996671
1640826810811
1642870856791
1647659767951
1649184974011
1650885320503
1651365063811
1652019371551
1652237502931
1654856202691
1655074521271
1656821588311
1657214805403
1658088788203
1659006718111
1659137871691
1659618812503
1659881173231
1661368275703
1661762031931
1662418395991
1663118660503
1664169333751
1664256904831
1665264137851
1665789771691
1666403116003
1668156150403
1668769930171
1669471531003
1670962922371
1671489454771
1672498873711
1673025648031
1673157354571
1674474705091
1675792574011
1676100151351
1678473839503
1682653849003
1682697876751
1683270289891
1685340595711
1685737182403
1685957528503
1686398263903
1688338183951
1689970343491
1692530450731
1696374244711
1697700701791
1700310913003
1701240455071
1704030605371
1704518008903
1707000416551
1708064858503
1709395877503
1711126977211
1711348976431
1711793018071
1714547361871
1714902922351
1715436332191
1718104625551
1719350538751
1722244578211
1722779128531
1724115867211
1727683038091
1728263051551
1730494779751
1730584078831
1731209236903
1731923841511
1733264122591
1736304012271
1737243340003
1738093426831
1738854207091
1740779276671
1741540644451
1741943788903
1742167778203
1743243127291
1743736106503
1743915388951
1744139504971
1748669731903
1748849267791
1749791982403
1751094243991
1751139158203
1751588332003
1752666584131
1752756453451
1754104769731
1754734161403
1756802957491
1758332851003
1761034287403
1761980280031
1763467353091
1763782873471
1764368914771
1764909962371
1766217836503
1768428793531
1768519066051
1770505644403
1772312592403
1773216412003
1773487602811
1774617787711
1774843867891
1776381595003
1777331700271
1777693711951
1777965244903
1780636423411
1781587665703
1784034883711
1784125553671
1784261562931
1784352238651
1784760307903
1790614427491
1793567809351
1796114212903
1797661124911
1798890029371
1801804665403
1802670402151
1803673093951
1804812854851
1805952975751
1808645088403
1808873325703
1809101577403
1809375498451
1809786418903
1817145211771
1817740051471
1819662506551
1820257758091
1820486726911
1821677596903
1823556298411
1824014665171
1824243870151
1827408369403
1828280234791
1829060501131
1831815712891
1835032747411
1835492554171
1836780319531
1837286350903
1838160569251
1841152888711
1842765145651
1843963279003
1847006443171
1848344384503
1848990460591
1849221229411
1849452012631
1850606144731
1851391160191
1852545897091
1853885842903
1854810225703
1857307210111
1857631016251
1858001114971
1858093645411
1858510060903
1859898449503
1860639135391
1862213582503
1862954729191
1864576501651
1864993642903
1866848168503
1867126426831
1868007715003
1869678094411
1869863738203
1872370831411
1872603054631
1875251417131
1877762118403
1877808628711
1880088339403
1881484763203
1881903791431
1882136605051
1882229734531
1882369433071
1882648845703
1882881705403
1883533789171
1885164492511
1888661232811
1889874192403
1889920852471
1891227568231
1892674816003
1893421999171
1899030573091
1902259258903
1902727411903
1902914689231
1903663890703
1904553758971
1906240395403
1906896511171
1908865535851
1910225693503
1910460252403
1915812102331
1916610826591
1917503715403
1917691718491
1918725900211
1920089565703
1920748060351
1920983264371
1921077350011
1921218482791
1921312574191
1923100748551
1923665607991
1924042227031
1924324715503
1925501974003
1925972978203
1928988769051
1929554492491
1931629521403
1931865390703
1933752863503
1934177671891
1936160727931
1937719556191
1938192052231
1941595724071
1941784904503
1943440626403
1943677215703
1944197762851
1944576386371
1945144390771
1946754187003
1946990977903
1947227783203
1947464602903
1949880986371
1950544569403
1952204020903
1954101400903
1954860610951
1956284527231
1956474421903
1957613983471
1959086408203
1959751555651
1960084171711
1960797015451
1961509988791
1962365727871
1963364326003
1964743760071
1966266456391
1966742419951
1967837354731
1968123040003
1970266340503
1970742787903
1972935187831
1976273787151
1977944145211
1980522653203
1980952567831
1981430305471
1984776081751
1985493401011
1986545703691
1986976271503
1987885401211
1988842604491
1988890470703
1991571897871
1992673721611
1993152870451
1994111340931
1994207200651
1995117982903
1996268741911
1996364653471
1996796284003
1999915000903
2003996995003
2005246436131
2009815012351
2010055607731
2011932745903
2014051594591
2015015076271
2016701723611
2018678407903
2020125375703
2020800804751
2023793347591
2024421097051
2025145544311
2025435359503
2026111675591
2026691464951
2027609634403
2028576353203
2028818068903
2032010065711
2032881045751
2032929439003
2033123017771
2034139457503
2036076235903
2036996528491
2037335636071
2037723222151
2038207756591
2039419344691
2040728264191
2041940601091
2042086105711
2043298845811
2044560477403
2045579771791
2046502209403
2046793548691
2047473421003
2050680053971
2055738022003
2055981350503
2057441623903
2058366731851
2060071422391
2060656050151
2061094575403
2063482920271
2064555688231
2066214150703
2066994834031
2067482835991
2067922087003
2068703092891
2071046995291
2074467565171
2074565337211
2076227814403
2076961471903
2078673843403
2079701604991
2080386920503
2084256173971
2084746209211
2084795215903
2085530385403
2086069592071
2087785713331
2091907283203
2093331149911
2093380257403
2093871364003
2095050254851
2095394160511
2096131196251
2096622625411
2097998933491
2098539749503
2098785598003
2101195675351
2102918005891
2104887247651
2104985733931
2106955943371
2107153015003
2108089231111
2108138511403
2108680632631
2111342965903
2111589563203
2111786851411
2114352436771
2119933020871
2120773214251
2121663012211
2122701345703
2122998059071
2124432466003
2125372512511
2127154223503
2127352237471
2128936680991
2130918064831
2131661321371
2132553400291
2133148223251
2133346516003
2137314306403
2138009048731
2139001733611
2139299584003
2139349227751
2141236116991
2141484453811
2141583792571
2143322593831
2144515322503
2144962681291
2145062100691
2146702853431
2148045754051
2148294485431
2148791991391
2150036008291
2150533715851
2152724313403
2155763122831
2156909459851
2159502301531
2163194800003
2163694028203
2164143382831
2166940415503
2167739899471
2167889819131
2169139351231
2169489284731
2169689259403
2170639264951
2171139351391
2171489446171
2173690688203
2176994642131
2177645716711
2177695803403
2180451458503
2181403817011
2181754738351
2182205964403
2183259006631
2183409461971
2185767272431
2186770981951
2187473715703
2188427606371
2189030170771
2189683042471
2190989077903
2191491502903
2191692489031
2192999123503
2194557542731
2194758669403
2198481175171
2198732809591
2199789831403
2203315072003
2203365453031
2205582788503
2206389368791
2206540619011
2206641455371
2207649945691
2208406464631
2211181476211
2211686210971
2213352244351
2214160243903
2216383002991
2220022650511
2220528393271
2222754345703
2223209791531
2224525786003
2229590932003
2230097763403
2230300512091
2231314393771
2231415794611
2233089241111
2237453291503
2238773494231
2238976636903
2239484533903
2239941690451
2240500500703
2240754528403
2241821601991
2242075704571
2242278997003
2244058198903
2244109043611
2244820930003
2245278630871
2246295910951
2247415185151
2250112763251
2251895069791
2252659131451
2253678081931
2254748227903
2255512773403
2257297216903
2257501198231
2259286427971
2259388462411
2259541518391
2260613055403
2263114296271
2264135608351
2264186680003
2264748506191
2265003904771
2266178923711
2268069810931
2269756943191
2271802792951
2272058588971
2273696024491
2274105475531
2274412588003
2276921449351
2276972665003
2279329207651
2280251664811
2280610448551
2282815025011
2283122725003
2283379157503
2283635604403
2283892065703
2284969360411
2285944274503
2287689376591
2288459486251
2289229725511
2291027454451
2293339857031
2297453674951
2297813809411
2298019613203
2298276880903
2299306095703
2299820789503
2300284063171
2301416706331
2303682829003
2309353014403
2310178349251
2310849042391
2311984283311
2313429538591
2314049071951
2314513776403
2318439807811
2322834705271
2323300291003
2323558969903
2324283347431
2324645578531
2324852580403
2325111345703
2328269441851
2329564362751
2329823390131
2331844297903
2336718804391
2337549014503
2338327470403
2338379372071
2344507812991
2345651290711
2347107029191
2349551605411
2350748351071
2351060595703
2352101560903
2352622129903
2354184182503
2355017489191
2356215625891
2356840861651
2357570408203
2357830987903
2358664939711
2359655449003
2360124710191
2363097781171
2364141407491
2366124932251
2368527154003
2368579389751
2371087383031
2371139647003
2381813541451
2384433349651
2389782223531
2391041653003
2391619002391
2392353911503
2393456486851
2393929096903
2394244196191
2395820003671
2396082688651
2400813480691
2401286816503
2402338840903
2403864685531
2406075388291
2410289061571
2410552538551
2413451735731
2414137255111
2414928359971
2415455835211
2417038606531
2421367493131
2423691907003
2424960239131
2426916234511
2428238299411
2428661436211
2429296210531
2430036885403
2430618923431
2432471326291
2434854023911
2435913375031
2438244758503
2439039803203
2439304846903
2439516892231
2440100064403
2442963920491
2443494448531
2443759734151
2446466470003
2447209757611
2448802896931
2450184037003
2452309628203
2453425932511
2453638590703
2454223448251
2454382966951
2456244401491
2458479054331
2458638711271
2458745152111
2461673178091
2462472033031
2463697195651
2465668748791
2467161259111
2468280938203
2468334262591
2470627756171
2471801583331
2472068401111
2475805362031
2476553092903
2476766751031
2478369480751
2480507260111
2480881466251
2481362629903
2482164673003
2482485526531
2483983117171
2484518080411
2486497945231
2487782603503
2488853405503
2489710212991
2489870880811
2490513603931
2494264475251
2494746934903
2499037515703
2499252141511
2502794797903
2507038549291
2509027365151
2509511250403
2511070753591
2511124538203
2511447257971
2514137395771
2515698335503
2517313610503
2517529019671
2519414243011
2520330177511
2520815151403
2523510300403
2525397761503
2526152943511
2526530576851
2527285928203
2529660624571
2535169891411
2535710338171
2537818630903
2538088988203
2538575667631
2540252365003
2541334399003
2544365319931
2545177480471
2546802190351
2548969276591
2551354135903
2552655438271
2554933515751
2555421807403
2556181464931
2556452798551
2557538277031
2559547019611
2567589875371
2568460129003
2569004112403
2571126198031
2571235046551
2571724893403
2574719415703
2575590876631
2576843860051
2577225263311
2577988154503
2579623301503
2580168465703
2580495591871
2580768212851
2582022454831
2582349698503
2584477287811
2586769517611
2588571268111
2589718163203
2590756049071
2593870954291
2594034948511
2594690977231
2594909671903
2595675175831
2595729859003
2596495483891
2596878338671
2599778012131
2600653703203
2602350774271
2604157942051
2604541361311
2606075320591
2607719349511
2608322290003
2609638038451
2612709408403
2615727690703
2618802641071
2619846338203
2621824439851
2622319081903
2622538937791
2626167890503
2627048014471
2628313451011
2628423503371
2631395788003
2637235157131
2640433023091
2641812011191
2642363707231
2642639576851
2642970639403
2643522456403
2644626263203
2645730300403
2647994296951
2649043794403
2649320012503
2649540997351
2654570892403
2655068613751
2656008881371
2657281273111
2658941372431
2659273454503
2661986234251
2662318506403
2663980178203
2664811208503
2665919450503
2666695356991
2667803990671
2669023753831
2669190106771
2669800111903
2670909390703
2673073147051
2673461606311
2675570877631
2676403713691
2680958841571
2682793095751
2683071067771
2688132674503
2692920554911
2694257467903
2695093207003
2695427538931
2698102940851
2699050797271
2701783785403
2702676489211
2704239075691
2704908893851
2705188009231
2707868249551
2708259228811
2710214548471
2710717459003
2712617764291
2713512256003
2714686500151
2715413540491
2716532254171
2716644138211
2716923858391
2717763105331
2723529434671
2724761869831
2725602326371
2726386869403
2727732062971
2729526170491
2730367361431
2732050132111
2732274540703
2733733421191
2734014019771
2737326170503
2737943911891
2738112398911
2738449388503
2740078463851
2740921279111
2741202246331
2744350063003
2745193534903
2746093381111
2747162140003
2749469117671
2752790614003
2755550668951
2756452210903
2756677619431
2757015749503
2759496003631
2762992799911
2764346992903
2764854900811
2766096649891
2767790393371
2769767082631
2771631464491
2772479118151
2772535633003
2775305566351
2778755783203
2778982101811
2779378181551
2779944058711
2781585428203
2781642035791
2784133339903
2785209475051
2788665840703
2789005926871
2792578083571
2792975130991
2794279914091
2796322795003
2796833631871
2797458051403
2797514820271
2799104582431
2803421927503
2804274428203
2806264100503
2806491536551
2809050827131
2810188664011
2810871476731
2812863487591
2813432763151
2813717422531
2814571487071
2815653488203
2818444871791
2819926575703
2822149861651
2822720076091
2823404409451
2825115605731
2825343804403
2825914341403
2827398007171
2828539553491
2828996236531
2829281682151
2830423608631
2831280204691
2831622879403
2831679993871
2832536780011
2833679363131
2833907907403
2835107916031
2835393669811
2835622283203
2836708322671
2839681704511
2840139286111
2840482496503
2841912763003
2842198859503
2843000006311
2843286157531
2844488149903
2848553910091
2850158106811
2850845757931
2851132303711
2851361550703
2853367855003
2854858709251
2855317511971
2856235228003
2858243245903
2859735373111
2862203976451
2862548517403
2862893079091
2863409960503
2865420498403
2866627159831
2870651199151
2873757386503
2874850703731
2875829111191
2878362232903
2881472588191
2883316554271
2883604727251
2883892914631
2884930508431
2885218762051
2887352286391
2894219508403
2894739209911
2896009787791
2897627290111
2898262861003
2900285595703
2902598156503
2904911638903
2906647355503
2907168171571
2907457533991
2908383590503
2909599263451
2912147211403
2913827150431
2919971738503
2920319738911
2922350154571
2925135872011
2927284101631
2929897876051
2930420770903
2931292366003
2931641040331
2933035945003
2934547466131
2937455331931
2939957248231
2940248237851
2941994477971
2942343788203
2945896285951
2946362346271
2947644202231
2950850061811
2951608065031
2952191210671
2952307846711
2954232674011
2954582710003
2954874422503
2956274842951
2956624999903
2956916813203
2958025835071
2960770098331
2961529374511
2961938255851
2963106643771
2964158389891
2966788571671
2968542674191
2970414288271
2971233304903
2974393426591
2975095903951
2976266883871
2976559664851
2978492380471
2984411559403
2985349790251
2987402684311
2987637345703
2987930685403
2989749712951
2992332508903
2993859230671
2996737572403
2998500505003
3001087077211
3005616261871
3007028653903
3010325525551
3012622628203
3012917191903
3015333157411
3016453079503
3017042595703
3017396333071
3018221800903
3020344950871
3020639891851
3024062259571
3024416408203
3026777929003
3027722795371
3028490607871
3029376666331
3029435741503
3031208264503
3031740122491
3032981305903
3034518361111
3037120418503
3038244378931
3041854288903
3047243548051
3049554690703
3051095939191
3051273800611
3056671393903
3058986108331
3059104835251
3061361084491
3061717410403
3062964714391
3065638364011
3068550997903
3069799692931
3072714302503
3073309290703
3073844829331
3075332681431
3082181437891
3082479382711
3082598564671
3084267354031
3085459622911
3087546647851
3088799201503
3090648673531
3093811956271
3094170165703
3095901803611
3101697353791
3103490889271
3105524189503
3106780384051
3110550491791
3110849804611
3113843724811
3115161505891
3116060152831
3116359730611
3118457178271
3122654190391
3123134028631
3124993750003
3125533772791
3127394208403
3127754356651
3129195157003
3132858684511
3135803070403
3137907049903
3138207676003
3138568446331
3141274884751
3142417953403
3144463963651
3144584337931
3148136415703
3148377307111
3150244528003
3150786728071
3152895727411
3153799800271
3153860076403
3157115842891
3160493967403
3161338780771
3161761229791
3164055016951
3165322993003
3165624929503
3166168451491
3166591223071
3167799297391
3169249290703
3170397437371
3171062248903
3177956217871
3178984907251
3181648170403
3182556355903
3183101329411
3184070286403
3189584033551
3191584702771
3192009167791
3192312374371
3194374561003
3197469089431
3197651167171
3198683038951
3199472229691
3201050903203
3201354538903
3204634722031
3205060053931
3205303113403
3205910802403
3206761663771
3208706913691
3210166238203
3210835206151
3211382595403
3212660018431
3214485349111
3215093907871
3215398208851
3217772250703
3219355431991
3219659934571
3223497900871
3228496773391
3228740719903
3229716598111
3230265594403
3232034899831
3232401023503
3234292992811
3234598200991
3236307632911
3236735061451
3237834293011
3237895366903
3238750461871
3238811544403
3239178051691
3239422401403
3241866405403
3242538668071
3243455502211
3245534139403
3246512552011
3251590433911
3255079952251
3256243540903
3257101055071
3259306609903
3260287096111
3261083849731
3261512911231
3261819401011
3266725195891
3267277328503
3268811275003
3271880248003
3272125828051
3272555615311
3274029385903
3274275046591
3277346582791
3277715263903
3278698514911
3283001971831
3283616981791
3285462357271
3285646923331
3287308251151
3292233169231
3292787453203
3295867658203
3296114136811
3298271217751
3298702718611
3299257546903
3300182364403
3301107311503
3303019279531
3303266025403
3308202878203
3309499412911
3310116899671
3310919718571
3311228520991
3315367862731
3317716698211
3318767762311
3320561138203
3321488936503
3322169404291
3322726202503
3324520647451
3330154636903
3331145721511
3331331566291
3335359476151
3337653373291
3339203750191
3343546720711
3343857040891
3348513571591
3348762010903
3349072573003
3350066468491
3350687728051
3355038157771
3355597703503
3361257953371
3362191419511
3363000528331
3366549308431
3367109813203
3372031801711
3374213578651
3375211197403
3376707902011
3384820817731
3386444569003
3387006727471
3388006235503
3389630750551
3392130764791
3396758220703
3398697686971
3400137003511
3402766106911
3404519406991
3407651423191
3408090020371
3408967299403
3410784879391
3413041859503
3413418095431
3413606221171
3418122794131
3420005580811
3420319428991
3420507744811
3424589193871
3430307311003
3432193450003
3434143004911
3434960724931
3435338167003
3436911065503
3438799018903
3439365506011
3441631921003
3442828385431
3444528982051
3447679343851
3450389806711
3459285075403
3461179163203
3462379020271
3464968894003
3466485366931
3467812552903
3470278000771
3470341228903
3470594147191
3471985362511
3474452293003
3474768629503
3476666950903
3480528469771
3485279176471
3485849479003
3487053604231
3488765087251
3492189313003
3494663409511
3494980664731
3496313293903
3496884498451
3498598392031
3499868213551
3501963922771
3502281509191
3502599110011
3506220777151
3510543810511
3511497779371
3511879403203
3512197438903
3512769939451
3513851456671
3514996773991
3515442225571
3516078633931
3517351623451
3519197867503
3522445885531
3525886596403
3526269001291
3527097616351
3529328986891
3530030420503
3530604372571
3530731923811
3531050811991
3534495721903
3541518326503
3542220970291
3542412612511
3543434791903
3544329319831
3544457118751
3546566133571
3547652840551
3549123356131
3551361681871
3551809431691
3555328448071
3559681640791
3562948283203
3566152328203
3568973078971
3569293689391
3571217654311
3571923238003
3576350761831
3577955613931
3578597655571
3579047118991
3579303967903
3580010349931
3581808727771
3582194153203
3583157807503
3584699923951
3586306648051
3589199658631
3591579230011
3592158163903
3593380510891
3593444850703
3595310955811
3596276372671
3596598207091
3596662575703
3597563796751
3597950068903
3601556275591
3605422072951
3607678079011
3609612360091
3612192207931
3616257337111
3617290114903
3617935675903
3618193916431
3621874845331
3622133226403
3624071378203
3626074679671
3627884589031
3628919025703
3629500961131
3629953609831
3630600299791
3631441082851
3633769913203
3634028718211
3634352237431
3639530503351
3641149467451
3643222266811
3646332571771
3649314526003
3649573883971
3650870812051
3650935664503
3652167970531
3652492296151
3656839648771
3657683464471
3658072950703
3663852764851
3664502467291
3664892316403
3668076860311
3668206871071
3669182025211
3671718032503
3672303389371
3673083937771
3673734458131
3677834060911
3678875593903
3679201103203
3681414948331
3682391856391
3688647136903
3689233841611
3689690199751
3691841982571
3695103454771
3695429681191
3696408446851
3696865248511
3697452606403
3697778936503
3698496913411
3701957233591
3703328751403
3704700523231
3706987374091
3707902312003
3713459715703
3715095038203
3718955826631
3720265023511
3721967323903
3724914533203
3726879987403
3730878009631
3731468063203
3732386017051
3733500827071
3734812581391
3735337347631
3737699251903
3743278932403
3744592403203
3745840413871
3746891531503
3750571604431
3755042692831
3758726765503
3768999064111
3773612985031
3775789098091
3775855050703
3776118866911
3778757535871
3779153415703
3780077215951
3782453220703
3785358240271
3787471682191
3789321427711
3792096892711
3796923332971
3797386303591
3798973845703
3800627888203
3800892568411
3802348474291
3803672267011
3803870855791
3808837260091
3808969741891
3812812716331
3813276654631
3820438136791
3822163200703
3822760428931
3826145603503
3827207927791
3827871955351
3829067350111
3831857330311
3832189538491
3837506827771
3840698970811
3841364167651
3841696787671
3843160486831
3844757567503
3845356558291
3846488112631
3848352212071
3852015150691
3852081765703
3855746478403
3856746247903
3857479494571
3859412933503
3859813015831
3861080080003
3864148570171
3864348731431
3866350629151
3866417368003
3868086026503
3877437166903
3878840811691
3879108201403
3882116970703
3884725514251
3885862845871
3887401853611
3889476650503
3889811347003
3890213001811
3892757297131
3895838346403
3897580348171
3899791911151
3900864409903
3902473434511
3903546301903
3903948665191
3905222952403
3906296197651
3907235408203
3907906342003
3908577333403
3909315490471
3911329000351
3911933154403
3915693383491
3917036760211
3917641354903
3918985065703
3922681458403
3925639827091
3926379593503
3926446848451
3928330220851
3929406636403
3929743046503
3932031017071
3933781090903
3937753856611
3944491937011
3944896405003
3947256214903
3947593388203
3948267778003
3948537550051
3949009673311
3949212020491
3951977951503
3952315326403
3953327537503
3956702510503
3957647760991
3959065848403
3960821927611
3962781090703
3965078657431
3965416591051
3965551768531
3970487323351
3975358274551
3975628970503
3977253339751
3979419681511
3981044824903
3981722065903
3986125536403
3986532133291
3987413164351
3987548716231
3988836574003
3991141680571
3992633574931
3995550355231
3997043073271
3998943299431
4006820475703
4007907591031
4008111441571
4008858937903
4009266692551
4010490080911
4013005409731
4014025362271
4014297371503
4016065656151
4016677845403
4019739491503
4020488071291
4021781236903
4023142688503
4024572460651
4024912920031
4028250184003
4029544597231
4032611142211
4033020103003
4036497106951
4037792844403
4037861046871
4041954249031
4042909627903
4044206394091
4045298569003
4049805349171
4051786394503
4052128003003
4053426246631
4056638584771
4057527328471
4059305107903
4060946480671
4061288475091
4061698887403
4062793421611
4065872589631
4068610607071
4072239899731
4072582369351
4073746873771
4074706002403
4075733765503
4075802287651
4077515528551
4079092028131
4079503339003
4082657411251
4087322185411
4087802533951
4089037845511
4090479278203
4091165764003
4093568917903
4095285888403
4095354574711
4101882400531
4102088627071
4105251416503
4107314761903
4109103413911
4110066695503
4114127479771
4116193054291
4117570391971
4118396905171
4119705720703
4125977141131
4127218206931
4128390495991
4128666352903
4129356035503
4132529317351
4132874312731
4135496748211
4137291525403
4139639129251
4140467854291
4141089452503
4141711097371
4143092697451
4143507222403
4143576311911
4144474527931
4146893285671
4148414008831
4151387136331
4151871234631
4154845600531
4156298584903
4157405791111
4159828318771
4167793020511
4172922160903
4174239611251
4174586343271
4175002440703
4176320219371
4176458945011
4178401345891
4179927834811
4181871042091
4181940450703
4184300686231
4185064434403
4185411615703
4186869934411
4189231560403
4191732831331
4193122748851
4195555658911
4197850191811
4198893368671
4200423595831
4200771413611
4200980111191
4201327952011
4207313068003
4207591549171
4209053726503
4210376867731
4211839528903
4213929485503
4214974658203
4218180662611
4226201005951
4230667800703
4232483109991
4233181409551
4234438493911
4234787717131
4234927410451
4236953222503
4240447139503
4240866506311
4242893738203
4244921454511
4247159496751
4247859005911
4248488613403
4249468095571
4255137315703
4255207329691
4258568678491
4260460020391
4261861285111
4263543106903
4279607175691
