47321
47879
53041
56953
58241
60639
68255
71519
78407
79361
81361
84587
86033
93023
104919
107801
109617
117739
121319
131327
133055
134579
143479
143639
147559
147839
155041
155497
155759
160921
165599
178849
186031
189419
197119
227919
241535
246959
257881
264095
267919
270161
270599
271439
273239
292655
311905
316009
316511
326801
330911
369145
374001
382771
409631
430417
432215
437579
443015
457345
469201
469699
473891
483121
484295
491959
492001
493769
501337
501423
545159
546897
560065
575639
577561
599471
600059
632269
643259
648479
656083
657201
677379
681239
695729
719999
724883
732241
758161
779857
783579
820369
824879
876095
895299
901951
903839
903959
928319
938927
949087
972145
1015429
1021987
1044553
1050335
1052689
1074241
1094459
1130977
1136689
1175839
1179919
1215337
1238399
1296879
1303681
1331713
1349399
1354079
1372105
1398169
1448161
1471393
1478339
1504273
1504535
1524601
1525719
1527239
1553473
1561439
1587097
1607521
1656031
1743389
1778401
1809919
1822081
1832599
1844159
1847663
1892969
1903439
1939465
1966319
1966537
1970693
1988449
1989239
1996519
2033999
2045399
2053519
2067999
2094455
2111999
2159921
2160865
2178923
2190399
2192041
2215361
2243121
2273377
2341239
2343263
2377535
2384759
2405479
2426401
2428199
2461199
2464139
2545201
2547601
2576497
2583251
2635499
2639281
2650911
2698779
2717279
2719585
2733279
2739851
2753519
2761777
2796697
2821439
2830465
2867761
2869723
2929169
2975549
2990737
3034589
3064499
3105817
3116909
3147119
3246321
3267551
3317039
3399119
3413073
3417149
3520777
3521761
3590497
3600519
3605615
3612959
3778705
3785633
3831409
3839281
3855599
3858139
3893879
3945707
4067279
4076939
4090547
4099199
4106399
4169759
4194721
4220641
4222959
4315679
4317659
4359095
4372199
4381915
4382279
4416739
4438459
4472161
4542649
4584001
4672799
4688401
4738103
4757761
4760279
4807403
4818959
4819919
4826761
4852959
4860899
4903559
4917219
5023201
5038439
5133569
5187601
5241729
5285665
5293259
5294807
5299139
5305681
5345599
5374949
5383945
5387483
5434153
5450881
5469359
5581079
5584949
5606747
5633663
5660879
5677343
5677849
5918719
6018047
6153841
6173281
6189041
6219721
6250089
6252719
6302771
6312383
6347161
6383263
6435689
6485831
6496081
6501599
6532321
6535679
6568239
6580479
6608305
6625109
6636553
6710801
6754321
6762991
6784721
6811289
6919153
6920609
6992999
7006897
7010639
7014385
7017337
7020721
7037711
7085671
7118495
7211399
7224653
7300019
7374203
7388159
7399721
7496761
7498559
7536815
7554239
7585203
7722793
7761797
7765739
7777459
7812671
7834321
7840799
7860479
7921633
7930441
7936147
7936897
7938001
7943039
7996801
8006069
8110081
8117249
8142047
8150351
8216279
8223539
8231399
8300447
8300729
8338513
8358119
8389643
8426041
8492289
8500799
8521777
8605519
8647081
8752301
8811001
8817899
8901001
8916601
8923199
8931619
8944081
8976671
9020479
9049479
9058895
9101399
9162691
9291889
9302019
9302047
9349199
9353401
9363201
9369001
9375289
9671201
9691219
9700681
9708479
9749321
9762335
9808513
9834049
9842741
9856201
9900121
10002961
10009123
10078991
10124401
10149121
10181639
10183273
10195559
10204919
10265129
10271579
10310579
10326239
10347479
10382401
10513859
10597153
10642681
10684295
10744271
10810201
10819711
10839359
10894337
10913761
10984679
11025505
11047521
11083379
11104399
11179841
11209103
11399257
11434809
11439119
11499481
11530349
11594519
11669881
11734241
11744039
11778623
11818399
11896561
11978009
12004431
12080651
12145799
12146761
12151945
12179579
12319679
12319681
12349583
12419993
12484369
12568919
12619585
12673759
12682321
12729639
12737297
12779381
12782881
12833353
12840961
12900659
12934081
13016329
13087585
13221601
13250219
13323409
13336631
13394239
13492499
13597199
13630321
13641265
13654655
13792031
13809599
13810379
13951081
13969561
13977215
13987599
14003569
14020609
14111327
14414329
14436961
14497561
14613999
14634145
14694161
14707793
14778599
14817881
14884519
15057921
15117479
15126493
15197161
15204149
15322047
15399889
15502201
15510529
15822719
15829537
15857855
15884881
15931121
15947177
15954121
15955939
16012919
16015969
16052905
16065071
16109189
16340401
16360959
16365721
16430833
16474919
16529921
16546945
16716001
16778319
16783199
16834895
17178721
17236079
17284259
17497151
17561719
17623241
17661679
17773561
17794081
17862767
18011279
18017473
18085535
18101951
18139681
18338111
18378109
18422513
18510961
18634739
18688601
18740239
18754999
18783359
18949679
18954937
19060187
19279799
19709059
19726199
19743371
19758467
19777681
19901117
19901969
19902961
19907591
19951469
20214479
20226601
20256097
20271599
20499629
20535599
20670929
20849361
20991959
21026281
21194495
21197521
21251939
21253249
21264281
21286959
21548065
21807071
21811249
21861857
21877559
21880599
21972721
22083409
22086001
22233581
22290961
22362239
22411843
22908599
22968913
23097199
23166681
23180399
23241959
23274217
23345281
23391647
23608993
23704801
23756881
23803921
23816519
23841049
23915933
24045337
24066505
24109199
24266759
24279263
24280649
24293699
24336937
24346921
24412337
24412433
24495697
24616761
24654241
24694319
24702001
24757655
24880295
24967319
24989579
25120199
25294191
25327009
25338949
25399001
25457761
25486231
25509001
25527039
25590601
25590769
25615513
25738559
25790599
25875359
26026559
26168905
26318039
26326061
26433121
26462099
26514433
26546401
26605321
26613599
26664091
26666641
26753279
26936959
27030719
27048561
27125279
27161121
27270751
27369719
27539699
27562465
27588399
27622561
27893713
27928823
27971459
27993529
28004401
28046305
28065961
28203121
28392001
28427209
28597537
28787881
28817711
28833071
28898401
28927517
28946065
28989871
29009377
29080969
29158921
29163265
29219735
29329895
29388241
29520959
29543249
29554415
29675359
29735549
29833199
30020033
30328199
30356689
30396961
30541019
30576961
30689279
30706081
30747487
30918719
31050161
31122251
31233841
31253041
31355323
31381201
31425841
31443719
31545359
31572073
31642201
31645769
31658879
31771559
31877641
31907401
31948559
32004039
32072399
32097121
32208461
32388827
32429999
32441305
32480257
32493601
32564161
32617199
32664457
32692519
33207553
33271679
33325619
33363601
33366529
33486601
33527521
33574297
33605281
33726001
33895993
33985681
34008721
34082495
34092841
34353143
34468829
34583471
34935823
34990181
35079179
35142799
35169601
35180881
35215489
35227199
35280721
35342785
35371561
35475441
35568455
35590987
35770559
35908057
36313199
36393121
36400895
36598415
36718001
36802415
36814799
36968401
37023983
37044419
37132921
37160201
37172081
37187219
37411297
37800455
37959979
38090305
38152081
38181659
38213033
38453483
38489615
38638655
38734401
39071711
39297599
39365713
39366601
39383135
39406081
39513761
39528721
39541249
39553799
39578881
39591857
39639865
39818761
40047839
40055729
40123247
40172161
40197169
40386599
40508041
40755121
41146001
41222447
41515469
41530321
41694721
41707679
41826943
42079801
42224509
42511391
42547537
42555743
42570719
42688801
42801359
42850081
42873985
43058785
43200361
43212455
43247399
43324321
43507201
43646593
43678321
43701281
43711149
43785139
43843801
43878241
43945441
44008921
44168521
44203499
44213399
44230535
44276903
44733971
44736677
44779769
44846441
44874899
44902879
44961193
44967121
45216289
45232349
45794161
45823201
45896099
45966479
46261655
46402161
46500601
46576945
46691041
46750801
47439809
47584441
47597761
47839793
47916359
47959199
48134735
48159323
48237697
48268527
48279999
48338641
48987719
48997081
49002841
49175281
49368815
49568119
49787135
50188879
50247467
50319403
50526001
50542679
50680961
50772131
51105601
51265281
51293759
51308999
51669041
51803137
51883121
52621801
52646999
53226769
53233139
53461151
53490239
53636241
53803439
53808769
53860351
54319439
54425333
54430465
54625681
54658739
54707299
54758495
54816959
54994897
55045761
55059133
55285999
55295135
55338401
55352639
55392623
55470881
55503361
55644241
55693441
55772641
55811271
55822361
55917399
55958449
56100527
56101969
56244383
56354759
56356801
56384039
56438855
56755439
56857907
57142259
57202601
57560543
57607199
57770309
57999359
58039001
58300319
58772665
58881361
59322059
59390521
59498065
59540001
59598119
59847481
59957639
60032559
60143999
60227519
60420977
60427729
60428521
60493859
60504639
60521869
60677579
60724801
60827761
60873151
61005241
61076867
61102097
61140959
61168199
61291439
61295135
61488337
61843879
62640759
62668081
62706851
62833601
63038305
63115359
63123997
63167545
63183119
63223161
63275473
63412417
63579889
63648359
63654491
63722881
63981881
63989099
64003247
64065539
64108349
64132129
64186199
64214639
64317679
64401695
64428671
64436741
64532257
64587601
64634921
64668799
64711219
64794961
64950241
65030473
65102579
65181731
65273879
65288161
65416799
65556479
65567881
65729929
65820601
66079321
66163241
66455549
66456039
66585599
66596683
66620737
66622951
66943799
67432961
67515161
67633055
67864191
67900033
67925339
67976319
68017643
68020799
68053391
68122999
68147135
68402039
68549779
68553407
68729759
68869295
68983741
69164927
69845759
70001537
70105547
70110145
70111801
70129801
70137577
70181819
70216801
70249031
70359577
70519679
70568399
70705939
70849681
70853737
70874233
71260463
71326921
71384041
71497439
72005779
72044279
72674881
72712681
72723169
72895295
72912719
73012993
73015489
73058041
73250057
73283039
73324441
73339343
73374951
73397771
73486801
73592921
73660465
74204481
74264177
74757761
74982601
75261199
75332977
75481343
75498719
75503065
75559679
75571057
75591145
75592749
75828311
75948769
75978321
76069001
76216139
76244609
76447801
76580449
76601447
76715521
76722359
76789831
76790561
76862479
76912177
76922159
76954561
77054461
77081199
77110351
77112841
77121073
77168519
77405803
77430961
77431479
77526049
77660687
77763001
78127919
78223121
78301201
78511609
78625819
78662641
78698015
78737669
78742039
79077601
79092215
79271499
79318273
79576561
79701047
80024001
80046119
80059105
80117281
80136209
80308801
80355299
80613049
80705999
80743801
80777881
80881979
80942159
80978717
81260641
81494281
81591839
81597505
81791159
81866199
82102499
82155481
82289521
82346399
82382617
82386361
82528561
82697999
83007461
83137209
83159999
83197201
83227969
83769335
83774041
83804041
83906899
84029759
84216131
84579643
84990191
85031189
85187233
85236095
85330513
85491793
85525441
85673665
85724353
85762599
86030261
86181359
86444819
86481823
86501519
86905897
86959081
87096001
87202517
87309457
87318879
87791039
87809401
87832081
87898537
87908689
87942559
88046639
88138889
88183199
88346399
88445279
88679449
88873201
88912869
88917779
89000015
89059465
89535601
89611199
89847505
90192367
90281939
90333359
90459137
90499499
90608111
90924959
91347935
91685411
91795681
91972799
92196719
92215999
92266769
92411423
92551201
92554561
92555351
92684231
93057983
93119999
93181319
93464447
93821641
94132369
94332721
94414465
94540571
94689321
94972681
95045401
95099665
95489137
95628455
95703841
95727455
95812091
96008521
96050305
96084161
96210299
96268801
96284735
96347999
96387983
96619709
96930399
97091569
97743889
97980961
97993853
98167111
98213759
98418337
98494081
98629633
98705281
98787815
99038015
99461561
99484561
99567161
99720721
99748153
99791615
99940399
99944207
100159359
100163665
100184689
100321199
100597201
100645921
100777949
100782193
100801945
100891993
100957969
101195137
101286527
101561879
101652851
101821823
102044881
102271201
102345847
102440591
102633839
103443503
103698529
103739401
103746721
103817641
104284357
104702161
104722799
104837041
104842401
105438839
105498239
105887303
106035841
106054465
106112161
106140001
106283521
106564249
107080561
107224571
107275681
107339905
107448001
107479201
107581439
107698535
108002999
108013081
108228119
108420479
108477431
108519097
108629249
108803519
108872641
109015351
109306801
109557001
109655567
109879279
110073601
110172621
110373193
110592129
110775719
110970559
111020833
111211519
112114079
112144703
112192081
112732619
112737601
112910401
113165279
113333479
113397257
113421601
113440417
113492735
113771459
113852771
113926737
114056489
114061397
114276745
114454201
114569521
114722401
114805589
115088777
115275215
115421693
115688321
115739401
115763473
115947831
115981321
116067139
116081071
116146579
116446681
116587559
116609497
116624591
116881919
117061559
117109387
117588239
117614339
118023481
118056959
118130083
118168529
118269935
118505281
118572241
118718785
118954441
119011201
119503507
119572287
119720041
119738735
119771339
119967121
120194759
120476761
120702959
120985259
120986521
121021441
121069121
121326127
121512385
121846201
122089681
122321255
122375797
122483519
122719519
123256561
123454799
123712801
123946681
124001999
124014455
124094165
124328399
124661881
125322119
125745599
125845055
125933641
126040033
126648281
126729049
126746749
126910559
127081679
127519167
127657489
127743839
127745459
127849479
127890841
128013269
128221801
128223499
128399233
128510401
128534401
128641799
128993759
129105361
129244921
129423839
129611803
130042529
130742801
131092799
131374321
131708401
131713295
131823159
131920799
131985419
132072121
132452713
132736799
133046759
133158311
133204801
133205905
133552801
133816619
134002801
134070479
134184959
134246399
134367011
134814369
134859097
135054865
135124415
135148895
135432799
135582481
135652921
135693481
135766081
135788799
135801359
136033969
136194601
136690709
136950263
137249281
137413097
137774699
138127319
138240479
138411649
138537959
138666527
139021201
139413505
139555801
139799681
139837441
139966287
140546735
140732999
140921879
141427921
141552433
141580945
141766239
141817457
142044827
142343135
142505729
142675679
143119349
143795609
144751321
144824065
144845305
145041841
145108799
145282721
145407361
145413839
145541201
145735239
145969599
146389759
146497471
147160849
147294481
147323071
147499055
147603961
147664439
147682079
147903823
148182481
148338719
148616159
148899839
148983509
149005297
149023349
149099231
149107391
149214801
149333857
149555329
149557823
149965079
150048361
150370801
150616753
150697931
150837599
150914399
150986629
151249001
151420031
151499919
151504471
151649819
151806599
151873229
152118959
152186039
152707633
153030601
153046259
153126719
153691441
153876239
153938989
154252559
154973281
155035391
155048543
155335103
155465099
155474567
155509199
155605379
156279959
156328201
156656135
156838897
156896399
156956241
156982105
157273979
157372801
157446521
157531585
158462641
158722201
158796601
158968479
159140639
159530041
159620833
159825119
160101359
160471643
160710481
160993801
161259121
161314049
161570761
162174251
162586943
162594561
162730511
163247387
163369439
163515529
163556065
164115859
164158139
164169601
164173657
164476081
164532059
164728079
164963519
165313681
165436039
165485459
165540961
165599617
165669889
166020623
166096393
166573153
166574521
166903201
167303759
167376719
167982361
168520351
168564779
168586111
168720001
168777361
168925679
169124119
169214761
169346111
169477001
169542361
169801633
170408001
170653561
170671499
171120599
171125249
171328465
171780049
172006801
172131913
172670849
172821935
172895673
173075759
173096267
173357855
173408429
173693521
174091633
174300457
174417321
174493441
174618719
175082689
175450463
175494671
175800913
175981465
176153999
176364001
176760481
176816641
176853601
177120607
177177503
177348601
177471001
177629039
177735935
177839201
178549889
178856999
178937439
178987367
179223361
179361839
179397505
179502073
179558039
179776751
179896081
180272881
180749791
180891699
181768321
182191295
182428349
182855089
183151441
183196801
183209039
183261193
183616609
183835801
183921409
184072001
184409999
184614299
184831633
184992639
185016831
185237521
185391361
185434529
185499943
185550961
185636479
185743811
185770839
185885561
185952801
186229561
186424991
186502177
186823441
187046495
187449695
187566841
187595849
187681321
188398079
188485921
188586721
188696843
188903735
189928479
190051931
190453121
190604449
190996739
191301265
191428159
191600099
191824961
192053401
192185299
192219259
192633827
192792497
192841561
193277281
193321009
193913401
194134561
194367095
194430601
194554801
194620607
194653099
195099841
195857999
195971239
196471681
196504319
196569505
196643161
196650719
196672769
196754401
196762681
196763741
197146081
197228859
198076655
198173951
198234959
198366563
198408257
198453149
198795839
199629149
199652369
199848599
199933359
199976473
200060279
200415601
200796639
200993401
201015361
201342959
201408257
201415517
201709585
202547521
202672321
202679399
202768001
203075999
203081255
203496479
203624399
203799331
204235201
204279149
204593521
205311599
205627345
205629659
205682863
205757639
205788799
206190319
206438401
206647811
206755199
208183921
208899041
208997711
209069909
209146223
209696117
210524939
210652201
210693281
210697201
210836719
211581299
211645921
211659697
212388203
212427601
212432681
212729279
212877719
212881681
212948351
213011903
213277679
213457859
214019401
214265521
214378919
214393359
214746479
214916999
214968601
215325265
215426069
215452469
215637241
215890921
215906041
216060767
216242241
216662161
217115009
217343411
217387799
217444415
217448419
217475939
217605119
217642881
217912369
218265839
218310959
218535409
218668031
218812739
218891231
219589439
219634601
219688561
219787921
220230377
220929279
220970693
221125801
221281919
221287201
221477561
221658959
221828801
222076959
222382471
223002241
223475561
223648481
223724879
223914481
223989841
224050319
224318017
224330113
225058681
225074849
225577883
225676417
225875519
226262399
226326287
226679519
227053345
227372545
227504429
227567519
227611889
227663039
227676073
227935679
228288319
228407759
228909239
228936007
229345345
229705979
230432399
230516747
230684459
230835199
230864041
231229441
231230081
231278879
231285149
231384961
231431257
231526655
231544439
231611015
232367699
232763545
232843441
232883393
233225999
233284609
233319239
233341921
233408559
233614657
233761589
233889601
234008279
234783361
235239553
235298281
235622855
235741967
235751879
235938241
235952639
236082239
236319839
236559457
236649599
236738879
236912881
237087481
237136681
237537601
237773999
237789865
237923279
238011841
238139399
238326481
238572361
238671361
239051735
239274449
240307705
240899231
241066801
241109819
241259521
241403009
241405945
241461299
241497311
241674719
241905641
242010677
242107201
242235839
244085939
244877159
245124145
245387699
245750399
245935577
245965105
246032641
247390001
247747759
247768199
247992601
248304145
248655265
248695561
248845549
248889059
249181631
249269791
249273921
249555121
249737563
249956587
250117345
250199999
250543441
250898689
251138161
251579019
251847361
251928337
252239999
252405599
252635759
254167199
254430177
254695321
254799359
255144817
255316319
255516745
255971273
256037159
256098721
256107279
256133185
256173119
256354945
257148359
257356457
257442251
258255401
258954053
259262785
259270655
259684799
259841233
260381519
260568959
260773633
260852879
260977921
261007681
261066961
261424241
261565589
261632665
261690911
261912001
262405727
262811809
263123641
263160913
263408001
263528279
263824847
263888065
263952863
264303049
265123999
265500815
265555401
265605241
265747681
266039201
266051431
266053249
266365177
266471855
266590895
267118417
267197281
267690239
268220401
268579057
268721713
268912873
269068801
269164345
269418961
270073999
270744319
270982711
271022761
271058199
271250079
271369839
271506611
271531007
271878145
271977553
272194201
272623391
272808959
273366017
273515759
273795793
274495199
274931707
275186879
275571121
275631119
276242257
276516409
276532081
276562439
276696971
276725735
276728639
276952511
277106761
277191599
277459105
277525019
277531969
277855089
277898041
278205409
278584201
279275041
279714599
279845281
279847679
279924241
281812753
281945279
282056639
282131135
282227999
282251953
282302999
282729523
282926399
283330441
283393177
283396961
283439519
284006855
284116139
284743727
285185999
285288191
286232111
286239745
286354547
286854481
287177401
287412299
287665559
287727719
287908481
288150017
288242007
288316033
288326723
288422561
289073663
289108201
289187135
289190729
289796759
289856839
290361599
290843041
291007199
291591179
292217639
292839361
293610239
294007679
294410201
294687359
294824881
295444799
295692601
297671921
297743651
297809281
298123055
298596149
298882585
299466145
299927949
300514033
300768467
301878097
301896319
301951439
302270401
302452331
302914979
303003361
303065785
303624217
304244099
304432703
304492199
304537321
305411627
305547983
306085105
306539905
307378657
307394473
307444895
307677413
307686985
307758529
308239009
308462113
308538007
308556863
308634481
308766479
309033599
309179639
309377991
309422033
309675601
309848759
309859705
310007015
310122959
310435921
310632841
310927499
311452649
312540001
312646655
313024483
313197961
313416737
313440321
313539071
314476679
314704441
315113191
315232513
315921815
316183391
316476289
316577359
316678319
318004079
318051299
318281039
318778199
318778415
319019401
319188239
319202519
319450681
319673255
319834481
319896719
319937281
319990321
320283841
320782991
320794113
321023879
321650113
321717529
322015681
322392335
322622399
322962823
323228735
323436401
323711641
324202993
324841439
324922183
324978389
325387439
325590539
325957521
326187841
326959919
327239681
327465215
327640559
327748739
328155011
328192961
328290779
328429079
328989959
329461199
329494881
329627801
330550249
330751009
331097233
331277903
331302239
331644841
331690111
332080099
332152801
333019441
333129383
333574633
333735479
333889199
334095839
334144799
334188959
334787919
334978071
335235599
335245439
336215879
337158449
337272337
337760999
338125319
338498513
339573521
339605855
339998329
340088903
340112521
340412241
340596251
341057639
341153999
341362945
341376001
342931009
343610961
343652639
343751239
343770533
343835799
344062321
344449559
344452681
344786399
344906641
344957601
344962801
345257759
345549599
345726659
346247999
346881215
347246999
347269201
347327419
348214001
348289921
348394019
348961535
348978167
349063829
349995239
350002239
350123641
350763713
351025055
351309419
351328321
351463441
351543721
351855841
352213345
352908361
353962895
353968687
354076799
354296801
354600169
354615953
354735851
354756193
355340833
356376961
356902415
357131267
357147001
357461279
357861277
357864697
358124449
358313761
358376831
358541761
359162321
359263279
359509233
359704799
359929441
359974721
359996401
360050399
360297791
360317161
360455537
361411919
361637281
361703159
361763801
361768055
361938599
362113919
362493039
362552543
362910239
363061439
363475441
364806241
365280749
365526095
365647799
365995889
366559201
366909983
367094063
367472161
367741561
367936919
367970617
368185817
368196529
368228399
368451721
368645311
369202537
369486449
369512401
369759599
370133281
370930561
371447999
371454335
371695067
373155719
373196879
373312081
373579129
373678831
375092641
375130281
376165439
376396681
376418879
376496737
377185537
377414471
377475479
377479441
377763937
377861759
377962201
377978401
378215999
378269539
378489151
379026561
379127399
379255801
379742257
379749721
380322601
380626001
380644973
380657199
380834135
380972353
381288599
382010111
382100761
382201631
382815719
383233345
383451601
383512415
384197519
384199489
384231539
384799199
384974977
385383599
385751807
386066305
386118361
386539609
387390081
387414577
387546719
388369919
388375199
388387441
388404343
388920841
389376749
389823769
389906161
389958481
390498193
391139401
391200767
391430015
391470911
391856399
392093999
392178865
392389919
392571521
393358195
393520469
393531601
393663399
393989069
394499201
394583599
394856399
396162901
396394987
396586259
397323973
397353601
397676459
397685199
398147641
398298683
398632105
399089039
399279073
399681539
400028903
401275801
401847163
402025007
402069601
402523967
402732001
402873241
402992239
403168753
403169761
403500593
403740481
403812831
404110201
405880201
406441729
406509841
406782001
406955521
407042999
407092609
407484409
407728681
407846881
408177121
408774961
408789217
408979199
409340399
409369561
409741199
410450039
411224737
411423985
411715859
412487459
412615585
412933399
413700001
413841031
414141001
414314823
415280051
416326241
416350439
416702879
416786399
417206161
417475799
417516289
417732479
417789841
417803399
418130641
418288321
419067601
419119273
419205361
419315909
419382499
419675199
419747339
419771801
420296359
422949491
423936239
424077359
424747513
424750033
424776359
424854321
425425679
425867519
425896001
426089665
426898945
427241361
427349519
427564201
428158921
428727039
429342815
429357599
429395819
429476399
429665089
430187759
430620959
431068287
431088481
431173599
431501905
431628119
432079361
432267841
432413857
432817703
432867601
432999841
433222079
433814399
433828081
433894229
434495039
434628937
434794919
434972735
435125633
435240961
435257681
435471299
435817729
435932639
436187137
436534273
436817071
437401201
437924591
438547201
438717721
439172579
439408399
439545601
439664401
439955279
440230895
440523721
440559281
440866439
440899199
441213359
441395641
441805561
441858815
442378081
442727207
443245319
443609151
443854219
443864401
444231761
445171159
445640041
445863599
446073263
446201601
446265215
446369615
446407921
446627665
446985239
447552361
447609119
447734113
447768411
447870641
447992841
448054201
448908459
449308079
449409569
449508961
449814287
450117361
450168049
450370201
450596141
450952481
451091807
451631041
451635601
451765299
451987359
452052865
453315841
453889847
453997439
454096367
454694905
455260177
456637949
456651071
456808681
457668881
457725599
457814159
457833921
457952041
458423615
458446201
458689919
458784269
459121283
459292681
460434601
460581969
460768543
460914269
461461105
461773201
461929105
461972161
461987735
462945561
463280377
463371601
463742281
464361409
464588783
464905801
465233497
466100785
466735759
466757201
466826401
466947599
467099401
467405713
467578801
467879329
468260353
468756239
469013831
469215361
469693643
469965001
471948455
472094063
472622977
472682399
473263679
475387201
476170799
476397601
477074401
477096479
477162001
478462161
478502579
478647553
478684081
479818079
480718239
480851801
481076641
481110839
481124069
482770679
482988241
483332641
483702527
484514999
485506897
485857681
485876609
486129001
486575147
487119137
487468799
487972079
488173841
488382619
488395153
488428919
488934239
489525119
490146389
490956779
491122295
491204559
491904335
492012307
492089593
492456299
492663463
493099007
493186411
493328441
493614859
494010499
494066881
495253799
495324721
495507599
495752279
496016319
496301903
496818683
496864369
496886545
496886879
497405999
497555785
498603455
498780481
498906409
499092001
499381091
499476241
499705039
499844801
499863001
501207697
501420323
501908171
502777789
503063339
503742241
503786159
503857873
503888689
504051911
504750959
505289401
505328561
505340639
505597243
505664833
506113019
506811599
508818239
508843763
508975271
509123159
509433697
510319039
510372577
510452881
510979921
511679351
512012161
512044033
512265601
512656607
512706121
512709505
513030349
513108281
513375823
513520449
513815401
513880081
513933041
514079201
514272639
515726399
516681773
518097385
518137619
518177921
518304529
518425655
518466601
518557121
519119159
519407639
519845041
521201521
521223119
521598351
521838239
521931601
521936799
521986751
522558961
523719119
523978817
524086499
524114273
524219399
524656703
524676097
524878853
525105503
525927999
526864801
527137919
527272241
527300641
527318785
527711185
528093601
528278399
528683509
528816599
529029601
529383401
530162135
530438273
530765279
530869079
531325535
531607681
531755281
532516241
532679615
533201591
533510207
533919001
534333801
535735535
536492879
536754959
536907601
537532631
537663457
537665665
537770519
538000177
538318561
538773971
538780897
539047657
539574049
540248669
540592161
540775441
540843457
541680881
541826401
541831031
541946881
542307479
542512153
542815105
543530791
543535609
544115879
544474945
544549721
545761943
546242339
546513263
546696001
547223039
547761599
547810705
548212719
548240615
549798479
549918977
550088531
550646999
551149703
551486039
551530523
552251919
552428185
552561985
553104721
553477441
553759959
555025857
555038259
555063601
555302399
555350015
558709873
558821953
558963503
559383899
559833119
559854751
560473705
561151801
561846095
562028159
562091041
562126499
562984799
563044321
563052671
563251201
563657099
564037055
564698519
564884839
565083959
565744609
566207281
566234239
566413651
566461081
566733439
566887439
567474601
567773583
568545601
568743001
568835497
569540161
569609039
569621569
569710801
569782081
570149855
570470039
570573001
570703559
570708481
570981313
571017217
571508783
572028801
572288001
572368801
572440319
572485201
573341999
573796799
574399139
574715401
575345809
575991863
576050201
576243361
576529561
576623819
577038839
577210657
577385591
577863001
577986479
578153599
578240833
578543615
579168239
579902399
580617577
580653359
581206081
581524559
581693281
581721937
583413599
583870847
584049201
584169337
585350219
585562561
585588649
585739079
585805609
586477219
586993679
588118081
590521537
590721481
590893201
591090695
591164027
591657641
592918921
593127481
593399521
594064729
594127679
594350657
594737759
595028281
595174579
595483073
595713851
595906559
596082211
596316241
596443441
596770899
597050561
597144745
597174599
597197759
597752959
598164479
599970449
600409259
600639481
601412041
601881839
601917359
602011201
602046737
602736121
603140161
603204001
603697641
604858199
604866239
606276859
606370161
606895379
606954601
607486931
608676119
608846161
609079199
609150079
609531187
609892415
610837919
611083319
611351639
612451873
613092481
613166401
613455539
614019001
614342233
614410719
615054881
615203461
615221249
615285659
615867587
615966553
616310639
616361977
616791841
617450401
617510881
617989945
618109799
618222001
618526113
618660001
618971281
619929059
620000939
620627041
620999161
621007921
621620401
622207041
622511999
623317799
623564039
624787489
625878001
627008759
627016321
628286399
628823881
629333633
629417521
629806463
629888257
630107939
630946009
631696589
631968479
632195153
632268561
632370201
632688001
632835455
632920345
633509799
634143719
634478001
634528061
634576801
634640639
634945079
634945499
635012641
635834257
636138227
636272033
636993431
637723601
638402687
638922953
639335041
639584065
639943199
640288109
640927201
641180161
641951801
642730033
645177599
645206363
646101455
646215139
647118299
647307823
647519041
647733841
648211201
648371881
649448855
650147741
650480545
651596231
652036319
652824481
652927353
653095213
654261047
654364921
655201535
655796065
656417299
656480059
657163361
657275681
657476089
657521593
658329841
658889789
659338681
659549441
659812321
660106585
660952655
661187099
661481017
661614239
663144191
664434161
664603801
664811399
664982261
665085343
665378999
665936851
665942381
666243599
666614521
667129321
667460141
667823713
668117633
668664921
668780281
669551041
670066319
670361473
670675321
670754161
671354879
671434193
671635889
671806079
673410935
673708079
674026705
674254799
674679599
674770949
674822849
675284689
676817855
677934839
679147001
679163939
680032079
680236177
680432339
680739359
680822495
681383999
682274879
682424351
683020799
683899919
684581039
684885893
685167589
685362601
685516417
686090999
686112191
686140559
686480209
686934079
687329273
687796199
687804479
688431745
688806619
688843119
688877281
688899361
689245647
689314763
690304559
690333985
690505201
690962429
691190063
691583507
691979287
692068627
692255521
692930401
693945121
693947905
694199537
694536961
695205721
695216911
695468401
695825999
696229559
696392399
697488481
697831111
698296451
698541761
698774999
699438563
699774497
700252673
702697919
703809539
704524211
704534401
705196799
705436161
705711599
706240799
706362801
706534919
706875455
706920033
707142001
707170697
707651841
708520643
708671041
708867041
709465681
709473239
709840153
710439121
710587079
711166051
711771841
711860689
712485073
713966021
714159841
715050719
715098671
715215601
715489633
715527121
715590971
715674959
715715639
716220961
717434681
717985421
718034459
718567961
719048881
720608785
720718067
720792217
721554239
721822321
722176729
722979935
723373379
723961559
724361761
725016137
725574959
725830201
725895649
725963903
726112127
726243031
726605569
727221739
727341757
727746031
728959499
730181401
731564351
732660059
732778199
734007119
734499361
734707585
734860281
735240241
735302015
736818985
737829469
737900833
737980319
738213841
738332399
740274639
740717999
742493591
742698491
743777761
744475763
745003391
745905887
746425681
746449199
746560759
747953639
748417999
750894601
751033361
751176505
752787839
752810799
753271201
753422785
753916081
754149121
754540919
755251873
755646359
755748817
756016921
756657049
756710111
756926521
757372439
757950641
757981801
758302161
758356899
758378159
759286499
759296999
759365929
759536933
759785761
760463039
760777063
761097599
762379559
762505937
763668919
764553601
765095401
765315337
765395551
765753961
766083499
766578959
766674479
766937599
767187719
767733121
767949841
769255079
769595905
770097961
770519519
770775599
771107687
771293599
773847599
775580399
775695361
776492639
776711053
776736179
777008401
777329587
778024799
778645679
779247001
780254943
781106039
781950401
782817281
783203905
783306719
784008289
784939777
784959455
785573639
785650321
786216749
786268439
787723201
787771447
788398001
788478599
789609999
790687657
791058961
791126161
792753859
792796679
792909039
794062079
794117521
794313001
794549699
795040799
795237049
796992041
797760769
797792761
798476063
798611141
799406399
800283289
800895599
801334577
801358801
801444385
802024001
803143319
803799745
804182993
804676895
804799433
805699201
805840841
806268119
806414041
806443561
807032017
808280639
808290001
809571841
809608679
809732001
810061559
810076931
810292895
810900557
811228705
811930811
812671993
814617001
815286599
815569819
815683319
816230519
817386841
817714559
818554465
818703935
818901159
819060409
819644401
820383257
820478735
820601279
821255687
821524319
823309201
823532291
823678561
823971601
824278895
824565455
824708149
824811681
825182249
825432961
825819949
826630109
826784641
827038079
828061859
828349055
828398593
829368167
829483199
829630801
829656133
830158847
830362513
830779739
830946599
831014801
832024777
832803401
833138999
833269297
833342177
834065131
834141251
836087761
836135999
836750113
836845295
837226753
837513599
838270619
839723009
839754161
840274049
840516599
843064561
843343201
844633439
844740959
844793599
844899439
845272427
845485199
845606399
845748539
846306817
846569681
847161119
847654079
848047201
848993761
849192959
850128677
850327633
850354259
850941601
851008139
851613839
851958251
852889601
853031857
853379855
853456561
854294041
854721321
854767913
855150841
855306539
855621481
857247031
857277121
858299519
858372841
859005839
860657281
861089897
861893017
862284851
862369201
862547761
863264033
863723761
863729881
864238199
865555259
865966199
866662655
866738041
867128639
868087583
869109119
869441159
869787457
869913359
870025199
870338001
870470401
870760067
871118879
872294639
872960497
873366143
873384121
873650401
873708929
873890359
874392961
874410241
874589183
874740385
874921879
875085121
875540121
876401281
878144401
878624041
878808529
880281239
880969961
881054495
881467399
882718937
883290239
883652759
883691281
883737119
884641201
886080073
887466721
887518301
887751935
887985359
889741369
890273663
890394121
891698977
892114559
893485349
893531521
893778059
893910379
894245951
894887279
894922181
896288399
896864759
897101281
897784993
897885839
898259601
898283521
898376545
898440481
898491593
899436721
899823673
899923751
899972129
900196801
901174657
901193161
901240991
902334803
903765599
904124481
904873321
904962817
906433417
906818579
907411681
908278679
908360881
908646899
909309239
910062971
910103041
910716827
911060641
911386729
911635561
912216201
912457441
912510719
913016833
913735479
914823001
914902913
914905403
915075217
915134689
915438593
915447959
915699455
916371539
917021411
917202259
917502985
918259329
918973441
919347199
919879113
919971745
921189361
921728579
922601679
923725681
924861455
925286321
925986601
926886241
927539617
928483919
929811193
930924359
931963681
933864361
936252799
936751391
937872319
938192513
938477047
938505121
939945001
940346281
940698361
942776065
943304399
943385519
943514879
943581961
943655041
944289359
944346095
944472401
944852041
945233459
945430921
946749809
947332091
948000241
948363659
948533599
949304201
949412099
949422889
950083949
951595921
951601391
951726721
951991921
952005601
952582081
952639879
953561281
953566319
955230499
955340671
955653621
955697339
956093601
956096459
956299345
956350361
956931977
957065761
957156031
958136401
958597499
958667615
959334481
959537391
960292201
960433321
960936481
961213439
961670161
962438219
964841219
964887121
965124113
965311201
965459041
965769695
965835953
966024641
967310719
967624417
967937321
968072615
968161739
969751295
970351741
970994305
971442241
972275135
974223361
975068161
975678271
975684529
975795121
976372319
977704729
978551281
978937121
979043185
980038079
980476055
980531441
981421673
981503881
982245095
982290001
983675615
986368319
986649847
986748841
986807639
986997407
988103735
989936099
991293467
991295759
992084849
992780159
992988001
993058441
993964159
994106399
994708439
994814521
996096695
996189041
996718801
996729721
997476479
998083801
998215231
998892719
999481679
1002637441
1003012921
1003815713
1004067841
1004400001
1004504761
1004528311
1005158881
1005868801
1007774041
1008556091
1009334617
1011450953
1011592959
1011792265
1012897535
1012960577
1013234599
1013790239
1015908321
1016000641
1017084431
1017135419
1017217439
1019194327
1019736649
1019956499
1020259801
1020469633
1020722401
1021614049
1022392151
1023066001
1023263087
1023496705
1023497281
1024087297
1024273439
1024522121
1024595881
1025335001
1026578279
1027429481
1028486201
1030964929
1031045401
1031899439
1032229801
1032922799
1033339121
1033449379
1034192459
1034233201
1034300399
1035933011
1036466881
1036692079
1036924201
1036942199
1037232571
1037750617
1038958367
1039255559
1039346545
1041780601
1042607159
1042929001
1043058239
1043430001
1043602561
1043620201
1044039359
1044376699
1044792001
1045838641
1046811479
1047893601
1048509001
1048535281
1050299601
1051100401
1051435295
1051562305
1052230519
1052865409
1054415231
1054977659
1055868959
1056661705
1057184929
1057228705
1057815361
1057875841
1057895697
1058322407
1058326249
1058335739
1058718361
1058726003
1059468033
1059788015
1059904033
1061260801
1061511361
1061706239
1062708063
1062912137
1062923107
1062933049
1063395839
1063941841
1065398257
1065621479
1066643761
1066959961
1067208049
1067288039
1067313721
1067332979
1067596991
1068580799
1069160399
1069255201
1069911361
1071453601
1071542639
1071554401
1071694799
1072393199
1072571759
1073009951
1073490879
1075242169
1075444651
1075474479
1076273615
1077040887
1077950015
1078976809
1079434511
1079544731
1080363361
1080588095
1081696201
1082095873
1082123507
1082477219
1082842319
1083264617
1085478361
1086054479
1086361849
1087137481
1087455457
1087649639
1087779241
1089487859
1090447489
1092088199
1092113161
1092228479
1093432499
1093463279
1093866619
1094833201
1096688361
1096695599
1096796735
1097253647
1097352961
1097436817
1097456799
1098157633
1098845819
1098899999
1099921199
1100674439
1101144239
1101436535
1102188499
1103219039
1104274081
1104536689
1104859921
1105707721
1106032921
1106484317
1107034271
1109166241
1109169985
1109526913
1109529959
1110388609
1111769497
1112096831
1112159999
1112532481
1115580601
1115600329
1115977919
1117816561
1117848599
1118024449
1118131873
1118948999
1119445921
1119717649
1120600151
1120864359
1121704079
1121843161
1122254281
1123956001
1124020129
1125431999
1125439537
1126838339
1127769719
1127911259
1128605185
1128761401
1128893759
1129323601
1129904641
1130502745
1134310801
1135396679
1135523339
1138502161
1139182849
1139704721
1140283199
1140431039
1140620041
1140924961
1141167673
1141581841
1142165519
1142389801
1142773633
1143879121
1144290001
1144570559
1146156479
1146420433
1147650721
1148514841
1148775265
1150548601
1150663921
1151160337
1151319401
1151396401
1152037599
1153841919
1154928599
1155872593
1156087681
1156923361
1157736889
1157977801
1158321383
1158399487
1159516001
1160108041
1160249401
1160356321
1160863705
1162584479
1162677599
1163759137
1163900099
1164343713
1165231705
1167847521
1169213759
1169779105
1171242071
1171756599
1171772785
1172224241
1173036719
1173746029
1174606055
1175167141
1175297759
1176225121
1177641179
1178392499
1179258961
1179735481
1179743881
1180451881
1180541033
1180789633
1181152801
1182628799
1182722399
1183255199
1183773359
1183888159
1184681963
1185275519
1185905279
1186275217
1186501849
1186651479
1187170919
1187424001
1187812779
1187910359
1188624361
1188864599
1188978607
1189293841
1190036609
1190084399
1190388779
1190445263
1190917201
1191412801
1191553111
1191678049
1191785401
1192742459
1193093321
1193797441
1195755841
1196162801
1196202313
1196252329
1196425439
1197984815
1198224241
1198310399
1198515241
1198642801
1199846647
1199998801
1200396599
1201902239
1202032873
1202438159
1204404601
1204455839
1206315121
1206362639
1207505761
1208006497
1208253641
1209315239
1209523393
1209940199
1210506457
1210635451
1211643377
1212431977
1212533279
1214405713
1215092255
1215293689
1215644071
1216068587
1216723681
1216833359
1217159999
1217460779
1217540159
1217745121
1217916001
1218526959
1218914999
1219643041
1220046241
1220295999
1220960321
1221387169
1221411673
1221462529
1223258399
1223588521
1224840389
1225136881
1225327631
1225428001
1225557361
1225599409
1225999489
1226028539
1226049859
1226445137
1228041935
1228646015
1228984399
1229581919
1230252191
1230324481
1231348897
1231690283
1232298145
1232373121
1233303281
1235670599
1236642121
1236700081
1238668127
1238705621
1239821489
1242239041
1242264937
1243300441
1243942657
1244182703
1244239201
1244640935
1244846881
1245953631
1247789233
1249002239
1249160255
1249574761
1250371487
1251209153
1251594961
1251773353
1251824641
1252180511
1252684439
1253279665
1254927169
1255625279
1256427773
1257357023
1257379201
1257701281
1257966361
1258086599
1258917659
1259319233
1261161505
1261386001
1261621397
1263615121
1263712799
1264124881
1264367519
1264656121
1265271359
1266054193
1267480729
1268142479
1268447713
1269329599
1269429481
1269991799
1270472281
1272071579
1272214009
1273319041
1273598481
1275034799
1275081599
1275670801
1275699601
1275747537
1275855841
1275943499
1277801855
1278669121
1279395001
1279586881
1279867511
1280299897
1280959679
1281548521
1281604895
1281759623
1283100001
1283533523
1284018239
1285247041
1285411247
1287320579
1287474803
1288445401
1289086919
1289684481
1289691481
1290327049
1291314553
1291704083
1291924481
1292207399
1292324881
1293154801
1293553801
1293815039
1294246559
1296137057
1296502901
1297040671
1298177495
1299133079
1300265399
1300281359
1300466545
1301193937
1301208479
1302049295
1302921599
1303754581
1303980049
1304372399
1307268481
1308496559
1308509329
1308735119
1309285441
1310616499
1312192001
1312256653
1313323439
1313719679
1314045039
1314232081
1315297831
1315830991
1316771021
1316843189
1317416641
1318004617
1318115519
1318207441
1318247281
1318275119
1319113709
1321485481
1322818399
1323319201
1323613201
1324292113
1325437121
1325983681
1326077929
1326625561
1327077601
1327367721
1332329399
1332677017
1334108881
1334113199
1335954385
1336147739
1336469473
1336957229
1337507521
1337510401
1337521415
1337988961
1338907199
1338966719
1339220257
1339270199
1341304847
1341809569
1342144439
1342193111
1342280519
1342669199
1343146321
1344362327
1345497559
1345660829
1346153161
1346328143
1347134761
1347495601
1349104679
1349247121
1349451599
1349958169
1350218129
1351171921
1351357921
1353363161
1353595199
1356098833
1356200999
1356825751
1357118959
1357248257
1357527599
1357946659
1358142823
1359953011
1360009589
1362393899
1362962417
1363326389
1363485201
1364156641
1364747999
1364897593
1366180199
1366797263
1369164631
1372014119
1375582201
1375682881
1377193281
1377289081
1377660311
1378448961
1380083761
1381237201
1382985527
1383453919
1383790217
1383976123
1384348679
1384732943
1384747199
1387302841
1387758119
1388012081
1388407859
1389393721
1389407147
1390982879
1392644051
1392840437
1393376039
1393795297
1394331941
1395243695
1395346217
1396543681
1396927739
1398062303
1400644873
1401547687
1402045199
1402444681
1403044721
1403598001
1403755199
1404113039
1404155521
1404420601
1404575423
1404598801
1405738753
1405775951
1406284201
1406451599
1406454335
1406927809
1407895895
1407900001
1409128481
1410492721
1410538531
1411180319
1411246199
1411943521
1414145107
1414157183
1414419601
1415139001
1415500801
1416903881
1418129999
1419698897
1421175169
1422724073
1423414961
1424247999
1424879785
1426756969
1427062559
1427103601
1427703311
1428796511
1431413587
1432516007
1432529717
1432610927
1433617499
1434487321
1435116481
1435491821
1435661569
1436122601
1437960679
1439574695
1440924239
1441512071
1441565841
1443065753
1444088161
1445395895
1446186829
1446738887
1446798719
1447072319
1447243393
1447288921
1447468129
1447760665
1447948753
1449030241
1449223599
1450060921
1450200385
1451016841
1451432909
1451567039
1451602801
1451647801
1452059387
1452362459
1455710255
1456605505
1459358209
1460070359
1460641001
1460781433
1461299615
1461654935
1462481151
1462481439
1464266495
1464450751
1465190719
1465300979
1467542999
1468593841
1468922713
1469660219
1469996419
1472860585
1473034751
1473754799
1473863039
1473999241
1474591999
1475763839
1475840159
1476027839
1476495001
1477248081
1477477619
1477811999
1477973281
1480328617
1482156809
1482425999
1482647881
1483576961
1483947577
1484011499
1484763839
1485083159
1485320759
1486259999
1486603799
1487067231
1487220839
1487405779
1487476199
1487642545
1487905199
1489035239
1489137695
1489640833
1489764745
1490210735
1490259887
1491089599
1491558881
1491589679
1492832719
1492851361
1492938721
1492986039
1494490359
1494609479
1495701361
1495903895
1496131105
1497882239
1497996865
1498614719
1499056055
1499056719
1501871237
1501960319
1503031199
1504061999
1504123039
1504361881
1504480209
1504758599
1505328721
1506002651
1506174479
1506905279
1507252319
1507521239
1508237119
1508929345
1508956801
1509282599
1509856919
1510646593
1510695361
1510705679
1511923321
1511951617
1512197855
1512631439
1512735083
1513129281
1516249769
1516598161
1518261119
1518941593
1519224001
1519538507
1519694785
1521030869
1522625279
1522814039
1523737109
1524515159
1525006559
1525356239
1525991281
1526274959
1526527201
1527717359
1528037869
1529335367
1530643061
1534000465
1534102921
1534579585
1534690439
1535465089
1535813273
1536796801
1537871779
1538046761
1538161633
1539489337
1539826079
1540641599
1542010393
1543308481
1543858681
1544081759
1544359001
1544475659
1544558401
1545510959
1546140961
1546217419
1546317989
1547333999
1549982641
1550103359
1550188639
1550606905
1553634323
1554109201
1554906599
1554971001
1555422335
1555987841
1556169901
1556549401
1556714879
1557482617
1559189401
1559647319
1560857521
1561364279
1562640409
1563355079
1563784321
1563819839
1564059841
1564437269
1564528801
1564871617
1565555521
1565691231
1567033819
1567055281
1567675297
1568062705
1568611721
1569397699
1569553833
1570280543
1571104319
1571312159
1571702617
1572103729
1572188281
1572324251
1573317721
1573657801
1573699967
1573960273
1574200893
1574340769
1574412841
1574623441
1575386065
1576567199
1576982015
1578844799
1579265939
1579622399
1580124839
1581041665
1581346799
1581944033
1581995521
1582366799
1582581001
1584752401
1584926337
1585492259
1586907503
1587331009
1587805603
1588454567
1588942489
1589173039
1589410997
1590227081
1591407169
1592285801
1593029201
1593778367
1594213201
1594258513
1594466719
1594645921
1594783519
1597432201
1598461567
1598795519
1598939761
1598946271
1598971919
1600081055
1600464937
1600541279
1601139871
1601887391
1602120961
1602642059
1602730415
1604481371
1606256959
1609200431
1609513919
1610553841
1610577959
1612665431
1612992479
1615887001
1617732793
1618467047
1618492427
1618875341
1619009183
1620222913
1620740249
1620826921
1624093537
1624364281
1628689591
1629366479
1630346593
1630350019
1630654463
1630822801
1630980913
1631551679
1631972159
1632724591
1632733959
1632941641
1633211999
1633560657
1633987961
1634076361
1635854219
1636152335
1636179265
1637395199
1638502081
1639255399
1640925935
1640946239
1641499859
1642325651
1642513153
1643738329
1644920255
1644991921
1645368913
1645396657
1646572201
1646820719
1646985601
1647418319
1648946159
1649145961
1649793017
1650068497
1650889239
1651272617
1652774641
1654352503
1654787519
1654788959
1655099737
1655432531
1656843721
1658994481
1659036959
1659156191
1659859345
1660243201
1660276441
1660972289
1661702399
1661776201
1662300641
1662493729
1664959967
1666075839
1666659841
1669547881
1669924801
1671442291
1671868969
1673944081
1674180145
1675267777
1675685129
1676563393
1677548011
1677959041
1678315571
1678820159
1678992587
1679028001
1679417599
1680351959
1682665067
1683305737
1684665359
1685220539
1686854567
1687572283
1687626863
1689888759
1691680319
1692641881
1693545281
1693642787
1695089171
1695243059
1695925441
1696516129
1696592519
1696750559
1697203585
1697764321
1698453119
1698706801
1698984001
1699171009
1699206989
1699688593
1699881481
1700322361
1701067535
1701551657
1703382527
1704428639
1704641761
1704899665
1706730913
1709244601
1709323219
1713018001
1713342961
1713534401
1713737135
1716041041
1716832799
1718583839
1718596321
1718695769
1719336697
1719715201
1721671055
1722797999
1724211721
1725939179
1727036399
1728004319
1728355199
1728436001
1728771519
1730114761
1731313321
1732018039
1733024161
1733870879
1734959239
1736203679
1737602999
1737860399
1740239279
1740712681
1741911121
1742607359
1742740439
1742745599
1742789663
1744338961
1744655617
1745838223
1748408881
1750407839
1750420979
1751064481
1751626801
1753741439
1753871579
1756121617
1756414465
1757845439
1757894291
1758031201
1759196159
1761046769
1762556601
1763689721
1763985599
1765198655
1765312111
1765638479
1766208601
1767982417
1768390007
1768603759
1768777919
1768904103
1769291183
1770344639
1770861959
1771037279
1772817409
1772917201
1773421777
1773772559
1774889041
1774982495
1783743359
1784612761
1785321215
1785572051
1786337135
1786540057
1787497199
1788940609
1788957939
1791421633
1791725879
1791832513
1792152577
1792977199
1795503529
1795998399
1796352481
1796569319
1796613821
1798180439
1799751239
1801922305
1802031041
1802448251
1802797919
1805546881
1805865985
1808734667
1809118801
1810738799
1811598711
1812988799
1813475449
1813675681
1814844137
1815467699
1816314193
1816454969
1817108999
1819761839
1820677081
1821191039
1821907119
1822959215
1822995281
1823294641
1823368081
1823643889
1823845949
1825693921
1826159721
1827520199
1827800833
1828864043
1829726639
1830346559
1830539479
1831304939
1832279399
1833105121
1834110433
1835089921
1835732923
1836179497
1838523599
1838633951
1838712095
1840769281
1840876033
1841220479
1841620637
1841970961
1842338089
1842645169
1846926681
1847909447
1847944799
1848059135
1848215165
1849086719
1849604327
1850051231
1852230241
1852520881
1852987687
1853760831
1853960909
1854868681
1855048649
1855322391
1856145001
1856386561
1857901681
1859959691
1860633881
1861490401
1861590359
1864170923
1864291967
1864570897
1864617187
1865165761
1865751409
1867761001
1869084361
1869237601
1874387549
1874498807
1875147871
1875258001
1876442399
1876699499
1877097121
1877161601
1881548999
1881819599
1882534921
1882643879
1883916793
1884700401
1887334139
1887406079
1887523841
1889332199
1889486879
1890341179
1890955721
1890987001
1892023801
1892371409
1893353185
1893596545
1894375439
1898538841
1898813279
1899570959
1899638785
1903175281
1903539639
1904276771
1907109119
1907162879
1907629919
1907829001
1908870601
1910492641
1911280001
1912057399
1913272409
1913583841
1914329881
1914969601
1915501307
1915895281
1918076671
1918931001
1920878399
1921225319
1921814279
1924365991
1924805807
1925261521
1928843281
1932063119
1932185639
1932725599
1933356599
1933925279
1934183159
1935731521
1936821601
1939519681
1939599071
1939615921
1940115841
1940257633
1941085999
1941116603
1941432481
1942747649
1944398119
1944663001
1944927599
1944978719
1946714551
1948802101
1949625601
1949672087
1950028081
1951818001
1953705007
1955399041
1955756879
1957082957
1957088953
1957903871
1957984561
1958353513
1958896337
1959407801
1959531001
1959652799
1959891319
1959903599
1960030799
1960098001
1960399585
1960880263
1961874487
1962508681
1963051441
1963147199
1964649433
1965290879
1965854759
1965985559
1966884479
1967333759
1967722499
1968842303
1969377419
1970127841
1970234279
1970613481
1970649827
1970963281
1971653999
1972525883
1972793679
1974215881
1974304079
1975206169
1975717799
1976035321
1976189601
1978068455
1978312049
1979094601
1979218081
1980654481
1980885985
1980992001
1981748161
1982467201
1982599499
1982622433
1982684703
1982773513
1983403457
1983853199
1984191299
1984800289
1985796911
1986047423
1986175801
1986239771
1986457201
1986632407
1986664799
1987103999
1987554479
1989682585
1990521059
1991248033
1991346047
1992204335
1993540439
1994326201
1994694239
1995142657
1995695641
1999037041
1999068335
2000123183
2000363199
2001281039
2001929281
2002354589
2003192801
2004280697
2004284905
2004503761
2004799105
2005271857
2005514785
2005644479
2005933391
2007056041
2007856081
2008450703
2009306319
2009745697
2010146039
2010358081
2012099601
2013128129
2013739559
2013975719
2014094497
2017482719
2017583855
2018629799
2019683621
2020154473
2020204367
2020522681
2020837889
2021068529
2021132737
2021980141
2022738001
2022877517
2024371679
2025051159
2025755137
2026856161
2027542399
2027815679
2028253969
2030051267
2035513921
2035896701
2037575679
2038599641
2039848359
2040711121
2040907799
2041870585
2042473859
2046179521
2049217441
2049696265
2049984089
2050583881
2051021281
2052045215
2052446041
2052464399
2052715897
2053832759
2055485759
2055609361
2056021969
2056610713
2056843081
2057540401
2058127637
2059223401
2059715087
2061118081
2061611351
2062769687
2062912895
2063498041
2063815751
2064632961
2065096963
2065960079
2065997665
2067062819
2067839313
2071069559
2071986839
2072440079
2073240399
2073293377
2073711241
2074008441
2074783787
2075840249
2076769199
2077103411
2077241089
2077766623
2079453121
2082545921
2082713039
2082826201
2083568723
2083746629
2085349199
2085422079
2085523999
2086411321
2086547699
2087712001
2089023553
2089229869
2090984011
2091224721
2091281281
2092527697
2093448561
2094599593
2095600319
2096755201
2096804121
2097223799
2099371481
2100132673
2100249269
2100292039
2102718577
2103723161
2103931441
2104193519
2105673611
2105836921
2105838799
2106086615
2107189589
2107967399
2109008881
2109261023
2109649079
2109910881
2110495393
2110890599
2111253985
2112108239
2112636961
2113615979
2114137081
2114154001
2117850079
2118525695
2118532415
2121115921
2121297359
2121879341
2121962831
2122918229
2124033827
2124038881
2124856529
2125296481
2126188009
2126446199
2126458879
2127034799
2127840841
2128295519
2128382161
2129281361
2129505119
2130028801
2130892959
2131365599
2132205791
2132364529
2133457919
2134103161
2134273259
2135091999
2136862331
2137305169
2137736721
2139222007
2140599297
2140943219
2142504001
2142578953
2142988959
2143585199
2144083201
2145470041
2145751777
2148204239
2148904081
2148930001
2152021301
2152273033
2153565289
2153998079
2154569867
2154715067
2154956041
2157588719
2157661801
2158145601
2159374799
2159974321
2161950337
2162328839
2162518801
2164742959
2165345279
2166528281
2168662393
2169221209
2169225961
2169233041
2169887161
2169986113
2170054259
2171965319
2172023903
2173254563
2175022079
2175195041
2175591599
2176004039
2177832221
2179537919
2179908361
2182066993
2182159729
2182700123
2186986499
2187836081
2188076969
2189203201
2190232801
2190589801
2190843721
2192151961
2194382015
2195763499
2196825511
2198786545
2199856119
2202539039
2202682559
2203646401
2205322001
2206816921
2207089081
2208432599
2208978145
2210772439
2212065899
2213103815
2213334201
2214585359
2214606241
2214812769
2217171601
2217289057
2217875521
2217877201
2218562423
2218708801
2218858949
2218982881
2219217119
2221567345
2223022681
2223977281
2224144859
2227005145
2227175689
2227739759
2229091921
2229785279
2231198401
2231608861
2232650449
2232775999
2233989239
2234217601
2236009441
2236141599
2236206335
2236345705
2236825801
2236849345
2237378159
2237804401
2238066937
2238330745
2238845543
2239276753
2241239999
2242124639
2243666881
2244100643
2244219839
2244263281
2245018895
2245759537
2245811039
2247008401
2247857071
2247902609
2249378161
2250889199
2251337473
2252219113
2252597353
2253859439
2254783609
2255072401
2255626843
2256041399
2257953599
2259980713
2260098281
2260703551
2260757951
2260845215
2260926361
2261489401
2262513313
2262778349
2262845521
2264129603
2264686399
2265117401
2265317495
2265787681
2267261441
2268074449
2268354941
2268423779
2268714751
2272675327
2273508671
2273529049
2275191073
2275841479
2276966121
2278017457
2278957201
2278970495
2280048121
2280312145
2281267681
2282205121
2286189359
2286276673
2286744361
2287506673
2288063159
2288098799
2288715695
2289089879
2289122641
2289644279
2290312585
2290383481
2292494399
2295020953
2296252801
2296879199
2298574081
2298702841
2298875041
2300473349
2300538241
2300719201
2301087601
2301710615
2301867649
2301994799
2304246313
2304537481
2306006079
2306058721
2306995201
2307903935
2308279993
2309050639
2309914799
2310865009
2312686801
2313032747
2313609479
2316119399
2317009463
2320483201
2321468831
2322144001
2323377935
2324555519
2327523841
2327610599
2327864399
2328781393
2329474895
2330140177
2330633099
2330690879
2332474199
2333098681
2334506833
2336355841
2338190401
2341148981
2342321921
2344224959
2344255319
2344832281
2345731139
2346170399
2346279359
2349959639
2350426313
2350559519
2351213879
2352543479
2353606753
2355647363
2356280641
2358097447
2359388641
2360198401
2360796359
2361853573
2362096801
2362358879
2362565713
2365242041
2365830721
2366220481
2370404737
2371908385
2372123039
2372260619
2373042673
2373185519
2373497567
2374268969
2374344139
2375151857
2375935199
2377163711
2377379257
2378019839
2378597761
2380465499
2381218561
2381345639
2381534401
2383673879
2384791199
2384932019
2385594889
2387232849
2387448721
2388992321
2390473799
2392451027
2392636643
2393131969
2394171361
2394183479
2394410689
2394849419
2396876239
2396991839
2398009681
2398056673
2398078439
2399818873
2403399337
2404125361
2405114881
2406212281
2406805201
2407814639
2408018799
2408097599
2408919479
2409021721
2409452629
2411227561
2413481839
2413700459
2414393569
2414812259
2415598415
2415916771
2416011265
2416631799
2418148799
2418502633
2419490303
2420750591
2421909911
2423905993
2424951731
2425431059
2426919599
2428621441
2429461351
2429552401
2431172379
2431875599
2432238943
2433518879
2434435639
2434616449
2434722659
2434755371
2434869359
2435593535
2436572881
2436954839
2441145871
2441270831
2441460455
2441887579
2442546469
2443879199
2443913911
2444850721
2447818559
2447945999
2448181559
2448608339
2449232159
2449469843
2449976759
2450201039
2452457699
2452985639
2457101665
2457721601
2457742463
2458372139
2458989455
2461321633
2462627353
2462997551
2463697041
2465395559
2465877959
2466544081
2466720961
2468102399
2468996963
2471696039
2472179423
2472543359
2473314361
2474982481
2475089633
2475902521
2476008865
2476822919
2479627199
2481170719
2482126921
2482256129
2482266815
2483073119
2483706449
2484743231
2485624829
2485713899
2486551321
2487628379
2488456801
2489036543
2489746321
2490325433
2492874281
2492942399
2493162187
2493611999
2494558079
2496704279
2497193161
2497474201
2498203295
2498583361
2499633865
2500528799
2501021249
2501415577
2501523179
2502242513
2505370559
2505778001
2508742367
2509117379
2509849441
2510649361
2512270319
2514057697
2514787739
2515692167
2516487811
2517486719
2517659761
2524292057
2524493665
2524604041
2526588961
2527276949
2527592497
2527758241
2530211041
2530981081
2531299681
2533334561
2534754599
2536364617
2537964001
2538925311
2539001521
2539831537
2539868799
2539997459
2542215761
2542628255
2542701841
2546254201
2546662719
2546934719
2548418601
2548591079
2548701121
2549149561
2549429257
2550510145
2550662399
2550716927
2550728321
2551225321
2552143441
2553425521
2553585299
2554436303
2554742301
2555093761
2556449999
2557544393
2558220673
2559182401
2560428145
2560756931
2562230881
2562568921
2563410721
2563759103
2565812257
2566121471
2566154001
2568350399
2568993505
2569708681
2571575039
2571729337
2572775281
2575418299
2575827073
2576095201
2576146559
2577400321
2578682261
2578735351
2579214529
2580557617
2581802495
2582389441
2583833119
2584320653
2584656001
2586381601
2586405361
2586672793
2587446961
2588126801
2588615041
2589491519
2592713641
2595563809
2595885599
2596361039
2598327359
2599077493
2600396161
2602581241
2605518721
2606450081
2607311785
2609692561
2611099201
2611611073
2611913473
2612168999
2612405521
2612771447
2613435161
2613811201
2615703121
2618539001
2620151297
2621499041
2621499841
2621646217
2622230279
2623333441
2623758481
2624751977
2628346297
2629317961
2630292721
2630796899
2632183711
2632628833
2633791987
2634330467
2634651359
2635937305
2636505419
2637983161
2638113659
2641814351
2642013719
2643515785
2644099841
2644278911
2645782057
2647007615
2647410481
2648944319
2649305679
2649476479
2651703601
2651946023
2652914881
2653800121
2654104321
2654775201
2656293827
2656324441
2656608193
2657093999
2657547959
2657827801
2658625199
2659793579
2660316119
2660965559
2661038017
2661793057
2662337861
2662452561
2662807321
2665113121
2665746601
2666636281
2667991535
2668275121
2669315759
2670963259
2672175505
2672763801
2672928001
2674570801
2674635041
2676859001
2677519151
2677962001
2678502959
2678798255
2682497999
2683726079
2686453817
2687634431
2688332329
2688391297
2688955393
2690094919
2691190799
2691309599
2691406321
2691440785
2692145719
2693593441
2694544709
2695190401
2695702681
2696643841
2696690591
2696731919
2697125599
2698262281
2699137583
2699812801
2700117359
2701429301
2702158679
2703940559
2704221001
2704410599
2704711679
2705500019
2706335401
2706453023
2706751489
2707490719
2707603921
2707881121
2708958721
2709840511
2710637279
2711402879
2711608199
2712103681
2713307399
2716337521
2717677801
2720056541
2722117241
2722308119
2723459399
2723493041
2724835519
2725868441
2726001089
2727515281
2727603649
2729621233
2731102241
2731417921
2732212559
2733742799
2733872735
2734608239
2735003819
2735090905
2735823511
2735949311
2736261527
2736437759
2739559201
2739640081
2740184161
2741180837
2741834447
2743226761
2743542143
2743585829
2743743241
2743914239
2744061265
2744069999
2744719489
2745696241
2745853039
2745891001
2746055929
2746668287
2747501233
2748523859
2749668241
2751079679
2751928801
2753605799
2753856323
2754282959
2754814753
2754955921
2754984601
2755279799
2755493281
2756022361
2759316299
2760735263
2762794441
2763367199
2763769565
2763964799
2768811761
2768825137
2769397457
2769464851
2770634159
2771101201
2771391281
2772418319
2773554335
2774312519
2776561031
2777734081
2777829121
2777943391
2778791183
2778980399
2782021393
2782529399
2783148985
2783751361
2784196801
2784562871
2785385281
2785982471
2786031317
2788223749
2789269561
2789337871
2790243287
2791625759
2791810561
2792905441
2793627497
2793806549
2794242961
2794491419
2795117759
2795358721
2795998465
2796142523
2800703249
2801202481
2807486759
2812368749
2815226281
2816975089
2817715201
2819184059
2819679599
2820892415
2821440803
2821790015
2822723961
2822920369
2823249815
2823430657
2824794001
2825283241
2827351281
2827803601
2828102881
2828715137
2830948561
2831402337
2834433217
2834529001
2834815319
2835207359
2835390097
2836204351
2836274803
2837510015
2838349799
2840790121
2841008665
2841641881
2841669935
2843939957
2844268441
2846502119
2847188233
2849965439
2851585901
2852702353
2853143711
2854412785
2857737121
2857818601
2858297041
2859256401
2860258241
2861040559
2861438833
2861668799
2862933359
2864096047
2864950163
2866237499
2867709599
2868018467
2869940919
2870031119
2871126719
2871363239
2872863841
2873538361
2874455999
2874679201
2874775921
2875342321
2876430481
2876804209
2877111721
2877719039
2878072121
2879247801
2879376191
2880934057
2883131329
2883970129
2884192417
2885359859
2885875201
2889016465
2892181919
2895369599
2898255745
2898897681
2902976999
2903021353
2903525999
2903680331
2903818399
2905665841
2905833673
2907563473
2909817241
2910398569
2910922139
2911788001
2912986999
2914385599
2916418561
2916446159
2917102187
2917650241
2917951471
2920008521
2920669921
2923717103
2925243359
2926335599
2926418879
2926456631
2928758401
2930167799
2930380321
2931195317
2932429801
2933272357
2933792279
2934114121
2935941977
2936660159
2936786497
2936930597
2938933921
2939181961
2941682099
2945375999
2945730095
2947818539
2949474643
2952075561
2952336601
2954175841
2954538497
2955317761
2955494081
2956770543
2957830903
2958106537
2959685081
2959877591
2960112751
2961955919
2963650201
2964132601
2964336481
2965999679
2967124719
2967706561
2969503153
2970418081
2970484439
2970779327
2970993001
2971303849
2971332911
2972647513
2975226241
2980070497
2980402517
2981535481
2982167759
2982233161
2983728617
2984848327
2985554969
2985747337
2987636399
2987659199
2988727307
2989192359
2989434001
2990310401
2990821679
2992752001
2995052401
2995763903
2996456639
2996579819
2997095039
2997600767
2998037017
2999954233
3000486509
3000861215
3003395473
3003621103
3003971641
3004539539
3007628905
3007799713
3008460001
3010197199
3010674239
3011054579
3013525429
3014429071
3014579159
3015325439
3016127419
3016670161
3019361401
3021004801
3021976441
3022739281
3022861013
3022939151
3023574121
3024142881
3025155949
3026663641
3026998801
3028605049
3029324401
3029933521
3030434791
3033704099
3036591935
3036597121
3037452769
3037787947
3037847759
3042614015
3042955801
3043106079
3043353599
3044525617
3044750241
3045046529
3045081779
3046033483
3047187199
3047308349
3047328863
3048075961
3048923591
3049267441
3049640833
3049655399
3049828705
3055108559
3056858243
3058975919
3062697961
3063138815
3064964033
3065173249
3066584439
3067720339
3068252999
3070781569
3071088217
3072242159
3073984319
3076527059
3077594521
3078970753
3079332839
3080052865
3080679361
3083402561
3084276209
3085168801
3085580621
3085958627
3086694799
3086830259
3087756629
3092676721
3093402313
3094930585
3096554721
3100178879
3101874335
3102365177
3104496721
3105164159
3110159957
3112110287
3112766119
3112999561
3115727719
3118078799
3118284863
3118963849
3121384369
3121576819
3122835695
3123356671
3123431079
3123878401
3126722279
3128475107
3128802599
3128899393
3129737303
3130140959
3130937039
3131107201
3132953099
3134673709
3136768919
3137372629
3139142159
3139449179
3139908641
3144587731
3145752001
3146092949
3146590411
3147736031
3147986519
3148944121
3149573759
3149587499
3149982107
3150141479
3150606227
3150730297
3150819187
3150941809
3152782801
3153156793
3158605295
3163418281
3164156639
3164404099
3164671379
3165925001
3167149441
3168707919
3169457279
3169501201
3170180161
3170890321
3171503103
3171770473
3172382135
3175391647
3175688361
3176247359
3176300401
3178061999
3178528849
3180137759
3181596361
3183087599
3183766097
3184162849
3184515601
3185318473
3187318681
3187674479
3190257839
3190747391
3192225959
3195667859
3196935001
3198087201
3198129481
3198670019
3199440001
3201190199
3203232001
3203465721
3204877537
3206080079
3206112623
3209308961
3211776359
3213604801
3214317601
3214701001
3214760081
3216993257
3217366943
3217812479
3218044753
3218482001
3218748599
3219168961
3219585265
3223147319
3223481521
3223724999
3228282001
3233451167
3234702241
3235735403
3235797641
3236112001
3238208399
3238614147
3240657289
3244006439
3244108979
3244355713
3246896017
3247337015
3247365697
3247520473
3247959001
3249419041
3255059807
3255175001
3255477121
3257363299
3258029473
3258464689
3258743809
3259369169
3260636497
3261847393
3262209683
3262431083
3262708801
3265940551
3266617817
3268897633
3270974641
3272378879
3273903385
3274279799
3275106911
3278143439
3278202601
3278337049
3280459499
3280892119
3281123327
3281217599
3281755399
3281829011
3283543321
3283939777
3285954989
3289257215
3290431409
3291045119
3291715441
3293740801
3294077113
3295802849
3296787649
3296883745
3299078161
3299979599
3300053329
3300819841
3302670839
3303369959
3304283521
3304931135
3307079567
3307195499
3307361761
3307384033
3308347559
3308412239
3308718673
3309640849
3310144319
3311039377
3312831599
3315207239
3316068481
3317438593
3317759999
3319195319
3319700999
3320584801
3321510081
3322654523
3323558699
3324341049
3324955199
3325618295
3325927499
3327228577
3328135599
3331119419
3331792873
3331975721
3332163801
3334102801
3334802399
3335690735
3335854511
3336133921
3337794673
3338467201
3338973791
3342797641
3344686079
3345451201
3346259281
3347039401
3347329321
3348508201
3348879673
3349130399
3349425251
3349996799
3350088721
3350546639
3351182519
3351561553
3352549201
3353123521
3353579969
3355963201
3359069351
3362921639
3364331711
3365485201
3366871199
3369510143
3371523401
3373859737
3374997001
3375045393
3375235081
3375529489
3375625535
3376465201
3377139479
3378066299
3379331201
3380337121
3380544961
3381240431
3383859959
3385207519
3385553639
3387021749
3387585601
3388476187
3389056081
3389166559
3392763529
3395941249
3397716839
3398544881
3398681615
3400891705
3401433001
3402416641
3403980721
3408029999
3409268401
3409634305
3411481919
3413011489
3413101691
3414476401
3414633601
3415436639
3415578539
3416830199
3419137007
3420423863
3421479479
3424751681
3426358767
3426368401
3427140499
3428451391
3429004319
3430241759
3430315199
3431065513
3431156401
3433689121
3435643679
3436230335
3436873441
3437426497
3438381467
3439195199
3439426379
3439736495
3440163745
3443980679
3445824001
3446958241
3447349199
3449839681
3450315521
3451402801
3452874879
3452875921
3456619055
3457521201
3459296785
3459975751
3460778881
3462432623
3462514847
3462973921
3463110001
3463175881
3464716319
3466183679
3467194201
3468375121
3468686759
3470093089
3473483111
3476520001
3477136571
3477742849
3477853631
3478136113
3478374431
3478795321
3479307601
3482099999
3482962561
3483912049
3485102401
3485265217
3486132937
3487221695
3488377535
3488790815
3489398529
3490724159
3492410399
3492460945
3492745761
3495232619
3495245039
3496416001
3496718015
3498283801
3500262479
3501607823
3503826143
3504921279
3505826687
3507373591
3509625889
3510215999
3510881819
3511680481
3512782831
3513348961
3514069441
3516745681
3519150215
3521146589
3529623007
3532299803
3532392599
3532569599
3533975531
3534050521
3535789999
3536145479
3536704129
3541969393
3542212801
3545139511
3545464105
3546535441
3547881215
3548451599
3549272761
3550008001
3551054903
3551280041
3554885309
3555792241
3555882793
3556411201
3558062519
3559218719
3560207573
3560718833
3560881177
3561709319
3562043639
3564289801
3564463349
3564818881
3565236219
3566596319
3566775695
3567300833
3568969681
3570029737
3570840899
3571071119
3572339761
3572939759
3573671615
3574280399
3576288481
3576441121
3577028559
3577103999
3580010279
3580969561
3581017439
3581823001
3582024769
3584066113
3587582881
3587834879
3589074001
3594582239
3596189969
3600603721
3601622641
3602790539
3603773713
3604068289
3604246799
3606514607
3606581441
3607939369
3608448479
3609174239
3610425167
3610862697
3613249729
3613741599
3616212601
3616485841
3616891201
3616984801
3619846439
3620146297
3623037263
3623113151
3623765041
3627608209
3634203049
3638065535
3645622945
3646129201
3646971241
3647314837
3647818217
3648391319
3648426323
3650540833
3650610599
3653264441
3653958073
3654080639
3655510321
3655823819
3656659969
3656901479
3657874321
3661260681
3661583099
3662320039
3665394041
3669831361
3671778601
3673121759
3673271159
3674341441
3675263329
3678134399
3680213855
3680640479
3681929161
3685175207
3687384481
3687826979
3688630561
3691252081
3691626259
3691644985
3692722319
3693008089
3693427199
3693674881
3694781495
3696258151
3696544409
3697849499
3699726577
3700007819
3701022049
3701107081
3703513441
3704621671
3704927689
3705180335
3705840719
3706935839
3709206629
3709302659
3709762559
3709808255
3710207999
3712332119
3713385599
3713848319
3715751281
3716029439
3716504023
3718299001
3719388959
3719559471
3720036239
3720149399
3720218641
3720527161
3723495721
3723924119
3726220121
3727396201
3728414449
3729002353
3730109041
3731804999
3732859199
3733538761
3736069921
3737196399
3737686535
3737879713
3739569681
3740617441
3740937121
3741399199
3742390081
3742738919
3744352511
3747416401
3747663361
3748146481
3754350599
3754424519
3754923215
3756297599
3758122367
3758198987
3758917679
3759251209
3761144129
3762345887
3763553471
3765186241
3765713759
3767392321
3767662517
3767933401
3768493961
3771832931
3771938939
3772317779
3772815639
3772859731
3773749979
3775242961
3775532713
3776208801
3777041521
3777919705
3778417633
3778566691
3778577041
3778702319
3781606751
3782260679
3782856481
3783835441
3784838113
3789888241
3789895231
3791354281
3791750561
3792092761
3793439279
3796764341
3798130753
3798608621
3798688601
3799166559
3800003329
3800255717
3801176879
3804505201
3805984897
3806013455
3807802009
3809348999
3809962561
3810820679
3811404239
3812636281
3813255559
3813558001
3813704999
3814557041
3816588671
3817734139
3818404799
3819589201
3820177009
3820457521
3820673161
3822408095
3823520399
3823525727
3825543961
3826960057
3827876399
3828130201
3831187361
3832867349
3834463951
3836324801
3838277399
3838547999
3839215399
3839892001
3841004449
3841058879
3841208641
3842331239
3844226303
3847679759
3848011873
3848144831
3849790231
3852735745
3853082519
3853511897
3853534753
3853663521
3853909801
3855410279
3856808737
3860595041
3861039001
3861258599
3862105259
3864042089
3866472241
3868126993
3868609361
3868756321
3869453759
3869844299
3870087935
3870764143
3871401695
3871767119
3873307679
3874455145
3875216639
3878772359
3879551777
3881575441
3883076137
3883143239
3887971919
3889323719
3891335905
3891485521
3894198841
3895572553
3895710335
3898540295
3900093119
3900813841
3904144681
3904317145
3905285833
3905533873
3905934121
3907156301
3910055761
3914168159
3915250679
3917657519
3917894401
3923377919
3924388801
3926982361
3930095401
3931882547
3932535601
3932974463
3934303295
3936614257
3937887799
3938414609
3940791931
3942431999
3943033919
3944065535
3944345999
3948534039
3949346687
3951732929
3952099199
3953888399
3956835961
3958143839
3958656001
3958930079
3958977601
3959387399
3960434401
3960994001
3961879619
3963021217
3963969389
3964185481
3968546297
3969327601
3969812001
3970956529
3973391521
3974060159
3974598145
3976811161
3977194321
3977530577
3979254601
3980335799
3981224447
3981650399
3982885919
3982915439
3985292939
3985583615
3986277121
3986372597
3987547199
3987965519
3991402799
3992773679
3994701985
3994902913
3995647105
3998303399
3998777761
3999249937
4001392799
4002054281
4002838633
4004320319
4004593345
4006366559
4006848601
4007474717
4008281761
4008836447
4009638761
4009718857
4010759761
4011348863
4012771271
4014149833
4014236159
4014665999
4015089121
4015111073
4015419721
4016563599
4017749647
4019711079
4020775199
4024450945
4024775161
4026858481
4027741201
4029265295
4030517987
4033765657
4035103519
4036226401
4036660201
4037000833
4037682935
4046335201
4047795299
4047935737
4049312399
4051250281
4054507081
4055687609
4056532681
4060715399
4061307007
4064343359
4064785201
4065336991
4065413183
4069521145
4070241961
4070278241
4070544191
4071448459
4073533201
4073586001
4073814641
4074110977
4075194059
4075582417
4084965499
4085590321
4085651921
4086832121
4088527559
4089709441
4089800881
4090809801
4091163441
4093481081
4095536309
4095965665
4097010241
4097180881
4098258561
4098771599
4100581583
4101058081
4104383185
4106204399
4107684961
4107985727
4112672929
4113200399
4114374001
4116044855
4117321801
4117713601
4118728321
4119161761
4119604271
4119767489
4121163227
4122116953
4122750761
4122814921
4123237535
4123603511
4124286543
4125033361
4125490907
4125702169
4126593241
4126935481
4132511459
4132517929
4132628641
4133200241
4133300401
4134873763
4135126577
4135755239
4136723135
4138873201
4140108721
4141333081
4141434529
4141440159
4142093761
4146471001
4148287415
4151087999
4156440481
4157604929
4158678731
4159092959
4160153249
4161703921
4162557601
4164324841
4165328971
4166133695
4170406799
4171020449
4171113601
4173038065
4173344279
4173755041
4176170495
4181177777
4182010559
4182356361
4182677441
4184182799
4184508385
4185627215
4186387345
4186823297
4187092559
4187671489
4189332073
4189616891
4190846799
4195088641
4197950065
4198313063
4201003633
4201592737
4203369241
4203490777
4203825999
4204554353
4205364241
4207069945
4211474279
4212454417
4213630081
4214190133
4217228401
4218761977
4219924589
4220175961
4222377599
4224591937
4227091055
4229164801
4229640361
4229661491
4230940393
4232725055
4232787521
4232934929
4233053999
4233903139
4235134463
4237711295
4237897105
4238221177
4241100599
4241795999
4242068209
4242076801
4242860545
4243389359
4243661799
4245282721
4245642721
4246894079
4247403001
4247713201
4247904023
4250481313
4250892751
4251671039
4252356337
4254256239
4254431041
4256090281
4257604801
4257664309
4259877131
4261016759
4261380479
4261511953
4261597535
4266616499
4270483969
4274350499
4275771697
4276409783
4277829511
4279159149
4280553467
4280993639
4281771941
4281778783
4282334785
4282671721
4283963459
4285053695
4286823553
4288373521
4289931359
4291696079
4293020881
4293557223
4294915801
4295082961
4297237349
4297415041
4299597119
4300171633
4300896673
4303835641
4304519849
4304608307
4305047615
4306453601
4307638177
4307917537
4310192041
4311046297
4312064017
4317795239
4319422921
4320719171
4321439401
4322602801
4323644033
4324839961
4325583599
4328935799
4329112481
4330661279
4335917519
4336115977
4338190561
4338234241
4339051921
4340067199
4340488459
4343508961
4346671231
4346802179
4347188999
4347380353
4348159921
4348226471
4348984199
4350146641
4351991401
4355608895
4355783641
4356741859
4357191359
4357346399
4357941839
4362491519
4363592519
4365002399
4365242881
4366360423
4367209441
4368938423
4369445009
4369581601
4369948201
4370704259
4371079579
4373040361
4374206305
4374322801
4375389481
4375607281
4377391199
4378750489
4379285679
4379307743
4379568731
4379669999
4379721599
4381671841
4382152321
4382372401
4382743049
4383382081
4385209161
4386334319
4386749639
4387860399
4389384383
4390307999
4391513279
4392958079
4393509119
4395890521
4396199249
4396694017
4397079961
4397901481
4399767071
4399995599
4403345511
4405306921
4407562949
4409737709
4409869201
4409922851
4412583631
4413655583
4414931807
4418219807
4421959199
4424489783
4424596799
4425507241
4426080001
4426263359
4428501001
4428755999
4429240139
4429557761
4432155841
4432195489
4435343641
4437564481
4437846601
4438921201
4439211631
4444330481
4444433279
4444869121
4445983081
4447404001
4447870781
4449052159
4449920113
4450221215
4453406881
4454013311
4455444001
4456403027
4458270361
4458401921
4460903929
4462021199
4462919159
4463325719
4464262271
4464768673
4472015521
4475983513
4479140161
4483618859
4484383345
4484922289
4486647815
4487666399
4490131771
4490500319
4490559839
4490926719
4491197699
4491241561
4491981001
4495623971
4495671719
4497265379
4500218801
4500819899
4501546561
4502746421
4503558209
4504773841
4505553361
4507136833
4508141189
4510313281
4512585791
4513182521
4513369441
4514116881
4515903215
4515938641
4517096033
4518332543
4521238259
4523930401
4524430679
4524561503
4526103959
4526217601
4528669391
4529899441
4530261959
4530986113
4532322311
4532806657
4533048519
4533875519
4536159599
4536347399
4537527499
4542117119
4543077119
4544881201
4545419761
4545450979
4545876719
4546409311
4546913161
4546951199
4552068241
4552601999
4553738561
4554156959
4554234721
4557096721
4557238001
4557471481
4559223241
4560752161
4564042561
4565809019
4566410639
4570939801
4571076511
4572548639
4573337429
4576148081
4577649121
4577952347
4579894367
4579989401
4580216079
4583478239
4584076177
4586110199
4586176319
4588366079
4588593241
4591095047
4592715793
4593137011
4593684001
4596800039
4598651879
4599588599
4602092533
4602956957
4603249331
4603731841
4604298047
4605060481
4606610689
4606816897
4606896841
4608573857
4608814643
4610504449
4612389839
4614097319
4614496559
4615415279
4615465537
4617388019
4618269215
4621566095
4625858159
4627059359
4627067873
4627732319
4628305199
4628707469
4629426913
4635802081
4636755481
4636885079
4636923779
4637609999
4643391455
4643503199
4643916815
4644800329
4650085439
4651379489
4652245441
4652809561
4653925891
4654751361
4656011329
4657889159
4658657759
4659553649
4661903041
4662544993
4663993321
4664569007
4666836241
4668925799
4670444519
4671651601
4676334935
4678923599
4680147841
4680410689
4681139651
4682482559
4685311231
4685328479
4685664985
4686474961
4687166015
4688086481
4688199577
4688651519
4690775663
4691019001
4691168281
4692379873
4692652529
4694129603
4696290719
4696486081
4697364001
4698324961
4698935999
4700453941
4700847361
4701471389
4701550463
4702306895
4702334141
4703006879
4704527603
4708265185
4710227545
4711704481
4712214659
4712894513
4714348273
4716247033
4719587393
4720566913
4721196201
4722611039
4722644161
4724309339
4726061879
4726685041
4727130239
4727657759
4728148799
4732322639
4735600321
4735776815
4735823279
4736495231
4737356065
4744801151
4744846319
4747484431
4751784467
4752100099
4754856961
4756427281
4758168481
4760344081
4760368535
4760489099
4762226879
4763441759
4768082401
4768200119
4769518641
4771197647
4772368777
4773830039
4773834641
4775199409
4778149881
4778372089
4779301799
4779647201
4783950721
4785389279
4785659387
4786369459
4786373593
4786472881
4787663439
4788211679
4788689039
4793440463
4793677057
4795652911
4796397841
4796647883
4800373201
4803135721
4804335721
4805871779
4808283481
4808613049
4809550105
4812122257
4812631201
4812888479
4816719053
4817686201
4817899523
4819832881
4825597919
4827126241
4829771519
4830886327
4833408113
4834256255
4835049297
4837219883
4841293321
4843149839
4845768721
4846811255
4848770041
4849407361
4849800479
4850126785
4850718391
4850934839
4851113399
4851330401
4852449503
4852928121
4853112263
4853633401
4854633001
4855465201
4858209719
4859588159
4859725199
4861907399
4862738071
4863263329
4864669041
4867269121
4871671585
4872914801
4873044833
4874028389
4877084521
4877476129
4877483521
4879092959
4881211793
4881394441
4881840599
4882428937
4885249249
4885658785
4887324289
4887390145
4889710799
4890061441
4891169841
4893834199
4898413223
4899321241
4900755499
4901389703
4905842039
4909747561
4914478081
4914799009
4915194479
4917524039
4918422433
4919514389
4921151761
4922332297
4923983399
4925901119
4927063679
4930485119
4931603951
4931785199
4931884921
4933118399
4934151599
4934367361
4934415847
4935453601
4935470401
4937847121
4939388999
4940363809
4940422879
4941083399
4941170593
4946258239
4947782529
4949677259
4952722879
4953743135
4954861969
4955275079
4957640099
4958092607
4960812193
4960820879
4961670001
4963128767
4963677697
4964252161
4967538239
4968124559
4969307201
4972160159
4972413095
4973295039
4977726881
4977827999
4979079841
4979517311
4979766481
4980738433
4984115761
4984601759
4986912001
4987684239
4989096721
4990716721
4991051609
4991484959
4995192719
4996992001
4997726231
4998147449
4998547841
4998991441
4999293599
5001563281
5002119359
5002784641
5003705891
5004633217
5005308361
5005828801
5008130959
5009124119
5009850049
5011783921
5014340833
5015046961
5015359295
5018257439
5019121801
5026820507
5027885957
5030934479
5033832481
5034163679
5034965761
5036580649
5036726801
5037814319
5039741665
5040334079
5041650601
5042355999
5043375089
5044266361
5045932153
5046499391
5046711179
5053596239
5055777731
5057465905
5058211535
5058943513
5061576083
5061931181
5062661809
5063186467
5064354399
5065771801
5066538047
5070688801
5073075359
5073182507
5074835041
5075590465
5076144919
5078860161
5079338879
5079653039
5081373881
5081805721
5082063119
5082369601
5082781513
5084099905
5085167879
5086936401
5088616799
5092038865
5093421119
5094141361
5094748691
5096229601
5096473537
5097196081
5098150399
5098602601
5100909841
5101079003
5102527681
5104612799
5104754159
5106170399
5107589257
5109181153
5109631519
5110077599
5110841999
5111491537
5111570771
5111826839
5113745999
5115106919
5115371713
5115960379
5116432177
5116440419
5117049349
5120544385
5121112921
5122132949
5125249199
5125264801
5126029799
5128505579
5129103095
5129622499
5130870481
5132679839
5139724211
5140262849
5142034873
5142287281
5144535359
5144911199
5146864801
5147007839
5147182479
5147228519
5147582999
5148607071
5149952641
5150356289
5150640385
5151799043
5152837361
5154272761
5154512881
5154619441
5156281151
5157245099
5157733921
5158272001
5160835681
5162406943
5163296039
5163985913
5164928641
5165210401
5165347969
5166716401
5167605961
5169943099
5171432279
5171639759
5171782945
5175055979
5175316343
5175709439
5180559299
5182931881
5184007351
5186298239
5186522881
5187222039
5187384215
5190308641
5193502199
5194321441
5194521361
5195278337
5196920961
5198882443
5200643735
5200784511
5204366999
5207121361
5208780689
5209568961
5210769601
5213859559
5214196139
5215797001
5216866199
5221616399
5222550401
5225107161
5225261441
5226123659
5229296929
5230602431
5231295719
5242576417
5243629441
5245305049
5245341023
5245572361
5247983521
5249603519
5251408523
5251480319
5252383553
5252494249
5254913247
5256053999
5256177697
5256635281
5257927583
5263049521
5268373561
5269176001
5269716287
5270341999
5270896799
5271289919
5271611039
5271945599
5274358849
5275692433
5277925801
5281273229
5282179199
5284556639
5285101153
5286668449
5287217039
5287981379
5288370337
5289344041
5289364081
5290685401
5293150721
5293777105
5294403577
5295425761
5296238999
5296718129
5297801761
5302090979
5303278657
5304185459
5305378177
5305517041
5305628159
5308670305
5309795521
5311877473
5313932209
5315415743
5319648787
5322609215
5329724399
5330621399
5332986119
5335797599
5336586241
5336736913
5337003169
5337123479
5339814947
5344335359
5348391049
5348739817
5350766183
5351376239
5352800641
5354186761
5354907481
5354982721
5356855295
5357165353
5357259097
5357948401
5362173893
5363205407
5363561281
5363640833
5364518017
5366156503
5369149151
5369984911
5371105513
5371656265
5373952901
5376293999
5376905999
5377012199
5377095359
5380649041
5380836481
5381156929
5382562001
5383029121
5383199039
5383831321
5384566763
5386143049
5387168099
5389186319
5389729631
5390848009
5391753659
5392833985
5397334799
5397415521
5399981279
5403428801
5403962609
5404170803
5404309633
5405284367
5406068977
5407020839
5407606959
5408117441
5416318599
5416331521
5418431039
5418687121
5418820441
5423246751
5423448799
5423498639
5423839487
5424177601
5424568001
5425300439
5427292417
5428775521
5432081759
5434682903
