1000001633401
1000473395545
1000638108145
1000991372005
1001078727481
1001540933281
1002028515841
1002158120965
1002455197381
1002483331401
1002560617201
1002600134641
1003188638001
1003232434501
1003234161601
1003377727261
1003417632841
1003518699481
1003676862721
1003731579721
1004065506445
1004098453501
1004410648801
1004518013185
1004529803761
1004751377281
1004888147041
1005547748401
1005572774017
1005794509441
1005815345821
1005830722261
1006030629865
1006499517661
1006523616385
1006645162321
1006700498497
1007401092061
1007536811821
1007918509921
1008791928145
1008958574701
1009015066945
1010078432161
1010309807521
1010435324977
1010494017181
1011345902281
1011384094501
1011401344801
1011422120401
1011501090601
1011871215433
1012130783521
1012521296641
1012644778965
1012919201281
1013285833561
1013890635121
1013990164201
1014106762945
1014125873761
1015297785601
1015345488961
1015578455001
1016071369105
1016104421101
1016348836321
1017024340321
1018043513641
1018118061793
1018258084257
1018558012801
1018598784841
1018954810621
1019165583601
1019259109981
1019525599081
1019775568141
1020203216929
1020578599261
1021027852801
1021811790385
1022359759201
1022436800281
1022874262345
1023153450241
1023184772401
1023295400065
1023364500481
1024106197521
1024375528405
1024658412337
1024883326237
1025171624401
1025254814221
1025838716221
1025879528311
1026800714017
1026894758785
1027050893089
1027144807057
1027474963801
1027508208805
1027781969761
1028024267257
1028140677201
1028299044241
1028327935537
1028493596521
1028504983441
1029446772121
1029561150241
1030218375901
1030288763953
1030807864801
1030924908301
1031020063921
1031063096001
1031643167941
1031807848681
1031865136561
1032009737221
1032029243401
1032379307401
1033152357601
1033209300481
1033489014481
1033990885081
1034135532001
1034200390861
1034228041561
1034482309201
1035149592841
1035169943941
1035448992721
1035533759401
1035613832401
1035737954461
1036039008705
1036914906721
1037202728401
1037218865761
1037356165441
1037361748501
1038231893301
1038613906441
1038625997761
1039042620001
1039142749141
1039179233401
1039736593441
1039825659081
1039859403661
1039870685161
1040531210965
1040550066865
1040778747541
1040939308081
1041788214901
1041803883001
1041853239505
1042257274345
1042285911745
1042314498181
1042479472441
1042812142801
1042909455841
1043183107681
1043631642691
1043709164785
1043786067805
1043816587801
1044251957665
1044329582881
1044858728881
1044872944921
1044901341001
1045497413521
1045532726785
1045900456741
1045944865945
1046018072881
1046390126545
1046446255141
1046629773505
1047787952905
1048100142961
1048592604865
1049506377361
1049583691465
1049621713801
1049945342941
1050413376601
1050499065561
1050527431801
1050686334061
1050714408745
1051497271761
1053382737121
1053394009921
1053587314081
1053625659121
1053678299401
1053719332485
1053766433161
1053863598529
1054030212145
1054318072081
1054427899141
1054867954141
1054917336201
1054923033241
1054943867881
1055201150521
1055512425241
1055519846641
1055772120481
1056118927501
1056480635665
1056625412941
1057294242901
1057355809861
1057660178401
1058068694881
1058530633161
1058670945865
1058826208609
1058964383521
1059935606185
1060042992481
1060049563105
1060272416281
1060323205501
1060444531441
1060516330401
1060554719665
1060924745881
1061105058217
1061741146753
1061801703361
1061909207821
1061973738001
1062680857491
1063644639121
1064613180709
1064751564801
1065189786661
1065404552941
1065600386929
1065740742361
1066005145153
1066401458101
1067207446981
1067501024437
1067545911601
1067789697601
1067895221185
1067962398481
1067964236305
1068155522281
1068270607041
1068327352729
1068564010501
1068771141361
1069208569801
1069920271441
1070121967993
1070513133481
1070920257121
1070946699901
1071322860301
1071482088601
1071752635801
1071765624241
1072196735281
1072384977601
1072937970721
1072966162801
1073003184001
1073366785765
1073428171761
1073439630901
1073722865041
1073871403921
1074891115585
1075255443361
1075398694701
1075786745761
1075971721231
1076289831541
1076843127361
1076889724681
1077288071041
1077376663441
1077592725001
1078141302745
1078373802661
1079050349521
1079406398005
1079649482241
1079840588905
1080037585441
1080081992881
1080083247881
1081037620705
1081095799537
1081367084785
1081886211001
1082005221781
1082028431485
1082264057161
1083071670913
1083109768741
1083642728581
1083700570681
1083770004241
1084789340713
1085137676701
1085692536721
1085728611241
1086006096001
1086615392941
1087566636885
1087937248321
1089004044661
1089015699421
1089160959601
1089437112681
1089473541521
1089487114561
1089546798601
1089987845185
1090064011765
1090112558601
1090483172065
1090648108837
1090972036441
1091174591521
1091240451001
1091883832705
1092277826641
1092444205645
1092626908021
1094293060561
1096221964321
1096271460705
1096812245881
1096931343665
1097372659573
1097632919461
1097635895461
1097780006401
1097783339401
1098051951601
1098099855721
1098211935601
1098219614701
1098367227001
1098889441273
1099037343889
1099202781601
1099518815001
1100295115921
1100356903009
1100392741801
1100398721401
1100493203041
1100872022041
1101049338961
1101372766921
1101410533873
1101539732161
1101652217065
1101673126945
1101943449541
1101951650185
1102006735501
1102043293561
1102176266401
1102232679985
1102235719681
1102483209961
1102582773937
1102710141001
1102751647201
1103044890997
1103076235261
1103148066385
1103150248201
1103928944665
1103985561601
1104390923065
1104502575241
1104708402721
1105308568441
1105318257121
1105682435221
1106034057505
1106088335521
1106131037761
1106553414961
1106610901201
1107023035105
1107201522061
1107225370945
1107965083765
1108044648901
1108144369081
1108250658145
1108694450501
1108736348401
1108839613141
1109125077841
1109549781145
1109998596421
1110479523385
1110688882381
1110810180601
1112145870781
1112989365901
1113058737001
1113147747361
1113218242885
1113643834381
1113739561369
1113747906601
1113835124689
1113882788161
1113985668601
1114102151821
1114144706521
1114331414365
1114618387345
1114668949105
1115117025841
1115295439105
1115870195881
1116194234905
1116857344681
1116928218385
1116957691081
1117074799401
1117091954881
1117211065201
1117272350881
1117773504001
1118211619701
1118256300001
1118782240561
1118803659337
1118894970061
1119409806901
1119581006401
1119761344801
1119910937761
1120250383681
1120533733501
1120563274741
1121229261601
1121596667521
1121629672801
1121640601081
1122088225501
1122167220945
1122789668001
1122833462401
1122935296681
1123197539905
1123294197421
1123296404385
1123824086281
1124063762977
1124410310101
1124615124781
1124617877461
1125087523561
1125188907481
1126075953289
1126847799169
1127275352281
1127622410461
1127706358681
1128063328561
1128620852101
1128783059041
1129609720261
1129818167101
1129963306753
1130091107041
1130253634657
1130294322145
1130472857953
1130480102401
1130605362601
1130951840161
1131580777601
1131877472461
1132128520381
1132165983745
1132760044801
1132869826621
1132945394581
1133043536989
1133241667921
1133303862241
1133476590401
1133740540801
1133871366111
1134001429345
1134656005561
1134881435701
1135082149201
1135197194041
1135566253081
1135710215641
1135715210785
1135737830305
1135793868001
1135862862841
1135958491921
1136265612985
1137685244641
1137760190281
1137779386381
1137889780561
1138239104905
1138486816801
1138674482785
1138918734577
1139653094581
1140000271501
1140434941465
1140581361601
1140948826381
1141244429221
1141252347961
1141312511361
1141515592561
1142196723361
1142211844501
1142418766105
1142752805041
1142965764501
1143427746721
1144348951681
1144560196801
1145027873341
1145247068161
1145343081961
1145361596401
1145445888301
1145933639929
1145998227781
1146069104545
1146479903185
1146651826321
1147220017945
1147478848321
1147737588481
1148166296641
1148207712601
1148757462001
1148988434581
1149466177441
1149466807021
1149813836821
1150075743301
1150130345001
1150224887791
1150469436601
1150602495121
1150975801801
1151151069601
1151268518401
1151340843745
1151464544209
1151602414201
1151860455901
1152149800321
1152677860561
1152819873381
1152850710441
1153666819921
1154204285641
1154253801493
1154562961321
1155386535121
1155883380001
1156081512961
1156251144961
1156395178081
1156541799001
1156608376561
1156759004401
1156834326571
1156840464241
1157094723961
1157310572041
1158202846801
1158204502081
1158480696997
1158525117421
1158558295441
1158662064561
1159026134761
1159813216513
1159822077505
1160229893005
1160405961001
1160431218661
1160505289801
1160631180001
1160878262401
1160932856833
1161370164241
1161499268881
1161513433081
1161533347885
1162180260241
1162432794601
1162649129761
1162679614993
1162714373601
1162900131841
1163247404761
1163312224705
1163736657721
1163968703821
1164293630641
1164334591981
1164536371297
1164606993361
1165891927681
1165991790601
1166374969341
1167168465541
1167735111985
1167759558505
1167791069341
1167901476301
1168275780145
1168316283289
1168343365501
1168386320161
1168649800921
1168755104881
1168864182541
1169198109001
1169279952061
1169750192689
1170026271001
1170559261873
1170579030985
1170970113601
1171142968645
1172731252561
1173036157489
1173083175901
1173168872821
1173327433201
1173893767201
1173993552901
1174080747841
1174238489593
1174729471201
1174783338001
1174802918545
1174812892201
1175037216571
1175063138821
1175073090081
1175408887081
1175907753865
1175960718505
1176114751201
1176168337345
1176568657705
1176664182421
1176809140921
1176846891121
1177492340101
1177647387121
1177986968641
1178183714401
1178603590801
1178769974761
1179273536673
1179508813561
1180092788641
1180305373303
1180356686641
1180847236465
1181763729601
1181880732241
1181913776485
1181918427001
1182399214881
1182566484001
1182966156321
1183563766981
1183796638921
1183922282881
1184190366961
1184222605105
1184532917401
1184631052501
1185106578601
1185160868281
1185188267341
1185462344521
1185551135497
1185599666161
1185726722401
1186104854481
1186476259801
1186867567081
1187267769721
1187340173605
1187429824945
1187463320785
1187665048801
1188031187161
1188040278601
1189000429345
1189004545261
1189148710321
1189235434465
1189501913041
1190165090689
1190200827817
1190441666821
1191032877601
1191937741345
1192267030801
1192402576729
1192593871729
1192638935041
1193054083321
1193112147601
1193254713541
1193263840081
1193624171713
1193763023713
1193916844081
1194129072501
1194883420501
1195267796449
1195871663701
1195956847345
1196143505821
1196234177185
1196702919721
1196776120321
1196940180385
1197267240001
1197397427941
1197784446145
1198116746641
1198538017321
1198602559561
1198832882941
1198993977181
1199716450801
1199726620885
1199736350385
1200236469601
1200329171461
1200474686341
1200549554065
1200583590661
1201208567581
1201238247001
1201507837489
1201605078493
1202246177665
1202761146301
1203271510651
1203473499481
1203723803305
1203945558661
1204074244801
1204077838601
1204767309421
1204887421585
1205208910081
1205274386701
1205683781541
1205722825021
1206194012101
1206709617421
1206953218801
1207085770801
1207126698337
1208137455721
1209086023861
1209230522605
1209437419489
1209649194865
1209747756241
1210346331601
1211066011441
1211767194961
1211798147473
1212452996041
1212454631521
1212600931165
1213062864157
1213100932681
1213648599241
1214323254001
1214870106241
1214947072801
1214973963841
1215104887921
1215181057441
1215943797601
1216071530785
1216274254273
1216361790865
1216850298001
1217118397969
1217714233681
1217726557201
1217729830681
1217749129521
1218195807505
1218200018113
1218542706901
1218544433821
1219697426361
1220060247841
1220809462741
1221441917521
1221838454881
1222223905981
1222251700321
1222399179001
1222802337421
1222802968465
1223593189201
1223784664705
1224199219321
1224392603941
1225062796321
1225213143001
1225471943641
1225676584081
1226288221081
1226305567201
1226516661811
1226615807053
1226686255201
1226807847721
1227245197321
1228160152297
1229550739561
1229853554665
1229979645181
1230839764921
1230861025801
1231043733361
1231601894641
1231642462501
1231796193481
1231872186601
1231976403505
1232331607585
1232674400881
1232887070801
1233893120601
1235285198281
1235327738401
1235594043321
1235806902001
1235853907705
1236370047121
1237318534945
1237637361961
1237803633361
1237898798461
1238052510901
1238058408961
1238347127305
1238793211201
1239088476601
1239173984881
1239593740561
1239715655101
1239930309241
1240014934081
1240207526845
1240466564821
1240604469721
1241208208045
1241209721401
1241654179585
1241684561377
1241854527745
1242202446145
1242244400761
1242788264257
1242898634545
1242958180321
1243091167201
1243300119601
1243513244701
1243550345401
1243840328809
1244538172801
1244671411621
1244736698101
1244833290001
1245765711961
1245945504601
1245968000641
1245979945201
1246035694321
1246179799501
1247046733153
1247159426241
1247205033361
1247414987281
1247534171521
1248351336001
1248778180441
1248866849161
1248888390841
1249077289681
1249250921101
1249358065033
1249490806201
1249652056081
1249765248961
1250202888361
1251166213921
1251538684201
1251570580561
1251744583321
1251865121221
1251972144865
1252298814481
1252432203121
1252562228281
1253501747641
1253676050551
1253820872941
1254590687505
1254717788941
1254766893121
1254994416985
1255095035173
1255713770521
1255927291201
1256394841885
1256792689801
1256797938721
1257983345305
1258650556801
1259082755569
1259250981121
1259364650401
1259951586391
1260163221121
1260298535185
1260528515065
1260830852281
1261180247041
1261425954061
1261653470561
1262150593705
1263077851141
1263196124281
1263333613201
1263712161361
1263836044801
1264455285985
1266000101281
1266194409481
1266411319041
1266439941781
1266851987401
1267176704041
1267616144341
1268117273641
1268165565901
1268432548201
1269384897145
1269766066465
1270738845181
1270971233665
1271288372201
1271363970097
1271566130401
1271683692721
1271967145345
1272015731701
1272279254401
1272693475261
1273317964513
1273359401665
1273507879021
1273760108281
1273908290761
1274317422001
1274571981541
1274782565161
1274867733217
1275121907137
1275713834641
1275721690321
1275753685141
1276004196001
1276349277421
1276589771821
1276661352745
1276786376065
1276793309701
1276885488385
1277300124001
1277811980641
1277963362585
1277996184577
1278184534705
1278479442241
1278728571121
1278828049681
1279182473101
1279289298001
1281243660901
1281483768601
1281794861341
1282124826361
1282559299561
1283349876145
1283655677185
1283747503501
1283902764001
1284306797305
1284521595841
1284605603905
1284674970565
1285123242601
1285977112993
1286445972721
1286458916041
1286747733601
1287225844345
1288375422841
1288472135401
1288899196201
1288916566561
1289255451121
1290062082001
1290086198401
1290289809601
1291284228481
1291466443501
1291852048201
1291900632121
1292179187377
1292998515601
1293171077521
1293346879201
1293626595241
1293977263501
1294019217505
1294210806361
1294442798545
1294676223841
1295272954801
1295498295841
1295992163649
1296041394241
1296514394461
1296567675481
1296680867461
1296938049121
1296996143521
1297141644085
1297202521681
1297860489121
1298071773601
1298081602441
1298593487521
1299040406301
1299060837361
1299289447561
1299448122841
1299496965481
1299579810145
1299659422321
1299958372945
1300243059841
1300507535685
1300643436001
1300797024241
1300959636481
1301021164801
1301068594801
1301247234001
1301527588285
1302152846401
1303064366241
1303279003117
1303434163801
1304098647985
1304403050281
1304832889009
1304986223521
1306034432209
1306356958765
1306445041441
1307761641901
1308032936497
1308164312521
1308473812801
1308893785921
1309507683121
1310207241421
1310418736705
1311424495381
1311530925745
1311821864881
1311861681901
1311974310241
1312138314361
1313000233161
1313592978061
1313631410521
1313697556151
1313833021501
1314016133365
1314041729001
1314419732185
1315153762273
1315446235741
1315554769585
1316597718241
1316917965169
1317261796921
1317534092281
1318682779921
1318694603185
1318851242485
1319473068901
1319492622565
1319668370945
1319926308481
1320084312801
1320218235961
1320546843451
1320970780801
1321004106605
1321490318401
1322247589201
1322383027141
1322522850121
1322523776641
1322524409041
1322565242905
1322969291281
1323481192705
1323814099201
1324163467081
1324189697761
1324214598565
1324424999521
1324699977601
1324911347761
1324997598145
1325147428801
1325488883005
1325879992801
1325901703105
1325939992201
1326066241501
1326242831761
1326665682001
1326785183641
1326835845361
1327963854421
1328332675681
1328739391441
1329041414701
1329049786681
1329856611721
1329887205361
1330024059001
1330490434645
1330840818001
1331501010841
1332892986481
1333178134921
1333279470601
1333289241505
1333881792433
1333986424849
1334129326201
1334200768601
1334392885057
1334404853601
1334834543701
1334973841345
1335132893341
1335653014501
1335772085401
1335785683585
1336176182881
1336329851185
1336549045105
1337151382701
1337181632137
1337488591033
1337872782961
1337917087585
1337918187565
1338394937881
1338674491441
1339073585641
1339807330929
1339957499881
1340664056641
1340831512153
1340964031681
1341075456721
1341091677121
1341415884061
1341440786401
1342005775201
1342063050769
1342367145505
1342499860681
1343410594561
1343743975945
1343888269165
1344328068721
1344952805505
1345204346473
1345254439105
1345270243801
1345435822081
1345794756769
1345815649633
1346162281381
1346926647781
1347015106801
1347244478641
1347643876501
1347892058305
1347939668881
1348077065545
1348301833201
1348461448741
1348862782345
1349358774401
1349424073921
1349444587681
1349448463441
1349511276421
1349641780201
1349890887241
1350280353241
1350454418281
1350458580801
1351426566001
1351592530561
1351749067201
1351843673761
1352082136321
1352498412601
1352830724521
1352899176721
1353193875145
1353668162185
1354268529901
1354907713393
1354950191281
1355349569761
1355879841121
1356096867049
1356407859745
1356550434361
1356706978417
1357086668581
1357308047161
1357730379901
1358109619945
1358465144401
1359663699745
1360201951801
1360207666801
1360209637081
1360241552881
1360468492545
1360655102521
1360829604421
1361018407321
1361111919553
1361575436221
1361606760865
1361626009705
1361867844961
1361940898501
1362123815185
1362389679001
1364187318145
1364340783961
1364838713785
1365171378121
1365594011041
1365635937513
1366005867121
1366215454605
1367109491001
1367318056105
1368159535561
1368254831581
1368277824145
1368638123281
1368670966741
1369057907701
1369537245901
1369603402861
1369628417521
1369674192601
1369905612481
1370052441241
1370306875861
1370425984201
1370463857281
1371645731953
1371648625381
1371945023281
1371985449121
1371991073761
1372556351881
1372689477601
1372837569181
1373098464361
1373244732301
1373350532821
1373601006001
1373688385201
1373771438065
1373843754361
1374073550785
1374483643201
1374672611521
1375049751661
1375791616585
1376200822465
1376605251385
1376635884481
1376980544161
1377028878121
1377356543641
1377495566161
1377707392321
1378536803281
1378633083801
1378729477441
1378847280273
1378847521801
1379873616265
1380325145941
1380624054481
1380694319641
1380927958921
1381030446601
1381681237105
1381939970041
1382001745411
1382172574105
1382418265501
1382513894281
1382793922081
1383118896601
1383250009141
1383805225153
1384641533185
1384860337345
1385011873441
1385030174221
1386284191201
1386399767721
1386796351681
1386946161601
1387296249121
1387358985649
1387503888121
1387590964201
1387739676961
1387961277409
1388083953421
1388571759121
1389568577761
1389785051161
1389812720401
1390116746305
1390400457265
1390531685761
1390540841521
1390549073005
1391078809081
1391281754941
1391384611981
1391630723605
1391733673561
1392787907281
1393143855265
1393148874481
1394062171601
1394375918881
1394716771561
1395125272101
1395741865441
1396209832381
1396374623281
1396568522401
1396680381601
1397564712181
1397595245761
1397816596561
1397950180705
1398449700181
1398481634705
1398629404081
1398694895137
1399011876361
1399779275665
1399861759681
1400038941841
1400527428301
1401147318649
1401809432401
1401860862577
1402120101421
1402206474241
1403450649601
1403612897401
1404261644041
1404445856221
1404452241361
1404650431471
1404944572801
1406083780081
1406351476801
1407554381101
1407592590321
1407607717321
1407706602121
1407768005281
1407852423685
1409482074781
1409888845729
1409948834581
1410037649245
1410039308161
1410197051809
1410496204897
1410973234021
1411119830737
1411210491391
1411344079201
1411348389121
1411410702745
1411624591741
1412088635881
1413256122649
1413319651921
1413439914601
1414271460889
