13869
14949
43677
55221
70221
93357
95757
96621
104829
105621
113487
124149
127917
132717
140781
142557
146349
155949
158253
159999
160989
161727
162719
166397
179869
183677
196413
198021
198429
229767
248949
258189
272397
273309
282141
289221
304007
313989
329613
336509
339207
354021
358797
362709
363309
373917
385917
391437
395637
414797
418077
420189
421197
422997
469221
471237
490237
512253
576077
588749
589677
597477
636789
697269
700557
716797
728349
738749
752637
755037
758642
772637
826277
881717
899997
918861
920319
920607
920949
923549
938957
982077
1065981
1148487
1154437
1185917
1264317
1277229
1287789
1348477
1357221
1363821
1459077
1500621
1526973
1529661
1532157
1605471
1632477
1661037
1661517
1687397
1707261
1732797
1738317
1762989
1789213
1802301
1855917
1860837
1878533
1908381
1923597
1934877
1960629
2029101
2031117
2056749
2059221
2068077
2075037
2099597
2198661
2212413
2235021
2287769
2297061
2312349
2325621
2461757
2504447
2509247
2509749
2542029
2556797
2847261
2862717
2933949
2936733
2951709
2980527
3004677
3048189
3094557
3225989
3236973
3460277
3488669
3493157
3520397
3530967
3583327
3675837
3697287
3748767
3837597
3887181
3900621
3924141
4040637
4048197
4153461
4255941
4319997
4380207
4462989
4563647
4575317
4592767
4609437
4644021
4678503
4684317
4722429
4744509
4780461
4879677
4906221
4973541
5057997
5132589
5148669
5193757
5193837
5234757
5291997
5312997
5358189
5460059
5470917
5517797
5659637
5710317
5712927
5740317
5751357
5880621
5911917
5948717
6085149
6117549
6187437
6366669
6413901
6573237
6642429
6745197
6824397
6859157
6919037
6955157
6998397
7007407
7057466
7206429
7227087
7230717
7289277
7338677
7538109
7569287
7590021
7667517
7692479
7756989
7834397
7845021
8019899
8173877
8213757
8268477
8286957
8346669
8470437
8499997
8571527
8755677
8814957
8940813
9022461
9056733
9118821
9150621
9235517
9420141
9430973
9590829
9614637
9772287
9865629
9936357
10169717
10272021
10361957
10591509
10678509
10794597
10805846
10808511
10810093
10901517
10971069
11055621
11094589
11174657
11320797
11462157
11514237
11598299
11781357
11817501
11964677
11981397
12071469
12071917
12084347
12177477
12226029
12338349
12453837
12509277
12607917
12710373
12737757
12765981
12786477
13079229
13132701
13333317
13390109
13647957
13676487
13682597
13728957
13738797
13996797
14028837
14043741
14061317
14246397
14382357
14432397
14513397
14707221
14814797
14826669
14887527
14938221
14969133
15046637
15067007
15280277
15286317
15431469
15622989
15641997
15755597
15763407
15879237
16028397
16277373
16548749
16587449
16647837
16796637
16982637
16993197
17108661
17208573
17409599
17450111
17464037
17702157
17755557
17886957
17893047
17995389
18071247
18233661
18361221
18385917
18388797
18636069
18701277
18854469
19140621
19156101
19247757
19625757
19751421
19753437
19793597
19936221
19999581
20170077
20205021
20310909
20384511
20464749
20818677
20918517
20978997
21032877
21576021
21676029
21849597
21855621
22356047
22373397
22420221
22499037
22707717
22919757
22931367
23351741
23712957
24198717
24210141
24262989
24576717
24816957
24821853
24899613
25050021
25073727
25173189
25227069
25391181
25502397
25583633
25604301
25643829
25681149
25796237
26005821
26316477
26336469
26572797
26583117
26706237
26718557
26845917
26949381
27174309
27342437
27375333
27409533
27588957
27707757
27711179
27825621
27967797
28054941
28090797
28446909
28611797
28632237
28651389
28675997
28717917
28770141
28921047
29013117
29040141
29233149
29341533
29387229
29456949
29582717
29656869
29940999
30108669
30218397
30288597
30304317
30365609
30569837
31098959
31355037
31582749
31757037
31911197
32125461
32183733
32729661
32838189
32877039
32936117
33175797
33359997
33597549
33648381
33857469
33990087
34076637
34164021
34327877
34356237
34593981
34684509
34885869
34888389
35257461
35479149
35740509
35959439
36002997
36081069
36108077
36121341
36410399
36537477
37114847
37211229
37293477
37340349
37393221
37405437
37473621
37664061
37915647
38060157
38281821
38414373
38438243
38502021
38675957
38685813
39250221
39417837
39425397
39712509
39904557
40326909
40496397
40604637
40606797
40696487
40897917
41937789
41974629
42003357
42353439
42415197
42593469
42696717
42889397
43146573
43217367
43283237
43313917
43359837
43486077
43726317
43787997
43996477
44138637
44266821
44573181
44744997
44778381
44791053
44965397
45062157
45291397
45355077
45380157
45765717
45806717
46151133
46157757
46308021
46882077
47068221
47211261
47359941
47468517
47523237
47734277
47819069
47860559
47940477
48068589
48394749
48397047
48486477
48566957
48689157
48790557
48985997
49000677
49160637
49210221
49609133
49845117
49859997
49875149
50049381
50060877
50157789
50174781
50805213
50860946
51072549
51121149
51204381
51236157
51573597
51714429
51768021
51935517
51969677
52116789
52307637
52417197
52894797
52899837
52919997
53207277
53362149
53532861
53593197
53747397
54262557
54448797
54505439
54800349
55092237
55118879
55567149
55697037
55740781
55808997
55811949
55935437
56094077
56836517
57250509
57442701
57861213
57898357
58321029
58446021
58556157
58599837
58749821
59007981
59115837
59120717
59150949
59258301
59338941
59384157
59530677
59560797
59565309
59677526
59693309
60068607
61103247
61199133
61230621
61331541
61574541
61800878
61864701
62052909
62226861
62452797
62501789
62691549
62760957
62869037
62872557
62904237
63415437
63460149
64011851
65089389
65134749
65430687
65469597
65529021
65842557
65891757
66122493
66269829
66326397
66644757
66725197
66732557
67076853
67131229
67492557
67551957
67618317
67980021
68707517
68774829
69363357
69973221
70103399
70360917
70615197
71047197
71318877
71488557
71851557
71966661
73268997
74043069
74223597
74245677
74344269
74423229
74434557
74657517
75039663
75325037
75616197
75659637
75814701
76036413
76141797
76370117
76580709
77135037
77184573
78217917
78308157
78311517
78400077
78954117
79008381
79108701
79869381
80149749
80170557
80173629
80457887
80673117
80986749
81134997
81154917
81162077
81401757
81751317
82222557
82269117
82305597
82612607
82874901
83333997
83379597
83479407
83768829
83887277
84153647
84156621
84471293
85992477
86093997
86099837
86547157
86658621
86679903
86955621
87216917
87303719
87476757
87492237
87601917
87868941
88323837
88845117
89424861
89896477
90074877
90345021
91183397
91270797
91437597
91616781
91700477
91821597
92640621
92930877
93449661
94031613
94296573
94336317
94403229
94477149
94937973
95073261
95273277
95764893
95824517
95844797
95986173
96011997
96434877
96459503
96550647
96731997
97311309
97469997
97613637
98311437
98527101
99595773
99898269
99985701
100155837
100358911
100435101
100467861
100604061
101187261
101787917
102218997
102256557
102382989
102853047
103300269
103327221
103595397
103612037
104146557
104451909
104989557
105452357
105749949
105772461
105862847
106319133
106621197
106660477
106919397
107019021
107778981
107916333
107918909
108025629
108605949
108680181
108709919
108725901
109010877
109103487
109261887
110065407
110066109
110323197
110725997
111168959
111662493
112132797
112338797
112678221
112913997
112975637
113673381
114254717
114612957
114845061
114938709
115439517
115453797
115759357
115852797
116208719
116223117
116407797
116993709
116998557
118077299
118243437
118333149
118558077
118898637
119608797
120301247
120418701
120450621
120881901
121041717
121086237
121286589
121471557
121742397
122564607
122633277
122728317
123876197
124328157
124652469
125241981
125314557
125776221
125971197
126280557
126765077
127159197
127397597
127662429
128091597
128119757
128451453
128861709
128905557
129642237
129672861
129769117
130534557
130924461
131145597
131357373
131404413
131537957
131583837
131743869
131964117
132499221
132893277
133291077
135001157
135760317
136072221
136399037
136580037
137075397
138167637
138317757
138886221
138924237
139372559
139398237
139525053
139864749
139925237
140084109
140333421
140584077
142354797
143511549
144216077
144435599
144436317
144824109
144937517
145315869
146087421
146385797
146404269
146798397
147033951
147501021
147841277
147890157
149823717
150773277
150773837
151683837
151857717
152291997
152425149
152857149
153085677
153155373
153158847
153543261
154083381
154132221
154213917
154437567
154615749
154638647
154894597
155045678
155597901
155625621
155975117
156159141
156176637
157664397
158045037
158591157
158734797
158815437
159409437
159677277
159744317
160053501
160149021
160220589
160506357
161680317
162161997
163246101
164450877
164772429
165359247
165795789
166642277
167715247
167955117
168021117
168210429
168759357
169124157
169294047
169617501
170172021
170679597
170916909
171289533
171984957
172592637
172619997
172896197
173428917
173920221
174193197
174297687
174482879
174834447
175079181
175863909
176084997
176310429
177662237
178551374
178727469
178825919
179245437
180069557
180456189
181304727
181422231
181442397
183738021
184534989
186982847
187209789
187388717
187602349
188215167
188317797
188735037
188880381
188908197
188947077
190061517
190319819
190955517
191403069
191494797
193627221
194128317
194447517
194608887
195283869
195885437
196100781
196247229
196359981
196981221
197174249
197326269
197599679
198029597
198499917
198890637
199137309
199169709
199432797
199572981
199617789
200022477
200040501
200081021
201075261
201744477
201853869
202179453
203715117
204928413
204933117
205117917
206336157
207614229
207619277
208761501
208804677
209008797
210286047
211075629
211278309
211490997
211964477
213632637
214244797
214308861
214603917
214731719
214837917
214940397
215614077
215946717
216825621
216899277
217238117
217281146
217380237
217483197
217710021
218123357
218143221
218674797
218942877
219899237
220330429
220401101
220753077
221275149
221631117
221682317
223107837
223291743
223327149
223472597
224533149
224644749
224824629
225608109
226187037
227211117
227464509
227755221
228146829
228814317
228840189
228886637
230280621
231313389
231535077
231968661
233465309
233759679
234803517
235436829
235974717
236265117
237131853
237142077
237707781
237850109
238033821
238068597
238092477
239194869
239220797
239630397
239772467
240611781
241106877
243013677
243910557
244981437
245407677
245517557
246662637
247401437
247756317
248266197
248611197
249042717
249227517
249292517
249989757
250109717
252142637
252530613
252647997
253109997
253319397
253605621
254221197
254263101
254777127
255876429
255898943
256226877
257335293
257469981
257891477
258718317
258807861
258855917
259094157
259604133
261510477
262085541
262278021
262811133
264225021
264627549
264650397
264807093
265114077
265526349
265704909
265977669
266195277
266401597
266670621
268127997
269093997
269255159
269556837
269583557
270109221
270569597
271557437
272389317
272737917
273574077
273896277
274002597
274012829
274068021
274382133
275191557
276118749
276745917
277522277
279019437
279057021
279698997
279830397
281045699
281718717
281885181
283397181
284304597
285183021
285563157
286241469
286591037
286675197
288683997
289706109
289720797
289741821
289990437
291362397
292147837
293553117
294232047
295195341
295271997
295757277
296465397
296770173
297230397
297848517
297948669
298398527
298704381
299206079
299675901
299677317
299947757
300480189
300502221
300535917
300960141
301138989
301496237
301674909
301957887
302116533
302328957
302377317
302456877
304093869
304464237
304559079
304700397
304828557
305165957
305826479
305860797
306191949
306349197
306456189
306646029
306756447
306775221
307865247
308037597
308065677
308194317
309932997
311285517
311341797
312238077
312647901
312737109
313220301
313608677
313947919
314168397
314208719
314241917
314591037
315140829
315343149
316673277
317318609
317500941
317770527
317826141
317896989
317902533
318581997
319931973
320370597
320912927
321401517
322163997
323189997
323244437
324010047
324442269
324453021
325884237
326229549
327532029
328006749
328660637
329414397
329664189
331548549
332515221
332579517
333736917
334579557
334769037
335219477
336251517
336392277
336437997
336906021
337149087
337420157
338523197
339115677
339573597
339952197
340734677
340803837
341362941
342143087
342519837
342875901
342953357
343943882
344706957
345529437
345696621
345774021
346272157
346943997
349097727
349885437
350097799
350378349
353628021
353690949
355425837
355820847
357810261
358648917
359033469
359386197
359455694
359496141
359658429
362321781
363855621
365634357
365704413
366341687
366913797
367297221
367954941
368276109
368686941
368985677
369156741
369312447
370299927
370678407
370774357
370837101
370846649
372005997
372414309
373674837
373895277
374909919
375933317
376336461
376554021
377097557
377487487
377874717
379585917
380411757
381229247
381382677
381590157
381881247
382447581
383145069
383357997
383572221
383586429
383874621
384835149
388420341
389874069
389892381
390403869
391059501
391184637
391311357
391842021
392029917
393643653
394221021
395318949
396515949
397077909
397466997
398416557
398484447
398836317
398972973
399000621
399228957
399282587
400309917
400919399
401159997
401199117
401962397
402604221
402683397
402739197
403484997
404009999
404294181
404594399
405015621
405788757
406809477
407206797
407366397
408767037
409506237
409779213
409917021
410214599
411105237
412049397
412378557
413512221
414945717
415424157
415701309
415999581
416527277
417703437
418377597
419635221
420766269
421073037
422916997
423439221
424140189
424984797
426832413
428283021
428661309
428957277
429730749
430163181
430991181
431153997
431551437
432175586
432379629
432660813
433215717
433218237
433724397
435299147
435650541
435765621
437483277
438802269
438942237
438980253
439033389
439543907
439810989
440415357
440875509
441041997
441787357
442200957
442302429
445495677
446841997
448764429
448843821
448973717
449863629
450491327
450745149
451071597
452533197
452555637
452990301
454140957
454499757
454755621
455317197
455808309
456130077
456287829
456409797
457318221
457917197
459308231
461039037
461777117
462606549
463067357
464591397
466005309
466634847
466825967
467291517
468929997
469141197
469351869
469738749
470239221
470761917
470998077
471841917
473326887
475310157
475883037
476068757
476311677
476351999
476527797
477109437
478621077
479308797
480050061
481637517
481900797
482528829
483409749
484318797
484549629
484652759
485276837
485941677
486662397
487518149
487616157
489522989
489679869
492083853
492132813
492622557
494081469
494905917
495271007
497237847
497344893
497397117
498763199
499019037
499161597
500083917
502942437
503874069
504322941
505217517
505229757
505247901
505481757
505956669
506013277
506446581
506838597
507624189
509280909
509359757
510255501
510567117
510622557
510660717
511459197
512595677
512796021
512903997
515137437
516152957
516441813
518129997
518177517
519227277
519325037
520057197
520250477
521469119
523610637
524195493
524956389
525172029
525475677
525754079
525830757
526056549
526473021
526909149
526920237
528020637
529230021
529874357
531232647
531670461
533252493
533949437
534350541
535312389
535932381
536234829
536812317
537910197
538193597
538862541
541621581
543191109
543355197
543367869
543369597
546667797
546736629
548227999
548461197
548601981
551221437
553012317
555026477
555121149
556550397
558613221
560547117
560575389
560650461
563298117
563731197
563758841
563784317
564300021
564506709
564545247
564965357
565329237
567154221
567821237
568392549
568638773
569261679
570116877
570411069
574992437
575760021
576462959
577200621
580151517
581002629
581533221
582203157
584543949
585408957
585882021
586950549
587248463
587289527
587858037
587887359
588013997
588490269
589066557
590321157
590460639
590493789
591880317
592310397
592749357
594015237
594257147
594491037
595255407
595493133
595994109
596772669
597370047
597558021
597696957
597842277
599284557
599374079
600171999
601215677
601652477
601966221
602653397
603816717
603935517
605466173
606046797
606278157
606390621
608591301
609051597
609069506
609322879
609772797
609840399
611256239
611686009
612109871
613211757
613298699
614358269
614696541
616306319
616375389
617472797
618040797
619088397
621043629
621936477
622432797
623188679
623329437
623450957
624029997
624820389
625245247
625374813
626234109
626361599
626368893
627447477
627447741
627620399
627993597
630964157
631800119
632092029
632356197
633277221
634430159
634736519
635265179
635528157
635598719
635732367
635980797
637402077
637815021
637948799
638117997
639603117
640470237
641440437
641935149
643668717
645088797
645522207
645568557
646212669
646223757
648152397
650059487
650134077
650267997
651223859
652209711
652240517
657656349
657914399
659126157
659572199
659590499
659631549
659689679
660251301
661787247
662401597
662845677
663172269
663727677
665382021
665989629
666105929
666174957
668535549
669842159
670453677
670521599
671606037
671749199
671811117
671872319
671885277
673406999
674212077
675066599
675532077
676133639
676260021
676497861
676645837
676988357
677043359
677348781
678614157
679112717
680221149
681589997
681679877
682227357
682488573
682863981
684084021
685353959
687808797
689067119
691791237
692689757
693415197
695324157
695354397
695635919
697534989
698397021
698857109
698938559
699154701
699241821
699868799
700053021
700277757
701168829
702196997
703045221
704555709
705380477
705695397
706198077
707767629
708657117
709068239
709770599
711183613
712302717
713527919
714724557
715162767
715599357
717129237
717436221
719751887
720635517
720716037
720913677
723062879
723879021
724474797
726248597
726707517
727933639
728188197
728730021
729997917
730407717
730408317
731148261
732662277
733603437
733955901
734579709
734741279
735241499
735338239
735724077
736851021
736975197
738503997
738564959
739027797
741575997
742759677
743037069
743091359
743781357
744143397
744143837
745615199
745624957
746655621
748050237
748284093
748550397
749785919
750236253
750675237
751729677
752003949
752183999
752274429
752350037
752843517
753429599
753796527
754841999
755185197
756131109
756916989
757285629
757363739
757810619
757884959
758129397
758952501
759749757
760426629
760473599
760741797
761817597
762042621
765874221
766634397
767234597
767888351
769149693
769257839
769650237
769759199
773377917
774247319
774279789
774541869
774959669
775566797
776332749
777883389
778003379
780534141
780750431
781482021
783943997
784157759
784240701
784895999
785315517
785624837
786154029
786887037
787336941
787637247
787639919
787847421
788071149
788744967
789345021
789553797
790088039
790502271
790526877
792850269
793825197
795375359
796181757
799309629
800911479
801223599
801371229
802787997
803724207
806068029
808437669
808466399
808549221
809163597
809233149
809285901
809952357
809972349
810065519
811271879
811575069
811828259
813672717
813770301
814474517
814786557
816815997
817985517
818200941
819619637
819739389
820488549
821338277
821958909
822276573
822625199
823957149
824624591
825352919
826377549
826426269
826733247
826905839
827328831
829150077
829253699
829646397
831095997
831101037
831832559
832597917
833179199
833419157
833603397
833705037
839978997
840663197
842102357
843031221
843153779
844314237
844774221
845355239
845587773
845698589
845895357
846463677
847438199
847919229
848048879
849208821
850014021
850485549
850751999
851584269
852118397
852561359
853115997
853193247
853508877
854451357
854956959
855270021
855889199
855906477
857268717
858456477
858783021
858840837
859989621
861463481
864942623
865209837
865872557
867366717
868024079
868404239
869365221
869858349
870018237
871782659
871961837
872282949
873383277
873551181
874545837
874680621
876853839
878207997
878298693
879411261
879415379
879683277
879684477
880544109
880570079
880987437
883491179
884076479
885595039
885626781
887775597
888345789
888796797
888925917
890388719
890680221
890928381
891393749
891394269
892919159
893231679
893567807
894602687
895146557
895789919
899885661
900082799
900622799
901680477
902130239
905509437
905590221
905963757
906131013
906913221
907027629
908745549
909463631
909630117
910206717
910358397
910851227
912342021
913104399
914554799
915925559
916712997
917787021
918474479
918590399
919164477
920286717
920705799
920805909
921830781
922647599
923911917
924177143
925223999
925261917
925728199
925924037
926299437
926432637
926702637
926795373
926904599
926987421
927542877
927601917
927648447
928796879
929036399
931824429
932616669
932659197
933083709
933705599
935058599
936003837
936151919
936278399
939267419
940689791
940923719
942801299
943820781
944974509
946435679
947100621
948843087
949732077
949892669
949942221
950689597
951311969
952575549
953365917
953404287
953535957
953949357
956608701
957221717
957564717
960736447
963359229
964094973
965154957
965908797
966521637
970260197
970539569
970655397
970704429
972130037
972427049
972515247
972604581
972998549
973128021
974650989
975410853
976834559
977160269
977190909
977750357
981537479
981867959
982404717
982886109
983339279
983505597
985143597
985269317
986019839
986783489
987413921
987486999
988015951
988160037
988247519
989280861
990854997
990927437
991115837
992678399
994233597
994628051
995417277
996012479
997045197
997400877
997487367
997612221
999685269
1000580489
1000812031
1003345559
1003352829
1004159517
1006002199
1007040213
1007994501
1008135447
1008194397
1008646461
1009258989
1011345981
1012249917
1012451109
1012842597
1013734799
1014150059
1014216333
1014803439
1015534797
1016034207
1017278639
1018473597
1019354109
1020587277
1020636117
1021022877
1021488719
1022574399
1022833437
1023482877
1024531197
1024891919
1025442309
1025795397
1026479157
1028730109
1029978221
1030957197
1031421381
1032457101
1032763679
1032991487
1035874221
1037008557
1037257053
1037356317
1037806221
1038590517
1040643077
1042891197
1043297301
1046660997
1047076797
1047139247
1047493221
1048399637
1048717439
1048949997
1050535079
1050660861
1051193519
1052113101
1054243341
1054907277
1056568319
1056601799
1057166589
1057224141
1057658781
1058621759
1060041839
1061096399
1061130621
1061312637
1063201479
1063571037
1066375437
1066847109
1067237639
1067870679
1067944019
1070957391
1072799277
1073180247
1075774397
1076246333
1076810749
1078641807
1078794021
1079304573
1080540789
1080896397
1083078717
1084714221
1085038317
1088759229
1089481679
1090660557
1094736717
1096943397
1097512413
1097848079
1099091157
1101627141
1102572021
1105257381
1106332557
1106505789
1107260759
1107520439
1108067181
1110789117
1110813909
1111163999
1111347117
1111571997
1112556021
1112771517
1113593039
1116581759
1118140503
1119504677
1119919679
1122000429
1122226559
1122556499
1122771779
1124188799
1124276579
1125238749
1126487997
1127549237
1127671581
1128424877
1129098959
1129413597
1130282349
1130574689
1130765829
1131582317
1132176869
1132257669
1132341549
1132929837
1132959357
1134792957
1135989789
1136701221
1137081597
1138669917
1140237117
1140440837
1141592109
1141719117
1142313837
1142432757
1145411781
1145476331
1146566399
1146573789
1147591997
1148871021
1149280077
1149372719
1151855717
1153526399
1154397597
1156349997
1156588557
1157444637
1160015477
1163028237
1163220799
1164446709
1165903197
1166890319
1166991837
1167894837
1170556269
1170939957
1171415879
1171739519
1173266891
1173507279
1174257917
1175277597
1176309309
1176421397
1179951359
1180591101
1181731053
1182656159
1183454997
1184354639
1185866637
1186792437
1188852909
1190440437
1191061869
1192525619
1192614189
1194901197
1196395197
1196500319
1197444597
1197705597
1197906837
1199318397
1199516357
1201653021
1204437021
1204459647
1207814157
1211844253
1213897341
1215116421
1215248237
1215685677
1216575021
1217414607
1217825709
1218241077
1219068861
1220218559
1220511597
1222709037
1223212639
1223600399
1225795197
1226111039
1226131199
1226278221
1226353407
1227200351
1229204157
1229907909
1230578999
1231058397
1231835037
1232561103
1232641877
1233780237
1234428981
1235400861
1235874021
1235983317
1240615551
1240943197
1242122109
1242389733
1242731279
1243349637
1244065983
1244076623
1244371389
1244888799
1247444639
1247470557
1248231597
1248957357
1249562157
1250683221
1250933039
1251167699
1251411117
1254022557
1254859199
1256656797
1257735597
1257743589
1259641599
1259998739
1261734189
1262309837
1263229557
1263438539
1265262567
1267337037
1267866809
1269413997
1269891237
1269900717
1270593789
1273150029
1274078399
1275277079
1275461037
1275670029
1276842861
1280185341
1281568397
1281580221
1282977693
1284457647
1285146719
1286889799
1288780893
1290375899
1290967391
1291027199
1291438509
1291763877
1291950429
1293522957
1293589437
1294702197
1294860237
1295481093
1296376701
1296558477
1296648077
1297754301
1298149437
1298570109
1298918589
1299792309
1300924221
1302661887
1303886397
1304175597
1304818317
1304973179
1306103757
1307370239
1307494269
1309643717
1309841757
1310248797
1311579117
1311911997
1312883709
1313008379
1313584271
1313749527
1316898349
1317326469
1319749019
1321628829
1321686021
1322999997
1324190109
1324980269
1327815719
1331730717
1333025757
1335596157
1336719597
1339423197
1341506109
1343696759
1344047349
1345280397
1347799821
1347991221
1350561597
1352849399
1352918277
1353111189
1353216477
1353340799
1353430517
1356069957
1357784557
1358236319
1358703357
1359237741
1361324829
1362043197
1363496109
1364269917
1365251327
1365265437
1365822429
1367848557
1368055077
1371881277
1372194429
1372902999
1373369477
1374083799
1375614309
1376587997
1379030939
1380444639
1381322249
1381608899
1381627101
1382041437
1382627661
1383401877
1383416397
1383980919
1384345341
1385700621
1386077037
1387623741
1389466797
1390364349
1390849317
1391230799
1391853837
1394705517
1395694877
1397297997
1398071997
1398125229
1398821757
1399125021
1400031719
1401146637
1402062477
1405124949
1405353597
1405853397
1405907709
1406483709
1406550093
1406925077
1407398039
1409788223
1410038279
1411248237
1411429757
1412438997
1416424317
1417360893
1420372797
1421628119
1423939821
1423961099
1429142301
1430058237
1431108899
1431941277
1432307013
1432546797
1433001021
1433918877
1434334319
1435137209
1435244637
1435829469
1440406527
1443164117
1443194367
1443545999
1445530029
1448286837
1448375453
1448883069
1449502557
1449599486
1451284797
1452615929
1454378637
1455324551
1456367037
1456444077
1458419949
1459163597
1459340061
1460652567
1461300749
1461905277
1462261679
1462476957
1463037239
1465813437
1466426469
1467538127
1467863999
1468151997
1468345757
1469033277
1469175621
1469213757
1470581277
1474176021
1474282149
1476182397
1477677597
1480093677
1483138797
1483896957
1484467869
1486796477
1486934397
1487639997
1489943229
1490046237
1490297949
1492001277
1494789659
1495113477
1496321277
1497111837
1497303021
1497907197
1498386677
1500982269
1508893287
1509320399
1511265621
1512980417
1514688557
1515934221
1517160597
1517734941
1518978237
1519049999
1519059357
1520348541
1520467199
1522950621
1527161339
1527367461
1528206501
1531422357
1532119677
1533427277
1534056299
1535063549
1536150399
1536673317
1537538109
1538619807
1539924749
1541910237
1543249397
1543777917
1544097021
1544124381
1544424839
1546455621
1547663039
1549918157
1551751341
1553096479
1554285117
1555372167
1555856819
1557291117
1559975997
1560477597
1561813197
1563304797
1563723359
1564494359
1566544511
1566825117
1569378717
1570231437
1570764909
1573629557
1574003997
1574922021
1575422639
1575995831
1578062637
1578734973
1584064941
1584066117
1586337693
1587141861
1588149549
1588754159
1589018127
1590482397
1590866349
1590933957
1591444799
1591728599
1591930197
1592732589
1593675159
1593780477
1594741749
1596210189
1597577597
1597685037
1599001599
1599922797
1599997069
1601200221
1602232631
1602251277
1602350637
1602646653
1602827099
1603612751
1606432253
1606817829
1607477597
1608485637
1609549197
1613067957
1613274981
1614139797
1614266637
1615638021
1616663997
1617170829
1618747199
1619177117
1620721869
1621352301
1622787597
1623190461
1623322799
1624516989
1624535997
1625759517
1627131261
1628527439
1628848877
1632605037
1635062877
1635846141
1637281797
1637816397
1639539789
1639845021
1641996719
1642871517
1643324759
1644604413
1645987389
1646353797
1646769597
1646858397
1647550797
1650519359
1650824997
1652659197
1652716527
1654294317
1654755479
1657315797
1657857597
1659749519
1661964479
1662357309
1665000357
1665820989
1666328399
1666664997
1668011999
1669131021
1669600317
1673385837
1674847149
1675226781
1676429999
1676462829
1676858819
1677858333
1677875759
1678230477
1679950797
1681528341
1683364029
1684137837
1684896717
1685020397
1685608701
1685800239
1686786189
1687366079
1687484237
1688452917
1688717661
1691136717
1693697757
1696204221
1696232997
1699830437
1703582397
1708571997
1709048879
1709511429
1709929871
1709973719
1710735837
1711057919
1711085373
1711252479
1714974351
1716526559
1718795229
1720882797
1721358698
1721865599
1723862397
1723957199
1725305469
1728319821
1728782879
1730854941
1732141157
1732810317
1734639197
1735245861
1736138877
1741671357
1743586989
1748459517
1748804351
1749362831
1749417597
1750694399
1754319039
1754867517
1756844061
1757694477
1758261117
1759226039
1760592317
1762052541
1762277829
1764108717
1766100621
1766903039
1767011399
1767898557
1768735077
1770679461
1771147221
1771381917
1773628989
1774165679
1776038349
1776791229
1778869831
1779719759
1779890109
1781796659
1783689011
1783755717
1784298239
1785752639
1788282717
1788317999
1788819261
1789497599
1792077837
1793030579
1796566799
1796664869
1798122237
1800515997
1801578021
1801784877
1802766677
1802822613
1804125621
1805315117
1810018557
1810149117
1810932607
1816188189
1816351999
1816403039
1818521709
1820103597
1820353139
1823176619
1823204597
1824736397
1825127997
1826729157
1827135021
1828370277
1829021039
1829521197
1829652239
1829675354
1830981237
1833768717
1835294469
1835674989
1836329613
1837144319
1838363469
1838364479
1840221597
1840540351
1840742397
1841067359
1841779461
1842356037
1844561037
1845152397
1845561479
1846569309
1848918957
1849405437
1855381917
1856375997
1858041021
1859203079
1859482239
1860939079
1861796157
1862704893
1864725717
1864905669
1866334679
1869454079
1869566037
1869782397
1873184939
1874362799
1875011037
1875318141
1875991039
1878122399
1879030559
1879084797
1879217197
1879410381
1881316799
1881894957
1882537269
1882861197
1883927109
1884592706
1885297749
1887033197
1887197061
1887916797
1889449149
1892435397
1893809189
1894224567
1895400357
1895537699
1896181053
1896914397
1897397877
1899974909
1900532229
1901087997
1903290477
1903955757
1904209557
1905782759
1906796157
1909524239
1911350957
1913267517
1913846397
1916600837
1916808191
1919617557
1920648059
1921247999
1921484589
1922500941
1924301119
1926981837
1927365999
1927952397
1928527221
1929158661
1930606269
1933800621
1935032117
1936471317
1937672357
1939206021
1940571429
1943536317
1944165401
1944541871
1944809999
1944838239
1944893517
1946877501
1947603981
1948625711
1949652179
1950618239
1951513199
1952703717
1952984319
1953520317
1956629133
1958356399
1960275621
1964339709
1964937741
1965475509
1966010559
1967142239
1967890079
1967932509
1968202247
1969207503
1973743197
1975116957
1975805493
1977550397
1977703559
1978716597
1979069037
1979526717
1980160997
1984405247
1985731197
1987619519
1988588949
1990535759
1990855157
1990860477
1991973599
1992283221
1993533197
1993964541
1994248197
1994842509
1995212349
1996189437
1998434589
2004357309
2005077239
2006222589
2007285837
2009099829
2010521997
2011564797
2013264194
2014064637
2014262589
2015247597
2015280007
2015616957
2016930237
2020220997
2025199797
2027041919
2028400917
2029291679
2029297919
2030379117
2031130077
2032543799
2036626637
2036661839
2037559997
2040593469
2041352879
2042734677
2042855421
2046956027
2047362909
2048446917
2049062397
2051452799
2052101469
2052335997
2052919077
2053377861
2053743117
2055177597
2055624917
2056061877
2057849549
2061101277
2061577407
2062522221
2063050989
2063252229
2065785549
2067201357
2067305757
2068429439
2071390461
2072200101
2073477117
2075937861
2082962949
2085444399
2086539069
2086907757
2090214719
2092871039
2093779677
2093828877
2094728219
2096571327
2096815677
2097299567
2097930309
2099053439
2099380757
2099606397
2102224319
2103598221
2105112741
2105612277
2106351021
2107179141
2108411133
2111376957
2111862021
2112839517
2113097271
2116706282
2119604757
2119725501
2121308277
2121749757
2122376253
2122611597
2122905621
2125504499
2127204717
2129311797
2129382429
2130047997
2130206397
2131019099
2132284823
2132583549
2133593279
2138192493
2139855477
2140583757
2143532159
2143725261
2144350259
2145261279
2145624621
2149432397
2150051901
2150308223
2151707997
2157509597
2162849609
2163087077
2163962637
2167410959
2168646447
2168798013
2169146397
2169188637
2170376339
2170878749
2175954477
2176051917
2179862717
2181319679
2181357021
2182086861
2182915317
2183800917
2185468997
2189026077
2189241597
2189700069
2190343679
2191082477
2193480899
2195391021
2195494909
2196751997
2197730301
2197759487
2198434557
2204223837
2204530989
2206014717
2208047709
2209647957
2213934189
2215220037
2215276557
2215694877
2216680829
2217028319
2217355917
2218563359
2219297469
2219299679
2219620197
2222186399
2222963037
2223383397
2223497949
2229102719
2231591037
2233788029
2234451799
2235172797
2236845597
2237613549
2241675173
2243124629
2246987421
2247185229
2249357757
2249551797
2253473037
2253595389
2254673197
2256154997
2256551997
2257369917
2257783677
2258150399
2258304237
2260288797
2262682799
2262686717
2264277117
2266939077
2268242999
2272225197
2273019837
2273372349
2273654877
2273750637
2274693299
2276266101
2278007421
2278863599
2279012117
2281167837
2283157799
2284047359
2284473359
2288531839
2290330677
2293885439
2299106597
2301857999
2301984437
2302019159
2302455869
2303665053
2305273437
2305657079
2305669911
2305734141
2306095629
2307773517
2309047019
2309277597
2310561599
2320424397
2321542797
2322741957
2324780639
2324878077
2324879007
2325248639
2333160141
2336658917
2337030693
2342251293
2344012221
2345504399
2346815949
2346879237
2351183117
2351778349
2352473277
2353946399
2355914397
2357619261
2358559221
2362919757
2365689239
2367618549
2370091149
2370264117
2371506813
2372212149
2375204829
2376752541
2377440077
2377718277
2381993999
2383294757
2384971677
2386126077
2387002389
2387652119
2387972997
2388251877
2388675597
2390820429
2396592021
2396618277
2397501117
2399755677
2400436639
2402304319
2403670797
2404028589
2405412021
2407104957
2407787799
2411301021
2412676157
2412780477
2415606549
2416584239
2417501853
2421525677
2423036949
2425328637
2425399197
2427462501
2428826037
2429727839
2430196557
2430620999
2430711357
2433311999
2433603039
2433815637
2439120669
2440599837
2443992189
2444964909
2445414299
2447828367
2448057527
2448171437
2449505517
2451902111
2455310879
2455461117
2456857509
2462823789
2463432479
2464588797
2464975799
2466187773
2467871997
2467875597
2469233533
2473873773
2476058757
2476672769
2477480397
2480480079
2480717517
2480936477
2481909199
2485521021
2488912317
2489938701
2490538317
2490722157
2494503021
2495497677
2498264997
2499537597
2502104469
2504902397
2504969277
2505291549
2507901479
2509509021
2509739229
2509920333
2512156317
2514677757
2514922557
2515223037
2515317551
2515599449
2518534221
2519169117
2522391927
2522494799
2522952437
2523398757
2523598847
2524940637
2525863197
2527575621
2528534877
2528670741
2528983517
2529612957
2530129677
2532512637
2532790799
2536065717
2536404189
2537189699
2539757429
2540323797
2542314597
2543098821
2544146637
2547132069
2547287421
2548156101
2550097619
2552255997
2554773837
2554924679
2554998599
2557684077
2558317047
2559246917
2559321789
2564870877
2565321197
2567667597
2568694799
2571706797
2573892381
2576114639
2576277599
2581867079
2582387997
2586478999
2590963629
2594900949
2595027677
2596919999
2599357319
2602722909
2604072237
2604319869
2604708037
2605212717
2605689237
2614174637
2621318783
2621567517
2621944799
2622068799
2622799869
2622962159
2623308477
2623520757
2626126269
2626785837
2630561517
2633230653
2633270797
2635218429
2637915839
2638833597
2641710237
2644397277
2644942037
2648782077
2649675621
2651314679
2652229437
2654207357
2655237599
2655904559
2656241279
2656785117
2657573661
2658949221
2659417581
2660393237
2662784637
2665357053
2665727999
2666608557
2666833197
2668071117
2670499149
2671166157
2671219319
2672348799
2674181247
2674441221
2678568477
2678694477
2678757477
2679695037
2680549946
2680664797
2683639799
2686091099
2687369757
2687395749
2687981471
2691719531
2692233717
2693091021
2693094837
2694058749
2695749119
2695828629
2698083597
2699664551
2700248397
2700271869
2701712997
2701868397
2704103997
2705146077
2705539821
2706390717
2710924797
2712404519
2714434239
2719474989
2721187221
2722362717
2722648037
2728390893
2729030399
2729777757
2729924277
2730160821
2730436799
2730585021
2732189037
2736356277
2737851479
2740457661
2742515421
2743664397
2743733661
2744607317
2747463261
2747633127
2747776677
2752709759
2753187359
2753263799
2755423437
2755742493
2755771197
2758245357
2760895197
2761205309
2762028021
2762117397
2763499757
2766937677
2767149069
2767391949
2767831773
2767942797
2769811637
2771450637
2771882639
2772270477
2775671997
2775693527
2777184597
2780194557
2780713797
2780980221
2783373879
2784897069
2785687559
2786390637
2787109197
2788489077
2797627767
2803915709
2805175797
2805515999
2806350621
2808455757
2808835197
2809530021
2811683231
2811774229
2814196397
2815645053
2822069373
2822590677
2822771157
2827792799
2828170869
2829091589
2829913197
2830133597
2833123437
2833407357
2834012157
2835177279
2835266849
2836338669
2838333237
2839307037
2839537197
2840404029
2842667729
2844665709
2848908477
2849317637
2849678007
2849941021
2852521277
2852736957
2853233459
2853837791
2855054901
2855726717
2856688797
2864969349
2865624717
2870699831
2871390597
2879041389
2887237917
2887680799
2892355199
2892826221
2893892997
2896054221
2896873199
2898308637
2900791877
2901080157
2904024317
2905363197
2906002527
2910565917
2910896349
2915365021
2915391423
2916813119
2918647197
2918995647
2921037767
2921665967
2924943119
2926935613
2929312509
2929675207
2930503677
2931491519
2933174399
2939126397
2941699319
2941927127
2942519037
2944612437
2945264399
2945603877
2950017837
2950135199
2954635109
2955988157
2956400157
2956953999
2956987821
2957278797
2958059517
2962460997
2964047853
2964258021
2964742557
2965178997
2965268877
2966970381
2968401597
2970308247
2970795021
2971193186
2972168639
2972321357
2976298893
2978035197
2978867237
2981039039
2981159999
2983147199
2985996299
2988037437
2990773799
2991022271
2994920277
2997052559
2997590133
3001708157
3002436093
3002554797
3004787709
3005974749
3009903119
3010036677
3010851359
3010946397
3011704637
3012769197
3017048309
3018006597
3019997949
3020219999
3022219197
3022493541
3023350221
3026392509
3026880637
3029493877
3031493477
3031506909
3037796157
3038507997
3040139517
3040218447
3041138099
3041204397
3041284319
3041551887
3041717489
3042741239
3042885309
3043822797
3044410317
3044969061
3045606909
3047464349
3048245639
3049544399
3051214199
3051835917
3053150277
3056237729
3056804397
3057199199
3059749221
3064420799
3064466157
3066360957
3067723197
3072587231
3074675757
3077378349
3077482749
3078753213
3083055767
3083210207
3083452239
3083881317
3084402122
3087895359
3089267999
3089433599
3092358717
3098291037
3099113997
3099262319
3100155359
3102901197
3104467517
3104606957
3104861759
3105728639
3111425853
3114224879
3118446141
3119485949
3124698197
3125606399
3128053037
3129664647
3129760557
3133902237
3134228559
3135628941
3136128237
3137534397
3138841373
3139307997
3141196799
3145173569
3146152317
3146799599
3151411071
3151605237
3152522517
3152552037
3153580557
3154916699
3154956557
3158042157
3160189197
3160422141
3160897949
3162921047
3163876799
3167236799
3168905253
3169704957
3169805397
3171826559
3171957117
3172353549
3172870799
3174040893
3174753381
3175308861
3175865277
3178943999
3180125517
3183289197
3183335229
3185118717
3185844479
3186649619
3187343157
3189604437
3190894143
3191090399
3192387237
3195527837
3200087099
3200229429
3201712917
3201743949
3202423701
3203612037
3207180237
3209466621
3209500221
3209940861
3211598877
3211879437
3213513597
3213560699
3214574999
3220472637
3222124919
3226247549
3228121509
3228597629
3230959869
3233443581
3234118679
3234121629
3234765621
3235068407
3236866499
3237542877
3240061773
3240113759
3240563729
3241642559
3242347919
3244672197
3244703277
3245184767
3248385119
3249361379
3252384957
3252387386
3252626493
3253210559
3253447517
3254371679
3255999117
3259609727
3260454207
3266851917
3268445037
3272412021
3272823189
3274027221
3275173439
3275801421
3276045549
3282120861
3287677247
3293544237
3296482221
3296645397
3296699997
3296884749
3297793821
3297978717
3299442549
3300363839
3301900799
3302246849
3306123519
3308497917
3308979959
3310556829
3311067199
3312288837
3314587389
3318380519
3320366541
3321068181
3322254317
3322561317
3323746437
3324099021
3324272829
3326461149
3329093229
3332488499
3332637437
3333491997
3334190397
3334708797
3336152637
3336267309
3337533309
3337888461
3337950621
3339568517
3340779117
3342453837
3344490237
3347220573
3349745277
3355305621
3357584997
3358561049
3359759037
3363407057
3366679677
3367364837
3368950197
3370847477
3372566397
3372574191
3373369439
3374237997
3374605079
3381306197
3383632557
3384461229
3386658999
3387296877
3388287677
3390699981
3392208677
3393789839
3395242221
3396530607
3396563709
3397599599
3398145117
3398368509
3401512317
3403585149
3403853829
3405904317
3407088357
3408352989
3411144021
3412357199
3417481599
3418558077
3419793437
3420833469
3422159279
3430184757
3432512157
3433000749
3433358879
3433644861
3439347359
3439699197
3440878277
3441135357
3443283269
3444330237
3444693119
3448118157
3454785386
3455517237
3456620999
3460303101
3460458237
3460579197
3461943669
3462382077
3466646607
3466935359
3467919759
3468925821
3469092197
3475744437
3477716637
3479885639
3481713549
3483950621
3485237469
3487555797
3488949717
3489662397
3492219021
3494161149
3494515989
3495765621
3495807359
3499213949
3500670957
3505660701
3507256797
3510395277
3512036319
3512381037
3513359519
3513525621
3514123079
3514315389
3515201277
3515218557
3516488639
3519971517
3522102141
3523427709
3523490877
3531270957
3531905157
3532283159
3533454789
3534897021
3535724949
3536561957
3537564797
3539854077
3540203999
3542025599
3543344637
3543478269
3547274477
3547968477
3549798909
3551560893
3552508959
3553063917
3554425157
3555974349
3559001597
3559067997
3559724277
3559912221
3570660021
3570792317
3577013437
3577641837
3578068197
3581786159
3582919797
3583982301
3589375101
3589500957
3592037277
3594306687
3594931197
3595793757
3599432969
3600912509
3603480837
3604373007
3604681517
3610207221
3615075357
3626054653
3627552599
3627694509
3627846141
3630541821
3631657679
3632050799
3634533837
3638995629
3639563277
3639639599
3640180317
3640955199
3641519021
3643149309
3644211199
3646348221
3648109047
3649682181
3650103597
3653598021
3653700789
3656406597
3660655677
3669775197
3670801197
3673450877
3678333117
3678393597
3681601053
3682105341
3683190597
3687883917
3688156197
3688883037
3689207807
3689619659
3691630797
3691656077
3691736997
3697547757
3700832349
3704748189
3706162989
3708571677
3711124557
3715723439
3717512629
3721846653
3722223599
3724538837
3727332837
3728193837
3731431197
3734666397
3734811199
3736371597
3736719357
3740428439
3742333917
3742799759
3744163581
3744939517
3751244249
3752799117
3758456829
3759742797
3760280157
3764577597
3765484799
3767196381
3769627949
3769682109
3770619839
3770841981
3772234797
3774213629
3776941869
3778089839
3778924797
3779969039
3780897117
3781996509
3782454189
3783131517
3783357077
3792961909
3796408221
3798133637
3800106021
3801812399
3803607359
3807395997
3812417279
3819842039
3822235197
3822581699
3825831237
3827893821
3829867019
3841827189
3842318589
3842636117
3843393299
3844878909
3850522197
3855440157
3855484077
3857754679
3860669397
3861255317
3864978719
3866180219
3870062349
3870765357
3872516541
3872902173
3873081597
3874424399
3878175621
3878210557
3879771837
3880517927
3881445117
3881913021
3884380499
3886201759
3887397797
3887909997
3888336237
3889093821
3894516637
3895595099
3896295477
3896880621
3899569629
3903699357
3904461791
3906124997
3906225789
3907074669
3907480117
3911362989
3912806997
3918890637
3921262837
3922110717
3923143221
3924846237
3936396909
3937382397
3937577541
3940752813
3942984209
3943440619
3943853229
3947431821
3948221157
3953265621
3954121919
3959326461
3961611159
3965345999
3968943549
3970933466
3972148037
3972171669
3978276049
3980721597
3980794269
3981235047
3983447157
3983912639
3985270637
3989745069
3993326997
3994115397
3996953997
3998423517
3998734149
4002884349
4003375677
4004231837
4004619789
4005346799
4006031901
4013698389
4016391119
4017217679
4019879399
4025268021
4026841557
4027343037
4029512253
4031090277
4034368799
4036696221
4037755007
4038616959
4040461101
4040548509
4041227949
4042254549
4044834621
4045228437
4046104877
4047990621
4050657597
4053741557
4055034719
4055467647
4057311299
4058417999
4058548197
4060022397
4063724799
4065228901
4071078021
4074708957
4074884421
4075069677
4076569197
4077158397
4077878109
4077982797
4078793949
4081003341
4082168997
4082301069
4085567901
4087611359
4088178861
4095277701
4097666157
4099436349
4103515327
4104510477
4111789821
4115582589
4117828797
4118708997
4121237733
4122545757
4122627999
4123226879
4124686719
4124695101
4127275149
4130322981
4139996637
4140685917
4140980999
4142706359
4144247709
4144784399
4147122957
4147999629
4150343999
4151254749
4151696637
4153281439
4157591757
4158213179
4165752239
4169907357
4171602599
4171607747
4172050799
4173692397
4175660589
4178069277
4180273749
4180835517
4180915599
4181414397
4182582767
4185404781
4187604959
4188070653
4189567199
4189967009
4190363099
4190842149
4193098559
4194505221
4198392021
4200095157
4200358679
4201502757
4203485517
4206167679
4206795261
4209743999
4211238831
4211339997
4211736479
4214246399
4215013319
4216525629
4218758541
4222194117
4223432399
4229556909
4230114837
4232108837
4236952797
4239419181
4240978629
4244156279
4245502749
4245547391
4245771597
4246998557
4247140799
4249657221
4251821061
4252996221
4257542519
4259054877
4259199549
4259929597
4260909597
4264884357
4266904317
4268733477
4276506021
4280579727
4280713199
4282412397
4283182797
4283415359
4292414279
4293211821
4294136517
4298351399
4300175877
4303002957
4305038847
4305560487
4306738799
4309598997
4309791197
4313475837
4315092093
4321411149
4322772717
4325287679
4328768637
4329848877
4330637997
4331148477
4331474397
4332496509
4333457237
4333979933
4335322317
4337171277
4338647819
4342676799
4345697279
4346767149
4348182509
4351206717
4353768299
4354701117
4354707741
4355720159
4356392037
4357802589
4359868799
4361149517
4363680797
4365112757
4367324157
4370158799
4371158397
4376424597
4379343647
4383902247
4384671309
4386785037
4389111717
4393076109
4394042877
4398265149
4399354749
4402880709
4405358229
4406968221
4407106749
4410994298
4413419997
4415496621
4415694477
4417006269
4417089599
4418777661
4421264397
4424632797
4426258197
4426977599
4428207837
4431002877
4431136751
4434746109
4438401567
4440071999
4440106439
4446889221
4448756597
4449825269
4452737517
4461752159
4462471869
4464467279
4465491517
4468715999
4485770079
4486914597
4488466461
4489046013
4493622381
4495032021
4496002559
4496909477
4500312079
4503081021
4504222509
4512051599
4512385149
4514399997
4515303741
4516176669
4517303903
4519313397
4523261949
4523756157
4524627597
4525564679
4527425277
4527961197
4531269131
4539278249
4539303677
4541975807
4543202397
4546530911
4549100399
4551034317
4553061741
4553415437
4555035861
4557149997
4560731997
4560968997
4561347669
4561401597
4562793981
4566806661
4570906197
4572090429
4573510197
4574785317
4581275709
4585144029
4585220637
4588633149
4589511839
4590008639
4591111053
4597433819
4598020893
4598123197
4598780061
4600244282
4604301021
4608660237
4608863997
4610821279
4614349037
4616507949
4618425677
4619018877
4619774247
4622915517
4631269499
4633274517
4635563517
4637896917
4642989117
4644858237
4644919367
4646914269
4648502301
4649970237
4652567997
4653107999
4653286221
4659187049
4664755349
4665573021
4666856037
4667946359
4668110301
4671732909
4673221289
4683470997
4689373437
4690065237
4691170077
4691442399
4692848159
4693483077
4698410639
4699633533
4701941999
4703386461
4707458877
4711877037
4714884717
4718163197
4719854997
4726267917
4726590957
4726893237
4727987493
4729175357
4730665679
4736464197
4747162749
4750568133
4753497837
4757295711
4758808749
4761897981
4764634559
4766262477
4768746749
4769572077
4769585637
4774334397
4775185797
4776660861
4781025477
4784340239
4788510479
4790572847
4791328287
4794120239
4794564687
4799169717
4801480629
4802308221
4802858171
4804157371
4804279199
4804710119
4805899197
4806697893
4807178277
4807896917
4808791677
4809277437
4809499859
4809780861
4811146197
4815447839
4818884399
4820386037
4820707869
4821937559
4822606101
4824161781
4826775621
4829205117
4830152997
4830769149
4832049599
4834936799
4838977437
4841439119
4846175037
4847640621
4856241597
4856258879
4866419997
4869101951
4869457557
4869871677
4869968397
4871482197
4872148567
4872975447
4874121981
4874803199
4874877117
4876927221
4878624399
4880361021
4882125021
4883165949
4885202189
4885582317
4886624157
4887064511
4893366189
4895673597
4899859997
4901568621
4901753997
4903269549
4907715279
4910590619
4914980727
4915694877
4916326797
4916674157
4918389119
4918636797
4925092037
4925727717
4925990157
4926063669
4926817439
4928108037
4929148221
4929974277
4933517117
4933654319
4937405759
4945247997
4949475981
4951558077
4952640621
4952986269
4953118077
4957604607
4957944189
4962874749
4964266437
4964362557
4966994229
4967652093
4969432199
4974011061
4977311039
4978402701
4978543749
4979248557
4981493949
4983130877
4985893437
4986703007
4988005197
4992891749
4993202687
4996451301
4998985197
5000948007
5004035997
5005596669
5005677309
5010362061
5011932021
5016180621
5020164799
5020350269
5024012397
5024336677
5026215597
5029289997
5029858941
5031241989
5032341717
5033181839
5033627277
5034136639
5035723197
5038378797
5041411197
5044066367
5044192197
5044537619
5047072797
5048489949
5049533997
5050241037
5058473277
5061735359
5062098237
5063034021
5063412029
5064012449
5065026557
5066151551
5071837197
5073857877
5077845077
5080778999
5082596061
5084056317
5087844837
5090568389
5092090919
5092963221
5099202717
5103095039
5105817021
5107092141
5109624741
5110675071
5111235741
5116739157
5118076797
5120445957
5127146637
5129264699
5129789613
5129921157
5131573221
5133173757
5133757437
5134338087
5136838847
5137789389
5138040599
5138899629
5138997861
5140173021
5142180677
5144923053
5146015499
5146165199
5149579677
5149911239
5150018159
5150561037
5153249469
5153353917
5163515277
5163848421
5165596797
5166505341
5166883797
5170073397
5171871597
5172130079
5173297197
5176970061
5181980099
5182211997
5182300989
5183196029
5186348637
5188946397
5191923021
5193525117
5194489859
5200526879
5201222157
5203542597
5213581197
5225433261
5232930917
5240568597
5243414397
5244910271
5246413053
5247059999
5247514437
5248088493
5249627039
5252083197
5252491551
5253790821
5256975021
5257634877
5258811599
5261326221
5262036637
5263357397
5265387157
5269435677
5272542179
5273536317
5274337533
5276837997
5277678117
5279114399
5281087139
5281206479
5284383359
5294608701
5296888799
5300709117
5301034197
5310677229
5311033917
5312656797
5315722277
5322497037
5331362399
5337334989
5339159277
5348728221
5351423709
5352348287
5355521639
5357257917
5357943357
5360512479
5361427581
5362327341
5364953997
5365435261
5367367149
5368492797
5369459997
5374087677
5374491359
5375321949
5377142237
5377430589
5378886799
5378906399
5379105599
5380524799
5385074181
5387995197
5388643197
5389700397
5389994607
5390349557
5390903699
5391029949
5391375549
5392306777
5392793999
5394221277
5395315389
5398046007
5401706349
5403014397
5405448997
5405925621
5411443709
5417357757
5417770749
5424105959
5428831197
5435068317
5438366637
5438599869
5440049999
5442850557
5446259997
5446893309
5449055997
5449209117
5450825949
5450971679
5451075839
5451249999
5451770229
5451884879
5452403039
5452547037
5454508797
5456074679
5469218397
5472300621
5477589039
5478281421
5478812357
5479618031
5483254397
5483510637
5485213439
5487063117
5488918341
5488956717
5491039677
5492742909
5498087397
5500527549
5500990599
5502447269
5504305557
5505439797
5505491597
5508935709
5511432957
5511498717
5511625469
5514024359
5515093437
5520452829
5521621053
5521821951
5523202077
5523757466
5532235637
5536684437
5536737069
5539657499
5539779839
5542114559
5543904429
5547409917
5554571837
5557919759
5558192397
5561430621
5564388957
5566673279
5570147519
5571265139
5577609237
5578446717
5579549037
5582817237
5586912141
5593852319
5593879869
5595625839
5597561869
5597591997
5599004037
5599379237
5602861437
5603869877
5604407757
5607306599
5608362237
5608362317
5612503677
5613030717
5614170909
5615254221
5620253181
5622231381
5623088397
5624425941
5627711229
5627973117
5630851517
5632727261
5634367197
5634577341
5637091677
5638159997
5639531037
5643950397
5647554717
5651153277
5651660349
5652799629
5654747519
5654879997
5655347709
5659315199
5664907133
5667227277
5669090301
5671090259
5677172639
5679478349
5680189197
5683471869
5685872037
5686970829
5687652957
5689899599
5691259679
5691518997
5691577319
5694007407
5696439837
5701005021
5702691599
5704972989
5710339797
5711726661
5715296999
5715484317
5716101309
5716557501
5717348277
5721956099
5723477757
5723679021
5724195197
5728219221
5728572717
5729584319
5730762687
5732046213
5732747999
5744662559
5747482941
5748588349
5750424573
5752166829
5752442301
5754435261
5759545869
5763743997
5765718719
5766731717
5772903357
5773341021
5775847997
5776885799
5777030949
5777894717
5778695759
5782097997
5790506399
5792282999
5795720781
5797355759
5798827581
5798960639
5811526653
5815394349
5815567797
5819676717
5821194059
5821710719
5824638719
5829251997
5829287349
5831255229
5833625613
5834056533
5834105421
5834429997
5834514717
5837673021
5837724021
5840575869
5842459391
5842821689
5845877133
5846691839
5851854717
5852490839
5853627077
5854125309
5854533117
5854539597
5858218517
5858952957
5859195261
5861574429
5871106799
5875069197
5878037869
5878547997
5878967469
5883026237
5888260221
5888492541
5889441597
5890332669
5895014837
5895071421
5898031677
5901426717
5903670237
5903863149
5906702099
5909615997
5913899301
5915098239
5915917221
5917736447
5922164159
5924771999
5926858557
5927432159
5932107467
5933110677
5933162661
5933249277
5936003039
5936845199
5941503789
5945854317
5949074397
5950425317
5951783877
5954907549
5955054557
5955931619
5956059599
5958829799
5961311997
5962858557
5968605551
5971607277
5975920797
5982867797
5987497149
6010484829
6012959469
6013227021
6015231717
6015856767
6020052917
6021044061
6024709157
6025140237
6025851789
6027918957
6028288637
6029290749
6033374333
6038206559
6042525437
6050576397
6052684397
6055174221
6059201997
6061818669
6064316159
6065377199
6066009599
6070674717
6072316989
6073914599
6081125757
6087875037
6087893757
6088207437
6088886781
6089498687
6089761439
6091369341
6097631397
6100454877
6103427541
6107533439
6109985517
6110565549
6114918757
6119984637
6121275929
6121613661
6122003181
6123153959
6123423999
6124058637
6130690941
6132037631
6132299477
6135993861
6139268639
6144318069
6147070797
6147180141
6149539989
6151085999
6152996157
6154358397
6159853437
6160520517
6162573689
6162810479
6163429479
6180979679
6181000199
6181890621
6182352539
6185557917
6192279359
6193535997
6200109951
6205288317
6207706517
6217925037
6219009719
6219525309
6226638909
6227339973
6228600189
6229861869
6231402141
6232367229
6234797229
6235341549
6239584799
6243265727
6256333197
6256408197
6258787581
6264564197
6267021117
6267633501
6270644157
6271848021
6272014319
6278613117
6280180629
6281006589
6281270819
6287669997
6290050319
6293012541
6293134511
6297160317
6297765599
6301462989
6303409197
6304201197
6305296767
6306672957
6309483549
6309919221
6312748127
6315312959
6318379197
6320371679
6325204619
6325315919
6325885079
6327149397
6327476229
6328036941
6330441429
6337725621
6338548221
6340422141
6340777637
6350336717
6356279159
6363225791
6364478679
6365252159
6366755997
6370185279
6375124797
6375416037
6377022399
6378536637
6382489679
6384100319
6385823661
6388048653
6392647799
6394950237
6400779837
6400788447
6406668381
6406738317
6410183666
6410452751
6413282397
6417451877
6420498629
6423827757
6423933261
6428098509
6429750799
6430436099
6430596477
6431069997
6433292589
6435008997
6435783837
6437445839
6438046749
6441968541
6444075621
6448174919
6449808381
6450337151
6451384797
6452240397
6466542981
6468125661
6469873871
6470354877
6471626109
6478385181
6479829719
6479881629
6480356399
6480663839
6481390579
6482665221
6486171549
6486409581
6494538959
6495432237
6498185469
6498545757
6502218479
6502232877
6506598333
6507505199
6509101037
6511735437
6512191917
6515690559
6527503499
6527630879
6530874559
6532769373
6543959037
6554114949
6571031037
6577047797
6578952237
6584093999
6584953199
6586186461
6589380621
6590860917
6592755311
6594867957
6596160479
6600247341
6602267231
6603715799
6607063389
6607617117
6611478717
6612689519
6616774319
6618370847
6629041727
6633683709
6635487597
6635813373
6636350949
6643774799
6643902957
6647956221
6650042487
6650239397
6651084957
6653239991
6653902461
6655690077
6655777919
6657899037
6659924037
6665714277
6666559197
6668078109
6668775399
6668801709
6669825557
6670883519
6671857247
6672152519
6678321837
6679115517
6687150621
6688223359
6690340797
6692599199
6697641261
6699609069
6700922279
6701738469
6705300333
6706981949
6718916957
6719945231
6720585567
6730397517
6731379997
6736867629
6743804129
6744373317
6745046349
6745293359
6745532637
6746151359
6746622621
6747215997
6747747837
6750279899
6750951549
6756798237
6758465219
6760950621
6763253117
6774206397
6774451197
6778239929
6780220799
6780855059
6782636519
6788048397
6789926249
6790463999
6791126397
6791796431
6792727997
6793829999
6800813709
6804728997
6808100639
6810995229
6813362301
6813936861
6814931709
6815787517
6817639757
6820438749
6821611341
6821891999
6824848679
6825238221
6836590797
6839010141
6844087437
6845500197
6846297119
6846775701
6847321767
6849473397
6849585597
6852142077
6852166269
6852735119
6852983039
6853420077
6856814589
6858759599
6864574079
6865595517
6868318511
6871805637
6873673351
6874706299
6875954687
6881656317
6881967997
6888974397
6891311519
6893984469
6897903837
6899794221
6901339029
6905573997
6906057477
6907679999
6908091341
6911274746
6914149439
6915875469
6916971237
6917009733
6927066437
6929730021
6937502397
6937673079
6939290877
6942318149
6947107269
6947133309
6948980349
6952500687
6956769453
6959730621
6964397997
6966294717
6971225037
6973638837
6974341917
6975745917
6976314237
6977276459
6977573301
6979432317
6982019349
6982106477
6982675557
6984608397
6990998973
6992137157
6997442349
6998040719
7006453437
7006587839
7009969821
7024182957
7030003389
7031324997
7032674877
7032819549
7036510442
7036513197
7042900647
7044628499
7046956797
7047643677
7052677629
7054048389
7056999837
7062259101
7063297149
7065243021
7066100159
7077688637
7079673239
7080529101
7083331199
7086785999
7090147821
7090818429
7092135677
7093094399
7099883709
7109079209
7111917359
7113054079
7114749597
7118135007
7120040759
7121970199
7123191197
7126736399
7128182877
7128598461
7133451773
7134698699
7135134597
7144193837
7145981997
7152257997
7152899039
7157525757
7157532237
7159117346
7161078957
7162956357
7164002589
7166469021
7166980799
7168577637
7168656597
7170173637
7172315279
7173920597
7174011039
7177830659
7187909399
7188065277
7190025261
7190065649
7198234677
7199488797
7200399357
7201309917
7207385399
7211134941
7215123839
7215253917
7218444239
7218603741
7222823709
7223443917
7224292797
7226707949
7233061821
7234686429
7238477949
7240137917
7240203597
7249752717
7250516061
7250622119
7250942997
7252926909
7253515917
7255230861
7263300621
7266077277
7278649221
7281797949
7282559882
7285653449
7289183517
7291862997
7293081599
7294332237
7296269901
7299935997
7300556637
7300809117
7301531597
7307893869
7311598269
7312636799
7315429797
7317702501
7323526559
7326291837
7327188797
7329859709
7330850229
7331825277
7335066021
7335905469
7339399199
7343455677
7350490221
7351050597
7353970941
7355706333
7360204797
7361111997
7365012909
7365932637
7366974911
7371081021
7377718139
7380625917
7385905799
7386146397
7390297437
7392861789
7394418719
7394927397
7400730669
7404307197
7407472389
7410305759
7415353437
7420810571
7427854221
7430267597
7432525797
7433134797
7435643037
7436534829
7441440237
7442254509
7445727597
7445791517
7447453199
7447989741
7450487099
7457136357
7457350049
7461758589
7466994069
7474993677
7475414397
7475549757
7477444799
7488789549
7490134077
7490825999
7491436029
7494649341
7495230621
7495525629
7496037119
7501168077
7505448717
7510406181
7510953327
7514114397
7515866397
7519593309
7527499837
7528859357
7529335197
7531851669
7542054021
7542154367
7544485877
7545952653
7546119357
7549552989
7550348399
7553619359
7560874797
7561133277
7565394597
7566436799
7566580439
7567061421
7567484397
7574790717
7574871359
7575787517
7578716397
7584085597
7588618509
7590934799
7592119077
7592420429
7593724527
7593992637
7598372397
7598728799
7599766557
7602787259
7602926799
7607227317
7608602397
7609378559
7610182269
7613842079
7614044757
7614228959
7617623837
7619272287
7633401279
7636138221
7639988157
7640808029
7640977047
7661195709
7664086077
7664774037
7664995797
7669041237
7673398919
7678140621
7678426623
7679539149
7679659679
7680050639
7686305999
7687164093
7687503429
7689584229
7691114597
7694392607
7698045309
7698364413
7699662429
7701546597
7702450749
7704979629
7706084397
7707299799
7709629197
7709718021
7710533597
7722718637
7725749597
7728343917
7728758781
7728832797
7730770177
7734015357
7734523677
7742240099
7742316381
7745601237
7745997949
7749446039
7750928639
7751272701
7754511597
7759436997
7765825407
7767506879
7767524517
7770117597
7776571557
7776874077
7778741439
7780509359
7786121117
7789083117
7790759997
7791181019
7798071957
7801769277
7815793509
7818809037
7824247919
7826056221
7830214077
7836798717
7838138879
7838360397
7839933549
7840909439
7843319639
7844287101
7847673119
7850227629
7860418277
7865834397
7866818399
7868886477
7869617007
7873158957
7873954629
7876033197
7879935357
7884286197
7884437901
7884552021
7887038477
7887742799
7890994941
7891299359
7891983789
7900543221
7903287117
7906405149
7906470261
7909851309
7913747517
7920821997
7921890021
7924382357
7924978943
7926041157
7932927599
7933761861
7936017359
7942935599
7943269499
7949316671
7951398309
7953944037
7954828989
7961814437
7965712797
7967713677
7970025621
7975847517
7975850219
7977043599
7978944669
7979014847
7983022319
7985644413
7986103221
7986140397
7986251699
7987540847
7989069021
7995512927
7997183997
8002427469
8007056063
8007297647
8011646819
8013657957
8016752013
8017046397
8017495341
8027801603
8030388599
8031161879
8031750141
8034433221
8035508877
8036313117
8038556963
8039777469
8040499341
8041467453
8041899717
8048095999
8048760717
8050919397
8053203883
8053465409
8054018557
8058424749
8061429597
8061557963
8063944413
8072047869
8073364317
8079565727
8079651117
8081030997
8081650403
8086089599
8087247357
8087435279
8088932851
8090426157
8091659687
8093701221
8098053261
8098993653
8101620077
8102058299
8103240323
8104357533
8104819551
8105009759
8107200717
8109365541
8112424757
8112585599
8112778199
8114135037
8114145599
8115683939
8116213557
8117733887
8120185919
8122098503
8129284799
8131530621
8133229869
8134055717
8134100351
8134519533
8135679203
8136038397
8137213557
8141563581
8143302717
8144180349
8147770221
8151922943
8164026021
8164434957
8166653439
8171979197
8173301469
8174460909
8175694293
8178382797
8179031843
8181961829
8187091197
8188490877
8190532943
8191310397
8193795189
8195318783
8196228767
8199676797
8207004621
8209377519
8210195279
8211311387
8211621923
8213029773
8213554437
8218138317
8218258317
8218736061
8218970143
8219368079
8222499683
8223811197
8224813519
8226664989
8227094399
8238905279
8240792709
8240994941
8241331389
8242371419
8242707199
8245548021
8246211479
8248863741
8253772797
8257572159
8258129277
8259562077
8259791397
8260255871
8264446277
8268005757
8268567981
8274726949
8280415823
8282305149
8282514239
8283615927
8286404489
8298845603
8304312383
8308167659
8308771379
8311057221
8315647917
8319367979
8320181061
8323670157
8330618589
8331121509
8331389637
8331677757
8332422911
8334396719
8336213279
8336388543
8341660079
8342204637
8342858997
8348031837
8348111423
8348869439
8348968597
8349822223
8350121637
8351177183
8353451517
8356948989
8357062677
8357449149
8364565763
8365711869
8369795447
8371357847
8371363173
8372424477
8373570861
8378339199
8378621999
8382010207
8385511677
8385687237
8387265741
8387812221
8388354407
8389096797
8390479341
8390708997
8391527407
8391856407
8395301757
8400160823
8404305621
8409383767
8410768127
8416535901
8416547997
8417107439
8424613119
8428892477
8429422677
8431186797
8434401917
8434407597
8435049693
8437595711
8438849999
8447220597
8447873781
8453367381
8453883021
8454412823
8455007229
8455969869
8456457677
8458007373
8458113023
8459753277
8461126797
8463979103
8468870399
8472925391
8473561149
8474129709
8475081549
8477558397
8478691647
8483378397
8484067877
8485245719
8486350629
8486996407
8487274767
8496783683
8499721439
8499836663
8505531837
8509345647
8510947787
8512439469
8512665837
8517494249
8519320389
8519696639
8521814399
8522215197
8526035699
8530343663
8533879637
8538499167
8540126783
8542934399
8557983837
8558016479
8561513373
8562221039
8565860159
8566021197
8568834623
8580621599
8583069599
8584268277
8586863999
8586890397
8590713439
8594600781
8600264507
8603063037
8610641709
8612099493
8613215709
8614404287
8614595877
8615552399
8619431757
8622793877
8631723359
8631989203
8634616557
8636346397
8636534279
8641189763
8642454347
8645527293
8648268717
8650533007
8651873997
8653057919
8653245549
8654380869
8655160287
8658036717
8659233021
8663042397
8664285407
8670403221
8672055869
8674778109
8676997197
8677065597
8681765037
8682674109
8683607999
8684881919
8685727199
8689239007
8690619597
8690872319
8692787999
8693175887
8700775199
8704998287
8710053263
8717684469
8718890399
8722551597
8723796477
8728071449
8728228077
8729915037
8732091309
8732469017
8732911317
8733909357
8734505207
8738042543
8740193117
8741885723
8746224191
8747684349
8750439357
8752435821
8753099363
8753736237
8754409221
8754434303
8754718461
8758974311
8763667007
8774829357
8776073063
8777540519
8778224661
8779917021
8788633917
8792877407
8793774863
8794474557
8799523197
8800522763
8803216799
8805740829
8807232837
8808041087
8808536181
8813892743
8814940287
8814956543
8820824847
8824535717
8825097957
8827008477
8827561259
8829358647
8830172957
8833580699
8835793197
8837504063
8841144479
8848097003
8850107519
8850405597
8858386157
8860056189
8863902879
8863905327
8869049277
8870861997
8873016549
8873384147
8873439749
8875124997
8877439869
8884206143
8884414399
8886999597
8891223261
8893998863
8894336829
8897960237
8904964883
8905919877
8906029053
8907838797
8908613999
8909009997
8910405237
8910982403
8916112799
8916505917
8916506037
8917788669
8920585077
8921751263
8923636221
8925666287
8928641277
8933867583
8936658357
8943117117
8943205919
8943221901
8943479997
8947037517
8948225087
8949441597
8951256717
8952764407
8964521589
8965773503
8972321397
8973066813
8983058837
8991157677
8994435917
8996143103
8998601469
8999117397
8999439119
9000038669
9001779069
9005097023
9011475197
9015263709
9017314317
9017759267
9024422527
9028455741
9029369999
9029709357
9032554077
9036536037
9036689999
9041381997
9041727743
9043059021
9044049419
9045620709
9045721877
9045933117
9051144927
9051346919
9055746587
9058400997
9060659997
9070739997
9074277077
9075330429
9076668621
9080079357
9081902879
9083290103
9089503917
9094825149
9098569283
9098581967
9100206021
9101206529
9102049199
9102788637
9104648831
9105631199
9112957149
9114329957
9116787107
9118988109
9120245901
9123852957
9125789837
9126296999
9127324077
9128223717
9128611007
9128716007
9129318237
9132951597
9135431709
9137419199
9138261759
9142302959
9142993157
9144736917
9148633197
9148948701
9150451199
9152595199
9153642597
9164283501
9168009501
9169558991
9171597597
9175258727
9178247231
9186321779
9187526877
9190247517
9193262397
9197093637
9199923317
9202321223
9207937763
9210170339
9213696143
9217761693
9219911397
9222505949
9226284479
9246483453
9248046479
9256516919
9260652687
9261048381
9263686077
9266950221
9267803997
9268300797
9268743679
9271025399
9271769397
9272727021
9277688157
9280197007
9283697637
9284286021
9286055519
9289988397
9291525119
9292099439
9297786957
9298753197
9300466077
9304338677
9304787517
9305828061
9306669837
9307828159
9314585277
9314611199
9317185917
9317737703
9318579647
9323206287
9326883069
9329241743
9331061373
9331762749
9338348301
9339511103
9340362007
9342674637
9344895557
9345837949
9347183157
9350012669
9351628317
9358240643
9358457847
9360890549
9369852803
9370517407
9376819197
9377333277
9379728797
9379946939
9383887823
9388641021
9391354277
9392476463
9395961703
9396299517
9400779357
9402685677
9405443541
9408805997
9409277949
9412476479
9413706343
9415902717
9419449269
9423052843
9423555621
9423590397
9429079461
9429381021
9429417087
9430443357
9431815679
9439676963
9440398797
9441742199
9442078797
9452519207
9462315597
9464371221
9467502047
9468349437
9474390717
9474773757
9475268541
9478017789
9478336769
9480527423
9482693847
9486089899
9488184477
9489154341
9491238719
9498263469
9499998479
9500460899
9500964659
9501710397
9510199157
9512841309
9513553919
9515479677
9515612303
9517221087
9518612397
9521466083
9526373303
9527321663
9534131999
9536831997
9542923629
9543243359
9545414253
9547029359
9547948799
9551581897
9552907917
9556142747
9557533437
9562492943
9569951999
9571188957
9573271197
9573939479
9574231103
9575700549
9579575207
9582059157
9583931363
9584605797
9585819149
9590089037
9596190239
9598784579
9610150319
9612326589
9613264751
9620890559
9626074917
9628884141
9634987487
9643724997
9644811263
9645465647
9650777759
9657901677
9659039229
9659373119
9662496803
9666374757
9666625757
9680198543
9681446589
9681529797
9684331277
9684338399
9685792887
9686813469
9688859997
9692635677
9696516981
9700609461
9702356037
9705920397
9706577469
9711783119
9715544831
9720341277
9725654397
9727043757
9734116557
9741239637
9745155357
9749760299
9751377503
9754113599
9755209509
9759631677
9763020863
9763115037
9769791263
9769967999
9774626399
9774881423
9777233407
9779657267
9780814403
9784156319
9784282557
9785711039
9786664799
9786727717
9786749183
9787589279
9789193439
9790598157
9791020511
9792236831
9797614199
9799139277
9800010021
9801097677
9801656031
9802069199
9807725759
9813714621
9815691943
9817837221
9820080269
9825520317
9827046807
9828343043
9830207517
9832801999
9833164989
9835091277
9839144447
9840651909
9841712397
9841786943
9850800957
9852150563
9853507007
9854467341
9862469229
9864603837
9866307877
9866379309
9870025103
9874198157
9876946461
9877524797
9880161197
9880253757
9880793347
9882890159
9885194997
9901091517
9901583639
9905278317
9905702397
9905822783
9906524301
9908943981
9909453837
9913842399
9915977237
9920331527
9920673357
9921952877
9926939877
9927806109
9928412349
9928527407
9931535999
9933201597
9935546877
9936866877
9937011839
9937078269
9938341151
9938885207
9939346557
9941685263
9956750397
9957192839
9958784207
9963894407
9964755357
9975814637
9983298717
9987589037
9995218269
10000554741
10006575693
10007885159
10009002021
10016342277
10017900479
10021188959
10024345799
10024584947
10025616383
10030528629
10041595903
10053872357
10060545599
10063129049
10066577469
10071928877
10075699399
10076048637
10077302771
10077972743
10079852637
10081164021
10082033277
10083419997
10084754229
10087953947
10088915199
10089159599
10091484143
10092077421
10094806799
10101591357
10103868323
10104895197
10109900303
10113776639
10116193917
10118348099
10119771287
10120108317
10122461997
10122809037
10123815237
10124492399
10127760187
10132641789
10135630007
10141497021
10144170357
10145402397
10147802541
10157045469
10159976997
10160026799
10162283037
10162751903
10169181167
10169489157
10170403749
10171024511
10171731021
10173609809
10175037597
10178380077
10178555517
10186663037
10192798797
10194472341
10201942799
10202683919
10208973823
10210098911
10215324503
10218414013
10219985781
10220470269
10223029877
10224849923
10225138173
10225860477
10229333837
10230743037
10230749599
10232041677
10234629501
10235095199
10237071597
10239065757
10243059263
10245381551
10246081047
10246120499
10251641229
10251851903
10252444797
10264627197
10267430973
10277489867
10278334079
10279699199
10284720023
10289741167
10293552717
10296629951
10296889343
10299205221
10299272879
10300076637
10308137837
10309733279
10310168517
10316427407
10318042077
10326122327
10334079357
10335772221
10336011837
10338356157
10346361837
10346650269
10350740087
10350824117
10351083203
10352041917
10352603967
10352655503
10352662173
10355210603
10360625109
10360715507
10363479357
10364232309
10368086829
10369169423
10369862997
10369908863
10370978243
10377565701
10378317261
10379209967
10381576319
10383092437
10385182269
10387482557
10391129279
10398995037
10400386341
10400806077
10403759277
10410457389
10410882909
10411228749
10417370349
10418384589
10418545717
10419128717
10419918083
10421401197
10427648447
10432473837
10432606917
10438231327
10439656917
10444431203
10444581501
10449871557
10451446847
10464106749
10465085397
10465444077
10468457999
10469313669
10479788269
10486504077
10487398463
10487422077
10489070589
10489647167
10502158911
10503136101
10503594443
10503848157
10505840003
10510147439
10516297397
10516761789
10517208701
10517440749
10519904637
10522348199
10526108423
10526141597
10528606877
10536108957
10537001277
10539694439
10540078557
10542369237
10542771683
10544986319
10548131199
10549465917
10558365299
10573797007
10578707997
10584088637
10585585007
10596849477
10599732021
10606890839
10606936029
10609948221
10615069917
10620611997
10623012623
10623099803
10623822237
10625670071
10626076797
10627341917
10627867439
10631901669
10637224286
10637685287
10643042301
10644252927
10646261637
10649389389
10650735359
10655691597
10656222719
10657526877
10660236749
10665340629
10666495149
10670513999
10672312557
10674063959
10677656157
10682056319
10689285317
10693166877
10700020797
10711923117
10714132687
10720370231
10723638021
10726309117
10727179197
10731110207
10733373503
10738794299
10742286021
10745358477
10746784187
10748186397
10749382223
10751422077
10754518319
10757058981
10762301437
10763526621
10770242397
10771526399
10772416367
10775845079
10780426799
10782537917
10783185279
10789301543
10791635901
10792287501
10796973549
10797471069
10800836507
10800859101
10801189893
10803214799
10805855213
10807802459
10808334263
10809345023
10810635607
10811566653
10814763599
10818153359
10818729323
10819317599
10820368437
10820544047
10822226783
10823281221
10828256039
10834311743
10838180637
10838222493
10840243679
10841552027
10846805903
10849305599
10849910063
10854514221
10857913413
10860564669
10863096549
10868579397
10875559341
10878127103
10882657797
10885148637
10887901437
10890954717
10893200207
10894973037
10896152397
10903733819
10904111399
10916225039
10917343007
10918918797
10919163749
10921717581
10924963197
10927783999
10928575119
10929657021
10932633597
10938177789
10951414559
10956469799
10957693037
10958270397
10963069127
10963658157
10963974677
10966068957
10966748013
10971749181
10989119237
10989714957
10993120319
11005572239
11018259599
11024548917
11024875077
11031576189
11032081197
11034539709
11036138399
11038179599
11038300207
11040842877
11041921437
11047466493
11051625309
11055626007
11056329899
11061780621
11068896717
11072931983
11076616989
11077845909
11080720221
11082017407
11089025999
11096304917
11099485101
11101229997
11103168383
11105234877
11108949197
11114862007
11117761919
11120267837
11120273637
11122045629
11133116397
11136158783
11136356927
11136666239
11138185007
11141544957
11147170317
11155456319
11156217597
11156992559
11157845919
11158815093
11170728381
11171139837
11181831407
11183069087
11186869823
11188379997
11188850397
11189447277
11189783517
11192745717
11197622013
11198632103
11198838277
11199767999
11200929597
11202282399
11204433597
11206007007
11210438983
11214374079
11215802247
11216149917
11220144429
11221226853
11221285317
11225948829
11228399277
11229403039
11229428957
11234519293
11236166997
11239180221
11241429261
11242238781
11247279261
11249503703
11250018719
11250407349
11251360221
11251730157
11251796051
11260740959
11264029917
11267528831
11268855309
11273502239
11274021789
11275891343
11282263523
11283150909
11287173407
11288328909
11295013283
11295543167
11296454397
11298589343
11301425279
11301899407
11302064589
11304353087
11308250877
11308883847
11311480223
11311859517
11329242119
11331896397
11334269517
11339907117
11347727579
11350314239
11350558517
11350904399
11352868293
11353191549
11353940063
11354603399
11355938997
11356234187
11356799997
11358617181
11371635237
11372173533
11372384397
11376142277
11378885727
11379201189
11385957021
11388836829
11389371837
11393226287
11393650941
11395348997
11405437197
11405831579
11405941247
11407967999
11410822077
11412936359
11413407453
11420983157
11424535199
11430137949
11433011037
11437251837
11440227677
11449905981
11452317239
11452888829
11454710397
11458028879
11459284199
11459526117
11463488877
11465846781
11468105661
11468833199
11473846559
11473870269
11486603519
11488624221
11488938047
11491189709
11491625597
11492201699
11492850717
11493030107
11494391829
11495147397
11497841999
11497925207
11502116349
11502597119
11506143117
11507925621
11509223037
11510424899
11510768301
11521117101
11523807797
11526620901
11542382797
11544216597
11546875197
11547705327
11557970063
11573264037
11574058077
11575814877
11575955039
11578836021
11584128329
11585803197
11589359039
11589848157
11594936157
11598213021
11600228637
11602832383
11603167523
11609631503
11610454101
11611494719
11611739037
11612130839
11612538261
11622587549
11623273197
11629034243
11632276687
11636315063
11636362583
11636605197
11637448367
11643489021
11643631997
11644725453
11645851139
11646392781
11650617429
11656591199
11658605277
11660745597
11661782397
11665078797
11665944077
11666912399
11672425517
11676471837
11676974397
11681734317
11682617867
11687339663
11689172037
11690766717
11691880637
11692659869
11692851453
11699700261
11700279357
11704859717
11707395117
11711975099
11713385373
11714034277
11716369739
11717578499
11726290943
11728310879
11738321279
11740020237
11745790883
11746480029
11750955839
11754755037
11755732031
11759970047
11760086027
11763302623
11763354677
11764531799
11771816003
11774736861
11778200207
11782461359
11783014671
11791623239
11806689803
11807357781
11814176877
11814413687
11814897861
11815188209
11816480301
11817429263
11818429341
11819516543
11822880957
11827461239
11827632957
11838528021
11847641061
11847826583
11853765429
11854138797
11854636637
11858121021
11862365757
11869666703
11873542557
11874242957
11876366879
11879799549
11880451439
11884833477
11896037997
11897807037
11898118079
11900515197
11901335807
11902464429
11910126077
11918157549
11922771389
11924421597
11926184919
11927540087
11927557799
11928938397
11929720317
11931340047
11938316541
11943740157
11948116797
11949650999
11950537869
11951737917
11955833549
11956799757
11961789837
11961870479
11964331119
11965953317
11968003077
11968343349
11974013997
11976019221
11976134109
11978002077
11978053917
11980399197
11982016701
11982088007
11985335207
11986673183
11991532077
11993513397
11994192323
11995184186
11996100477
11996493597
11998179839
11998792517
12008872221
12016040397
12018006669
12019645173
12020488197
12022587357
12026367647
12027768189
12028605621
12037093199
12038258957
12039613343
12040585197
12043298959
12045025941
12049173357
12051653037
12052379047
12054942021
12056567039
12062281319
12064080599
12064825599
12066583103
12069013317
12074713221
12077115749
12077841927
12078967679
12079708199
12087424799
12088851261
12092820597
12093430439
12094807139
12100558461
12101410583
12103106397
12110782397
12114367053
12114813983
12115850877
12116546461
12116590079
12117173759
12117319197
12119771661
12123604077
12130301229
12131039877
12132277199
12134244007
12136566959
12141409307
12148535231
12153203709
12156355691
12162504959
12163504317
12164821439
12165104157
12169663703
12169678749
12172709637
12172832639
12175253997
12176255207
12181030229
12182344149
12183950997
12185410749
12186889259
12188667503
12190921629
12191174397
12196772717
12204748797
12205388483
12206351807
12213225837
12213684109
12222460799
12224707559
12225282623
12226645799
12229212599
12230184477
12237255309
12240299903
12243201197
12248544959
12249790797
12256191287
12260495407
12262834077
12266670021
12267103946
12275803149
12277657149
12283385037
12299609627
12301397781
12303024557
12306574221
12309680597
12313969917
12314582277
12314630013
12318098407
12324974397
12326227199
12329635207
12333213021
12336063261
12338675999
12341335197
12341681351
12342280607
12348633957
12350204997
12353211021
12354488157
12360174909
12360298029
12362515106
12362956509
12362993717
12369680637
12370882317
12371667983
12374060157
12375721597
12390037517
12396372917
12404825037
12407241981
12410426229
12416422037
12425447199
12426063839
12428119077
12428682477
12429797117
12429925199
12431391839
12432190029
12434353197
12434750997
12443577299
12444924093
12448109647
12448666439
12449873237
12451031997
12451958997
12453444021
12458330397
12458805117
12459844317
12463266317
12473530343
12473620319
12474463677
12478590429
12479893437
12485621207
12491625119
12491837279
12492080997
12496800203
12497256717
12499938527
12500783999
12503340863
12505304447
12505501583
12510271583
12511230333
12511994109
12513755963
12514807797
12516152397
12517283677
12522034557
12522477847
12523448111
12525647327
12526716237
12530068317
12531500978
12536359917
12541561967
12551007039
12557232237
12557302989
12557962869
12558861117
12559236623
12560951303
12562814877
12567531021
12568701597
12568872957
12576742079
12579295677
12587110269
12594450621
12595064157
12597061119
12597593117
12599613503
12599798543
12599822589
12601076037
12609341679
12611233581
12617804237
12618503037
12619826243
12626279421
12627849597
12629231997
12634037987
12635209437
12638496319
12640605119
12641868287
12642055667
12642739197
12645039957
12646468799
12649795197
12650760141
12652649853
12655334157
12656789999
12663375981
12672240397
12673799063
12675382221
12676152367
12682565143
12683436477
12684460799
12685922349
12688896021
12694551167
12698726399
12698810717
12702613247
12706299647
12707165349
12714366563
12716009037
12716785149
12716884221
12724571519
12732468837
12740682237
12741422397
12742471581
12743512319
12745561751
12759997529
12766545789
12772627557
12773294357
12775652637
12779069919
12779735469
12788828639
12790479021
12790781709
12795963839
12802469903
12807222557
12809028957
12809788317
12813091199
12818936339
12824257821
12826771583
12829191098
12842139597
12843235583
12843789119
12845601719
12850036163
12850246077
12850322109
12852830143
12852868559
12853168199
12853309559
12854870637
12863969661
12870702599
12873708117
12873907199
12875181887
12878065167
12878742239
12879135357
12880514589
12882022997
12882811679
12885767999
12886758501
12890877443
12895054197
12899765277
12901704899
12915065087
12915960477
12918749469
12920216397
12920687997
12921926469
12924670303
12925871567
12931629477
12931783523
12932477387
12937223517
12943755773
12945433283
12947243397
12948431997
12959024207
12960856797
12963791357
12975484799
12976750797
12980468759
12983323199
12985697087
12987682559
12992210207
12995869389
13003664959
13014017279
13014554781
13018723487
13020391439
13020520317
13022233221
13024665357
13028030397
13032277277
13033301421
13037091837
13039503549
13041030909
13041183203
13042782021
13042927799
13044547527
13045979957
13047152663
13047298989
13050545039
13053054959
13056322523
13059689837
13060771943
13067160477
13071315597
13072605909
13079222407
13079606397
13084454447
13087038527
13088892957
13090139999
13103314749
13105456697
13108539669
13109043263
