19136272
20570936
24604696
28132684
34073288
39450056
53291176
53837488
60224272
63526282
81391528
86258404
89123266
103421116
111701488
121183532
127416052
134603536
136297162
137504368
138095336
145794892
155554972
190805672
205169336
240389596
244390672
262677796
348187276
411231358
419689876
444679706
536954896
540267652
579799312
581821876
599621842
621635176
633067156
673248808
698267386
855898066
878334598
885892708
890319214
963196048
996407596
1071188308
1074805876
1088741116
1185134686
1204696858
1276926526
1332489292
1362318376
1564966264
1590817768
1640169604
1702702576
1725951844
1775582392
1823794876
1839676996
2103513488
2108590576
2197125136
2209763242
2221816528
2297858872
2334365776
2580821902
2719386352
2737986868
2782084348
2870349616
3064758166
3122927116
3287223376
3421747792
3486627244
3527123536
3693441826
3724646026
3925504234
3964087576
3970192612
3982583476








