11557326
13692826
20188708
21415846
23103396
28000676
28711194
38080236
38144596
39028276
43503972
43912506
45318934
45513244
60347302
62037756
64599526
65268556
69343956
71778426
74597286
81894466
88136356
100408836
106632226
114381316
115926916
118000926
118152826
127757476
129331258
137371066
150159466
157625526
157873206
167064436
168986386
175086924
176925316
185672476
188561044
195620266
197114226
212337036
213387076
236744908
239842276
242159842
249750996
281228266
283648252
322309036
328044556
328508236
345592236
347573556
365340646
369123756
375660076
380740366
388141876
417561876
454379836
457937362
490450652
491435676
505712026
507190276
508787146
511046866
526915126
530722276
532357398
537851436
545763226
552214486
570231866
583303556
585417106
587501676
590607052
591359554
596963836
601339716
628973086
648046036
651011446
662696062
663537276
711067346
810939196
830400306
840448126
841992886
850111276
881312476
882337116
928009006
936914734
960701476
982676926
998958276
1077771514
1088751676
1117227742
1134155926
1162488646
1167289926
1214166276
1270614934
1302023926
1307641276
1323608986
1337068692
1354942876
1357925716
1367218636
1374803956
1455112876
1485436716
1533955276
1538350282
1560998026
1640341116
1740372706
1750043746
1751092916
1816790626
1909119916
1954877826
1965104478
1995066622
2044260316
2076589156
2113811148
2220361066
2257418836
2259868996
2288000326
2316864556
2321241076
2413482226
2479734676
2539074076
2550605764
2581862326
2672074276
2701378252
2749222036
2884752388
2977049196
3167456202
3220544526
3402071596
3428772634
3478886686
3500041006
3647648026
3961058626
3977832076
4020085476
4063755556
4119788926
4181520652
4228036876
4238594508








