21178774
27468358
32227948
35012062
43910362
72845956
74044774
90710148
99338196
116602916
120209746
141515076
157743316
158836924
168623764
174289116
185966628
189603636
192741326
240467972
245953852
260914564
323283676
328721212
387041194
392759236
397468086
460193644
478170876
479135476
479660446
503257756
512706226
516189092
557305516
599160178
624230146
820738876
915108118
923885652
1235714572
1304751442
1328304916
1348902622
1351379116
1393941436
1446587484
1585246196
1721037436
1730496556
1735868938
1765839076
1890660718
1894975356
2086333404
2131953286
2351664316
2440516618
2508637132
2685380674
2872435222
2969660926
3111303196
3122152996
3221114716
3760583412







