18327310
31380922
34102630
37105762
40796526
41950966
41983446
46285426
46694926
47282026
79038730
94307410
98554366
106047766
109779190
112960830
117305826
122403226
155307538
195469626
220787722
244753206
256216654
310044190
335354010
382620106
391542666
506743210
521646810
521981526
522459622
592339726
674505826
756356266
766698610
895304026
994641418
1004028586
1032099706
1109502070
1193881426
1246195126
1316862646
1348710910
1377136990
1383672846
1496109406
1504850446
2028344830
2218805590
2365046146
2509474066
2594573290
2645517430
2840127466
2958444910
3176901190
3441622330
3521054370
3761230726
4017502126








