11817604
11841436
13094342
17668360
19752472
23744326
27031096
27524386
31243876
33929596
40769626
42500620
45818830
47489326
47716670
49438390
56689480
61901596
64014616
79625890
92223676
94852990
97539490
116585470
118488280
130690330
155743102
155763970
175812760
181250686
187276888
221408524
229689832
232684258
254641960
272330488
281139256
288229096
289395580
342227944
372330316
382399174
419846626
460698148
483911716
484336126
497142262
528619846
537358186
557163064
563653036
564177556
613794728
669278674
702471736
758789830
758921320
825647320
887989402
889816456
891611740
905833832
931493146
993385576
1028632690
1061603866
1094187326
1188704126
1236585340
1426112356
1460341576
1546249384
1677679228
1690374806
1750390984
1769522756
1780715080
1832541448
1842110362
1875807316
1904411224
1988975206
1996202326
2012278696
2126550952
2289934396
2394109576
2397820426
2682056968
2729481364
2814234760
2841140530
2846311480
2937159226
3067994476
3134949176
3186008530
3252450748
3273356206
3345518086
3414050830
3435733540
3510707320
3659555656
3661033846
3679419052
3748050980
3888544696
3923898130
4033844926
4151613880








