19786306
22518026
23076676
24273028
31055572
35583436
35676004
41480236
48605908
49246876
50298508
50453026
56331562
57238084
63956116
68866876
73166716
88170394
94833676
99046234
102700486
143551252
151749676
184000492
185812306
212787862
221075218
226416316
239362726
294983426
340785718
346486882
349098724
350308036
398518948
416925988
428792378
507356026
531330346
546259052
561844108
652885324
677542132
692093326
709275854
755335996
797748238
834942676
951134548
1004873266
1007454196
1048061132
1070776876
1080409162
1136757106
1328693626
1340673484
1373243626
1374246916
1406171746
1601632396
1749805366
1830590482
1832850526
1846441108
2325126574
2333334094
2346593998
2359368298
2498533726
2518174828
2639623636
2783437966
3144130366
3244032532
3371240206
3484578076
3515022028
3642951676
3807057346
3965224726
4014209668
4276434862








