378561
2674321
2969121
5774133
18605665
18804241
30240001
34479361
36426241
40520481
43753501
48188161
49871361
55611361
56877121
61485601
109609201
109873401
110777473
123571441
133158961
142005241
152019001
178312321
182786241
184645657
192669841
239316481
249221377
278914105
279742321
304900201
347325301
370712161
373898161
381064321
393760321
407358001
446569201
478447201
478496161
482968201
486907201
487322893
524375281
542623537
567033985
656834689
679615201
740376001
790673521
852229729
860196481
878169601
944428717
953177401
970410001
987275521
1022304361
1022307121
1043561245
1044126721
1066569121
1141763041
1147774993
1216391617
1222734241
1275108801
1349131057
1372089601
1506322945
1512361761
1522808881
1542982585
1592629633
1617083521
1623323521
1686659521
1742083201
1852745041
1922423041
1990821889
2008843201
2015039377
2095713361
2111767201
2141496721
2192543641
2236105873
2387815921
2453351041
2509687801
2512697617
2687997313
2722839841
2726000641
2760151681
2818015201
3022627081
3069178113
3070783321
3083347801
3132563617
3298915621
3340318801
3416894209
3468797641
3540620161
3766150081
3870468361
3920299489
3928723993
3981461761
4071461473
4201767361
4202832481
4302402721
4323533761
4400688097
4534709761
4657054081
4849801345
4859085601
4931815681
4953923521
5001097501
5281812901
5366240881
5489285473
5556096001
5606898193
5754191521
5794610641
5827723201
5858909785
6159713281
6189955201
6508461961
6654916801
6948883033
7009053601
7109204977
7136372881
7417266781
7656705001
7702672321
7710872065
7799631841
7873507201
7895573401
8453711161
8468254081
8566855921
8632215121
8901649681
8904820321
9138642241
9275131801
9396119305
9454881745
9884382481
10614116361
10712482201
11048693041
11129770081
11245806001
11253915001
11766924001
11887300801
11948459521
11982539521
12028943641
12121125121
12186421105
13259035153
13466620441
13488396481
13547914849
13561799329
13616743141
13868094241
13974118561
14323445137
14992655041
15283267273
15392175121
15552266401
15898070305
16048149601
16529939713
17283712321
17330283769
17471637569
17542504513
17733151801
17785005841
18090831241
18394696321
18625907521
18941824945
19021482481
19157925601
19564217401
19860086401
20009065273
21080869585
21569264641
22036468609
22118012281
22204814401
22486665853
22952774953
23121584641
23281521121
23575842049
23677617601
23794430401
24094914481
24670361101
25498498201
26502748273
27292323601
27859439521
28304136001
28445352001
28456457761
28845592777
29121701401
29343671281
29434414681
29740829761
31932067969
32002171201
32010102001
32146611601
32152554721
32424460993
32786493421
32931756001
33228468001
33504476401
34043150401
34091541121
34618989601
34857500041
35482281121
36192706801
36878577961
36961322113
37195830001
37610984881
37750740721
38308233601
38421679297
38703198601
38843319201
39590532001
39730259521
40038909457
40563784801
40873435201
41127629089
41471309881
42386512897
42688504321
43979585761
44379134801
44592841441
44598973441
45099273313
45280975105
45763287361
46335759361
46803393001
47089756561
47159517601
47662891921
48094398001
48164569321
48346041121
50907800161
51372921601
51670127081
53318331001
53351907841
53389854001
55046014921
57547719321
57967728001
59002223281
60801284545
60852798721
62548400881
62595904141
62616203497
62784349601
63074090065
63356264497
63953167681
65231244001
65300770081
66598920577
66805452001
66956831041
67675299121
74295353089
75584754001
78917475001
79760833153
85330586881
85969950697
86240169601
89583048361
89653936321
89726372737
91264464721
93874201345
93877457521
93889759681
94730388481
95250822481
95307619681
95785994305
96135975937
96575464801
96588581761
99373866241
100063111681
100173979681
101127929761
101184375601
104631690241
105870289561
106050205801
107226473761
109467789553
109746340705
109834584769
111808515001
112345954561
113507539201
113788138465
113961415681
114025517761
114044720401
114223267081
115308273601
116473392001
116532218881
118557725761
119444779441
120291641281
122567643793
122957483329
123836304385
124537870801
128295928321
128777307121
131111853601
131306701681
132167350081
134401121713
138774415105
142275893761
142374802753
142942800001
143163887041
147334736641
147543448273
147922055821
149647165273
151031215105
151083722881
151254606601
153449524801
154953021601
156857744161
156919449961
157600029601
158471066209
159658007041
160001160001
160634859121
162104997601
163857432817
164237702401
167006835073
172544440321
173615721601
174080022481
175136822785
176099247361
176268250081
177781437681
178094413729
181011600001
181213989601
183002295421
183531718657
186825360961
186990552001
187112147041
189516317761
189820350721
195022630585
200362794241
200686552561
205778574145
207085362401
209921869081
210087832081
210230865569
210604665601
210873751201
214381651681
216652974721
217969920001
223472208961
228587748481
229552399441
230096420065
230117846401
230783243521
231671271961
235818380161
238022657601
238087412641
238694027041
238778724801
239012614401
242949470401
252076557601
252300345361
253257511681
253848617401
256850203393
260877723121
266617117801
267556843009
268252289713
269391441601
270911047681
272180988001
273951814753
283189495681
285695093377
286106957137
288651018241
291422720161
292712196001
296767190721
298306713601
299364206401
303229656577
304882995961
307467883801
309710923201
315801486001
316736426161
316754474401
316850688001
319921986801
320306981401
320946368689
321929702641
324120464641
325126321921
329493528001
332674436161
333890605441
334186357681
336005670001
338649141601
340214022721
340629363361
341201817601
342284065201
344448720001
345037781089
346757755681
348317988481
348493824001
358309750345
365282197561
365687922601
366136811041
370803350401
371568027601
374233275361
374557934521
381725812865
383217597505
392316200641
395544108961
398427775201
398582078401
400009116001
402303938401
406707033601
417448206001
417873582721
419998400641
421048452241
423060651553
423789569281
424111006081
428352098721
433445320561
433732736841
436606502401
438007616641
439980714433
447201190801
449136265201
455250853201
458640451585
468464520601
470511660961
476430514561
477759744001
481083287257
481253432401
483938975521
489699872641
490357116721
502273356481
503952969169
512898472801
513447064705
519634560961
520374528577
525160490401
530374572001
534052355761
536682706561
545736102913
546577667041
551121859009
551460822661
557446855681
557704224001
558464448961
576312194701
577376285641
593445271393
594301602301
604017469441
605386391401
607078157401
610901491201
611694652801
612218597761
614078136001
614660412961
619128568801
624685392001
628081288705
628249789441
633305312641
633955861657
636572851201
639021502945
640234778401
646357093201
660634619745
666620006401
672356123265
672752505601
673480332001
686280394801
688215139921
688322970721
694709702401
698294032129
708043190401
713968739281
716368816801
720259797601
726380597185
726852762901
727378128001
728058149281
739721062081
746954326401
748508342401
760094074153
774035687881
774085945501
775531854721
784050865921
787248210001
794252081281
798408505441
803844756001
804166347601
806428643329
813365280001
814333153921
826979963041
856408886101
867025233361
868459505761
869883386401
871562799361
878174668801
882574446097
882977578561
895621104001
909207028801
913153714201
917598984121
922137773761
922273507585
924945073921
925789582081
937549950481
942057160705
950505181201
960913044001
974342139541
982414984321
995970880801
1004941512961
1020715153921
1022357952001
1023507757441
1032719889601
1033433099713
1041751015201
1044990132481
1046687995501
1047360019681
1049588205121
1054119223873
1061010360001
1064761735681
1073885359681
1074736872001
1075652978401
