19590644477041
19672139530681
19831194476401
19885461442561
19921713727201
19941723396001
19983408011281
20012844893041
20023052175841
20104289609041
20154720343681
20217328803001
20257679242801
20294980395481
20397688012801
20399577685201
20447610624001
20571028459201
20618510459041
20643023207521
20683564531201
20725493034961
20736801427441
20791059372721
20816240585041
20816897727241
20837343650761
20859107648401
20891616215041
21035057378401
21215737315201
21236963241241
21360560765401
21368165952001
21553127356321
21572445246121
21578616525961
21662994920281
21722868891361
21740526254161
21821350266001
21868583423401
21876484831201
21906606122401
21929605776001
22031419296601
22131867369601
22158521511841
22169953659601
22211988402241
22384850876641
22422371134801
22462143328801
22548562686001
22673485321201
22720475750401
22943132231041
22966296456961
23013250968961
23053068230401
23077884916801
23089065963601
23103881524801
23161479619201
23234202820081
23268730279201
23333808153601
23554819729441
23891693904001
23920175511001
23933839986001
23960618670241
23989087082521
24032016131761
24062236198561
24152854292281
24176013857281
24247675252801
24382209766321
24399408249601
24508173834001
24562729585801
24563251929601
24626067984001
24731733990601
24835843158841
24839936192401
24845236995601
24855850363201
24921443144521
24989450572801
25157672217601
25172358498001
25268630963521
25280307329761
25288579920241
25352498858401
25377221684881
25422456044161
25438891952881
25504064518801
25603379094601
25655691862801
25700588119921
25808155545601
25853803462201
25941639391921
25993360975681
26149402566001
26217203785201
26222863642921
26258421352801
26279103313441
26424901350001
26456071051201
26739282336481
26804117088001
26835121314001
26863480687681
26890753090201
26900934738601
26929563643081
26974142559001
27012596380561
27166750821001
27278778013201
27318582214561
27332128281601
27332764178401
27355065987601
27390929252401
27438225670801
27624387036961
27661021031281
27700449734881
28033026184801
28148041509841
28180436590801
28201057245361
28292288659921
28354024505521
28524163711681
28552007555401
28602913883401
28641567558241
28663904556001
28786619976961
28877985783361
28885585699201
28889115484801
28907481415681
28969002835201
28990338935041
29014392038401
29054943555121
29080804628161
29118356825041
29188366528321
29222968002481
29280311313121
29322409399921
29403816220801
29436764268241
29905731061921
30059544601801
30161820396961
30226764254401
30290997703681
30412837728361
30634584636601
30744291994801
30752367997681
30761602709761
30818290904401
30898407066241
31000673390401
31001218151761
31005773803081
31125408844321
31668088083841
31672287133201
31844157302881
31896877123441
31915950867361
31921876092601
31935070396801
31953511356481
32098361135401
32130009641521
32131366590961
32140615384801
32192186544001
32275094872801
32278315276801
32320593820801
32327571039841
32349669592801
32375947053241
32387393754001
32431097545561
32458166319601
32478705222601
32481552436201
32502307101121
32508821115001
32628058635601
32808755016961
32982677118721
33033249930241
33163389342721
33265668602881
33283985202721
33294010085281
33430006432801
33451612272001
33463058121361
33514437450241
33542723160001
33598474756561
33602171881201
33629280851881
33752115121681
33759527124961
33861652594561
33884362735201
33913435510801
34102553919841
34108774093801
34208968560481
34221619374481
34245620229601
34375959828001
34399055799361
34421514598801
34524206803801
34676327039761
34755028333201
34806692083801
34857306650881
34922880639361
34965665794081
34985958940801
35157585657601
35191901592001
35200000362241
35206731443521
35289171721441
35324460057601
35332254200881
35448965879041
35510967868321
35523085832641
35543553689281
35610747338881
35781268970161
35804722885921
35996652950401
36105709061521
36177973176961
36357691456801
36367442798401
36394126387201
36780084840961
36886906337281
36894730559401
36924387626401
36925433868961
36929666860801
36960085088641
37029797118721
37040554031041
37108797012001
37194969898801
37217425649041
37318516830001
37509097595761
37571835258001
37615171917961
37712329452721
37721674252801
37748918617201
37775864064961
37807599177601
37859284411201
37867382356441
38108810949121
38126469096001
38178880004881
38182511134801
38189197132801
38284138971001
38386118257201
38388427665841
38515927651201
38598105294001
38609905587121
38624627948401
38862314553601
38954803093921
39124475631241
39222389132641
39338716722481
39351126375121
39472863393601
39496130896321
39509934276241
39577963314241
39591330662521
39671060950081
39718183302721
39837111068161
39881236611601
39910760973721
39945567270961
40024786888801
40084384049281
40354006379401
40377172173481
40436896509361
40454220970801
40518484032961
40664218152481
40696882432921
40735759150801
40838333739841
40858234608961
41194954404241
41296588571161
41359407175801
41830312567681
41844965615761
41925591234241
42027294538801
42028431676561
42190312207681
42312321898561
42349916455561
42374755654561
42684786010801
42731786831041
42744953815201
42755315967001
42797842651201
42808069582201
42824506408321
43016255973361
43105111993801
43117920495001
43183478988001
43210020571201
43289549990401
43303612335841
43334437890601
43380820585201
43419674304721
43427429378641
43586758766881
43662707852401
43752225323521
43876040251681
44050645482481
44057041666561
44124682331521
44181213002641
44242463752201
44243002949761
44296263698401
44302027795201
44442177306241
44473337118001
44546901253921
44582309058001
44791222205521
44829247134001
44830382138641
44833622920801
44884186751041
45145511969041
45250014610801
45298851706801
45357662637001
45378914329441
45399167274241
45425901456001
45830785684321
45921641199841
45937983082321
45953115374881
46057152542401
46226138691601
46391703765121
46409434197841
46434940272721
46538835759361
46831122702001
46954297010401
47003559452641
47088600215041
47440466957521
47595143199241
47718953902081
47757349555201
47773836777601
47861447825521
47862265898161
47884306908361
47961513572401
48005956692001
48049408485001
48140129681281
48283453557361
48313334568961
48323702736001
48360549744001
48409956288001
48520452405601
48534752830201
48606977980561
48635947757881
48723262348321
48769189628401
49034565820801
49047722267401
49174741813681
49274445830401
49331671515841
49346764871041
49369824168841
49385063005201
49406707307881
49410464544001
49443222947041
49445825035321
49548426651361
49625693083681
49779925158601
49868786691361
49900218489121
49962633315001
50084054944561
50174335832401
50270353136641
50278810674961
50453852135401
50823303325201
50840605502401
50956566381721
51050931229441
51267748480201
51481814457601
51536331330121
51581754141841
51605835044401
51619930591801
51734610925921
52020952485601
52125718726081
52199965209601
52301702436841
52352717180401
52475636866081
52486542299521
52498238793121
52504988668561
52650469398241
52838175794041
52846089687721
53016853896721
53045623154161
53078244161041
53120390425201
53588957607361
53629027421761
53671384579681
53802630368641
53830875184801
53866205562961
53892290376001
54136484187841
54200715914521
54247172943601
54272209037761
54654413340241
54668649036001
55127541515761
55133738337601
55348971288721
55469442268801
55485303937921
55840295160001
55879485062401
55911578486401
55976285619001
56186214303241
56230200193321
56263054411201
56336822025121
56350547088121
56453850376561
56696438396521
56786331596401
56858558828401
56864487970081
56913605925121
57033786096001
57040118893681
57078909187201
57204238486681
57243542714281
57364105219201
57427767573121
57558247212961
57613819630081
57725285018401
57751351781761
57982063345921
58248441252001
58410844455601
58444003396801
58572602852401
58605365952001
58780213610041
58846729813201
58865037487201
58883438300401
58930844064961
59003506442881
59594410562401
59617208784001
59640750335881
59840350053121
59981124996001
60001800647041
60042120384961
60131369193841
60170704040161
60200459602921
60250834854001
60497128487521
60532891564321
60585020133121
60709984997761
60772675829041
60831707806441
60837858165601
61266343902841
61324291392001
61462534044241
61496441781841
61544547988561
61615016386561
61621374301201
61771345045201
62012781717601
62018441208361
62032884076801
62063971058881
62191615964401
62330582961361
62481745950481
62655096150361
62820894143161
62864887125601
63027204967441
63268879597561
63358158482641
63381954938401
63492346013041
63556069580641
63634436210521
63823586910721
63882368068321
63962656862401
64116013608361
64176063102481
64194414611041
64311843682801
64329251664601
64334901693601
64343297170801
64399116222001
64537303962241
64773076374721
64863958723201
65029927566241
65160318925801
65253159415081
65339492440321
65399704133401
65465530560001
65614848505921
65669462061841
65721971503441
65733485095201
65825902055881
65866165766401
65910433962241
65994105784321
66092040998401
66190854281761
66276436227001
66290525945281
66417674544001
66647666211841
66924175484881
66928397407201
67116186258121
67263072240001
67306647932161
67320826120801
67385073873601
67394920544281
67634458886401
67644995018161
67677729120001
67867672510561
68024097172801
68033195637121
68069494137601
68133203370001
68197041516241
68511780781081
68896293152401
68943915106561
68996137685761
69051132637201
69090391826401
69167095530841
69186115251121
69198954637681
69300218997361
69495139040041
69616518849361
69644968606081
69726036854881
69810320291041
69868168113601
70087531240441
70133756585761
70605504653761
70609951812961
70726017726001
70882619463601
70908187356721
70909554266881
70919761478401
70953342595201
70961050438201
71009658523441
71101189036801
71179700127481
71247559824001
71319007153801
71325760478401
71345399892481
71438130164401
71457376634281
71867934754561
71875374580801
71972303382001
71983095868321
71987120331841
72043812072001
72054965669401
72063917593921
72199433993401
72259076816641
72273216416401
72425011321201
72444260175001
72546658511041
72769291635601
72798576984001
72826592875201
72830233002241
72934871511601
72977192652001
73015303032001
73219443091201
73494998748721
73540936435681
73580232526801
73617536822401
73984066027201
74044321878241
74064742647841
74112148255321
74146933437841
74209052524321
74299068567361
74304977748001
74339167986721
74411747429041
74456163573121
74580029019001
74730102010201
74910882009601
75047947818481
75050195364001
75184889025961
75190733498881
75468304804321
75482724970081
75616020094681
75919044605041
76014562790881
76054143291841
76172400027361
76229925901921
76444067743681
76489063272721
76523836876201
76704995493841
76909380551641
77071052822401
77316281128801
77318310121921
77673278970001
77763317149441
77777321182561
77800246530721
78094819782001
78131087386561
78218590773961
78288932685601
78439950605401
78440759376001
78506481795841
78714090973441
78737217556921
78829650703441
79261719615001
79331995149121
79437278592001
79468097022721
79649829176401
79753682655361
79827268853761
79906972703041
80109936602641
80130508889761
80240261731201
80364623582881
80420218886161
80467964020081
80490393990721
80536843914241
80634844777201
80783701496641
80842291090561
80884806569281
81004346075521
81125691127921
81130434708961
81162020096641
81223422668641
81239682888001
81276977344321
81292901450761
81521618905441
81750892910401
81819632328841
81972996131521
82099743804001
82165994477281
82188678658801
82220758164721
82267444133281
82387924345441
82490309210881
82550158537561
82586373100561
82778647423681
82915965175681
82987491384721
83009705345281
83501157121921
83567667824641
83598391880641
83635908350401
83745636212161
84027377813401
84068089920001
84077395227001
84155485377601
84158207675641
84162607310881
84309138557281
84407351792401
84420092948521
84558926930401
84665413658881
84703062614401
84766626792001
84995502500161
85082299585921
85620874681441
85683366047521
85705211007361
85925591715601
86070547449601
86512167518161
86568595052401
86709684348001
86711298206401
86925719114641
86944008303361
87025707871201
87076824731281
87125713241281
87344778764881
87422641544161
87507260487361
87622479419761
87651108077401
87655100339521
87665038791121
87666861990961
87726716971201
87992912891521
88052757084721
88187362149601
88547188096081
88756280776801
88819522764841
88971135576961
88998821740081
89208218786401
89314596939601
89321943270241
89643868718041
89741073508801
89911223488801
89919298938601
89971479561601
90104820539041
90264788577601
90515497312801
90547749184321
90607309675201
90645186734641
90663516964801
90693080835841
90778279633921
91039665983761
91119993007681
91128124558801
91137732687001
91275253963201
91331048581201
91339233148801
91357708417921
91486960529041
91568561290921
91707551671681
91716998552641
91721557078921
91821463645681
91906975941121
92071027969921
92208129300001
92279637253441
92434471416001
92538685640401
92578630928641
92602811538721
92635598976481
92641643350201
92669575325041
92674919349001
92719493501041
93022710236401
93045921615361
93080435834881
93203408871001
93340812749041
93462390665281
93489442040401
93599844166081
93662767298881
93717817048801
93923639296201
94358832030001
94481160706801
94603176900001
95069757706561
95161695410881
95325111202321
95376335658241
95775333660721
95873006836321
95882815291681
95915992092481
95971441394521
95976079200001
96149606716801
96391038270241
96503674055041
96561700663681
96633531361081
96673368244321
96753778020361
97057441445041
97073108218801
97121944483201
97301016393361
97406097712561
97615758043441
97670666179801
97785441810001
97851716589121
97906601954161
97947181745281
98105321672281
98181511265761
98315271217801
98387866820881
98590831385761
98636936200561
98781049962001
98790975947521
98990470542601
99021634614001
99062435922241
99065560351681
99136422777601
99144810156601
99181373442481
99315298353601
99758536884721
100094890089601
100098188769601
100132096058401
100160867293201
100189463189761
100250644352881
100272855479401
100306143655201
100321882054801
100443527486401
100453389079681
100474218830161
100548149139361
100616888292481
100736931859201
100762569394201
100773053141761
100785002956561
100813763937601
100906101154441
100966903077601
101068564989601
101163964308121
101242701831601
101246606748001
101304012555361
101306095013761
101311667667001
101337999698881
101369239288801
101404255393441
101438571628801
101528681217601
101593161411841
101625663511801
101693361893761
101700090757441
101725402633921
101748671902801
101783780371801
101863458403201
101905000915201
102052142641801
102065549796001
102146549093281
102222082695601
102367466710201
102404369399761
102407726584801
102465135330481
102486601904401
102494724474241
102549410339761
102553844156401
102677310099001
102698241387841
102741734923201
102888989637841
102934335882961
103097561238001
103213404781201
103258202737921
103275132192001
103464395059201
103472967456001
103534243759441
103642325433361
103684873154401
103731335596801
103769077997761
103818576234241
103824684138241
103826108783881
104050136252161
104209788625921
104264784187201
104284594451521
104337466027201
104381210774401
104416886512081
104423034636481
104430804811201
104517805472641
104519649094201
104595195591601
104620514762401
104656756296961
104672153869921
104695542315001
104715926041441
104722115928001
104732481414121
104746059856801
104767378230361
104778100264321
104799826360801
104838504029281
104871399464161
104917321192321
104919806124001
104947837918561
104963274794521
104981688510721
105027280001281
105151334892241
105236739417601
105338996976961
105362858515321
105436719480961
105474450004561
105530565540961
105563418857281
105655865078401
105660047462761
105674487559201
105689091231361
105700334019841
105761992170241
105820601785921
105846814554481
105979467877921
106013760095881
106038475608241
106093995414121
106158263855281
106311236844241
106333967398681
106454121540481
106619698269601
106619839351201
106636025502721
106645925802361
106709236081921
106762849444801
106787813126401
106822077786721
106822136485801
106846571626201
106877237569201
106966026531001
106970842636801
107089062444001
107170655630401
107178675844801
107180646967801
107199444751201
107201804895361
107204273860321
107352069360481
107459946276001
107481253985281
107501482940401
107547691923001
107557259124601
107562742912801
107612951649841
107637873260401
107792144580241
107801296797601
107807942461681
107828590131361
107846141686921
107894571508801
107964186012001
108022118475601
108027849150001
108082392732721
108156285057601
108212261320801
108228948649921
108349934641201
108401957913601
108402161259601
108445973076001
108515857928401
108519511464001
108594613592641
108594916988041
108622805387041
108737783299321
108744860649601
108872463903841
108899212428721
108933570278401
108978360624001
109011322297801
109085284148401
109138666809601
109277429486401
109321223728321
109335104985601
109411151859361
109522972596961
109640284508161
109654483911841
109673551834561
109685451919681
109796939853601
109884483487801
109893263037481
109917266795281
109934975067841
109952772216001
109973583206641
109975973070601
109991750823361
109991999416321
109992391266241
110079200612161
110081231500801
110179775139841
110190751594561
110196367029001
110326638819001
110354646870721
110386319853601
110397459800881
110551576458961
110682789411601
110683894608001
110690623131121
110696489467201
110708857798561
110756116111201
110765248151041
110774919168001
110777418838801
110847519549481
110889439219801
110889458809921
110942542451521
110949780634561
110974435155001
110997161321761
111016365183361
111047309296561
111116233635121
111185008341121
111249977202001
111366730681921
111414063247201
111486777796801
111489487139041
111601464263641
111721966972561
111752842118401
111807417365281
111890365833961
111992673451681
112001429386561
112055794394401
112162764785401
112197965036641
112256385351121
112273023156481
112496715446401
112513246292161
112522817453761
112561396502401
112569633005401
112678229910961
112711640557681
112733320056841
112764099180601
112838904982441
112854318217201
112862196573841
112874242521601
112894360644241
112928378406481
112939237494721
112949231774401
112973764528801
112998692293201
113028141744001
113129478967681
113150061178561
113188350703681
113188700102401
113221919874481
113276891520001
113303131937281
113378733744001
113401235745721
113562695823841
113604660326641
113745963618001
113811278387521
113856081225601
113939030349001
114001729571521
114015131609401
114053402146321
114142786664401
114243776453521
114300562592161
114314017658401
114329803311361
114360596069401
114426654108481
114445238317201
114657041280001
114730863534001
114801906623041
114865865478001
114877048169521
114908573543401
114932227580401
114944070781441
114957011776321
114971303543041
115011056684161
115209547740001
115235426032441
115242903057601
115270189596001
115340342995801
115371941562361
115381016397361
115443578718721
115617514289761
115626532465081
115667216582401
115710222499201
115724325603601
115750527036001
115810927568281
115822698838561
115898206788001
115898918499001
115976744367121
116013603429361
116050185747001
116056953185041
116066024895601
116207365453201
116258712733801
116268704916001
116322979530241
116341847476921
116474793321601
116560503815041
116587615163041
116666384536801
116666657329321
116750780294401
116758917167761
116773775222401
116811244544401
116818657205041
116824865764321
116829210264481
116852239467601
116917224230521
116984963418961
116996285586961
117000956898001
117010427620801
117014441070241
117097157795761
117141599621761
117202536144001
117252658636201
117371454949441
117485000766001
117508885704001
117543283784641
117571020971041
117579025287361
117582984055801
117603065586721
117617221895041
117621023083201
117627877684801
117644397696001
117672921100801
117696320099281
117709540472161
117753519305521
117754535877121
117762077412001
117823797322561
117929836568401
117955304439841
118022617692001
118066898016001
118103538015001
118247343621121
118260522041761
118315713587401
118319286141001
118347043396681
118347897339001
118370136050881
118404726998041
118426854016801
118456691991121
118528382730241
118585317614401
118616961657601
118642941728641
118710201592081
118714690873801
118858030918561
119015581150081
119122785794881
119135824645321
119163171450961
119233851408001
119277671104801
119303346240001
119377874770561
119377939968001
119389309603201
119477225274121
119478739114801
119620981615201
119639202326281
119691174914641
119752200027361
119812061779201
119880596319121
119880885913921
119931603851521
119946074673601
119986133611201
120008656824001
120034394696161
120103801810201
120297608995201
120400460544001
120414801301201
120445272289441
120523846371841
120557538344881
120739498246081
120780700330081
120804512338081
120916609491601
120928327283401
121009330119601
121034417036401
121127932581601
121145693986801
121180199343841
121283250012001
121295732644801
121378102704001
121484125969921
121534337811601
121573667007001
121680972453601
121692575491201
121705797139201
121706850915001
121788926164081
121824358367041
121843202644801
121914635964121
122036037610201
122043718995121
122090166001441
122137912980721
122178071610001
122383972221841
122414536931401
122428224247681
122430902284801
122438499402241
122484303518401
122629581028801
122700089438641
122717661439681
122725486368001
122736467337121
122744211676801
122852853938881
122981474992321
123034735440001
123086166807241
123099583449601
123242456519281
123412594838401
123431441706001
123439031882881
123446060473681
123521334189121
123625346234401
123634375293121
123736545727201
123778690660801
123793024118401
123938756104801
123996786492601
124113140887681
124261011971041
124610990392801
124674478954201
124739413470001
124765760442961
124799691552481
124851608749681
124858583136001
124862530384801
124897639645801
124929312608881
124990189158241
125377830358561
125393739373441
125395935874561
125399390079601
125422572518881
125487737766721
125519194593001
125566946668801
125604126506881
125606976210001
125673434593201
125736268301281
125802320071681
125819019704521
125871875578801
125912517050881
125963837748001
126048514253761
126107037521641
126186040344001
126206400882001
126263485320841
126267566342401
126281972363041
126291744983041
126329882731921
126335455948801
126436075446241
126446809401121
126448111802881
126616316762881
126637316769601
126669656231041
126789439140001
126968223105361
126974914353001
127038920328001
127039362204601
127107743714281
127107955166401
127184797488001
127193198324401
127367670393601
127398041885521
127597070044081
127598385496681
127618317531001
127825265962801
127849771579321
127879805894401
127906064329681
127908641624401
127990221465601
128035895551201
128054773370161
128069922960001
128142683706961
128145936522241
128163625984801
128168732674081
128222068578241
128280487406401
128294628811921
128452762761961
128499962280481
128502524107441
128516296852801
128551743446401
128651561325001
128675435729401
128689272915841
128723430342001
128744906734081
128827492869361
128857758624001
128991630700801
129154538091601
129253641265441
129260429046001
129278824346881
129287252086201
129304937917441
129351239950801
129439425771601
129506026590721
129529651507201
129572475580801
129580310306161
129585079365841
129704553840961
129736369526401
129749558856841
129758041576801
129816468822601
129852852570001
129863566548001
129913605108001
130111556178241
130191223218001
130222937134081
130359906200161
130395369687121
130406404171681
130535748887401
130585280303401
130653701665201
130658020496641
130670283135601
130736623661281
130810825594801
130848770465281
130967621628481
131006916266281
131043809525761
131057501776201
131117171749201
131121894558721
131139863091721
131215480372801
131232271279681
131300102848321
131323782426001
131336726844961
131444735646961
131507646844321
131511975678721
131592395464321
131656675889761
131660191572481
131757005546881
131814510058561
131874027772201
132087045168001
132111757864801
132118908919921
132168107635201
132255495964801
132266055978001
132354010632481
132526423673281
132530444879041
132556648748161
132569360179201
132603545037601
132639445542241
132720933954961
132831395676001
132845114145601
132921356302801
132940444999681
133004755308601
133059596279401
133077670116721
133077913912801
133135106822641
133160123275201
133229719786801
133347597607081
133444898652241
133508573284801
133510534844401
133575545544001
133587719343001
133598114909281
133724991899521
133729164551521
133738416852601
133796777533441
133813979142481
133842698393041
133950069619201
134079932889001
134106687447601
134129196309361
134165203536001
134186156479441
134205068933881
134304779451601
134318402924761
134352635827201
134403654640321
134524888341481
134535073132801
134547002553601
134613154385281
134627465674801
134640750531001
134690512351681
134728830943201
134730420249601
134734045360321
134751017318401
134875137515041
134902233086401
134916422484481
134924754636001
134927695229041
134931058348801
135017509605121
135067206844801
135079758777601
135175264936921
135217549512001
135293541349681
135310420889281
135316872220321
135320703971761
135413564312521
135423034110001
135424913359681
135425238210361
135441495630001
135599732311681
135629942945761
135675584127721
135760554216001
135925638169321
135946286753761
135946606579201
136022059422601
136032869259001
136092818499121
136105744776001
136174046655361
136251042845401
136386477756001
136462937214241
136521734549761
136571599115281
136690123071601
136730595565201
136746213818401
136876609371601
136948332951001
137052143574841
137071379571841
137077433485201
137086691545441
137116452800041
137151296766121
137225066819401
137235628792801
137275418358001
137332977868801
137374745256001
137443688176201
137462732559361
137768956199281
137782551441601
137844200919601
138022968169801
138074626773721
138269973392881
138318037452001
138685971862801
138689872090561
138695332819681
138724261954201
138739883754241
138795157473841
138796095661201
138901757487361
138906351076801
138918367611001
138974024432881
139201672659841
139206488547841
139232014496641
139264544554201
139339374436801
139343976735601
139487881010401
139537029996001
139601970590401
139647119199841
139690581332401
139744590814081
139762113254401
139793258928961
139944440743921
139964672451241
140131721681281
140333589698401
140343949343521
140356694983681
140364823042081
140370273422401
140433879789841
140441765794561
140456042133121
140495780342401
140556295837441
140650834952881
140681817319681
140709953733481
140714008444801
140915920924801
140938062311761
140958396914401
141077240763481
141117228776161
141174185281921
141194720646001
141265035891001
141431696292601
141739195368001
141751027782001
141891718886401
141990332490721
142072065298801
142075059834961
142091542535041
142105996491481
142141474650241
142142261486401
142154860170961
142249308364801
142323726870721
142380193389841
142411508285761
142451492770081
142458541360201
142472707060321
142544105270281
142633053083521
142662351444481
142738581226681
142750330463521
142835005215001
142858899201601
142868556097201
142897941950401
142936710440161
143097660669601
143127333504001
143146220380801
143153420962321
143183512281601
143343446124241
143351582569921
143366084628481
143396649587521
143507765556001
143556469358401
143578894951921
143689702101121
143699503893121
143707349635201
143712382161601
143761860587521
143929124656801
143951260497121
143953724124001
143959117548961
143961996690721
143968528867801
144004897029961
144099301026241
144136961766721
144373638785761
144438578450881
144466571733121
144683787926161
144727027860481
144736978226401
144834797671201
144909837956521
144922286315521
144993708115201
145080390444121
145162096080001
145169602279801
145202728345081
145240164972001
145280029381201
145378724849281
145395478020001
145590010609681
145630959720961
145642647313801
145676383339201
145713053073841
145713691677961
145823454624001
145840061221921
145906558761601
146110806992161
146123076022561
146141289028801
146186539651801
146193210699481
146261753084161
146316961162801
146358978635881
146396885423041
146475966203281
146499709602961
146514484212481
146588788432801
146622725613001
146731230535681
146796818257441
146838697340401
146968071451201
147111312175201
147128754866401
147197740653601
147406261101121
147463434922441
147561992975881
147597901935121
147656398674961
147767814835201
147834275764681
147890308461841
147925995688801
147927723143761
147977705184001
148142882394001
148235135892481
148257098222761
148292184604201
148298969508481
148300539465001
148366966779361
148371921758401
148395650052001
148431413276641
148446202957921
148573264008961
148583427982561
148615424101441
148792420740601
148796269642801
148831130592001
148878650413801
148886515627201
148902180476401
148941274728961
149047232480641
149111539839361
149144931942721
149221820311201
149281363108801
149313295689481
149327460399601
149341045451521
149378408500321
149517761433601
149529353337001
149559921072001
149827455020881
149833260448201
150001927362001
150055759104361
150152232714121
150194838880801
150219049806001
150268934939761
150386298117121
150484495971601
150510775945321
150614329188961
150646882919401
150678590284321
150745969140481
150988925820601
151145978387041
151219573471681
151418006537281
151586374786561
151601138052001
151678805962321
151738958592001
151787504232001
151839893368801
151978962407041
152002923171121
152240593508641
152258000132161
152279245825201
152293172435041
152328577204441
152341408440001
152352033120001
152456957200801
152481497051521
152779870308241
152817145891201
152846538405121
153013181749681
153023008427641
153061490088001
153085635823681
153125501323201
153191121373081
153194450723281
153461570472001
153540420400081
153562118839921
153612300744001
153628357752001
153783504564481
153788289400801
153878234504401
154012193899201
154017057188401
154029070944001
154152559995841
154288942201801
154300501488001
154356164726401
154534122025921
154582909099201
154674617353201
154942354513441
154958425339201
154965857097601
155043262177441
155091704186881
155188080702721
155202954704281
155245471668001
155297827928881
155355482131201
155355919814161
155411609409001
155428478553601
155436946459201
155506061886241
155587351668001
155661646839721
155758714398001
155899644842161
155992689204121
156093169186801
156135636210961
156259114895521
156389778291241
156396573734401
156436712056801
156546643367521
156608109806401
156629800429201
156739765031641
156757271548801
156885734208841
156901146408721
156972804374881
157085828155201
157191341061601
157298927292001
157301892231121
157378482923761
157440625685761
157473933817321
157490322562441
157619693560681
157621820559841
157622100892201
157676501946601
157742082671041
157749194625121
157771391922001
157878605888641
157899839978881
158043146539201
158054183164801
158155084337041
158217140047681
158225670156961
158472290977561
158507262076801
158542956936001
158544728620201
158559225526801
158579092035001
158699394571201
158786898313681
158795553994561
158821778278801
158870374986961
158943505807801
159020751567601
159129111819601
159144018566401
159210723265561
159216250471201
159248690044081
159289289744761
159336084542041
159381120422161
159449819480281
159468858118801
159472199915281
159690025168201
159707746161601
159866949489841
159894887836321
159896014524961
159997309836001
160153528879201
160154637320161
160182384485761
160280178483601
160281291207961
160331195646721
160391762987401
160406497996921
160439364408961
160515474654601
160599167769601
160692728775601
160785923323201
161086385300401
161147759233681
161187524175601
161227599811201
161268709802761
161389390846321
161475336706321
161578067137201
161677191002041
161830298291761
161885019290401
162009409068001
162032413737601
162167182094401
162203407329601
162361474198561
162413146828801
162457659383041
162495727480801
162783365918041
162809594831521
163142961139081
163344430720801
163364687572801
163489670991361
163621916680321
163632498873481
163802272963681
163915514628481
164044264393801
164134078698601
164232164718721
164265134664961
164304285115201
164380193325601
164487671712001
164575191038401
164581351230241
164633439185281
164639607804001
164644943626801
164645579301841
164668575555121
164668923367201
164731204683001
164738483768881
164746909429201
164889574012801
164940878010601
164985158370241
165012342316921
165068795122561
165113523005761
165171309226561
165191208546001
165356687213641
165465839358721
165490437484801
165611525723281
165648513192481
165732436316161
165744719052121
165863475464401
165877271126281
165985923574801
166024197331201
166156278220801
166337046882721
166374387607681
166485526956001
166670039370241
166729059946801
166788532711801
166799071997041
166880296789921
166918190972401
166974338664001
166980386059201
166982017935601
167028233274001
167083634014561
167162710478401
167204728243201
167249353514881
167331507458401
167351237168401
167425331560201
167428193610601
167758117070401
167821229364481
167848327256401
167864971952161
167901651388801
167912085814561
167984542089001
168028079425921
168060955345921
168085069639201
168118143242401
168159820812841
168193777167361
168213541345201
168314060678401
168353245254601
168359922594721
168420377827801
168473335113721
168502497080401
168629493876481
168668688463561
168698975248441
168782733843361
168785546087521
168802370654401
168853100186881
168862727794321
168872275837441
168884596379521
168981453884881
168981460165441
168997105003441
169033067028001
169146585694801
169161129824401
169220312693641
169231342089601
169363304880121
169375207083841
169379993203201
169403922235801
169429067416081
169455505302721
169464204393121
169482458995201
169484507075521
169493385680641
169634283336001
169651508227201
169774165330561
169787538638641
169802331848281
169831195793281
169898789377801
169917194210401
170028218354401
170111991576241
170130456422641
170255706304321
170284541640961
170296923643561
170305408113841
170421587409601
170460933209281
170486709245281
170509065552001
170513265686401
170539734608881
170556137438401
170644071654001
170702670015361
170752009059841
170777079920161
170874265685761
170895892608001
170898066743041
170898949985401
170928847870561
170938586582401
170964727096801
171126470102401
171272468084641
171296198319961
171331304230801
171369428932801
171441014280481
171477945082081
171493270729561
171500387803921
171541309343041
171715743763201
171758414730001
171800162140321
171915060764161
172079684078401
172085399811721
172134041058001
172361726873281
172368360851401
172379942208001
172467700670881
172677325504321
172751592104641
172788427098001
172865128060801
173008191202561
173024830686961
173132470274401
173169348012001
173181061216801
173224950662401
173304335842561
173421737899201
173480641975201
173648311904881
173770173289801
173867617243441
173890920169681
173950522496641
173967963853321
173969566992001
174037235495761
174202357492801
174209114963521
174253307074561
174305989821601
174365789346001
174440829769921
174441884732401
174476570607361
174563730342001
174698415446401
174757674775321
174830217607441
175041984349441
175110339662401
175126102099201
175128840558001
175151880828001
175196964683521
175422373182001
175485988536001
175586539892401
175667299947601
175751164814401
175754531950921
175782426321601
175933472518441
176162347604881
176193202348801
176226474406081
176413435531201
176438199174721
176460324835201
176473401708241
176609594189281
176725659323521
176757582380401
176803855431841
176809449327841
176825589258241
176873000976001
177004441692001
177031085474881
177126076703521
177133838160961
177234772518001
177267984817561
177289623452161
177294282526801
177302313552001
177614126776801
177645295770481
177695423216641
177789484356121
177871468057921
177926698217521
177941747635201
177981246908641
178048787108401
178181662286881
178211778102721
178355059749361
178377906026881
178455496025521
178593546781441
178947212567761
179067387582721
179071689837601
179371667472481
179378459759521
179405192040481
179409545521921
179463986493121
179610278127841
179613100744561
179647611876601
179654840190001
179821464793201
179895889096561
179913900406801
180026798515201
180077020687201
180174243032641
180178242577201
180192423445441
180230884797601
180403859482561
180517367394001
180536365391041
180562015831681
180610883974081
180778727750401
180824330413441
180973358289361
181000278345601
181045059820801
181105927914241
181169813348161
181366547172481
181396745150401
181636888262401
181649379068641
181652974020001
181701038076481
181776498347521
182145244518721
182178002145601
182269026626401
182288321779201
182353891683601
182379141799921
182411101407601
182455377122161
182479437913201
182511516988801
182703147790801
182751559338601
182755595426041
182841620371201
182946811488001
183024485995681
183031790310721
183044411614801
183082073186881
183134783154961
183158568079201
183161695726801
183218478206401
183361346254801
183468848646721
183569736439441
183817870142401
183855499963201
183929313919681
184006040139361
184090822076161
184149402847201
184260298291201
184301895667681
184442807654281
184443922136881
184479102762361
184629907980001
184675059240001
184774841901001
184809102922081
184856109601801
184937219550721
184944361109761
185069648117761
185070004540201
185236001028001
185634806434561
185700303028801
185917939219441
185926034988001
186051017965681
186107851275841
186294954963601
186298916344321
186469565920561
186636296493361
186638838472801
186675253793281
186688097559601
186778057356121
186825638175121
186851380210561
186902632526401
186946321371601
187053773350081
187124070420001
187261099337521
187431485552641
187433075793601
187440467292001
187605815773321
187630498639441
187897381255441
187925384601361
187933785045721
187992638683201
188187931975681
188426471556961
188436650673601
188486391108961
188495218958761
188568024901201
188581231608121
188598222976801
188661664269001
188702252625601
189008416560601
189106157862721
189139406783041
189273309074641
189340423562521
189444789869401
189495802965601
189538070722561
189663193203121
189667665133441
189731472053761
189762548576161
189849923106481
189868814341921
189927497027521
190071357840001
190094957095681
190334280297601
190475127729601
190494952371361
190517802078241
190866257946001
191025255929761
191078230206721
191156584197601
191172290626801
191190369254401
191204708058001
191308542909121
191356130609281
191372461163521
191458598048641
191573722704001
191753166386881
191916086239801
191989869573601
192010024452961
192030568790401
192083115902161
192095199475201
192292622645761
192328469780161
192414422832841
192425399394481
192475360065241
192475451125441
192476263062721
192608432540161
192650342038561
192676721032081
192767473194241
192780311970961
192880915113601
192919924268401
192973877460001
193059328122001
193072988934001
193167689786401
193186970524801
193188100300921
193199051455201
193205402962561
193286431484641
193299049058401
193343331809881
193367944813681
193587575101921
193713316431481
193841512541281
193860281618641
193951263933361
193962227130001
193972261049281
194112651022081
194138331960001
194175964962001
194440224822481
194528386194241
194539158777601
194556837762001
194816877418801
194923728372241
195065831016001
195206607257761
195339660679801
195412334120641
195434073918721
195542563678561
195651385167601
195751237325281
195770548208521
195829777029601
195853501152001
195869429262001
195884254729801
196038989571601
196148295630001
196175148492961
196274207243521
196277277510721
196368436999801
196434954410761
196437716982001
196452968755681
196501539185281
196503902038081
196675018041601
196714571060161
196716561617521
196735029845761
197031863034721
197034382062001
197037812016001
197095452770161
197159255949601
197240892606241
197421612554881
197426767112641
197505571461121
197671775092561
197681495760001
197693469645001
197863981553161
197921068188481
197959320615001
198144644501881
198154124975521
198234019947601
198259642042561
198372495104641
198611859237121
198712486617601
198759614598721
198840868143841
198923721877441
199041575508721
199098383767921
199232366233681
199263513126601
199263940414561
199298892895201
199340298120601
199351485153601
199426370106601
199429020517441
199472261647681
199480940946001
199557685579681
199567568847361
199778826450841
199974275670961
200017048795201
200251959773041
200266170732001
200279014252801
200382416801281
200382468850201
200395955323201
200462874766561
200612708462881
200671085206801
200788818666601
200818725886801
200892562486561
200950028454241
200959269336001
201052338523201
201140641185121
201168770886721
201338868864001
201349112050801
201385873641601
201402869288401
201415848117121
201669863774401
201736374403201
201797335303201
201840660092401
201854674344961
201864051244801
201899418915601
201981333317401
202162641604561
202163725650601
202191123516481
202209960919681
202267868886721
202323067722721
202325676364801
202389215071681
202437329932321
202448672790001
202590983407681
202673759612401
202692058732801
202756250934721
202789646161201
202838132702161
203185529479801
203325213387241
203328401547601
203375391900241
203384786807521
203406513273601
203516056430401
203634213363361
203753493402481
203860355693401
203947281653401
203951647660321
204006950489881
204147413729281
204170298696001
204203142128161
204371898494401
204403876203241
204559961970001
204591030804721
204633240510721
204735504977641
205038284958001
205132668425641
205198271860681
205242618067201
205269122933281
205360369744321
205378164012241
205464048531841
205466793033601
205673141822401
205681364623801
205712441907841
205759165409281
205761398389921
205763030852401
205773769164601
205797250222201
205842877203601
205843751363041
205937499122641
205964963568001
205989093392401
206043790599361
206134477244641
206191723424401
206287184174401
206342334619201
206543790305281
206652992078401
206773388539201
206956318732801
206992767612961
207049340917441
207084042883201
207102786843601
207166111084801
207193046886001
207330266905201
207426008069401
207472669447681
207517869707401
207533663537761
207550072906561
207564048538561
207671519304601
207708474506401
207840746557081
207900197668801
207929505304081
207973534366081
208086649318801
208308146256001
208404187795441
208461942360001
208552966385401
208652305484161
208873070550001
208874564123401
208924146028081
209038695250561
209129552919001
209171205351361
209228203381681
209234733779401
209284466554801
209323601278561
209383373482921
209422419292801
209489624769601
209551169711521
209592651218401
209594801102401
209604262156201
209615759640001
209756398944961
209757138237361
209851990071361
209992770351001
210151950787801
210304524356641
210375928526401
210495386868481
210594586769281
210624559938001
210646738512001
210685350642481
210747102209281
210941663662081
211082625532801
211119362349841
211149497260801
211240109644201
211393602154801
211541844144961
211566349881601
211684603494001
211703858369641
212056460179201
212083713965761
212095601539921
212136353707201
212278626924001
212295310113601
212337074839681
212440280169601
212470464570001
212608143738001
212613169770001
212674519436401
212719935191401
212789648017441
212898765698641
212912393515921
212950553588641
213010282094401
213113811863161
213160612921201
213464562388561
213497637018721
213505391548801
213604334057521
213633812059921
213638979490321
213659485603201
213851098335721
213896833557121
213910108776001
213911326515601
213996053564161
214000702224001
214072508661121
214122733788601
214194686869801
214368024769921
214436818159201
214527581672041
214678381881601
214680070694881
214690985611201
214717651031521
214743167772001
214820788819681
214957764554401
214975217676241
214986596958001
215098587104401
215219707133761
215703858333601
215719120094401
215857402324201
215910369506161
215948672740801
216027772346881
216110134443841
216334503856801
216366098281201
216366761517841
216478101132601
216478692393601
216502477758721
216540579247201
216577456252201
216624210289201
216637385898241
216664137115921
216753114942001
216817744066561
217011871883521
217054332612601
217090455248161
217137525629761
217228416753601
217350098849521
217536422765761
217592790979201
217695204585001
217804595541841
217947597739201
218034764982001
218106956395801
218128114592641
218129646621601
218135341064641
218318301734401
218424197308801
218568752525761
218622092865121
218635120473121
218684025887041
218733051975361
218752052762881
218805024324601
218971590418801
219269238367201
219276559681201
219376422090001
219479750053201
219485383810561
219521467231561
219566439779401
219597625971361
219757740424321
219783821544001
219787524856801
219861490212001
219867450289201
219952660072321
220035564921601
220115154546001
220127236252561
220271450162401
220304745125641
220326208915681
220553400261601
220703152239361
220731050938321
220930063740001
220931975507881
220947628668481
221082116850001
221296898090521
221340871851121
221470868062081
221593279062001
221709582501121
221762338539841
221815048104001
221862613248001
221880491658001
221917735307521
221929183224001
221977411066081
221983032389041
222009199498801
222117775689601
222235142169601
222279773745601
222284065344121
222290778011401
222295511799361
222306090856201
222389544343681
222391138647601
222391507141441
222442552680601
222518900536801
222556368332881
222718028866201
222757574467681
222798070544401
222815058697561
222840094008961
222840906674881
222900551160001
222908900846401
223309813009921
223347191523841
223411615393681
223432977811681
223503531365521
223558660652041
223595551342801
223615682262841
223617768534721
223765159101121
223845583644001
223861160779201
223925187009601
223952500930081
224135434042201
224323153941601
224511546047041
224515583187841
224597842869961
224766190172161
224774245382401
224785552924801
224796476319481
224846879140081
224890116756481
224891118816001
225087705835201
225177086337841
225212268744001
225245995525441
225518319624961
225593807085361
225664511040001
225677691741601
225768240174961
225950588710561
226038694365121
226067652642601
226089061254001
226379179019521
226514493930241
226651445002081
226656221878801
226829260963921
226832924682001
226918264107601
227312480682001
227358900095041
227393703457921
227457096384001
227528333476081
227547164989441
227590557160681
227602460097001
227624722864561
227639886274801
227680230936961
227887844209201
228082821348481
228132074476801
228222794116801
228339026793361
228356486124481
228375400771441
228477628290241
228494889423361
228631171017601
228652240078801
228707235415681
228806525762881
228838387640401
229009662685441
229083299424001
229173957501841
229368722435281
229378220154721
229400928489601
229442784137281
229443651884161
229491848287801
229602442910401
229654462315201
229741821288001
229806938229121
229835564665201
229886472009601
229929264149761
229992206808001
230000650277761
230419233167761
230431365712801
230455222404121
230557195491601
230565479508001
230879898474841
230955753712321
231402055248001
231430372336801
231922974533041
232066847209681
232287243108481
232514465057281
232734118780801
232797226259521
232840713712321
232868461654081
232878937818241
232931194952401
233157284961601
233383780639801
233438622485761
233491548931201
233502741158401
233527609602001
233558497245601
233568814883041
233572467697921
233796737260801
233929320542401
234172614999961
234462845257201
234484088368321
234722262738601
234806867033761
234816024446641
234839828026441
234913804473601
234914660403841
234943685303041
235015191574801
235211557641841
235235708072761
235370050852321
235498158982801
235572608250001
235663840776001
235783373072401
235874423332801
235877591617921
235944926380801
235978814154721
236061584496001
236208502555201
236318357802241
236809751850001
236818366228081
236885235878401
236973407810161
236999770371001
237093717100801
237191695764001
237255249949201
237272576917321
237276501487201
237303254574001
237327914769121
237364900816681
237544383215161
237576438777601
237583664220001
237615550723441
237628839873601
238017935312641
238366117433521
238424088198241
238427915969881
238502200515601
238654961884801
238736518904521
238785237608401
238873546978561
239058810834481
239076783429121
239108016139201
239306198675401
239510136176641
239588046784801
239596615369441
239680195272001
239949629957521
239978424033601
240060909735361
240069889106641
240377009544001
240392157858721
240400129132801
240454874026081
240492945969001
240576980238001
240642509110201
240779573489521
240998476011601
241189494624001
241231436971921
241344129316081
241371131405041
241375669470001
241410819552001
241466956766761
241520356203841
241557359616001
241650022713121
241693739164801
241711338216601
241725664014241
241806056256721
241884580224001
241970558331601
242103176965441
242204573779201
242432201073601
242505141165001
242561945881321
242605526567041
242710513516801
242768862453601
242982878055841
243076138930801
243130218710401
243237798039841
243354830517601
243423921535201
243513869886001
243639800367601
243759557512801
243981576215641
244004582671201
244023283169281
244044460623601
244273806201601
244481023394641
244618563315841
244624387694401
244727937671041
244796703197761
245000013336001
245088707230081
245145464928001
245163678686641
245281847328001
245319544548001
245354523180481
245365223571721
245418033544321
245439737066161
245565207044641
245572295852521
245590696249921
245683986912001
245704837341601
245705343287041
245872858023001
245881295210881
245939350020001
245990111734081
246082738834801
246219215205601
246297089318401
246473440315201
246658063930201
246685199530561
246783071321281
246815322408721
246862689703201
246953113349041
247193921923201
247299367654801
247550911725601
247667550093601
247716646295041
247881073668481
247881143051641
247933635112801
248003418300121
248064207622561
248095449159481
248225548471681
248335533202801
248347124262721
248459772844921
248467618362601
248493146760001
248550638321161
248565261385441
248574472309801
248633963536321
248663637709201
248688030746881
248874730182001
248883587316001
248983643715961
248984416740961
249041323208161
249079448658601
249164012427121
249254963521201
249264873282601
249397611340801
249424315534801
249507901702081
249726552959521
249806679512401
249838702551361
249854889352321
249894351470401
249907133513521
249935564725561
249955911676801
250000905930721
250224373113121
250340615539201
250349598601201
250356534062041
250457588837401
250500559115521
250517592889201
250536498298801
250565384433001
250650433560241
250651070969761
250946027415721
251071598461321
251108637343201
251166024887041
251183571835801
251244975723841
251534441808001
251553934195201
251722252874521
251771390348401
252217506326401
252296862873121
252400067236801
252430228434241
252445868676001
252461994991921
252538609995001
252581134973761
252643343251321
252735378336001
252858159751681
252900052969201
253020905083441
253086824431441
253235316962881
253293671200801
253424462054401
253674196782721
253797173594041
253896937827841
253970055521281
254032089376681
254039754024001
254047878756001
254152895936401
254511795518761
254570209340161
254582148822001
254699387919361
255151002587041
255231024192001
255544166601361
255849361084801
255875706616321
255970679328001
256001274779041
256070518531201
256075968943201
256213059681601
256324810089601
256341716691841
256409436438001
256469738985361
256470300172801
256520171185201
256526235186001
256737037635001
256848464479321
256907961273601
256911961269601
256935018266641
256968261476641
257076646344001
257086105516801
257218832314081
257386389069601
257414121848521
257490392042521
257532863933521
257568125270401
257648505481081
257780009030401
258304363416121
258600079248841
258703302458161
258706820329441
259100250973201
259215662559601
259235270297641
259304057671681
259321783910761
