120883252554361
124925749472161
155773422536761
206932492972801
366715617643441
599795373373561
708083570971801
775051356880801
830122515540721

1616811654410641
1671485035494961
1907527832847001
2327452403613481
3001197419536681
3299816828607481
4484354372982001
5890977080803441
7962198784606441

13307302842757561
14372275759642801
15770698344469729
21300662225692801
21705332950748161
27983254576579849
32733304681137841
33645323261473561

40161787648434361
47641337053947001
67500337801216321
69997722814000801
70895950685971489
78816032617093201
95163987362445001

120676128165709201
130980397173803281

255504540138632929
261530522408427481
276119776480892329
280287492610658401
316028259994746601
410407046325770689

433946359257949441
530748979661826289
626469997511899009
689413587109243129
748159257981320641

807481759780458361
990216375128633521
1013137125398586721

1282250472475911121
1547058675901265281
1659264916949696161
1790238332767149721

1918065737977472161
2316788963247360241
2353055568483519721

2837473964995584601
3204623057994165601
3253211378651868481
3464444009739447361

3925332450348287761
4078673327080235521
4250959395766595281

5114362217127775129
5553470188058824801
6085554451455032281
6190267506801606361
6454738621357745401

7111378079269804081
8457973119585991729


12338863344796885921
12581455518598957201
14776249400492951449

17580992702677173721
18837153988700645521

20425489261303720321
20557750739805030961
22720749301118310481
23357643837462617761


31360322407921446241
32048359577315529841
33981897212855102161

38646923693609273329
38895712335869210641
41843392743174040801

44629065838171473841
47808778491723239641

53654694741240823441
54407310976111501801
56849860435977073801
57232751661879423841
58028683233546250849

64251158375255362561
65763510701005102321
68625768965645321641
70520714539868251441

76815998659354095649
77470366956890076001
78440289479559072001
79167743386666445161



110210468278270581001
117496803447046447561
118023300545190612481

130453094554073623801
137413233452334278881

149141795157512466481
153962300233042008841

166057591990140854641

185624737817836480489
186861041813941137721
206875187644809818161

213243396598350211321
213412722306274263241
218670766819135379281
228092624683756170481
234662870877890821561

247998670037308117081
265171051655472558961

290235612856571178121

304766624032173894241
322389635806154516041
334266260958949475521

335513933632814011489
346860380454658707169
357617050279984008361
362143061140420212121

373993966755061567201

410278960053024233041
423892073793227287249

460928908699248538081
488867165894001389041

497277658315356993361
514009053235826104321
515185274706712908481
516489611438939252401
519199960567706717761

562804334121532578121

622143341135272188001

686976428939865734881

710815221106797749761
713606342679648631081
735439036567505100481

767735973273715124329
818591102272974888001

837249572077613365321
880210611540665859961

954184435115587104601
954374655876612120361

992021185230818595409



1228168585733538234241

1333783746008878284001

1422453534612866421121
1503821595587601607201


1691627261714546754241
1694577692399970366001
1735937532252949561201
1762815108498614962561

1781086984496811064801
1823329340245297935649
1841004007739850313081

1898962755327661628881
1943978904356398769161
1952964452635951057849
1985280202087836564961



2301503921999791187329
2330497775748039035041
2402666384728105923841
2411154875787972300361


2557983056545543080961

2787547961033193471841

2939994907418339846281
3022308824718613747681

3134501127561106990441
3138075257855388919201
3172412254553322461281


3542829583200607290241
3555424685653410480121
3576151334521773061561

3689265372907465008721
3763050659118340260409
3793630417323053272561
3810163005665096333761

3876935120665536646081
3896461727369811938521


4363817382903578825161
4490101950267665225809
4493164977756225486001

4572536508867974542561

4834881982227098912761


5408422032588954874561



6359218553196626085361

6662147121468024240601
6677398861986225777769
6739105372366502533321

7052564098384840198801

7243118600746302820729

7430833211177400263929
7578888290534276301961

7840682634207721821121

8182921135775985456481
8442220056449948193601
8453141425854814938481


9170579611463288501161




10749888193300127418961


11348627561883173057041
11710597360056333492601


12285655206934488350401
12426028373812185011881


13659249546239647402081
13744652966198061841441

14044463280536116942801


