7302019324973689
7571179797474841
7707560835233713
8399755282546561
8698495543247329
8789280764250673
8851200279247489
8879515084294849
9154363744466449
9385627050687889
10026579445557049
10163123037484369
10306558530613201
10645633079780161
11471342619553489
11510209096108561
11781591179813641
11861231896311841
11863198010637361
12048294678256201
12463964304459649
12725253502486561
13094601573900289
13868548424616817
14706128089219393
14849273835841321
15138527475872473
15155392438352041
15175383912764641
15342130676656561
15916534513181161
16816181064527161
16954933024340137
17001490051595281
17122309081969681
17222002679325529
18754963404429961
19306711480422601
19503069564219841
19511050096715761
19803508198764841
20762606743320241
21710303490722617
22282535298865753
22398757893424921
22422567856042201
23300513977847569
23714558983378369
25021318915015201
26190196109707681
26639275332486769
27123209915775121
27587028243230737
27698343540405121
27811972739785537
28095313209577177
28522260109549201
28896945493139809
29232942010239001
30530070173245249
30589969485121201
30936519433743841
31244702761428049
32173007596181761
32404785447794593
32446033381515601
33439322836054081
33523701685612849
34085379626653057
34861396341519001
37844059834077337
38342747289453601
38607675144682681
39183408049361929
39539614290234001
40036564229066401
40879145102718721
41163165753060961
41523042739172689
42029896963774249
42472397865876481
42816515993159473
44094538584499969
44334534900678049
48229347730267009
48427099697467009
49397154446955001
49467518420998441
50109731623580929
51206069171269321
51553743893120281
52578710157756481
53170579222638697
54631150148220049
55590133912125121
55840255853451073
55841925075739441
57074453297304481
58008197919932401
58044253012779073
58596350773773121
59918912372904961
60002637240211681
60738404306199049
62147628037923481
62789723063110081
63987520442265337
65767824142205329
65900639743809361
66519460905298201
68010741102575281
68050513737659041
68582249575558321
68792384313823249
68939514615594001
69072056459711761
69609208835569441
70615098077048953
73655567512453249
73826996757692977
74963582153737729
74974326736233601
76269399063211201
77134294205613121
79312857398629009
79448604594847009
79498717673755753
79547567348185201
80159915834573329
82026114317439937
82714829553427969
82734043127979601
84154967757315841
85650757217624881
86353580705841121
86366573416886281
86588589775217041
86970813342414481
88445366010366721
88617082881047521
89461948216687489
89484366908822257
89798119745156281
90040377701264761
90205881979472209
90356642335648081
90852043300124401
91873102201373641
93299776563814969
94030441159656961
95388438884231137
95974772152361761
96038563307691601
96846083247853081
97573063784173969
97722132304167841
97748177760251521
98323612685823841
100667845711686961
101094911492815969
101393560363077049
101424649208080969
103342965546161521
105917383834752601
107178090637036897
109847164530240721
110202735024239089
111279307124804977
111356092597117681
112263701902454881
112618882491698521
113091696090108961
113870999075685121
116245179164608849
116262597883023793
116386187549425201
116941752836783689
119466493886110681
120144067571267281
122145118778527321
122319857802905857
123704866378405369
126028606930747009
126111270258879001
126895667155326961
126920188001129857
127994741777091001
128014344241272889
128277104454217489
128781234959377681
128854975549570033
129478034254879249
130463268130604161
131399452455367729
132150536428027321
132774724004585521
132920227237465417
132961141291357321
136542713026776961
138541148552471569
140377198415593561
142478530574220481
142514523202143913
145632452635984441
147582027428575681
147813092959564369
148878448445367601
149192132838471361
151101525068796457
154083150636094681
161511289554227881
163106318857364401
166069376782480081
170024366200927393
170093984621054257
173268734947287841
173992761483246721
175518221981560321
178353483380891281
180500562112345201
183120851118534337
183686454822018961
183735206400264481
183891636973780009
184137634824799657
187564710638464321
191479263605934721
192113551487220481
193259825484623137
194191246892441401
195016640069530801
197701043056507201
200264200140845209
200499831467060161
200680250677512601
201879379908410401
203381857286990713
204257624128573441
205208519820568489
206039317993632961
206083426932167401
212455054603698481
212652962354547361
214383973248550561
216440416710934417
216696143505299329
217112122329340801
219027396268812433
219320468779720681
221469504815853841
226390358715544321
227586342307652161
227618058033583201
227771918237608681
232348939120439929
232978583110019281
237290346044311201
238039239209475601
238326424024806433
240735169983546577
242878279513120417
243587752488206449
244460308808448961
250453144317252241
252700294522377241
255193675403210113
258346154641608001
259344104520274489
261197820852903481
262920869496912313
263975121130394449
264270538873172521
274940904738267769
275750577081352801
275805169113099793
276308433285857281
279495486657900481
281163108652378369
285315923418298561
285941921967836353
299103127992249337
300330332911253401
302076335494297729
302360755975869361
304795580019227137
307658881148942737
307740576349167193
307924830432219001
309130964577623161
310650764508099289
312465300037625281
317053102521558313
320864442854820121
321794075623594081
321895784450745601
322417448201688841
328700102152298473
328792956804603721
332406667607148049
334626781698311761
338721746165552833
339153930113148481
342002669973744673
345466850945927929
347592758857020601
348849795614636233
355038100491215881
356008093040545681
358904314027804201
359801823538512241
363846704092799401
365783067557357473
367361827894812577
369889442596002601
371554743680861401
374178403144420801
375831586839139201
379174976112325321
382951301598645121
386533583074266937
387418939301655073
388554284143270393
392292715897212649
392967651675158641
394887129107500801
402108996356467993
402325014120807457
405503406130104361
412711304029064041
416332566455569681
423728764278540073
429731044799330401
429786244716897793
430397855211499393
437596695135460369
439420603010983441
441523822821665377
446046820842609121
446294412954618649
450723178900592641
452253748507002049
453474951217204561
456155518165309201
456882186009424321
457899104865176353
459778710591963001
463332860101792561
465089178006917521
467425330292391409
468710310129919801
471174856808446201
471674772470726401
478322620840326001
486066538157119921
487350167880924721
492217496064104449
500106093844574593
500456938356667153
501049495399782001
505857991309897801
507620202746858881
512129639830242961
512314428364551961
513109311064879489
516391333866541057
523186075545596401
528988734261366289
530427376713515737
531294797612728801
536586322789249489
541018065485046241
545386118447632681
548176994492259001
553094366160488209
553226609916280081
565378260031189753
570681844759406161
572975932021467193
575945091947096929
579521619674253241
580237273067799601
582074857169517601
582098500030112521
587931873827294041
588753690828511321
591515872032000961
593316487622209177
594025521364531801
596760317208623233
600340876880230081
600524307582575041
600534573886061569
603220315961443321
609768900670541041
610900620715282561
613706032430338849
616682296978669393
620006573241440881
622553022661377001
623766357906970609
623783670336047761
627182647111299049
640306839605018881
641455625720954089
644454928407730801
644829441383263921
644906573311731121
646143101941006561
647362671336033721
650300305047409729
654589943763325417
662663403615394201
671291208577660609
671770303633071361
689045570486890849
691983800930205649
695579348770482961
695842718949804889
700853501361479761
702627999214531969
705105886948680673
717908526738687601
718781069267786449
729275766862409713
730906886012272681
731544667123960201
732350442519831169
732463484897983609
737328082368330601
737474722958108521
744788572642534561
745318212982719289
753289881205094641
753701296351438681
759975697199672353
765595284136418761
766502859795999481
782050821152532961
782831246761063081
783011215790440201
786875711778197161
789240664803251137
791219731110557401
795550673521684081
800322617674524337
802031069310369793
804137171718201553
811437413364776089
814737689316496801
817321972863026593
819747739431210481
819839633205619801
822349726400877793
839895838222564369
849615715539086161
853206711961093921
853795038469012417
868241754953272801
868365178607069881
871654349105007553
872045170001334793
878760896499002449
886774818845516833
888977337282352921
893055705651997441
894566365303046353
909620853024003121
915248813510360041
920637708408441409
920692005503676841
921840444703264321
925291439396318809
936575901598679161
938298785990224297
939541360970073601
947785177643080921
948038379295693561
954094270170773161
959850448009252801
959944159461543961
961410867119541049
970763554625284993
976442076276699817
980642298813090481
983642815565957401
984566133890581969
986935089208055737
989981149912185601
