31806880916161
50815018391761
64382708738881
78284372980801
84620267010721
150841244710801
227739744426481
244948756979521
273293925609601
280360079382601
292012742355841
294971436053281
350477543196001
364966984465273
387189055071001
411402676639681
412068167740801
464184195190801
484653851579521
500032868085001
514080821792161
567569745876001
610235187836833
682001275113841
685302240873601
856417320302401
886277696566081
914615543582641
950411907884881
1008727698919681
1027745079036481
1055085704818201
1077924352307041
1156018880459521
1214086043276641
1277968696027921
1283079282256801
1292781635133121
1465162505854321
1485103896495721
1621883661820801
1662199656717601
1890669673391401
1944805168474561
1949325706719001
2049085428937561
2088348251552641
2089185643702081
2293507963656001
2299629053400001
2460286870536001
2713057146192961
2838928228563841
2920941654952321
2980554257054881
3050935592638321
3171048064090705
3565858358916001
3775806663667585
3944796285764881
4124594901462001
4254131842047361
4654852764179521
4986481764869137
5194380227455441
5288720994722881
5455650071252641
5509749027156001
5543396587159201
5550496166480161
5772547666351201
5802501470162761
6037673394884041
6090620580252001
6278002240895281
6395260630842721
6438067546092001
6483003471129601
6607806611729401
6652276039488241
6692213917911601
7181160523750081
7260905237851441
7268426364864001
7729040502069601
7834950419218273
7842409008907201
7926271924777921
7949717368153561
8062277113027201
8185647958924801
8234050914885601
8471094723574561
8530657660964881
8614727140531681
8761971013196401
9302066824296961
9889108254224641
10091462097293281
10296246630689041
10415431167064561
10512125106462001
10654801127848801
10683931821735601
10743209505749281
10843257688624801
10877645261107801
11138435246584801
11146384611537841
11260661315904001
11281460032125361
11380381888829185
11407072266012865
11431347536601721
11580922007061121
12012125292180721
12092618411274961
12239680882847041
12317617108314001
12589717097542201
12651090313614481
12721320083072161
12986420642260561
12996589894965601
12997573375862881
13081354487132401
13274150212572481
13708193114579041
14238834498796321
14474892056880385
14750446611479041
14800204110076561
15659756209810441
15748776401838481
15812226791665921
15946695673570801
15954538205388601
15985594776809281
16012088623767601
16086468970373761
16133221179410401
16204726873200601
16225360480193761
16380564909231601
16494885831241441
16622689018622401
16724983569892081
16808157628997281
17399570938387681
18194271918100201
18208769279944321
18750519211326001
18810267474171601
18848824072485121
18877795806907297
18878193527079601
19127963683775521
19130664297840481
19165767450558001
19220732170879681
19256228945385601
19400694529694401
19413605795569921
19450852071668641
20086654565638081
20559518494401601
20901311398134721
21614448094864801
21679759530031681
21847026806478721
21880890557613361
22296673659503881
22475757564197281
23327935862944609
23593460289940801
23609940221325601
23758726162659841
24017462596798777
24225713418760561
24338541381698881
24395845534329361
25301336819685121
25851435513867601
26168461054016401
26207990570664001
26213662739907721
26400536820997921
26545515920308441
27309177771598801
27897134655307681
28217310999595201
28236993140452321
28372703012550001
29320892894689201
29726285807200081
29855711692996561
29892029919559081
30010315905133201
30336157125489601
30646563589928161
31062984513550561
31173585804753601
31176282886552441
31194068974898401
31202581367623681
31383657188788321
31616823818412001
31850478442566001
32205371221189441
32529403364572801
32700168400929121
32937508327028761
33419657199625201
33864525983544985
34032752544117601
34052730511131361
34537806700647601
35192411105367601
35378653607060401
36111318238039681
36111958764399001
36474336740288161
36799940288950081
36899398791360001
36957353622833281
37062923333587201
37099384804248481
38231654142052801
38388652228115281
38409899592778561
39468567688804801
39486482881846561
39581792079170041
40031520199832161
40106068941347641
40247854561225441
40603059214068961
40974744197923201
42387219000453601
42480552649002001
42516649719507601
42526503789172201
42916167472046401
44020922113224001
44204731409885761
44710743128345281
44941621839508801
45120957866810281
45263159715345601
46008774646836001
46327456534151521
46369281831999841
46439692350798241
46647576784326001
46663704194267161
46734122451663361
47026003306654801
47632192695239041
48372110981902081
48564520494524161
49692777792789601
50637197814231601
50707795257915841
51780698767244161
53136599971733209
53375480284030801
53545320695780641
53909956673277601
54380315544594481
54416932462116001
54471113481012481
56085905797608961
56329007269374721
56610039555907201
57259775828661121
57287163745169281
57292317762351841
57320116818879601
57552686071701601
57670847231304385
57929904459277201
58087693404457921
58453027827216121
58519903255244641
58610428655779441
58677154270394401
58807968975151201
59095147686845761
59413968266756401
59478687213516481
59498587847509201
59502857388867361
60139522009788481
60495310857486961
60515451287755201
60813891994554721
60863069175249601
61127385951906001
61945236076518001
62046857182353121
62104641299489881
62175665680564801
62498748286107001
62946734031561601
63061722415995121
63458026299601921
63603102059861281
63782811170322553
63924417413536681
64044334797114001
64869179027844961
65581986023175601
66102809303500801
66315625840870561
66548731936377601
66796154149901041
66952831821762601
68201711288197201
68423478257275201
69082797365361361
69289198213016881
69728083539589441
70058664173094481
71700450939114481
71864263335992401
72007392814119001
72086127125758201
72380809250038801
72385040486279521
72513900003870721
73526891613991201
73589362163483881
73870244051815801
75489428982924001
75718913044975201
75794551663748401
77343274057976641
77729228953400641
77963055204162241
78400637664854401
79124102582600881
81163796039244001
81769116050979841
81877754178037441
81973286094245401
82004398678339201
82015588529127793
82625564232837361
86063213943396001
87856121561628001
88192465741774801
89173708426772641
90247085105667841
90385160996827201
90418066999444801
90494769992113201
91021794448014001
91460468692527481
91971266399493481
92945312459703001
93742610802204001
93875784298783201
94494298101647401
94561252086708001
94629688859800081
94969592404317121
95065996332292921
95508984377096641
96319114834389841
96355587301733761
96456637782777601
96720399946006201
97471918031503681
97491483489872641
97571558940121201
97606925818248001
97705793093313601
98039785940132401
98919892768878721
99622696610758321
99873800322579361
100407322470659257
101105711201143441
101179077940936801
102306155434086241
103415330635596001
104191973892552001
104564023938983521
104795227347174001
104897203921748161
105664714667366401
106902926759217121
107244552975019201
107473646345582881
108256872061071361
108752147135049601
109599057069742801
109767633780420001
109923526853380801
110297134618302241
111041105688676801
112539473805158401
113936563721582785
114060808413558721
114430150301013361
115218266596443361
115293253087213201
115504658195934001
116575876331402401
116725331945105521
116810999657402401
117023971566849841
117167817932786881
117317425347934561
117964596638406001
118253278447993585
118631461667599441
119035564479893881
119269620399467161
120488751940147921
120657399739483321
121003756741879201
122058801215505001
122121486274619161
122986972514165761
124774454704284001
125027707083224401
125081826984601201
125129294085612961
125546715127360801
125689881873465001
126721606378453801
127504563034473001
127740649044481201
128155633064975881
128376412299122401
129480313590388801
130568797814604241
130706473988851201
131586207023565001
131746051169505361
131757951601710721
131867509776569281
132085185684215401
132199110433147681
132401128530323521
133067129721518161
133316741172381481
133801226252089201
133922910679887169
134306177445277201
134835793820442001
134903472294144961
136282332756351601
137546120143004161
137868734366670385
138513168408021121
138543534896628961
138812520515035681
139005856931932201
139245088939356961
139362195076569361
139526744508547201
139557127232991601
139645753052591521
141125066711098561
142093533187186561
142207179496876801
142710474947651521
144301235498556481
144583745038601401
144792131722842241
145001233111583521
146991196288080001
148655340188823601
148722473568123001
148856163367846321
149457349464401881
149544076319807401
149992136853035401
150127216237691281
150694862002432561
151597118850344641
151652538611763841
151922292274533313
152420199560909281
152498020123103761
152520777066612241
153916656097851361
154078398936803881
154187201877415201
154720099456105681
155205608254119361
155299138576268401
155389442819934961
155635429209321601
157009796968911601
157501513247922361
157555254582897601
159462813204854209
159830012272694401
160016680410288001
160325917066998145
161175147661314865
161521802327849041
161933686742817361
161990069665641841
161991507769910281
163372969165034161
163481732561856241
164863732096218961
165226066736646721
165732399489923281
165802787494185601
166095421479048601
167175119794562881
167695498070115841
169882204479674401
169945854500822401
170313731303875201
170335740031105321
171174436602492961
171993711336955201
172083813868684081
172264139943754321
172410388617433681
173018494489327201
173338048464628321
173473769527385041
173505541588380001
173836811523291841
173970899210222401
175366265637067681
175657679716741921
175788713859645601
177170909766096961
177307977092148001
178216550110238977
178847263247405761
179008064758212481
179669051107786801
180593164144598401
180991260493730401
181934409937260961
182010797177015521
182246655090830401
182495806284340081
182570489937239041
183214111821503113
183365233683836401
183784814801723521
184959794671651441
185486167049652001
186105710708205121
186427422955257121
186632559267976801
187299473755000321
188148500457296401
188652767209633441
189128093350772521
189174769029614593
189803419618896721
190637881767264961
190663266416232961
191102134827567601
191913959855238601
191942412850753201
192530086195734001
192705097801878481
192971531313578161
192973802786013601
194289894985593121
194442450906278401
195495416775902881
195907988551633345
197003876210485345
197094784536810721
197368582877762401
197794793871380665
198934452568247761
198980103728190961
199383923568785761
199602107270092801
200139177288065401
200145947533515361
201499232637306241
202162422987312481
202319067915210961
202413852622200745
202431063531438001
203508746010576721
204114446356030561
204302914838150401
204309496992959281
204415437417954841
204790603750857601
205594704148030561
206624322195757921
208845357159060721
208871503702545601
209987440552139041
210411430549209121
210467205658760401
210739542031378801
210829939615296001
211496426318209033
212251276128578401
212411137758462721
212480439357039841
212914170205339681
213828488052626161
213891206812748401
215402139094141441
215894341261922401
216390284071379041
218300316795525601
218818653203555497
219566730180863521
220675095232678801
221053760411121001
222355265448890521
222741941291432641
222945296684392801
223308312391426081
223633038851701921
224149903669275481
224284559085029521
224557926193087201
224892766335837601
225628228952910001
225740246620783441
226354433836970881
226727096907407041
227201213280699841
227818277350370785
227891368105427521
229341560577953041
229491743087350801
229790049839912881
230313912519453841
231391444026688921
232650327087410401
232977009061661761
233840328753034081
234002565877062961
234540064923952321
235972925141849281
236439405236149921
236946867367764961
237331479707874721
238022252660888641
238128078152154961
239170789485270721
239193808571499601
240507699242106241
240993161101143361
242090180374702465
243559245376761601
243789701004732961
244094195037030481
244658414370805345
245440847782465921
246405480578631361
247954205965289041
248085300357271441
248528716370917921
251317831798184401
251575352999056801
252027267004013761
252317773222139521
252714959294041441
253217758677181441
253737408447440065
253924986692220481
255545660426943601
256700379674249281
258384711527236801
258699744867971161
260145704440258561
260234639978864761
260615066066328961
262006844816589601
262141761714290641
263149757383550401
263188370828538001
263701482231683665
265130168606740801
265452053844499921
265502045775114001
266000504290361281
266149979961902401
267339924649632241
271534716448158241
272419661831194081
274080869356548241
274343592572612641
274355127857260801
274497456482023321
274735324299854881
276095732663318401
276101150818416001
276425814492812881
276684519159594001
277627367234150401
278080999107225601
278148247434620641
279355476328498801
279651903787414081
280838262078869041
281038102914286081
281253330033777361
281600345207427841
283206638828714041
283918001954532121
284235119432334001
285257440973685961
285327336366515521
285665358701255761
285743025645487201
286172525388516481
286323877093572865
286578950528011681
287268855299395201
289348695494873785
292433912163313921
293702960659752001
294225985415048401
294678518397856321
297894060131243401
298894740463100881
299141077215088801
300101142098349361
300190987541415601
300902746548286081
301125412771092001
302532322924641601
303182191738409761
304548848344647361
304833843166154401
305351153859392641
305670261405912481
306133011502876801
306801173851185601
307224962427384001
307368755902010881
307456846274662561
307523565904121281
309635577241208065
310823748130089601
311109790993986601
312827016188544481
313085258446665601
313236157984632961
314207412315735121
314335287242867521
314342871733013761
315923942569878721
316163898742809601
316853620607079361
317447726683061521
317821100892865921
318023499277985761
318547231260123601
318613339525572001
319203888171319801
322349027951764801
323181096821846641
324154389833477281
324544714397772961
324804128116360321
325933728168535201
328386252996728641
328646713726281601
328727972638235521
328769804305640881
328874315843253601
330618162187510561
331354020003313681
332460641432162881
332901284684885281
334182902828410441
334615981490498401
334781393838645601
334964617504483681
335418760546627681
336412788466204801
337197132042473521
337197500526281473
339424364975018401
339455433777838561
341122743917255521
343454682239432401
343590000175863001
344381485362435361
344410311240041761
345194819315935681
345325367186957521
345714264254923201
346050839045620801
346233628764928801
347732120168072641
348299000397114481
348554570344057441
348586379711665921
348625353371493241
349253556645082321
349305477817383361
350507683625068801
353162436055279201
354647525025072385
355116453651792001
356149265364837001
356233498461167041
356947335780472801
357796123902504001
359206772318684641
359649687669818113
360731628948787201
360880869276632881
361630168960165921
363068584935900481
363370109967051265
365034164922604801
365638508913444481
366083171594474881
366633971555735521
367077536451269281
368028733088671201
368511675477785281
369901183523116609
370578163814308801
371746465195163761
373100202374094721
375699988702584001
376109586602779681
377158485415864321
377374079050008481
378112269809612521
378893530344791281
379016678790691201
379250510139214561
379857667859457481
380180932955634721
381102407184436561
381961742697718201
383414087997208801
386437164921057601
386601955628168449
387364070502717841
388095250773474721
388937132113038601
389102789220045121
389313377143204801
389353593797296129
390033002639511001
395369759202339601
397011393198363241
397771205149718401
398353556815217641
398947605066225601
398970937676619001
399475310397690241
401143029109059601
401688890360520841
402002286524190001
403307533234488961
403953849640303201
404004130658812321
404240927319996481
405076472423669761
405626018517934201
406724704381844641
408213725140728001
408459438315611761
409227065946941761
409537739178802081
409895755768156801
410165491161913201
410459425958181601
411523951464843841
414169497033803785
414304219379216881
414384109273365121
416935624837651921
416970294696313345
418688897085345601
418839644961264241
420377741725606561
421204125011886721
421591610137770241
423169151222868961
424448037252260281
424660366492165441
425290698640953601
426709943990416801
426978062740343521
427190767278962401
427742578753733881
428758354453826881
428969575156094281
429316472615940001
431488191817488961
431924547288541321
432741626154614161
433903126915762561
435192733607133601
435743803558560601
438016148979276673
440347054271493601
444012847955308801
446288032914403681
446375174684272561
446500119604362265
447728585840499601
448660853616218881
448778544841448641
449024088117173185
449555416367611681
449702125042897441
450698850226875601
450852210295333561
452336428529108929
452377125742399201
452902293471358081
454996477072368001
455459083973470081
456863750399694001
458707917825072721
458853329034017281
460814286988742401
462324951402834241
462443393837124001
462506699297173441
464990821938246241
465434260995273361
465658579513512001
466413429515916961
467295577550885161
467770438514973217
468812054306604001
468941834398418641
469573281596946241
470763443210491201
473130389807010001
473163714656010001
473300284199964481
474611617612143001
475260219510739201
476598913526226961
477411415111051201
478132853573048401
478283896520371201
478509343067965441
480539543408324401
480923135062812289
481056074371494721
481063524621891121
481265736860238121
481336168862203201
483198816930233041
483340115918222641
485361316568010961
485520352929696001
487753705727560801
488864007534604801
488985902483349601
490543928451214561
490701858631099921
491811273650047681
494075734511766121
495370095074880481
495838228437056161
496348509140527681
498597739869756241
503008205148386785
504540523047965041
504882705975832801
506410010342153281
507322352892510001
509398953641853121
510134750962603201
510171041981291041
510547593738516841
511660745411412961
513912688142325121
514601997487032001
515655882838429201
516348864005330161
516981198294069265
517245711419408401
518252004928357921
518836612741493761
520254260035368001
520722900452106001
521924649272454961
523439583721220881
524247412223574721
524588507047347601
525574646365723201
525924217555545601
526861766322968161
527497153237913041
527501485175243041
528195824458243201
528369631869202201
530213718495384001
531477753259496401
533306094662628001
534429325488391201
537597915669541441
538039066475512801
539935910937697681
540934711511362561
541261240541597521
541887265752782401
542717885246709601
543335618301651841
544412823434454241
544821620612283001
548197118425386001
548299438325654401
548710290229308481
550233660242145601
550338334099673041
550748797573772161
552791458441721521
556215624300093121
556906620391799041
557916460595731441
559113954332821921
561560209018552801
561816230441684401
562222157645554561
562632043290021145
565276288136369041
565422811442557201
566882618043057121
568024878324103201
569542032072316801
571008939783912001
571385332816865281
574711005401542801
577436591396397601
582277663920657601
582365648576275201
582758078257976401
582960087566645041
584151376574215801
584493086418016321
588497000953262401
588722420823919201
589411315078977601
589711575469343041
590345745945755185
591800300196789601
593420309687091601
593824380912110881
594643933275084001
595659798428275945
596939290764134977
597288344560452721
606198128591684161
606496933857816001
607028466693533041
607223935146848041
607232950240969081
608848666361097121
609759760541310721
610968123006761521
610998011332229521
611241145306238161
612103604005136881
612561620702862601
612863314970780161
613130494864814641
613638942347718001
614169586272581641
615452125564064881
617449135377357361
619239301187554801
621373697712896401
623228432145414481
623452837087261441
623655605240776801
623931765054524641
624078160445426401
624316771594235161
627305433417654265
627790769806493161
628169286643707601
630491015307258001
632158091160311521
632864458624441681
633384392907999601
634600348423001521
636658292931706081
637636827459427201
637829157116361601
639758592619997761
639960341170113601
640330041502242001
640902515053323601
641016411543325441
642455674892236801
644735303079678721
646753587601485001
646889918927616001
648180410619606481
648409440732777361
648924286784046001
649261973634462721
649987800967296001
650459372462802001
651540308933283841
651672530314812721
654204808258464961
657665050722748201
658355174041113361
658561982754584161
659577667922197921
660057435607125601
661331456826069601
664447666219644385
665605789585339681
667615253524404121
667982696981181121
669450844109174401
669680464533297841
670474827709646401
671542362985875265
672676370957195137
675139468908406321
676289545541933401
677061979157139121
678074626392690241
679127311076707801
679574776842188641
681679592112472801
681783815323288081
682483476978822961
683171015158674001
683516906136600481
686241688648370401
687236698358569801
687755430794365921
689588688016519201
690125342497935841
690591315740603761
691281716021055937
693234663072638401
694209428266147921
694593767080526041
694896929642349001
695665460783129761
697944006721811521
697986167377485889
704065779027725401
705394069332613921
706526981313360481
708061539443669281
708939293182258321
710276620717310401
711394836968550241
712299570230581201
712354270950680401
712657669053899521
715252091077006561
715787413992565201
716582582393539681
718129021281940801
719555605203029761
720199552210579441
720688940816076001
721688224925957185
724088628594732961
725448320818948441
726496632988537321
726511688051244481
727904552484747457
729447186413794465
730038771896011201
730449037279072801
730629409785297121
731301356867445001
732301651287773281
732304729314048241
732525028168727521
733164741796509001
734019476880231361
734971039383787921
740144459479836961
740947978000644961
743386111899052609
745086969487889281
746383687385974561
747215335068975361
749667792347597761
749994167279841121
754213332695506201
755049510542433601
756129250460619841
756851349937132801
759174626877130801
759619696607078833
763253462757028321
764133721322280001
764257384697970241
765336414157948081
767308996250697601
767601942736053601
768517780396690801
769625445234587041
769813053827700961
770522162068767745
770793249951176761
770864483522740321
777091607954341681
777949343989796161
779443568648472001
781571788273886401
781742913337632961
782160109597651681
782285738120170201
783091621697162401
783174448001761201
783825620580636481
785621669124736081
786139728870336841
788847183330791761
790031631589119361
790273505162770201
792802562816548801
795022543520914801
797765503618616401
799972351801789321
802800382714081921
805325780040630121
805575856578983281
806139925239455521
810365981801266801
811200026591832241
812472902402555521
815262123912148441
815986041523561441
817790352895565281
817835736783580801
818901641978640721
819945866737764481
820295263035048241
820848603490282081
821374829866899841
824706415963191601
826468626298178305
826763467682538001
827212801642464601
827593570403362945
828112809951932401
829686566503857001
833530604200469281
834255381238020001
835197021726150721
836388299976163201
840321872977732201
841757857111956961
841792135910838001
841881025265656321
847176260084733601
852455248904473201
856793972350043281
857083171604918401
857391044213822041
857876441724620641
859526261605452001
863437390388707681
864644309851205401
864914587107228001
865397191577078161
865808368235743681
867077089636970521
871945159645042561
873318963161574721
873687111927608161
873861113966006881
873979558116382081
873989370526456801
874647730229128801
874714411546785601
876377369300378401
878535484621981201
879481722569168881
879961959023878081
880387949862021601
880781919790580641
882861703703139601
885613380579935281
886531264060384801
886904611399699201
888255733486905433
888362529452269201
890602288537432801
891218834761320961
893736469925244001
896107259886552001
897585452517837601
897652095901404481
898578744759693361
899294094535359601
899931191363589841
900172559336688001
901205742369092161
901753735172915521
901779004646037001
902387510285975281
902499835877559361
903950420730003361
904956473966336065
905595029217438001
908572858327263361
908953689898563121
911312045056969921
912197912683214641
912318516663437521
913127134522636801
914413586521881601
915496405200468001
915512662864195201
917385916141141201
918030834958386241
919443713542588081
924760827983178001
926280022077955441
926726392754301601
927850994033721121
929639852816976001
930983585459121601
933713095048020001
935393574576301345
935804211820225441
939873727958175361
940735744878263041
942529764813310801
943141826475434881
947088084031084801
950079961745208001
950195638591405921
950840851701343681
951521159032877161
952223040488764801
952919849750964481
953255134287308161
954223800883953601
954372120197777281
954853316941759201
955546722581643361
956879386145919601
957446621100774721
958258404015035761
958413857331573721
959448284298975745
959916354187355929
961096553786304001
961101633121325641
962219006030036161
962962193673558001
963688921881319201
963861290920891441
965634805070974585
966122347491347761
969195675154986721
969637010897041201
970702361377635601
970788547434652801
971300079549807841
974040484231105201
974296547457783481
975141963202746241
977114653897383001
977416440644985601
977909004009057121
982548745844793121
982550999893207921
985296695950264321
988107893412120481
989135455238854561
989686269281876761
990529083838181161
994030550859200401
994250547456453001
995421621298245121
996744493978518097
999246503201026081
999292161277851841
