62567
63167
94535
104195
120959
141155
170819
196811
207935
260831
283679
430199
560735
576719
594503
939113
1080519
1189439
1377935
1527695
1595699
1649339
1679615
1728935
2155139
2291039
2361599
2396303
2523599
2851631
3221855
3434199
3443999
3548555
3750599
3766139
4008003
4110119
4178447
4395599
4570719
4663295
5304179
5317055
5351939
5413499
5704919
6327815
6533135
6743879
7360199
7592507
8122499
8374379
8708489
8819135
9153599
9548279
10128599
10449599
10624895
10790495
11687279
11780495
12346271
12362255
12412799
13124159
13390559
13455287
13605935
13689215
14558999
14707979
15331679
15399215
16131095
17740295
17966519
18689255
18974735
19009199
19540751
20178395
20490119
20948759
21287279
22048847
25043759
25571699
27699407
28051199
29733119
29759399
30183635
31081967
32014619
32664059
33016703
34217215
35495669
35772659
36362039
37164095
37366559
37555199
37593647
39730859
40150439
40342535
40430879
46581695
47124791
47782223
50573159
52045199
55734839
55901339
58382519
59231339
60607295
64066499
65956799
68606699
69225155
69254639
70353539
72224999
73113599
74753315
75390119
75887999
76070015
76406399
81405407
86970239
88489439
88579295
89337599
95489547
96698615
97306559
101488079
102534335
104296895
105873263
107523779
108162431
108628079
109993247
113280479
115762751
118002299
118648439
118717367
118981979
119921255
121968539
122300243
129807359
130550615
133376543
134091359
135359135
142850303
143418659
144406079
145735127
150351263
150466679
152374079
154078847
154547119
156402719
158636543
159413759
161211959
162308159
163185659
163942559
164677331
165992959
167969879
173575583
175102289
184576139
186071039
187105919
187966239
188457983
188480279
190100339
193096007
197230991
201310559
202744619
203274719
206052287
207484199
207763919
212093439
212741099
212867759
218318399
220926815
222261695
229292531
230554239
234717119
235781279
239359735
243886499
243974303
249207647
255544799
255793679
256664429
261776591
271224239
271758599
279598319
280022399
281145215
289461599
290684591
294222239
295027991
298342655
300709199
301795199
303574655
306508859
309761249
310384535
312004979
316271735
318278519
318744899
325258751
328939379
331527455
335015999
337938719
346559135
355975199
358172799
358390799
359917019
360732203
364765499
366361919
368927999
380249999
381393935
387026639
392633735
402558299
406543199
412369919
414582779
419441099
421651295
425420099
442187999
444928679
455641199
464364095
467423459
469693679
474673935
475437599
480802295
482906879
484879031
487609199
488341439
488484395
492842987
494338559
498900479
503628839
507083039
513053855
514309499
518478239
518736959
530434799
531891359
539670599
541982363
543356099
549822923
553263479
556016399
556205663
563666399
567389339
570491999
592561199
596899799
600071471
602171999
612764459
615625535
617841791
619098911
623762369
659090627
670912319
674243459
674590055
680320295
682675487
684345599
686638511
687684815
690191567
691831439
691981499
694889279
697691015
701088839
721171439
727608959
735361199
736722935
745783499
751052159
751911159
752748479
758647295
762567299
774002879
774788399
780111215
781406639
782271983
785603735
785756159
790430399
797011487
802933919
805529699
818647739
830387711
833507135
843169535
845570879
860251391
862499015
874454399
876349403
877085999
877920119
888825839
889603199
892004399
899566199
903644699
904995935
905440535
916504199
932004359
934861499
937382159
947654279
949040351
951491519
968764895
969096995
985091471
987603539
998413919
999864359
1008071609
1014517763
1022197319
1023824879
1044950543
1058284799
1060671599
1063674359
1070505215
1073635331
1075593959
1086382919
1091884079
1092177359
1106163071
1107558143
1117309535
1122496319
1136266559
1148141279
1150312319
1150768079
1151244899
1158752699
1159185599
1164797279
1174426919
1179167759
1189235879
1199557799
1202036615
1227982535
1233962099
1235459519
1246289759
1269894815
1273857299
1296377459
1307809439
1312003979
1317268043
1319620679
1321395119
1324270079
1332317999
1334612279
1336476959
1346602319
1346895719
1351081199
1351676339
1351875839
1354066559
1357650719
1361818115
1362646655
1364378399
1387548359
1390336415
1398196799
1398341555
1413869039
1415971907
1418265647
1444921595
1453221335
1454193215
1455099359
1456639679
1457635199
1463241023
1469645099
1470726179
1478773439
1482954047
1483125539
1492523279
1505495627
1508316767
1510767719
1517252615
1522633139
1533916559
1537012421
1549146599
1592362799
1595015135
1600652339
1603817711
1619331479
1625809919
1626666623
1637730899
1638806399
1648384919
1683296159
1699687079
1707662879
1736945279
1746450719
1789685039
1819155239
1821234239
1825336799
1828946015
1833680519
1840991487
1856133971
1861030079
1869458399
1869631455
1871010239
1872955799
1878364799
1883717759
1891797599
1893395087
1914891839
1917817667
1920441599
1940131439
1940462399
1941050735
1950531839
1971765977
1974054599
1982231999
1987028339
2005231279
2042772479
2046347855
2052602639
2056066319
2078341979
2088124415
2092983551
2093393939
2097974879
2103984539
2151760715
2159922335
2166014591
2189799359
2211137279
2217166559
2221914815
2230464599
2243245199
2247214319
2263690799
2266253639
2267404919
2268456959
2268553391
2285161199
2298669659
2313273599
2321194499
2322642167
2328202799
2341755779
2343599999
2349694319
2354567039
2362928255
2365100639
2381477759
2382065279
2406654899
2413492055
2420751839
2429066879
2438654399
2451742559
2475982079
2501524799
2527892639
2529242495
2543399351
2550628079
2554793279
2581246799
2581269119
2590039199
2608517519
2612921759
2614906799
2620002215
2625797663
2660450039
2715972479
2721506399
2733546815
2764741979
2779488359
2780558963
2783725055
2786952167
2822258879
2864707559
2868505919
2879619599
2886736319
2908251359
2914376399
2928974399
2935029599
2965760159
2984499839
2990417231
3014804735
3062333735
3076310159
3092618495
3119094719
3167459999
3195644759
3205906703
3208382099
3226289919
3253389215
3268480319
3271272731
3276417599
3294786599
3306507479
3308831855
3361654439
3377309831
3405081119
3420898559
3462930899
3493819879
3501046079
3518962719
3525613559
3533307119
3557543759
3591023579
3602102399
3617784815
3617970719
3652756799
3657921119
3664073555
3699801599
3718244159
3737090279
3737715839
3780440369
3788425679
3792001499
3811689815
3837778559
3852033191
3854095739
3865871555
3870562319
3880091627
3905853119
3925112399
3927162239
3934868399
3969093155
3971460779
3972131855
3987106199
4000773479
4002323039
4025696219
4029351599
4029374699
4029927551
4086318599
4102132319
4128051815
4148691455
4186998815
4209219455
4212195119
4216015979
4258770299
4294967295
4295311019
4325351615
4340350079
4354192079
4354498031
4355241695
4360930559
4376548799
4388570927
4393174799
4410199079
4491581219
4493759039
4503720767
4551631055
4614840383
4652889695
4690576835
4712114879
4724914319
4725180719
4749878399
4762051559
4779087599
4816662479
4821742079
4841573519
4855871999
4864748543
4873882079
