100010810914561
100064653378201
100154151283201
100213677345601
100298958545761
100312242046801
100370401773601
100422255024001
100511715744001
100570096411201
100799343876001
101079983970001
101302727694001
101595068882161
101644785000001
102477538800001
102578757120001
102695965689601
102705003175321
102752270797201
103183184550601
103191818902201
103435383744001
104725771416001
104742279684001
104930002627201
105938746401601
106611493942801
106723908859681
106897738029601
106973688276001
107290416027601
107364808980001
107699554609921
107741812946041
108055260574801
108340301487601
108509519008801
109803548454601
110101121100001
110448849700801
110657508192001
110871444031921
111220373502001
111232656334801
111618291033001
112064776780321
113126870727001
113303476393201
113558047692601
113778770688001
114657844583881
114755133049201
115205477642641
115758545212801
116131117132801
116337922747201
116654563872001
116934150868201
116984377818001
117326638413601
117972574524001
118021603996801
118512927225001
118552865427361
118674061842001
118994243214001
119011238347801
119715334275601
119889622834801
119954968988401
119964371549401
120961349995201
121135976766001
121263663872401
121628832998401
121722730021201
121732961646601
121944818696401
122348364924241
122387222592001
122749483046401
122930310578401
124438514928001
124596522824401
124753381048801
124816639437001
124874245278721
125016197040001
125071674638401
125124490864801
125354609780401
125474842584001
125911793692801
126068939530801
126070849148401
126098231532001
126205504738561
126782821611601
126996699891601
127010963570401
127129266590401
127263107836801
127753077909601
128720387869921
128867720264641
128906166895201
128975793846481
129129688426201
129831475870801
129995635442401
130049916532801
130182864588001
130203008812801
130986867118801
131003353217521
131580387985201
132044588514721
132526428128641
132806791026001
132965653524481
132978918659401
133322486497201
133426136101441
133433595069601
133643901693121
133740892034401
133947733771801
134368351041601
134474711036401
134815740444001
134878156158241
134907038065801
134959868547841
135021462105601
135112698317521
135202454735041
135294107631481
135747527869801
136047332232241
136113076008001
136400572710001
136434459252001
136874853973201
137655409046401
138142016681761
138533022658801
138727140341761
139751379002761
140035605171001
140393152700641
140679797643001
140796828433801
141222618610921
141645385875841
142440646748401
142441875077041
142445340104761
142651285341601
143247287521801
143654951025601
143677829941801
143884361728801
143899999498081
143977239244801
144090735936001
144143503526401
144147542154001
144185363691601
144359882746201
144618344766001
144932400553201
145612050784201
145885413366001
146394172983241
146558377122481
146766030534001
147115350954001
147700056861001
148537330381441
148918034152801
149293253676601
149880565788001
150051784808641
150189451568641
150938948437201
151129367827201
151285981203001
152376213277201
152497441512001
152817495900001
153017009010001
153126540329401
153756419497201
154045438192801
155093999059201
155307417325201
155419832786401
155883341281561
156103200115201
156128212044001
156213302263201
156431282674441
156828089418001
158701500203401
158850341424121
158979749967361
159207750530641
160554736116001
160934722977601
161810962513201
162228311154001
162354418886521
162702736996801
162910795786201
162955454175841
163191935797801
163417967032321
163688489841601
164018487016801
164298309852601
165143342145601
165561847136401
165570607654201
166117102569601
166174272744481
166509551642281
166677458745601
166790427150001
167707552392001
168612688630801
168846556635121
169067370067201
170515036398001
170682982671601
170749544880601
170822351529721
170964062034001
171075628130401
174334519220401
174803914630801
174930534848161
174937583298241
175085560465201
175322797977601
176075470279801
176874920618761
177842771106001
177846590784601
178471558742401
179209376026561
179943337392001
180051145092001
180133610181841
180468500874481
180575412217201
180772080770401
181139364369001
181904656392001
182082655315201
182516189544001
182620731627361
182648428569601
182894278039201
183405808177201
183516833235121
184338676783801
184555999170001
184646866656001
185029689312001
185321184567121
185569122591001
186156620020801
186435590362561
187172608089601
187410852174001
187491890521801
188072357616001
188195034063961
189107698749121
189385960671601
189473446256641
189474478017841
190050673612801
190073430225001
190615559072401
191152831312801
191656948944001
192106564115761
192975351542401
193131235440001
193238163540001
193786028449201
194114254761001
195001622415601
195401272968001
195527855754001
195941619656641
196033978790401
196037447946001
196103526433201
196221973489921
196475491026361
196637040460801
196915732511401
197261123736601
197400585782401
197415135655921
197509911580801
197574984679801
197619188548321
198247787976001
199503381772801
199779202359001
200296249416001
200881128006001
201337994088001
201378475516681
201543556851001
201766951033201
202890177984001
202952718284401
203246990100001
203290871364001
203349218470201
203428168713001
204546558481201
204580634428801
204810027622201
204927483262321
205145553085201
205284257418241
205577284458001
206759752290001
207264228721201
207645922143001
207826564334401
208535614766641
208917997318801
208956632789521
209366714113201
209672343619201
210103282408801
210475536768001
210548155605481
210731189268601
212877708157801
213030693897841
213084854236801
214610740579201
214687070236801
215908893446401
215911626084001
216090044155441
217289728601401
218800736233201
219298118927161
219365158877281
219533660564401
219595923195601
219682163020321
219683405846521
219802016095201
219965819119201
221718058027201
222288530701681
222358041567001
222560464035001
222561729772201
222622566839401
222778354227001
223461536918401
223972810760161
224020993845601
224030939688001
224434526131201
224614810926001
224868053907001
225367144329601
225579419755201
226606471547041
226968448489201
227490497388001
227589008126401
227682283524481
227874531524641
228165090442801
228635114898961
229018964832001
229118188494001
229202985211201
229230762264001
229522424292001
229598310352321
229933014183601
230292338265601
230675557483801
231074942918401
232729656705001
232806881268001
232898002384321
233471995504801
233737803710401
233953921754281
234182717214601
234739841529601
234909306912001
234988991866801
235514440182001
235744166448001
235948736412001
236192412942001
236628716884561
236942373826201
237141904982401
237494849286241
237962672241841
238925818404001
239283422414401
239314811202001
239620750387201
239826265045921
240366577363201
240419374567681
241381319306401
241412794623001
241461005524201
241607049028801
241926019113601
241969947080401
242230634100001
242635261996801
243689800460401
243870033884401
244031932872001
244093237819201
244128929766121
244356530527201
244811157897601
244948213303201
245328210615601
245681838763201
245943899816161
246072434353201
246286139236201
246553996977601
246616916490001
247683445682401
248220093541681
248479749403201
249702545803201
250333729430401
250478979004801
250893448205401
251073522564481
251124332428201
251186569124401
251459452890001
252220944474001
252302377534201
252616233487801
252877892652001
253443600194401
253611010857601
253870082126641
253971199872001
254078702650081
255267967139641
255880046822401
257244732576001
257888202624001
258450832668601
258644326776001
258814297882801
259349797686001
259452733251601
259750431086401
260033299812001
260105259304801
260133889392001
260366760003001
260405001633001
261963465044401
262361949930361
263300779543201
264939257763601
265209246792001
265259687666401
265572322158001
265889237484001
266738622635521
266861802564001
267023398441801
267142691287081
267473164312801
267742218819601
268195545072001
268197556725001
268639471027201
269138319742321
269210348163121
269236942598401
269484197136001
269485950001321
269537007168001
269736720792001
269773557614401
269862772692241
270633344817601
270731078822401
270831199636201
271153980385201
271431832064401
271570856880961
271714162272001
271763860368001
271769207674801
271873480428001
271985907598801
272097471895201
272231184654001
272378122216201
272501919602641
272690803413001
273193316459281
274022481870001
274052769144001
274321207477801
274332160814401
274352271060001
275408846440561
275915297750401
276104163283201
276255349524001
276333200179201
277125638679121
277213810104001
277875981208801
278749345820401
278950525854001
278960693731201
279119601825121
279210619437121
279604671548161
279733861557601
279795600723601
280723178736001
280840024054801
281172291699601
281928445777681
282188215513201
283219146000001
283368573774001
283538891048401
283664746591201
284172360099601
284227528111201
284372520680041
284403178800001
284472175384321
285242970425281
285556053404161
285739909270201
285783774588001
286013352156841
286381760268241
286864368519961
287522045518681
287786536128001
288263546597521
288693610065001
289172641157401
289366078248001
289426069842001
289491057175321
289759515229801
289838237262001
290001981870721
290346024586801
290659016659201
291436851669601
291455597293201
291609916768801
291673092874801
291789796662001
291808541059201
291979030568401
292149363870001
292225296652801
293453389404001
293606528040001
293609034981601
293836907527801
294264951424081
294569406495001
294749570952001
294831328490401
294906525691681
295203213963001
295528868069761
295552410552001
295626007492201
295699741722001
295750019460001
295991741572801
296391879453601
296515204372801
296675583750001
296723362017601
297569146563001
297758565599041
298174369942801
298653986794801
299019676914001
299086140094561
299315058904801
299406423888001
299868882058801
299897650458001
300063105446401
300265170752401
300292739856001
300610244282401
300864925638001
301374288349201
301758477619201
301870966924801
302021261852521
302629130811001
302901706642081
303119858210401
303163589395801
303710947921921
303940803348001
304032005526601
305605250664001
305794624514401
305976519256321
306055783577881
306358159467361
306707361180001
306771815578801
306901754174401
306946760148001
307105425244801
307534851023401
308411623578241
308669660560801
309227125392001
309609827944201
309895155702001
310147055233201
310617548278801
310923033082201
311069838463801
311122403802001
311621437537201
311681098638001
311683096768681
312145948394281
312654295548001
313754889076201
314796114166801
315198879130201
315254947938841
315260540038081
315438026526001
315548187486841
316256732694001
316769870869201
317160166196161
317172105137161
317185042980961
317629949036401
318291894846001
318575076435001
319418324215201
319689365934961
320047174470001
320049679599001
321039087395401
321074288532481
321084717811201
321623561952001
321873058654201
321875894361841
321892917256801
321943942517401
321956515623601
322412024734801
322493569398001
323210287804801
323274474109441
323844134636401
323993788179001
324085070012761
324287469777601
324572029345201
325209248746201
325530131673601
325546625829601
325647442915201
326115929857201
326487753602641
326768731081201
326924497640281
326968790674681
327365335836001
328027595449201
328349121871681
328401482190601
328642311450001
328960256742601
329193560234881
329815105635601
329872149257041
329878788220801
330757812315001
330776875704241
330877516320121
331341987249001
331892229984001
331896561930361
332245106575201
332366714421841
333556176790201
333567853155601
333681812823241
334003058121601
334456759440001
334781029161601
334850210079841
335353074792121
335427431367001
335766565658161
336142006477201
338350802549761
338450562450001
338729500512001
338805960324001
338960372189401
339064144614001
339573029107201
339807700108801
339993451287001
340154147062081
340485303717001
340512941724481
340666864423201
340741901016001
340966163124001
341300899779841
341930334223801
342065298968401
342118839132001
342149592720001
342518918931001
342953984444401
343689096643201
343768864811401
343881763810201
343986062137201
344028358144801
344030888149201
344144696220001
344442230848801
344628609460201
344983804426801
345135045326401
345586879774081
345851619147001
346343492814481
346461107396041
346530854208001
347535652735441
347716730256001
348324837168001
348422883419521
348642422452801
349029211090561
350162193888001
350287654590721
350761905858001
350851794956641
350908089510001
350939341373401
350991804285001
352600705614961
352862154144361
353083528301401
353456222757121
353742343470601
354238558732801
354393810842401
354452272032601
354778940325601
354887980246801
354961601622001
355117574822401
355162165727041
355510814341201
355543609287361
355676760051481
356577030169921
356821281648001
356919713627401
356993839204201
357273651072001
358206744994561
359282681919001
359519440248001
360295019136001
360336878748001
361143579245401
361169986320001
361460922502681
361462901184001
361521803115001
361597430092081
362101331919601
362503089980641
362754221913721
363361817952001
363451588473601
363486987216001
363721261276801
363733260760801
364626985968001
364964625567361
365030664750001
365468593253401
366553945414801
366654888239641
367133239054681
367151321496961
367624022025961
367753707367201
367830632768401
368651268377281
368781138860401
369560051884801
369710740476001
369736295500321
369983826248401
370349384932801
370523843424001
370920817762561
371047380228001
371597337255601
371618235050401
371885782632001
372571790409001
373496533598161
374490293118481
374877149031001
375018937897801
375248668125241
376371236379601
377556197306401
378439495597801
378546561430801
378606626055001
378617587147201
378692771247001
378723621276001
379139402523001
379293527347201
379534104593281
379574293123201
379673609936401
380258139630721
380774514501001
381283578202801
382115912988601
382327405870201
382352859042001
383607445260001
384292617838921
384335818440001
384793296589801
384888718922401
385289329656001
385352943723721
385865868832081
386356273178401
386551901681401
387066101247001
387155909196001
387175412685601
387521448984001
388441904385601
388484119170001
388870638912001
389012200536961
389695807422241
389936854266961
390122413128001
390417825240721
391087131478681
391253039541001
391311498990001
391481061201001
391685263872001
391695150619081
391940012818201
392017887528961
392494520616001
392598219249601
392976037920001
393789273932401
394382459931841
394487219646001
394628324563201
395567924497201
395916024933001
396232179072001
397728192962881
397871907265801
398510324011801
398765849126401
398789239695601
399132293424481
400473088260001
400865584765801
400916505038401
400980556666801
401043980422801
401108139541201
401219068454401
401675199198001
402011226761761
402138409617001
402403850726401
402616723634401
403036822031041
403126630023601
403397108305921
403411775078521
403621336530001
404421557694001
404575419013921
404601926862001
404757102435841
404859006253801
405248669595001
405351233196001
405577875924001
405631172746801
405761692207201
406122920280001
406218571909921
406248548238721
406483137198601
407117065765201
407296860163201
407623242574801
407643234416641
407775532273201
407844772909201
407882539350001
408140448293761
408195361774201
408259533731401
408274483977361
408878772127561
410171945153881
410230896537001
412543470499201
412549092315361
413281906975081
413371331046001
413827443469441
414035594635321
414135892703401
416105120748241
416258784645841
416388402763201
416995110821521
417047678461441
417065010177601
417649987365601
418240516848001
418582233927001
418873066138801
419068724820481
419101152855001
419493673599001
420350650574401
420806742703201
421105148568001
421201403784001
421291438932001
421768512380161
421996644357121
422018598909601
422085776734441
422281855359001
422304247365001
422511122577601
422747146802401
423386506615801
424252556784001
424369249800001
424441075779001
424591503744001
424870963881001
424996854617161
425072223072001
425736189540001
426538843254001
426704763672001
426862516701601
427037008087801
428858611860001
428929272298801
429091259196601
430187317560001
430542307639081
430674809796001
430809703354801
432193385413441
433302473241121
433977641042401
434106418309201
434631623764801
434838828805921
434853884757601
434967494071681
435060125721001
435852533088001
436172935341001
436559622597001
436819291193881
436837685859121
436908761704801
437892448320001
438303789063001
438670601323681
439051690326601
439832518004881
440114926489921
440213814301801
440364909600001
440822463429601
441412097305201
442942599561001
443221113888001
443288270661121
443436114895201
443579328410401
443639062838401
443696036629681
444034100580001
444940431314401
447296344387201
447804869521801
447864705590401
448841009741041
449240781029041
450780057129601
451719451386841
451895457661201
452295832156561
453598344783001
453929389586401
454118612409001
454252375269001
454331296717201
454613242944961
455579212821121
456011484180001
456065542183681
456433623565921
456538192110001
457159924728001
458000944434001
458248149676801
458413121930401
459166259941201
459733889235601
459758485040401
459815283522001
459863922772801
460350950459401
460854228918721
461022844212001
461591750070001
461733977350801
462169646069041
463078553037001
464630123376001
465013215903601
465048387342001
465482030428801
465550406798401
466152737891401
466928257395601
467550842371201
467568245600401
467607073286401
467998913067841
468532575218401
468706230863641
469205907256081
469439609007601
469456053861601
469832705962201
470131077281041
470149577999641
470909703045601
471056462276401
471834189099001
472245441595201
472702577490001
473175222296401
473628518311201
473687610163681
474575624515201
474595943920201
474603702463801
476147526208201
476201731513201
477022293357121
477089669970001
477623319022081
477833087310601
478137508289281
478773886924201
478800485779201
479754412502401
479815020921601
481353619239361
481555889480401
482293873877401
482544457441201
483032963952001
483203498614201
483231383923201
483411345475801
483863237020801
483932829196801
484236046054801
484343738650801
484362958716001
484664517987001
485284528461601
485628064021801
486178493803201
486475838808961
486809208102001
487016241435361
487416271305601
488792392626721
489334421940001
489339696081601
489360674149201
491507683615201
491546231383681
492108473576401
492313619664001
492363465375601
493185651155401
493495482690001
493552522054801
493883382182401
494647963578001
495560957502001
496222316700601
497209618684801
497211395788801
497412000321601
498167269392001
498289774731841
498315470248801
498941132734801
500143928918401
501052379562001
501071877306001
501102334221841
501399570856801
502386588534601
502596793062001
503172667342801
504361360339201
504470846304601
504502093279801
506650041030001
506951529141601
507528270774001
507557733254401
508264598318401
508577645259841
509483081646001
509645858085001
509735179843681
509933480409601
510396400659601
511667277619681
511904400588001
512307089571601
512843926959001
512961704161201
513764198555401
514083359328001
514123261158001
514307026926001
514362174408001
514604430063361
514649669284801
515118332055601
515453419998001
515787554731681
515866729560001
516353734696801
517431868317001
517757456764801
518442798686401
518900535175681
518994345870001
519628171572001
519744023751961
519802988402881
520260998796001
520576240307761
520636227970321
520680702906001
521359622229601
521757690375601
523852469212801
524067319314001
525010022208001
525325570240801
526261887144001
526939701052801
528147400473001
529315401653281
529542836524801
529977123732001
530668841358601
531282090847201
531546815235601
532159332808321
532261504790401
532434491721001
532512880940161
532531555950241
532717493713201
533056356645121
534285679465441
534480523659601
535260416854801
536477843563201
537142652733961
537518870879761
537660211089961
538687501228801
539235124156081
540003405268801
540584120349001
541007859601441
541295006784001
541448304677281
541475145902881
541658138091841
542494295154001
542966263896001
543981012220801
544764461774401
545125962271801
546378150558241
546587430043201
546638190298201
547422940771201
547867275719401
548433269316241
549306861588001
549522028692001
551313323152801
551574353631001
552129315368401
552207132259201
552210232654081
553928174461201
554100909348001
554295047985001
554456359084321
554914949424001
554954236794001
555046726689001
555791188475881
556395330607201
556815613910401
557568490580641
558365454606961
559371711729601
559962101714401
560029004482201
560213413250401
560373793728001
560769815844001
560781153542401
561088159720201
561208839534001
561494438996401
561496361133961
561520234044001
561557693203201
561631432538161
561971598955201
562092335397601
562634296224001
562873301928001
563014666484401
563449349442001
563705349714001
563808097062001
563951369021041
564301595183761
564721992699481
565383070062721
566254401753601
566321900092201
567966014002801
568022607482401
568142732520001
568294044561601
568527289840441
568674030834001
568677466287001
568719394075801
569150698401721
570037624964641
570289298115601
570505040557201
570893642760001
571267094126401
571429545978721
572189221393921
572273129677201
572557181868001
573116667102001
573269758194001
573435516318841
573993557701201
574097848236001
574208036688001
574382842313281
574625665845001
575190940579201
575720377848001
577402661908801
578440938516001
578576803271401
578865808038001
579783154017601
579864058943401
580044147228001
580419426867841
581269537812601
581682299562001
582287823576001
582907740303601
583113157590001
584262190512001
584974204063201
585837266851201
586433186186401
586850124042001
587155150512001
587555904142801
587589913660681
588092248497601
588186606744001
588265680366001
588321370110601
588655284672001
589493687230801
589617914785201
589689474229801
589818659484601
591289619104801
591423691844161
592276262400001
592715050779601
593369219835001
594003167049601
594073098120601
594138888673921
594401314907401
594606233239201
594627199452001
595692322738801
595992464426521
596025111553201
596056114261201
596430201996721
597227910940081
597492781097521
598009440918121
598430594223001
598556004798961
598721053917001
598742340550201
598857529662001
599208388590001
599673545326801
599936743077001
600192908935201
601693239139201
603440238885121
603701474955601
604075826288881
604815316248001
605045411164801
605326968423001
605416147900201
605753300947201
606183413035201
606482830086001
606778691047201
607757336168401
607866093853201
607936626460801
608029928055001
608343747127201
608383918334401
609197011248001
609916897695601
610068536062081
610374676002001
610907568107761
611036493227161
611038497484801
611846354923441
612733919204881
612769748724001
612975692313601
613133553916801
613214149860001
613380826884001
613572935040001
613783372910401
614448428106241
614869143588001
615068374303801
616671081852001
617112789678001
617729533545601
617815903089601
618015494187001
618085970964001
618115874072401
618984880682401
619968182870401
620512924512001
620927865230401
621716255924401
622110097392001
622301669892001
622626555794401
622817468128801
623337244185601
624186219213601
624207752749801
624280405041721
624348672040801
624366451605601
624398143957921
624446434180801
624521926942201
624944659619281
625201821468001
627968577054001
628324800566401
628678250928001
628980671592001
629997004368001
630229137111001
630426869397001
631807889932801
631937896867201
633877522518241
634502536509241
634523657995921
634610812525201
634766486398201
634849305760801
635197797696001
635653972400401
635701198204801
635865904359001
636355080854641
636620679828001
636810409965601
636824507983201
637342141629601
637995998539561
638934619518001
639021724684201
639179590938001
639417081466801
639630286243201
639933357042001
640442058345001
640797103900801
640919717380801
641088598503601
641512100762401
641713518600001
641845336651201
642130218324001
642434606814001
642857894318641
644467184967601
645533270348401
645604123507201
646304134224001
646409191717201
647157889728001
647686593069601
648256171180801
649167241401001
649475360827201
650853260988841
651251309544001
651423345762001
651506923468801
651997778586001
652131705758401
652623768468001
653046213292201
653348136727441
653566784073841
654207075732001
654383576523601
654746391936001
656248814912881
656386794769201
656730499474561
657581594644801
657641586099961
658429289574001
659014145961601
660122233134001
660523945254601
660569600691001
660575625402001
660697682861161
661871735196001
662064282864601
662235320544001
662296585303081
662781884624641
662982914664001
663612031752601
663752586312001
664009522704001
664091241143401
664115093623801
664563882417121
664591114622401
664638228072001
664833421644001
664924036290001
666273859219441
666758115114001
666758741004001
666912493611001
667015653873241
667106244604801
667223085937801
667589654460961
667721532201361
668138894787001
668861973435601
669245466380401
669390107443201
670159286758081
670514099226001
670708940496001
670739716046401
670746840472801
670897149686401
670965626494801
672899510535841
674183755885201
674498418048001
675155392809601
675486625771441
676406767743001
676931792644801
677451604448641
677879783159041
677973476008081
679457085667921
680119357939201
680440848266521
681346911614041
682631031139201
684386188668001
685246820899201
686000708673841
687077728394401
687603901827601
687749460898321
688474745980321
688855813495201
689189756455201
689548207311601
689685442840801
690459371953921
691614392700601
691741872385201
691817966166601
693739033128961
693781247250001
694593103037401
694993108219201
695280729780001
695723315742001
696536514931321
696723652758001
697246628022001
697418483974801
697715704565881
698172312427801
698435690758201
698800192665121
699041629651201
700552934392321
700641157848001
701408388891001
701624828268001
701975828388241
702071812028401
702230403969361
702542009005201
702683751672001
703034304033601
703393206079201
704198428605001
706044479540401
706415411082001
706430836704601
706975430648761
707240940478801
707321943320641
707735311292521
707932931160001
708334609689001
708481824170401
708957313428001
710220998070001
710723456071201
712369464231601
712488658140001
712912954824001
713407075483201
713555842162801
714745578690001
714759828102001
715684886378281
715732657344001
717138276123961
717525677642401
718188849891601
718220310534001
718494439836601
718496083008001
718822051507561
719291151766081
720365200237801
720635586274801
722580718288801
722658858754561
722871471241921
723284099437681
723606298604281
724982111280001
725121920680081
726095627922601
726340280475601
727007767912801
727325767660801
727420865109121
727571485176481
728326222303681
728913157965721
729950777304001
730401675910201
732059388854641
732655823684401
733038699657601
733479852268801
733755192075361
734434606962001
735039328186801
735267402906121
735933861021601
736047928886401
736076182842001
736258429764001
737006458478401
737951091040801
737994520935001
738217674885601
738634326948001
739059936468001
740374363987201
740902490412001
741058478899201
741682220118841
742694179266001
742748954517361
745196742021601
745386896007601
745879204946401
745929984156841
746185727742001
746587752435001
746866679995801
747474666811921
749157080313601
749408561319601
749601036147601
750045463167001
750132689724001
750374846810401
751022100977401
751591659014401
752029848408961
753004244275921
753982241371921
754859551680001
754973891179201
755139024319681
758478042105001
758648761607521
759123092968801
759494706460801
760252897152001
760700889312001
760717473264001
760800069699601
760941895717201
760954505572801
762451543185841
762904536193801
763049632688401
763078869399001
763145265090601
763541796177721
765166971630601
765887301244801
766516620972961
767293335768961
768187966946401
769090023469801
769548492106801
769559658935761
770608440005041
771798334305601
772002650390401
772433724699001
772857509595601
774168071007001
774908568252001
775359069685201
775366221240001
775517502988801
775572082428001
775604080305601
775792548027001
776384058423601
777212816306401
777358037383201
778697462485801
780539085952201
782496360510481
783102158992801
783148854688201
783594619284961
784059702075001
784405270296001
784516158345601
784773602776801
785433934618201
785898542167201
786198247876081
786854502680401
788035799858401
789005843110801
789238999296001
789931384161841
789934516416001
791607669652801
791853235368001
792282390456481
793121447316241
795665663200801
795745902268801
796552899697801
796829403375721
796896767494801
797156441638201
797250618595201
797744638157041
798335181178921
798340871351521
799311602308801
799424752654081
799657934145841
799757239722001
799765598661121
799793999353441
799905607861921
800503206835201
800601225638401
800944859796481
801413661720001
803197541546401
804272656353601
805057148952001
805299681281041
805859364304801
807687213312001
807777627867001
808500245054401
808508489748961
809401060225801
809940842632801
809941440250801
810278480430001
810298189203361
810524077776001
810664490074561
813105784936201
813480268904161
813758666994001
814118163866281
814516004120281
815144956743601
815185434460321
815193664248601
815294690638681
815459007942601
815834826945601
815951505821761
816381110773201
817371064902601
819637734888001
820149983976961
820443995163001
820547052217201
820912831754401
821580718230001
823241758963201
823452780729601
824949186692401
825775211116801
825812798289601
826326961878601
827661796038001
828095370433801
828175335951601
830881346778001
831723153618001
831993931630081
833014553857201
837724125125161
840426316791601
842185580544001
843158349864001
844566099304201
845488729166401
846072122941441
846234739109761
846264653875201
846631235376001
846939140838001
847671784344001
847767315278521
847862127499801
848520624613201
849379370002801
849609513774001
850099723216801
850282948803601
850353579243001
851124441817441
851377580499601
851631247512001
852179619891601
852654883195441
853557106096801
854039915190001
854279866003201
854558470154401
855317251152001
856270178400001
856325985436801
856495869559201
857052739922401
857426981953081
857559148076401
857789890042681
858800397826801
859942284652561
860154343125001
860411700720001
861702905044801
862636089588001
862805399421001
863384682144601
864131884333201
864570042239401
864710704408321
864769083948001
866119483824001
866223260778601
867085313028481
868025349063601
868057277220001
868093885638001
868210589702401
869203699182001
870854263461001
871271193063601
871616220854401
872144755297201
872824436757001
873806875184881
873816217243201
874864785646801
875355068779201
875403357561601
876023242032961
876423005514001
878000851413001
878100017685601
878252370765121
879332474514001
880893013161601
881911077755401
881927328336001
882273583180081
882744356247601
883784664957601
884020145424001
884110629898441
884385023860801
886492041019201
886730146491001
887353853841001
889845624158401
890565711873601
890590674167041
891476164800001
892689587092801
892933818831601
893426330344801
893835290002201
894952040348521
895215027096001
895513781450401
895556531633401
896528499179041
896659753545721
898303639322881
898307282862001
898345292972401
898624489417201
898791353853121
899543518848001
900516083292001
901358728920001
901609566379201
901657493788801
901740434522401
903076373892001
903417102458641
904007045653321
905124626313601
905268410995201
905328149188321
905410899804601
905936203082401
907290159609601
907518220572601
907519976470801
907588989688921
907636030542001
910839033548641
911908086566401
912136322512801
912845333577601
912993523239601
913819125382801
914426844186241
914725841820001
915185954592001
916146275654401
916928514936001
916970807516401
917275911027841
918178443079921
918565640155801
919178363829601
919277705809201
919354779772801
919449415851121
919629269233921
919849136770201
920190711290761
920330246791681
921134955048001
921935485792801
922467182555521
922592783155681
922896464779801
923025120875881
924651127906801
926409512410201
926424034099201
926633587719841
926708544918001
927305749335001
927336720240001
927462837147001
927645494428801
928084591196281
928169079705001
930589813692001
930590720136001
931003215408001
932731354185121
934591856310001
935072315654401
935224869927601
935310516596641
935364998592001
935655210672001
936924705381601
937305617976001
937662813912001
937722407239801
938377518341761
941386881330001
941508324432001
941986250165521
942861251304001
942981274250401
943205753145601
943505322033601
943739367951241
944456632295401
945085877517601
945906161256001
945971637143401
946151177445001
947230832326801
947370143160001
948508338598801
948792537201601
948801942007921
949175877249601
950397245965441
950568762343201
950578557534001
952113043728001
952286571640801
954773624968801
955226844196801
955535251545001
955576883507401
955662055251121
955734798195841
955927594189441
956307134956801
956448308190481
957311001612001
957355591865401
957663048794401
958477014426961
959086549020601
960003083520001
960020757914401
961474198587001
961522989991201
961592437540801
961886584419121
962560487110321
963029410056001
963952660070401
965270585874001
965299439361601
965415100642201
966933910542601
967972480020001
968204861421841
969210275342401
969896818212001
970050827718001
972191933685001
973773893584801
973840837132801
974165407711441
974486042930401
974539323558361
975641224896001
975865362805201
976005384480001
976510020487681
976895215803001
976938023061001
977247246192001
978426663219361
978605960587201
979313771511601
979565801805361
980108752644001
980447043602521
980451506034001
981821658782161
981826807951081
982227534951601
983215509868801
983747339925001
984746346706201
986666346943201
987891155294401
988550647021201
988963806544561
990610044898321
990661932964801
991172997599401
991970825748001
992672138808001
993740318524801
993894661797841
994290296131441
994638687588001
996169935524401
997122923202001
998120932326001
998205979226401
998949934080001
999008185077001
999127154875081
1001534833911601
1001786089328641
1002397013661601
1003734319507921
1003875446574001
1004471051048641
1005205990014001
1005238938359041
1007294760687601
1007563339357201
1008124459801201
1008540446550001
1010653955719201
1011749122440001
1012650810192001
1012820531121001
1013988704256001
1014016574327401
1014388242483001
1014496828848001
1014550059940201
1014776207424001
1014878251108801
1015101003074401
1016465424780961
1016934626887201
1017237276594001
1017702677443201
1022136789535681
1022236318741681
1022473718746201
1022485971550681
1023519827402281
1028555028039001
1029276639682201
1030106030499001
1030800736494721
1030855466739001
1030875874358401
1032040332326641
1032463562549401
1033389593712001
1034450227209001
1035459527398801
1035729881088001
1036333726282801
1037361026268001
1037979775352521
1038766711928401
1039647418992001
1040251399046641
1042912681083001
1043817569466001
1044638733902401
1044805752834481
1045613612862001
1045815445936801
1045919100391201
1046547915154561
1046995324830001
1047307811378401
1047602326633801
1047763639507201
1048350783097801
1048386610746721
1049915320608001
1050337894848001
1050381435600001
1050398518032001
1051327664244001
1051372231776001
1052118352341001
1052345777280001
1054640240297281
1054808710956001
1055578038039001
1055894625139201
1056538598262001
1057071383335801
1057917844191001
1058306524191001
1059424743526801
1061368387052401
1062108336088801
1062216334645201
1062472408116001
1063080207004201
1063262074438201
1063366564740481
1063442235819601
1063952322859801
1063971965930401
1064245732729201
1064384904262681
1066034418427441
1067820130992721
1067948090726401
1069683842354401
1069894246612801
1070457399735361
1070940090502801
1071452123874001
1073798446392001
1074787033953361
1075091335882201
1075603331088001
1076390026966801
1076522437897201
1076741865042481
1077446728260001
1078623262510201
1079270877771001
1080920100195001
1083417289567201
1084227232121281
1084663575084601
1085203438469641
1085770371387241
1086806062162801
1088153492116681
1088221295664001
1088961406142401
1090116321588001
1090141783239601
1091078911082161
1092223372325401
1092954807879481
1092955371908401
1095949668567601
1096061799596401
1096930982606761
1097046559660081
1098163370304001
1099207539581761
1099947088396801
1099992383287201
1100863507690801
1102087045495801
1102671015301801
1102827334845601
1103426527476001
1103468208174361
1104824117502601
1105567134714001
1105623695443201
1106019591329521
1106142496368001
1106150050168801
1106457525022081
1107060597060601
1107889638554161
1107899838208801
1108424935636201
1108451454435361
1109200898169001
1110133665723601
1110240834786721
1111355690842801
1112431362806401
1114467324616801
1122602755982401
1122936592680001
1123967746881001
1124507603778241
1125296894706241
1125425563822561
1125517649533201
1125694079008201
1125853335235201
1127722928749201
1128148435609921
1128274178391361
1129163907009601
1129913223145201
1130248053058801
1131007764663001
1131142719168001
1131803344074001
1131879029072401
1132671162692161
1132781373561601
1133013574677601
1134570385382401
1134696485286001
1134875997511201
1136283379200001
1136318960632801
1136643830563921
1136965128868801
1137077076870001
1138892187888001
1139091371399521
1140921410166721
1142278457124001
1143384517044001
1143499065345001
1143544251460801
1144127908314721
1145278985688001
1145536216594561
1146103028611201
1147722580176481
1148765086909441
1149768002334001
1152178924099321
1153154635170721
1153575289666801
1153647299851201
1154309278824001
1154486470120201
1154632851028801
1155189760149601
1155708312103801
1156399633123201
1157601901470841
1157744342664001
1157928594159601
1159535650561201
1161032707128001
1161802099735201
1161889664332801
1163329640965801
1163658530798401
1163739165240961
1164808224820801
1166028824314801
1166087473200001
1167051682056961
1167339836098801
1168043228812801
1169646637273801
1169849365561801
1172181786243721
1175370075406801
1180228345311601
1180827973152001
1180875802426321
1183022095325401
1183049840952001
1183307980953601
1184031989334601
1186008482957761
1186217088156001
1187444704750921
1188046795659361
1188265755502801
1188911277388801
1189145839291201
1189757397654001
1189969473420001
1190881467216001
1191132565761601
1191311995146001
1191686529196801
1191979812315601
1192989633804001
1193870697601681
1194238232307121
1195258544775361
1195517148133561
1196091717361201
1196210318567881
1196336195313601
1196406620052001
1198466821099801
1198921241653201
1199738535919561
1200157751494801
1200179120580001
1200236528131201
1200850557450601
1201272585525601
1201417022318041
1201586315007601
1201598844062401
1202432058129121
1203502585990321
1203744699464401
1204078794937201
1205035537303081
1206020023390801
1206578719785601
1206815371070401
1207424057112001
1208140547730481
1208540237675401
1209639022529521
1209805829463001
1210827155574961
1211111430492601
1212910609776601
1213101123234001
1214131749818401
1215003896500801
1216225164300001
1216446978739201
1216837765584001
1217091015000001
1217328608564641
1218250827221401
1219540774221001
1219812190833601
1220036365548001
1220044940259601
1221157378173601
1221535983225601
1222818678822001
1223855970274081
1225457736839281
1226164040010001
1226770366092001
1230836752378801
1232223199943401
1232680953344401
1234477994349601
1235214607437721
1235413008768961
1235934601742401
1236583554192001
1237941105984001
1238274778136761
1238667147416161
1239957163504081
1240487821137601
1240499586057601
1241375896378801
1242079473398401
1243304595296401
1244527610508001
1245659990679001
1245771864398881
1246147711099201
1246310363358001
1247263166613601
1248027222687841
1248419164507201
1248443251260001
1249064457240601
1250225231832001
1250461118752561
1250776752212401
1250835890396401
1251196709060161
1251530331004801
1252124234776801
1253437183320001
1253828480392801
1255845725971201
1256390179044001
1256634425088001
1257785853108961
1258273590865201
1260083825111161
1260882538754401
1262517266431201
1263624369789601
1264661622831601
1265743174701601
1268093921140801
1269460219248001
1271469564691201
1271761417461601
1272762688286881
1275379999740001
1275653209521601
1275680562750001
1279397630767201
1281271763575441
1281318767131201
1282612077397561
1283328078332161
1283358323301601
1285492542970681
1285573486037401
1285839835182001
1286346957168001
1286616546117001
1286629988474161
1287248140807201
1287826116145921
1288001324297521
1289385225744001
1289642507112961
1291868623306801
1292152521366001
1293392244690001
1294539338887201
1295239261033201
1295428049730001
1295997603773401
1297064203029001
1297260346690561
1297396878086401
1298488250865601
1299394662157801
1303046741440081
1303991123601601
1304691922054081
1309584516219001
1309592395566001
1310160033054601
1312249964928001
1312984000659241
1313150459342401
1316162588294401
1316169306005401
1316853035815201
1317267694503601
1317624484896721
1318945789392001
1320770540385601
1321117767407761
1324026145713601
1324160462478601
1324472884862401
1325335339952401
1326495406498921
1326904912125001
1327033690176601
1327246717522321
1327734748660321
1327944173774401
1328019641457601
1328101496046001
1328293086447601
1328619375997201
1329954380224801
1330109188992001
1330271592631201
1330885730130601
1332711000784801
1333475659593001
1336615523073601
1337503594583521
1337565250203841
1337881001184001
1338271708201681
1340333050080601
1340907807294001
1341282748381801
1341344105942401
1341565991388001
1342319689360801
1343625214912681
1343766337725001
1344552898605841
1345134807982801
1345217665811041
1347163059052801
1348200868606201
1348725527385601
1354989543398401
1355890140526801
1356063921874201
1356200512245601
1360147915660801
1360228280712001
1360299305930401
1360903292595001
1361186156453761
1362522264994801
1362551081900401
1362773415506401
1362880189755001
1363364858678401
1364225130878401
1366646116296241
1367130740169601
1367680901454001
1370942580664441
1371429824433241
1371520294241761
1371655838040601
1372071369564001
1375148045973241
1376984036844001
1377417031061401
1378467505658881
1379623621722841
1381057984824001
1381448238534001
1381685581556281
1381998885220801
1382130293132161
1383377194436401
1383407977568401
1386670057449601
1386758003920201
1387463479543801
1387968163797601
1388654949960601
1391806788624001
1392668979156001
1395478622079361
1396283630112001
1396433051798401
1397163200608801
1397552463402481
1399435782045121
1401219201034801
1401802288380001
1401846310326001
1401872977368001
1403456836320001
1403495172876721
1403835028596001
1405994433838801
1406568485322001
1408023591975001
1409350063383361
1409479773764401
1409793007882801
1413014700954001
1413262342732801
1413341765456401
1413954562435201
1414162008390241
1414166749002001
1414232095620961
1415417551119001
1416072748272001
1416805224660001
1417179602688001
1417370352652801
1417390321833361
1417410012858841
1418278610296801
1418509297458121
1419333139350001
1419593273996041
1421248349266201
1421614829831761
1422791826901201
1424752037940001
1426085979391201
1426335989904001
1427343189696001
1428447747434401
1429748594400001
1429925837613841
1430312006672641
1431267205611601
1431357045081601
1432265987208001
1433120805745201
1434816767709601
1435517523132001
1436639974471801
1436885307551401
1437300426834001
1437834342528001
1440458728651801
1441309234939201
1441890772467601
1442431805837401
1443857351695201
1444656346136641
1447631295318001
1447797418272241
1449360600307201
1449797131473601
1451838973606561
1452823468059601
1453350742565401
1453870880146081
1453963654255201
1454525398695601
1454973801404761
1455235190010001
1455313774032721
1455553796697001
1456212414617521
1456476246943201
1456829185640401
1457374647061201
1458546462514801
1459599789538801
1460157229112401
1460786243454721
1464579827830081
1464875016507001
1465179343362001
1466634192156001
1470681280879201
1472586650253601
1472599909755241
1472726517427201
1472857044666001
1475469678043801
1476125012577601
1476873393676801
1477639935945361
1478890548828001
1478978812715041
1482543256526641
1483413230098801
1483460645583841
1483852424826601
1484162746794001
1484639622102001
1485185392454401
1486249674015601
1489174290172801
1489176838339201
1489335373890001
1489466988558001
1489925253864601
1490030353035001
1492206393988801
1492427864743201
1492651299888001
1493206678404001
1494651285691201
1494846706822561
1495112997180001
1495984048992001
1496765067623281
1497143811265201
1497164041933561
1497710608680001
1498403702182201
1501348099255201
1501378747596001
1501468817394601
1501850349636001
1501880958288001
1501912191528001
1502109028976401
1503279646890001
1503477669360001
1504559510890801
1505662585299601
1505704800499201
1506465555730201
1506647975367601
1507194841937401
1507314204950401
1508079873704041
1508262894323641
1508490595755001
1509035323325401
1509494043267001
1509837991662001
1510161925017601
1510665082479001
1512452002064641
1513135326780001
1513470476064961
1513862520345001
1514628744993001
1516123768669921
1516600044414001
1517260361319121
1517685758283241
1518939699249841
1519717716433801
1520120700369601
1520720232822001
1520952336432001
1522486797195001
1522625500574641
1523870115516001
1526472043561921
1526548187848321
1526862328992001
1527448379680801
1528658247564001
1528853332430161
1529749907418601
1529961993803881
1530279158608201
1530523736649601
1530695895674401
1532658487752001
1532924743550761
1533233471781961
1533638679540241
1533866579809201
1535381369285401
1535386834791601
1535495600911801
1535993066916001
1538081392848001
1539161049915001
1539977174215201
1540186619932801
1540625721742801
1540725284858761
1541593839240001
1541709443950201
1541905214817601
1542368543610961
1543272305769601
1543522320765601
1543612424794441
1544258307765601
1545560587464961
1546608818563201
1547701547792401
1547890006135201
1549133674704001
1549247550246001
1549504056672001
1549580925942001
1549618755300001
1551158963071201
1551343133478601
1551519101698561
1552389581635201
1554883477842241
1556310021424201
1558967812066801
1559324044902961
1559598466610521
1560823158529441
1560943548725761
1561443006614401
1563003087743161
1563412119534721
1563725389590001
1564094599359601
1564571610100801
1566689734383841
1567365831612001
1568470640653801
1568836508366401
1569855662575201
1570796936893801
1572042807098401
1573219961424001
1573248586555801
1573578928900801
1573895440572001
1574790457396801
1575473340604801
1576627938980641
1577275275303001
1578207651400801
1578210328815121
1582464722802601
1584126979575001
1584339418569601
1587657397788001
1588846263661801
1589874133957201
1591671435433201
1591802070732001
1592119388480401
1593649038168001
1593739364096881
1595326619250001
1595745492309601
1595756519370001
1596476021300161
1596668846572801
1598675842764001
1599297476384161
1600725845174401
1600858499469601
1601627431370401
1602545525053201
1603187117028001
1604245198550401
1604778842016001
1604904708771001
1608035054102401
1608556152790081
1611387174746161
1612675010138401
1612855210419601
1612892500387201
1614173540555521
1614663981840001
1615188980802601
1617578055331201
1617876200792401
1618251631252201
1619174829720001
1624780041622921
1625038672420801
1625116495635361
1625444903289241
1625721559627201
1626018019340401
1627270602570481
1628686547136001
1630339834683841
1630617676506001
1630928905536001
1631292895008001
1633323978662401
1633540324564801
1633849460596081
1635987003638401
1637187885963001
1637689755504601
1638298426319281
1639115414572801
1641099412915201
1641848404014001
1642428095256001
1643141907649441
1643241243936601
1643697098894761
1643839036408801
1645353985867201
1645570142832001
1646232140817001
1646492594352481
1647678370660561
1648127671554001
1648515849960001
1648946652314401
1649540678016001
1650440453168881
1650498271280041
1656755550450001
1658446518642481
1659741382355761
1660210827475201
1661858862879601
1663285324668001
1664669871937801
1665706725789601
1665736584783601
1667209629859201
1667639428056001
1670569956510001
1670674096195201
1670814341708401
1671427676053801
1671950194160401
1672381527089281
1672993183226401
1673159879905921
1673587430119921
1673770457743201
1674395913738241
1674530541615961
1675247548986001
1676858399712001
1676972529590401
1677391002327601
1678246946006401
1678638467305801
1678658321239201
1679493250638001
1681836979863601
1682141480334001
1682742058887601
1682788962002401
1683322703421841
1683605099357281
1687701940706881
1687940325396001
1692274598716801
1694760598674001
1695569696568001
1696046644609921
1696654556255401
1696745871928801
1696917324102001
1699276413798601
1701136734053401
1701165722235841
1702235516520001
1702470810713401
1702471364455681
1704753816350401
1707008861940481
1710771693816001
1712013558168001
1713181511502001
1713593314818001
1714080082192801
1714290717116161
1714792120272001
1715514146582881
1715776104042001
1717097492880001
1719849442122001
1721222771486401
1722016257347881
1722045487152001
1723818516092401
1724465794998241
1724798748279601
1725168481522201
1725795068092201
1726058422623601
1726351742782801
1726797000360961
1727168214285361
1727250500898001
1728561068346001
1729318623137281
1731134265912001
1731138095756161
1732553851392001
1736572908470401
1738933500360001
1740356264736001
1740930336351361
1741176112032001
1742557970462401
1743841858689001
1745324274657601
1745376871593601
1745808395261041
1745829759960001
1746015893596801
1746243928762201
1746921673016521
1747409209140001
1747513707786001
1747613896854001
1747669495572001
1748300214222001
1748538686966401
1748579439007801
1748640940300801
1749011823959401
1749107124594001
1750527809904001
1751057083776001
1751383518030721
1753788617246401
1754868666156481
1754999451878401
1757260261356601
1757578016633401
1758914707392361
1760056007688001
1760474167173601
1762993792020241
1763129775246841
1764113683761001
1765227164064001
1765364831265601
1765637601567841
1765987678422241
1767124123128001
1768942879249921
1770046360934401
1770065078418001
1774006733489761
1774060143508801
1774142734023001
1774213159226401
1774793152587001
1774897287072001
1776906182797201
1777525134208561
1778135249079001
1779935177328001
1780326418483201
1781635089389401
1781831518685401
1784361991448401
1786736806218001
1786876432981921
1788043995761761
1791380831276401
1793809964400001
1794273308724121
1794892377096001
1794899685306001
1794967525194481
1795157099380681
1795961651618401
1796054171511601
1796255991295201
1797247644126481
1797573649010401
1798424021700001
1799290173234961
1799373908442001
1800338503773601
1801195629599521
1801375881669001
1801831332903001
1803481504440001
1804867047567361
1806018371942401
1806104412604801
1807624401156001
1808904323457001
1808933190535801
1809657551856001
1811212524450001
1813044381197401
1813461935167081
1813637914503481
1814123295915001
1815275066031001
1815455045804401
1816733273776201
1816854227753401
1817899093810801
1818939575476801
1819437052118401
1819575241848001
1819906407328801
1820139200409601
1821899403979201
1822310735856001
1822438886268001
1825235809266001
1825310663719201
1825760875995001
1825806341103361
1827969134027401
1827969150571201
1828851115093201
1829038958880001
1830067973395201
1830724033723201
1831506883878001
1833917122767601
1834751758203001
1835397015354001
1836107406244801
1836225432913201
1836927378157201
1837824753429001
1838579905959721
1839151847344801
1839266993327401
1839300720094321
1839649972567681
1840835319876001
1840975943166001
1841996432016001
1844165105336401
1844404678875001
1845963280158481
1847286970174801
1847467304481121
1847932681005601
1848517257787201
1850606234107201
1850833958173201
1851847767764401
1853592881653801
1854749172243601
1856023973696881
1856483177842801
1856641667625601
1857300471318601
1859680768049281
1859778245707201
1859840833032001
1860679780243201
1861301756664001
1861922943670681
1862380155114001
1862398665792001
1863615116284801
1864389781548001
1864439770050001
1864614967215001
1865217794210401
1866041883140401
1866296800695601
1867158809880001
1869229492124401
1869701932690201
1870290541848961
1870765291256401
1870859970189001
1871033511753001
1871902230660001
1873693799510401
1875495038202001
1876773162045601
1876986988052401
1877004906453601
1877946751661761
1879467894519601
1880599628779201
1882046746944001
1884566308265761
1887920935673641
1888644167373601
1891470473046001
1892405567988001
1893579441032161
1896783224275801
1897159123477801
1897700614219201
1898056889116081
1898113654522801
1898306960701321
1901329527661201
1901346633664801
1901773436472001
1902881905688401
1903643262561601
1904334810970321
1904819657966401
1905285007800721
1905520570628401
1910729162083561
1911094495556401
1912238436144961
1912961037926401
1914514427826001
1915273691407441
1916131768215601
1916777254869121
1917984246141601
1920097920350401
1920241045971601
1921091263728001
1921364310705841
1921929438504601
1922332088586001
1923410647158001
1924062333757201
1924239746264041
1924967266223401
1927101063757801
1927276664376001
1928220325356601
1929443861721601
1929526113186001
1929588128998321
1931274441345601
1932014319694801
1933904075760001
1936011082375441
1936416160972801
1937288429239321
1939406997880801
1939569227114401
1941507324792001
1943056426802401
1943398972299961
1944113207541121
1947618082594801
1948690138467601
1949032935675001
1949659595914801
1949965368951601
1951523908286401
1951626353040001
1951697121617881
1951880783024401
1953520863966001
1953628117742401
1954654505496001
1955974812422401
1958184292482001
1958260455299401
1958285833631401
1958972869949761
1959564703150081
1960071749277601
1960333065066601
1961224338317401
1961388766275121
1961432323414201
1963232919912001
1963812295440001
1964293242132001
1966092481735201
1966753267138801
1967989774667401
1968520998708001
1970954636112001
1971286173620401
1972752378336001
1973159125329601
1974068073299521
1975055388537001
1975281593826241
1978071281550001
1978381578551401
1979326940572801
1980110931775201
1980230853439201
1982109280515001
1983468535131721
1983969045648001
1985062258300801
1985631682149361
1986284805532801
1987953491764801
1989425811859201
1989525661426801
1989603590822401
1990841636360401
1993741483116601
1993846655707201
1994004881948161
1994646282244561
1994961060073801
1996935144094801
1997971287984001
1998469211860801
2000743567401601
2005489674253201
2008524600898201
2008913246425801
2008994123394721
2009071787587201
2009092029869401
2009193169737601
2010200306259601
2012731326802801
2013776843893921
2014581734679361
2015298550588681
2017114390972801
2019546826789801
2020264329190801
2021032143900001
2021751022262401
2022389323416001
2022538498478401
2022832332918001
2023765723654921
2023770820266001
2024943300156001
2027481226482601
2028524293635841
2029771693857601
2030707588699801
2031664182649921
2034016782487561
2034523810494001
2035197690582001
2035276852455001
2035401771211201
2035643083437601
2037973686084001
2037990463483201
2038282797103201
2039947871670001
2039986844028001
2040054560208001
2041453038348001
2043171009384601
2043209973358081
2044839978636001
2045925496294801
2046419578110601
2046539296704001
2048091069024001
2051406677419201
2051920045837201
2053696704343201
2055612823718401
2057839911101521
2058763212109801
2058823750654441
2060318010513001
2062079728663681
2063305560052801
2066517885312001
2068973059144321
2069767865440801
2070400341895201
2072556284244601
2072766775027201
2072992628790721
2076214007966401
2077265396514001
2077399632764401
2079702863727841
2080582725611881
2083416566002201
2084931769571641
2085182112468001
2089237881416401
2089392882857281
2089461519915001
2089953692996401
2091660491592001
2092390847328001
2094839115936001
2095118822419921
2096597479704001
2096771359410001
2097061542361801
2098351537443001
2098612935783001
2098742368887361
2101047776427601
2101356695671201
2103475369601761
2103616755240001
2103969427659121
2106262603907281
2107287264329281
2107669445731201
2108089098722881
2108608958887201
2109182168457001
2109536844672601
2110087850169601
2111930994700801
2112755779411201
2113180369956601
2113302007341001
2115330430086721
2116473079260961
2117187417915361
2119040171640001
2119166796605041
2121217182924841
2121375615386401
2121933269219401
2122085219423401
2122354645923601
2122547809926601
2125035413351761
2125917598896001
2126771437354201
2127260271662401
2129042256818401
2129228700618601
2129299265966401
2130339537963001
2131567188555001
2131924852992001
2132178960336601
2133086368634401
2136097856256001
2136274873488001
2137076819305201
2141036538802561
2142032385779281
2142143068585201
2142839651832001
2143286030818801
2144137648884001
2144532923055001
2146699115064001
2150142931324081
2150214562833481
2150809146486001
2152102576969801
2153141138332801
2154446495092081
2154485345064361
2154532436582401
2155332975642001
2155361516040601
2155922525352961
2157241393717201
2158308839339521
2158514706902401
2159106988991401
2159420460970081
2159903685640801
2160092715984001
2160144607158001
2160319874076001
2163877437828601
2164247199114001
2164900462559641
2166507164159521
2168323537728601
2168469454179601
2168911508212801
2169245631440161
2171482241826601
2172780761453401
2173105812037681
2173262568797041
2173472585776801
2174330307609601
2176549821089281
2177702107282801
2178199968750961
2178506644710001
2178763908029281
2179851816240001
2180755195458841
2181052626753001
2181970613571001
2183986186519201
2184888095426401
2185413922204801
2185712612647201
2185951763385601
2186339059177201
2190373202417401
2191379673409921
2191731505500601
2191926420054001
2192082640693921
2192566962705001
2193527351887201
2193635397744001
2194674802874401
2194806734250001
2195414693813881
2196005669991001
2198018198265121
2198195139550801
2200245150196801
2203054770911401
2204366618442241
2205196193939761
2205859078432801
2206640194122001
2206748685288001
2208302545428001
2209497877510561
2211244360128001
2215461294102001
2217179044332001
2217245565763801
2218314476196001
2218783055416201
2219130809061121
2220032101313521
2222754960888001
2224637399779201
2226081343706641
2226386295304921
2226675373440001
2227006670288401
2227212327301201
2229829973882401
2230270219255681
2230351743834001
2235578272855201
2235792314347201
2235839459828521
2236764203835841
2237875339569001
2238564725560801
2238640226096401
2239335290430481
2240421969366001
2242175227821001
2243978203518001
2245621945311361
2245716745549201
2246281005306241
2249294655371401
2250680877889921
2251461812371201
2251948047148801
2252190607086001
2252269435182001
2253671966372401
2254844187905401
2255385674211601
2256038917204801
2258087977252801
2258701552149121
2259478840014001
2261487631057201
2261627903578681
2263876260861601
2264370848040961
2264651210669401
2267794984896001
2267833927615201
2267886035419201
2269001451880801
2270934801899401
2271791635565401
2274051139214401
2274893139036001
2275348536584761
2275644974882401
2276015962806601
2276531930649241
2277466072277761
2280404073511201
2282619658442761
2283388903980601
2284428424987801
2286937151654401
2287891948582801
2288073410532001
2289802430916001
2290912653254401
2292008507483761
2293433950500001
2293554326565601
2294310809070001
2294353518093001
2294788588201201
2297333720250241
2297894613777001
2298247703992801
2300008231105201
2302501396521601
2302869306753601
2303230339762801
2304041079326281
2304094080951001
2305212128167201
2305858401672001
2306217858570001
2306280048777001
2306481836626801
2306607991858801
2307539219443921
2307825229740001
2308462531939201
2310145519021201
2310177839674321
2311844782800001
2317077137466001
2317962608503201
2318319849780001
2320490513073601
2321646122334001
2324183128200001
2326142913166801
2326986636687361
2327284981443601
2328249272328001
2328994100651401
2330173601431201
2330433176598001
2330613789419401
2331688508487361
2331768991668481
2331949216930201
2334877155428401
2335399577874001
2335472849805481
2335960193448001
2338386402492001
2341696468779361
2341799586856801
2343325452951601
2344134088296001
2344909037373001
2345380642029601
2345720008262401
2346550339225201
2348541756237601
2350663456372561
2350940713885441
2352019800879001
2352687279703801
2353241997427201
2354326555392001
2354345310184561
2355360724800721
2355493711334401
2356020818046001
2356155451540801
2356302607401601
2357870993432641
2359036368546001
2362214765766241
2362903778304001
2365220184798241
2367044481387601
2368388271921001
2369155693064401
2369596615378201
2372159876545801
2374157771025601
2374168756029841
2374237394242561
2374328584992001
2374505846076001
2374860178916401
2374873526291281
2376177038983801
2378639013929641
2382230450502001
2383645511323441
2383823078910001
2384538270791041
2384714185873921
2387958486144001
2388419366671801
2389674081312001
2390041286640001
2393554927176001
2396389651563601
2396668606332001
2397065234669281
2399439788665921
2402208529680961
2405150539688401
2406290694830881
2406381825556801
2408421913397641
2410008834781801
2410657268947201
2411420742369001
2413044185166001
2414986218216001
2415320858694241
2416442160350401
2419416896814721
2419797702861001
2420198112921601
2420280705089521
2420503098207601
2420625616677841
2420963191903201
2421684270646201
2422063942735921
2423685343725361
2424336140973601
2424554631576001
2425262718442201
2426077218020401
2426636480661121
2427818082690001
2428085525569201
2429902436715601
2430250160858521
2431326987437041
2431424483674201
2431438996129921
2433109723191841
2433806714351881
2434115738775001
2436030216383401
2437654493937961
2438074476041401
2438541737814001
2438660604945601
2439000420292801
2440524168831601
2443134784582801
2443226125872001
2445134208984001
2452900100414401
2453392320636601
2453926303130401
2454621236963281
2455773456850561
2456489917299601
2456525024803081
2456547775641961
2458741788090001
2459337186290401
2460127828356001
2460388328798401
2461391423244601
2461434200702401
2463805524896641
2464137556100641
2465042877460801
2465255180241481
2465375635548001
2465730291691801
2467390617489601
2469630420936001
2471003907341761
2473628544114001
2475232157241481
2476885109899201
2476960269300001
2477112009523201
2478892216273201
2479608136320841
2482728050194921
2483458942204801
2484501444633601
2484625138405201
2486293681077001
2486592721267201
2488391808651001
2489892546687001
2490192297633601
2490455511856801
2490493274549281
2490675401944801
2492287083009361
2493264432084481
2493562264754401
2494628530758001
2495658078169201
2496033100888801
2497506103397761
2499748969233601
2500919990704201
2501904009326401
2503319341618201
2503458273448801
2503488764422801
2504373741928801
2505459606216001
2507078023410601
2508152587815601
2510546421904201
2510919621914761
2511581287622401
2515629626312401
2516245692048001
2517455354568001
2518231980766321
2518503407330401
2519324425833601
2520252881703481
2523011454117001
2523530687714401
2524528329855841
2525930593507201
2526834045456001
2527393214241001
2530898676129601
2530942959018601
2531637517311001
2532176521875001
2532444439269601
2535486199056721
2535838259463601
2536016087404801
2538164035622881
2538230784445801
2539162554297601
2539292325570001
2539374186837601
2541195414374401
2542677970560001
2543692968056521
2543847214272001
2543916309480001
2544466351140001
2544855863461801
2546317802457001
2547192448710001
2547492218107201
2547574729897681
2548986176899681
2549622468338401
2549914203606001
2551451996592001
2551811769486001
2552604724542601
2555905202814601
2556140179196521
2556261054336601
2557243796070601
2557513976008321
2558005798093201
2558074241124001
2558254478169601
2560556294472961
2561743520659201
2564661613777201
2564941662769201
2567239210728001
2567532641830561
2568185025315841
2569334179950721
2572238312588881
2572557346316161
2572855142793001
2576047484245201
2579302761090001
2580897653913601
2581716642120001
2582739944649001
2582860192935121
2583143510560201
2585261994016201
2586898823088001
2587765723678081
2588644742229001
2589848112336001
2590422988739041
2591406275950801
2592548003706001
2593283170680001
2593871963713801
2595590439129001
2596634147313361
2596873867686001
2597450546736001
2597945933401201
2598129358545001
2598364386361801
2598674833797121
2602029308193001
2602839884976001
2603059198542001
2604380386235041
2604627290890801
2605215370968001
2605870273889521
2606502502880641
2611032267831121
2611266875380801
2611990067038201
2612077711921441
2612246912284801
2614092883245001
2614695889024801
2614730218153201
2617768934211601
2618489309612401
2618671716529441
2619044183473201
2622341265852001
2624803249133521
2625456290688001
2625510661956001
2627194563612361
2630991529837441
2631666669374401
2632493535522841
2633077454421601
2635895564710201
2636655928108801
2641487847944401
2641539986067841
2643040905397201
2643654677886601
2644221453431041
2645931980865601
2646039447706201
2647938923953201
2649503023752001
2649972983590801
2650333995953281
2653523569468801
2653758467380801
2654822657410561
2655927394932001
2656843688903041
2657028856762801
2658834776062081
2658854737702801
2660209470349201
2660640570692401
2660934618972001
2664814630978081
2665204113726001
2665401937090201
2665686125508121
2666362879414081
2668127167053601
2669654963632801
2670120655380361
2671533029034001
2671570669740001
2672310390624001
2673725198870881
2674666592236801
2675924381894401
2675939477299201
2676522913974001
2676851571265201
2677955602041721
2678415871084801
2680359326424001
2681842387052401
2682553956778081
2683123120699561
2683320814260001
2684794590878401
2685950306746201
2686013419017601
2686960134882001
2687144276565001
2689157529302401
2692585998102001
2693326453337521
2694298632003001
2694454131096001
2695198327878001
2695459195821601
2699553061860481
2699639149948561
2702610587449081
2705919082516441
2706394249761001
2709646957315201
2710141780469761
2712881705352001
2713445483760001
2713461534630001
2715404796442801
2715630040841761
2715914575558801
2716527569910001
2717796601573201
2720788440599881
2725045236538801
2726278196142481
2727148883243401
2727970003306801
2729085250399201
