29972916001
29976912109
29992742621
30000475681
30054079751
30075436711
30079976641
30085663211
30124528961
30143700361
30185498071
30186408841
30187080001
30204592861
30225000961
30248988001
30255017671
30257145361
30274173721
30284482619
30318746921
30329298721
30330373789
30334627009
30336054101
30337719751
30384203761
30399031921
30416216881
30474050641
30475173751
30494588881
30496552801
30513333101
30527442401
30576049081
30583962181
30588060661
30596309641
30613888801
30614835301
30622800001
30626980429
30659096161
30667926961
30676464811
30693224329
30718797841
30721936001
30747203761
30748207001
30782256601
30800758951
30802068361
30810153601
30818322889
30847505341
30849338521
30850478569
30853969381
30856071961
30892947541
30930398401
30951574729
30953961781
30965042161
30968913361
30978653941
30989895091
31004673441
31022364001
31031914681
31042451521
31075098241
31084921801
31135947331
31162890241
31177769941
31223362561
31242111239
31261809601
31266835201
31321036801
31338223291
31345149701
31389650161
31393547641
31401566701
31437212801
31464378561
31466869951
31498565281
31526620401
31530580561
31550956561
31580843941
31582132271
31609555201
31612114609
31621744001
31641018751
31647712501
31659596641
31703987741
31708555171
31722163201
31726594369
31729746289
31749243841
31762001239
31765735681
31780528561
31788046081
31809295981
31831260721
31833101821
31836888721
31850327461
31856151421
31871867809
31887240001
31889908951
31920322219
31921420441
31954291669
31970566081
31974793201
31978776821
32027410801
32030112961
32042237671
32054354641
32067191521
32068224469
32086856761
32091243169
32099999041
32108202751
32150164609
32207715151
32223033601
32238765241
32242213081
32260212001
32275206601
32301937741
32305771171
32307576751
32328569521
32359046641
32359736191
32391681841
32414206681
32415852349
32424332249
32440621249
32442771271
32443966801
32447478961
32449428901
32459379841
32471743201
32494223521
32498216741
32514968929
32537872081
32539233439
32555815241
32570982491
32571502861
32577504961
32596526161
32616539281
32616730231
32616843841
32633218801
32640791401
32659889641
32678262769
32681293681
32698719719
32705735041
32706969121
32722136161
32785415479
32786994241
32801785201
32816865071
32836636001
32847025969
32872323961
32886161401
32896579201
32938293601
32956316009
32973575041
32977064641
33052379361
33071376521
33129866779
33131694961
33141255841
33161227849
33180128641
33187825921
33190135441
33191565121
33221609471
33223191571
33229337881
33257236861
33263120441
33263797519
33284599849
33291233281
33293304451
33295309201
33335107651
33347951701
33357749041
33372039889
33380159809
33407548849
33409170601
33413375719
33428059111
33428106721
33429207061
33432155121
33455841721
33546378721
33547500001
33554288209
33561548351
33565410271
33585670561
33606808451
33637762841
33644206009
33645046189
33663848599
33677388709
33707392109
33712969681
33733170001
33761687429
33765394391
33779460001
33801709111
33818946841
33819748381
33839414281
33851987841
33878181961
33925223521
33938847361
33971156201
33975882541
33978361051
33988172401
33993210751
34050416401
34092889729
34101683641
34108164641
34121524529
34125339361
34130732131
34138532481
34146785821
34169192641
34190067521
34193028521
34202756281
34255895941
34264018181
34271828401
34280714161
34283803201
34353454321
34390241601
34423950289
34502634961
34510669321
34536461401
34561826641
34565507719
34578798241
34591443601
34613324539
34620206721
34623291121
34630709681
34638451201
34661368369
34686643501
34703280361
34705869121
34708656961
34734268801
34748188481
34766560249
34789440001
34811168601
34814275861
34822630081
34847860741
34852621441
34888253401
34910855761
34961903989
34967124001
34967401951
34994823151
35012450981
35021454211
35035428929
35042951041
35086364281
35121534601
35122641121
35133873751
35150487769
35155173481
35155463449
35185676551
35236019521
35236939141
35245770869
35253740491
35283322369
35286084289
35310803581
35348444251
35350281149
35362788301
35369191369
35389514161
35401195009
35401902661
35405529601
35411398001
35414203801
35415867201
35417752501
35425605601
35433594001
35454342001
35544210049
35554250161
35556838129
35587820129
35624125921
35648762689
35669546441
35693808751
35709020359
35735869441
35739147181
35749098691
35750033101
35750547001
35760538801
35812201681
35842105261
35857151401
35859227041
35873775649
35909731721
35916241051
35961462481
35986269121
35991109441
36017046881
36028743031
36036385441
36044133841
36051412321
36073764721
36078750709
36087750001
36090329081
36096565681
36127123201
36140400761
36180986801
36186594401
36214439041
36240741361
36251963281
36263612281
36274338589
36284196481
36303987301
36311440901
36314424361
36338093089
36363068821
36376278401
36378758881
36381580321
36385446241
36416725001
36429586961
36450495001
36450956641
36452970541
36466732919
36468218509
36478685881
36494566921
36495200081
36499181921
36540633601
36547760461
36551527541
36580263001
36587197001
36589054321
36623018401
36647300929
36653330881
36661761671
36665238961
36680325361
36683094241
36686582401
36694769681
36716752519
36724071361
36743624401
36771042561
36779258881
36781600969
36784846451
36787245121
36810774541
36819887581
36835372921
36836031569
36838006081
36857298061
36871052401
36877800961
36951405929
36955094041
36966131401
37003314811
37017043381
37022107321
37028062849
37046497921
37047852641
37054515961
37129231441
37151859229
37162221211
37165854811
37171396801
37175253751
37190232161
37198898881
37233625001
37236391151
37236775681
37263971641
37313602561
37333784401
37340091361
37340312851
37345927789
37370944801
37445232739
37466868121
37492206649
37502120449
37565676721
37570218841
37570408849
37570469761
37589008201
37590762961
37593030581
37601186281
37617335281
37637196361
37649990881
37669273201
37678507969
37678955329
37696733101
37702892701
37707068641
37714056671
37739570401
37759527451
37769158351
37779804661
37951388881
37952515441
37954575341
37978849501
37984171681
37985908129
37990900801
37993221181
38023226251
38028327481
38039209631
38067645361
38075024261
38097019819
38131208641
38141594371
38170970209
38172384001
38175014081
38180877001
38182191601
38182372471
38206849649
38254657951
38260572001
38277920819
38295704161
38295861121
38305192021
38314914881
38315378791
38348868511
38354803201
38403173629
38428853101
38453816629
38473686721
38487022561
38499028921
38507250689
38510184961
38519114791
38578424851
38579889601
38583177931
38591463241
38607655969
38651801521
38690897501
38698809241
38734303681
38742887461
38744209369
38776888801
38833808641
38834993121
38835844741
38878013441
38882133781
38905549761
38920936321
38921922901
38955025441
38957389021
38960057881
38981796961
38987872561
39011112691
39017858881
39054646171
39071755801
39079163509
39091248001
39095319401
39106384901
39109860681
39129373921
39136797701
39150573569
39188802241
39231515841
39232196641
39255966161
39308866159
39314021761
39329747101
39337417211
39358635691
39383048641
39391475761
39395732611
39396105079
39401865361
39415162441
39436798801
39437052721
39442203361
39446267761
39455015041
39513967741
39542169151
39542443921
39551082301
39554049601
39555949441
39569729921
39572332801
39573921601
39639874561
39652200001
39668359501
39668436721
39681443161
39693005881
39714372289
39733507009
39759633901
39765615121
39826568801
39829723921
39854853121
39871604369
39877790809
39889433761
39889860401
39896312101
39905374081
39908101381
39934288031
39938499361
39964320001
39978722701
39982753561
39985162801
40029249601
40056280741
40068054001
40105409269
40139764561
40142767321
40161251521
40164070321
40178447041
40194528001
40217821129
40232915801
40234846861
40235109121
40259707549
40263266861
40306534401
40309964641
40311613441
40314790081
40354015171
40377044401
40377336321
40414369921
40420543969
40435215361
40443369121
40445152001
40447742011
40459251169
40470733801
40484651201
40490354881
40505652001
40505917921
40527414901
40574588041
40583952641
40619808769
40621018901
40627540549
40633544701
40638034081
40642905601
40642980001
40694305681
40704548401
40750319221
40764304081
40797640801
40806040201
40821537401
40836432691
40865719621
40873826989
40895821891
40907407391
40958102891
40958470801
40988385361
41029289401
41046727681
41051927251
41069662561
41076831601
41079168901
41090389649
41124268801
41163519601
41170472971
41176244101
41180900641
41211015601
41216669321
41219488801
41271113521
41287870401
41301414001
41313386401
41316748201
41339305939
41370664411
41377161961
41379180481
41409784651
41410536301
41428917151
41443284961
41445459379
41469661201
41486163041
41494369001
41501511301
41505796801
41528259841
41561881921
41569261889
41587777729
41594501701
41597082241
41601246551
41622936721
41631535009
41633579041
41671916831
41678681941
41691824161
41705792561
41714845621
41727643781
41744138401
41754597301
41756629201
41767536721
41780014849
41798009089
41807003041
41838877081
41839395671
41839764949
41851087201
41871129431
41876377121
41952920641
41970519361
42004073911
42016300481
42021909601
42024424321
42031235841
42069926881
42109936561
42110432521
42126249161
42145354369
42146928601
42150393601
42151320001
42178887301
42186175111
42212079181
42220975021
42225080761
42251518409
42267289681
42272530381
42283915741
42292535671
42314103721
42317935441
42318613489
42319093801
42327740701
42340865281
42351238901
42362404309
42383001629
42406584221
42429723841
42431075281
42432912541
42446524321
42456659521
42474005551
42502518241
42532675061
42534041101
42543449089
42545378881
42576833531
42580475281
42583427641
42601050221
42604801681
42609480409
42610743001
42621390541
42632540161
42645471041
42646038481
42652693901
42689354401
42704985581
42714661001
42758061589
42774267521
42774624001
42783075841
42790371859
42817053691
42825662881
42826300561
42856293481
42871538881
42880478701
42900396169
42929424721
42953322869
42954179101
42966148601
42975173281
42981765101
42984490321
43005849601
43009581691
43015909529
43018271521
43018508431
43018987831
43031354881
43048388021
43052714269
43112252191
43118855401
43121096101
43139483101
43168013761
43212480901
43238398919
43255475201
43270108421
43299524161
43317956629
43320564001
43323184741
43331622049
43347934001
43352494081
43357688641
43362783481
43367307121
43373580301
43404216481
43431643681
43448268241
43472954561
43479132859
43497752009
43508388001
43531734529
43549513921
43549542961
43566523501
43566978331
43660210141
43678978591
43685370331
43707605761
43709817101
43724851201
43732510981
43747804801
43748018731
43771531519
43783724861
43793884369
43814405221
43833989141
43855749761
43891179461
43929100139
43933839841
43942384141
43950106641
43967583001
43969169201
43970181481
44004515941
44033006161
44056550221
44083406641
44091721441
44121722881
44131443301
44150262229
44156567041
44175780001
44190088801
44240868001
44279586561
44292030551
44305287121
44318689021
44321262721
44385722929
44401832641
44460103321
44478534241
44492071681
44542806001
44545081591
44571179869
44580133669
44583147239
44607321361
44607403361
44626711249
44626841821
44642151649
44642607721
44646566401
44649503389
44657326561
44668303399
44704389211
44730627601
44737541101
44747302801
44764263811
44768963711
44791182929
44795530561
44797121029
44803307281
44842797091
