# Computed using Maple code by Robert Israel, Mar 20 2018
19591646301361
19914894085681
20224549837801
20339878996801
20451758812849
20770245730081
20958501446785
21049814697121
21391316017345
21503708804305
21896803500481
21914521231681
21976701209281
22368078512641
22589008245505
22796963015905
23232758389633
23607632475505
24006416632705
24099046068385
24322417602337
25776159908401
25803063465985
26350451298865
26504932291201
26822577893761
27205578797761
27794054330497
27848595297601
28002198953521
28135585486801
28593675895681
28890111416257
29350226949121
29780444167201
29907339905521
30720340533961
30838241788705
31047709870801
31528862386561
31533672880585
32300545824001
32576017102993
32750806471201
33250202532001
33467368288705
33540256584289
34167927057265
34243138486921
34826725250785
34972234803793
35051342483521
35294498832385
35560449217657
35793362860801
36615467464849
37798322439241
37882201541185
38163827865241
38350080267265
38440031978881
38826249321601
39342199490881
40097688802081
40506358181185
41038986390337
41146511762161
41901762780865
41944850984401
42182344790209
42588660536401
42996152359441
43945754025601
44071710140305
44617984498081
44682877857241
44921151342145
45278529373441
45340926927985
45390917149201
45718328240641
46127662732801
46247218384705
48020364990577
48303439584841
48371404212001
48378077658001
48466771065505
48597492026161
48805956158401
49860026238529
50195664280945
50211862458121
50624305162561
51369492333601
51764873900545
52138455836545
53451807512545
53607159996481
53819647767145
53911794142801
53956038286585
54678063232801
55518230406145
55769128700545
56010482234785
56531154773041
58656965923585
58703888653345
58955919691201
59306919635041
60410943687601
60614835931585
60793808274433
61894945736065
62300274307921
62854514505601
62994342572785
63086892180481
63092802009601
64367225445601
64674023386441
65159557531201
65298764989585
66095054419681
66423742003801
66506143461121
67049789476321
67491556990705
67564048566001
68594947531201
68856710227201
68863299910561
68999297875201
69464745187201
70169271024385
71081105001985
72129845327905
72290010573001
72317946405601
72577292664097
72656222870881
72813485972305
72859135029121
73037841050161
73498450392289
74355782173201
74429833915801
75349390047841
75954166866865
76068122835601
76166046429985
76339010919601
76527407746945
77067867807841
77467379964481
77467464807265
77630107127041
78286348377601
78373197169345
79084477395001
79285480797601
79815142044001
79841172395881
81416268196705
84579836359681
85234638432385
85434788415601
85822803811801
86499549231985
88759395962497
90392090098465
90985392124705
92428852968361
92569251882241
92670776598673
93199984928065
93547747520305
94567804768801
95928584844001
96280083887401
96579058625281
99510307984801
100016437710169
100257367296385
100719461293921
100745248689793
101052029903617
101083314796801
101397579208705
101543818572001
101703723904081
102451814547121
102612238404481
102881812592065
103093376131681
103178713599361
103710236988961
103965641074945
104103946362241
104250950237161
104302477851265
104645161202401
105050864761921
105485216578561
105727514175361
105780977110081
105872357314945
106012434709441
106022606184001
106048257557761
106555874362561
106611934006657
106658475462001
106675462791001
107214176112121
107305333987969
107461187396641
107509601543617
108282246465601
108597912114601
108977479515001
109234340218081
109254004910401
109266731904001
109328077576705
109379454269761
109571758313473
109884911336641
110008193137921
110390903058241
110464766030521
110506719725641
110713012324201
110957519120449
111064417289281
111191044640257
111415051812961
111741584304961
111767801075281
112082707427041
112523455882201
112553226783361
113281068633265
113316137437321
113983466584681
114280750245313
114285545107201
114603712181281
114671961535105
114903267882481
115075978604929
115092254888353
115099345113985
115166938455361
115183485589033
115434847664641
115577894234881
115877175588721
115932233942785
116036142088321
116810447670721
117121095321049
117207486015841
117404201507905
117509463015841
117879259452241
118124140555009
118171934544001
118879432751521
118922753946241
119232368156161
119299175788321
119553805465921
119814481382401
119876420059201
119918121168385
120033144636769
120055458374209
120199423962241
120307575364417
120435346530577
120446720236801
120767698403521
120872852898337
120961222855201
121163819918401
121184564991841
121373637157585
121412184459553
122056161696001
122073891692545
122685989194561
123213027057121
124586365226401
125108328340801
125243770174705
125296440032233
125410012114465
125479171952641
125721062094601
125886307919905
125901360144001
126639727741801
126893917963801
126941097417121
127036376282881
127717834811905
127829379712321
127937140128001
128186928898561
128200706023681
128619385435801
128713330118737
128812456725121
128989189395001
129140189244001
129273981679921
129941925860305
130633896577537
130682117730385
130829857810561
130839173388001
130918671156673
131018968043041
131535655977601
131713323219721
131850104423401
131859174434401
131873121182881
132075817350841
132208917603841
132261950792665
132368217806881
132976184717377
133096581652321
133188179481721
133253545130641
133378098418657
133845139484785
133959864078001
134053989688801
134056903130641
134173244620801
134642120795137
135000601401601
135036647176705
135678848679361
135845007783121
135917174257921
135956753856001
136137250298881
136302793686865
136771435975681
137514992487601
137598799673881
137669188507201
138019207294297
138067953483265
138115704349441
138533343630409
138624093460441
138626873330401
138914777937601
139545741772801
139641703418449
140919986841985
141401723700601
141476739148801
141601632886441
142197829138729
142227547585201
142348407987457
143138090446561
143321414976001
143476880932081
143618253886801
143664152873473
143843459815441
143860257434881
144251253253801
144517615930945
144923109696001
145204514078401
145258690008601
145779352033393
145892326777561
145991043042481
146509877220481
146806789407265
146855485814401
147515639613121
147563536942081
148265870034385
148761925297441
149357588209921
149444544936961
149714685388801
149722362947521
149820306966001
150049074219265
150051486843721
150931491444721
151142153589505
151423775542081
151494178318561
152043486872641
152201320121761
152231996036401
152568440073001
152586963606961
152662107621241
152734609238401
152867434197745
153421333148161
153456312151297
153894597471889
153967410269569
154175301815041
154383736188241
154658422184641
154698271640641
154998407541601
155279889979201
155463670694401
156217278080161
156537743410945
157071543501601
157175859909601
157371475373281
157801164738841
157834174417921
159776185620961
160315177945105
160815421404001
161260459253569
161326903454641
161673337522801
161714074420801
161859615674401
161867999145601
162153325062001
162512708639905
162693418567681
162848176380001
162964653153121
163093977182305
163654348756801
163710736313257
164593958362561
164825122715281
165017982860641
165384467285401
165489906963745
165573937857601
165597245101513
165748772496385
165776532867361
166158600017761
166422555159121
166535043990841
166546407378961
166736678063761
166883353232401
167744697120001
168356604561985
168428730976129
169431936458401
169819319043361
170410964772385
171052951868401
171099692689465
171284710615921
171314876021185
171566455304881
171583891343137
172075026309121
172546120525681
172836466250113
172998752216401
173014846747921
173065589958241
173765097000001
174491250551641
174506557730401
175035312180001
175179303256321
175725917896321
176125271955841
176188056481801
176268857469601
176761188203041
177400553129281
177715432097281
177917157694081
177948258087601
179351258353345
179372823295681
179380130688001
179525268641089
180191691439201
180472914006841
180860264473681
181633474948465
181742515862401
182155066394113
182470021937281
182556410891401
182557063872001
183072269900521
183890470401001
184197052370305
184227772396801
184269333011905
184481284272481
184736093217985
184845432240001
185184548784001
185245479014905
185340068559361
186289955636401
187469355161089
187490965178881
188083570428001
188275116360241
188514766345753
188976046386673
189759973872001
189884107567441
190072905496201
190276186268161
190283515529185
190646155410481
190788936861601
190996414990921
191082655899721
191820369414241
191835642197137
192317285950465
192790175853745
193586066316001
194719020396121
194925869633881
195009551770177
195594931128961
195966892367281
196127100725185
196499799357121
197075266313185
197194047285313
198128444411521
199526157473761
199538617368961
199636989396481
199641506891905
199728832341601
199794422136961
199857221631145
200355897067201
200466988886161
200491875836785
201039319198081
201057254390785
201142269289585
201438838621441
201501605211985
201562838591401
201565415520001
201893702194081
202660996108033
202906991321281
203018375625481
203091687155521
203133323631745
203185325185921
203226712282945
203628571971553
204081403493521
204855497662465
204961851550729
205316680953601
205397300491201
205901150246401
206007692252545
206668880055001
206702214867121
207189571849345
207208715757121
207450567659281
207488886322081
207911394628561
207957720564001
207991662682321
208596573164161
208807543840897
209142989497729
209333526262561
209855727958465
210002643446401
210006996253561
210424881292561
210621112565761
210772254798001
210928292064001
211093745385601
211451926152961
211879393084801
212654591443801
213047876764801
214045658624161
214844816672641
215007310995841
215025375801985
215108676566785
215204252359321
215534888724961
216159268898161
216684794252161
216698374086481
217738803858577
217798425134641
217880781022801
217954880910001
218254475275201
218316713201665
219213439807321
219281858426401
219693711797281
220103297481601
220660475789881
220861406666881
221302514861569
222268582174465
222451709785201
222453857606305
222584863366801
222837708464281
223114431830401
223315326077761
223426479299401
223536648741121
223932291854401
224166247184881
224403429519361
224570867738113
225665013657601
225699913054441
225878861678977
225942311211121
226441509750001
226724583101185
226945406533105
227073849617881
227301150823201
227447258532481
227636603266801
227665023359761
228250831498561
228569106124801
228766941045721
229038833654401
229099828140001
229763905109641
231005167270921
231156371242945
231235055251201
232268853734281
232606458651841
232639178769985
232820785756081
233170678731601
233273897231761
233294467427281
233394133821121
233562666405601
233843419686241
233878795627681
234135421279201
234227199364705
234371483030881
234386589824401
235214870154265
235328523575041
235331893974241
235617060393001
235634158639321
235959277441801
236039549400145
236052713016961
236097385836481
236282048829961
237735835777441
237920098626145
238101675455161
239064167802241
239079378938401
239353394299201
239902759213921
240080945416417
240109656416281
240298291982281
240617826209377
240838116554113
242233063164001
242587952020441
242740191766465
242813865907873
242821501163137
242964401133961
243071944315201
243409434766849
243420665358529
243458383607209
243672498407521
243947011458241
244109457244801
244126824044545
245323843909201
245664420518881
245768095162081
245930144423041
246249632631457
246643084213345
246654835842961
246744050625601
247314166489081
248207985043201
248498314041601
248498911443601
248524879383001
248557563964801
248732468824321
249072051705841
249395185872001
249826636538641
250059873519001
250298673253441
250957422444961
251089560253441
251555054085985
251768828314081
251925325666561
252075863738881
252119060550721
252441728594641
252856348718401
253625074289665
253808866767001
254301249840001
254513011104001
254545583017321
255149999469505
255327179247361
255598033393081
255633541122961
256157187841801
256389273423361
256830877404361
257075681007601
257339947863961
257583318661201
258072184917001
258305907306001
258442214855329
258894277402033
259199993289601
259485187873465
259500023096041
259730706622465
259732564882561
259746361073641
259887272817601
259904243154817
260458582144321
260525062574281
260558871619201
260577438193801
260607278844001
260629035609601
260920328014801
261357950412721
262749874153537
263425468345201
263448339246001
264206484675001
264602116847041
264689589855601
265503783883105
265925146132801
265952138804353
265990039626961
266048589837121
266497449101065
266657269838401
267069297337921
267206249502193
267380808809401
267612408451585
267645185280001
267710046912001
267717040536001
267751337342401
268077061446481
268443972972721
268590802594465
269102377783009
269364468419761
269414586842401
270203110831585
270333434448001
270444151044145
270723933711001
270925415252353
271532841656401
271587037768201
272115008051041
272384455593601
272972143471105
273065018572801
273389616423001
273985939893601
274280775531841
274573936355401
274803911008705
274960643484241
275409708588001
275509730043073
275910401968201
276044518386001
276388437362401
276955791117265
277261054767841
277428375576001
278396594792641
278513765244001
279144440646721
279840645571201
281358666844801
281400030408001
281428590686401
281918007403201
282125319236641
282333279998161
282398167854001
282437111617921
282492097696081
282922959173905
283260774507481
283526227015201
283813509006721
284058367395265
284159163468961
284206951972945
284972843314657
285096525274561
285699851105761
285830334947521
285965544294145
286054256754001
286090175623393
286320740349601
287135522634961
287138015176321
287212458044161
287680865868001
287932720626001
288311307096241
288349817258881
288468211032001
288517269874561
288528656508001
288641473636321
288766472158801
289151557024681
289778273296513
289835933770801
289932658745401
290085615311401
290152025115121
290318679874945
290340858013921
290759506315201
291137410926433
291640214098465
291871217358721
291928180360609
292347151496401
292465935372601
292723585354201
292995390812545
293063608522945
294507318465361
294618241835281
294736870945441
295240508435041
295270565619601
295437696671041
295992857715841
296682397334401
296690267930329
296939152296865
297060053205601
297197029092601
297360741753361
297505864716481
297571409650801
298022152309921
298314701269201
298533309631921
298605018835201
298786951583281
298817811380881
298923404222521
299025430170985
300679119203401
300758548250161
300826137934081
301075229655361
301949890240321
302075037538561
302125474619137
302160094277041
302212610457121
303109571214577
303526769820121
303866580476641
304372486081153
304396169374081
304474351208041
304632401457241
304805496260161
304820872917121
305007724358065
305342442987121
305382332844001
305415031518241
305448540727681
305748578739745
305946475111201
306235054067041
306583634742289
306651431992321
306884611391401
306953727676201
307876592509921
308673352156753
308994594168961
309227246128801
309300746814865
309313343340001
309699503075521
310711816054081
311284036060201
311297179082401
311438379886921
311544007746841
311551459260769
311960001571681
312250685383585
312260718389401
312425076781441
312568274217745
312661817314561
312692688635041
312784919778241
312847850730961
313071911023105
313083143304841
313254370497601
313289018785249
313390828542961
313583855841481
313944677055361
313990340938561
314155391846401
314156046780001
314375405083201
314809768310401
315149396134321
315184571555041
315892108546561
316183109916961
316578376870561
316609293203281
316706193488161
317275661144065
317493345446641
317513801949121
318759670446841
318886207290001
319546260759601
319751469455041
319932223712641
320070509136001
320412307924801
320866909534081
320986466821441
321656874994561
321831465793201
322938166869241
323766405532801
324008569942561
324027426207745
325688813841601
326605939988329
326790496177201
327161023182721
328138715137681
328145797971001
328153574808865
328161716738401
328517434022401
328588149669121
328609077048001
328790846988721
329024545412641
329311330367041
329553289141561
329562185115241
329590487010961
330035925098881
330199058736001
330393013277041
330623087590081
330641899019641
331153570455841
331392110258881
331455750018049
331652558719441
331863971281921
332221979052481
332285436600481
332404773838705
332914289467201
333189689085001
333356077521601
333590078660401
333600104819521
333648100497601
333742375684081
333832682433601
333952723785241
334150876897201
334230418972801
334243686819169
335591163440065
336328190319745
336340271394961
336498968242801
336539534531761
336709687682305
336868484878801
336943718735401
337203181894321
337226831429545
337309821186481
337331006838001
337521701306881
337711636972801
337729446067201
338332365337681
338341700214001
338413212076465
338482132789801
338916552758785
339260738361601
339393729671569
339573998619505
339749578826785
340397790626881
342154380544201
342443730041281
342852667142401
343640144939521
344013695169481
344723727264001
344900085539401
345854681979841
346331432448001
346352292174721
346606336876801
346668949936801
347116986961921
347161568604481
347165483726881
347873320865161
347876729405185
348102106385761
348632529264769
348839041874905
349267150449001
349380709357681
349532613007201
349533914290561
349562050675201
350291253231361
350308532138401
350392032681913
350723648072161
350766405856945
351134928947881
351201513099361
351220136594041
351317254685761
351386829194401
351668414173441
351705145188097
351919733044321
352504092972241
352661870484001
352886919540337
352989655437601
353964442341601
354278367568801
354368897129521
354571715431297
354859395451561
355312703416321
355407056928001
355427606556001
355469850172801
356049891986041
356113586431681
356372474958721
357070334700241
357086195583481
357118045119001
357276228837121
357350540184001
358002483890401
358645603448161
358852830868441
359343934659073
359432427700801
359438930373601
359661345351841
359719550166145
360050618897905
360121394882809
360534455427601
360922451539585
360952784712433
361921682889361
362464979263201
363068335476001
363164491872721
364102908150241
364117451212801
364158178328161
364304485794817
364444180657921
364938747384601
365669570977921
365712421551841
365960613975121
366268634615521
366376119387265
366574950042601
366890473567801
367415403989041
367758183592801
368268716229121
368305204369921
368318318710321
368684644764241
368891389232641
369586913005801
369855124128217
370213941318481
370443149609401
371936867557321
372521102531761
373375891577305
373588995605281
374118476356801
374254903296001
374671313810641
374756567308201
375055004445121
376080110670265
376690805445241
376928952234121
377039659123681
377336637057601
378324251019001
378595553882833
378983542138201
379322008672321
379747359961201
380681175077281
380688144614401
381037106767681
381288872099521
381303482218561
381487827205801
381556525984921
382080254054401
382294174167361
382469661415801
382792712180761
382851234234001
383295948940801
383691014305201
383800964817601
384288186965761
385122203639041
385140301475281
385283783445121
385868360709001
385933425091201
385978757167081
386876044127041
386991591340033
387816097785481
387907194372841
388605836954881
388972421362801
389153408800465
390200352079681
390226776642001
390591419158801
390865812366601
391668134508001
391695682543201
391837046413681
392567275267201
392967437094001
393636387150721
395059745068681
395287090089841
395686165543201
397674291056641
397775959124545
398128181194801
398423168927785
398993770890001
399183626610721
399636510883201
399646278595081
399759165202321
399771670858561
399880202207041
399985478674321
400352016101401
400688356536721
400899472574041
400966942078297
401150350278721
401395309116481
401822655670801
401951991598081
402113734339681
402645249385561
402728535790561
403125083947873
404427840230401
404566267064401
404717768361985
404727951075841
404895139309441
404992484245441
405079030085185
405107191371961
405118643854681
407007558993217
407033275763521
407448990986401
407521048244401
408432442099969
408531275935201
409310848501633
409609206184321
409801201607161
409851488980297
409912769232001
410441415084001
410608717559041
411669493044481
411677537100193
411801565470841
411824765430001
412175733656401
412544896218001
412927551273601
413155741068001
413598220699105
413825874372001
413833578787441
413845172037505
414316978293505
415133425728001
415352952645121
416078497803241
416100507454801
416132931103201
416167470858601
416544052803121
416645215602001
416781751663873
417331718939521
417960093545281
418040308567441
418079786533921
418652939922001
418709225128321
418733021790721
418955733887041
419389644280321
420276120445441
421175716536961
421184610086401
421222882057201
421327147426081
421429845538801
421796899839745
422094019382785
422756147721601
423988964524801
424030459548241
424516227975505
425966385231361
427045105191601
427118584908961
427617549025921
427951411032601
428183519561281
428307186158761
429219145238401
429640503238801
429954278040001
430386366641041
430435706944321
431253463687201
431319729619801
431775194891041
431948121995521
432195455631745
432533492820001
432568051689961
432759528115201
434180737411201
434735479329697
435473076118081
435582446564161
435635391628801
435724832269441
436528510107121
437097903606001
437391521431921
438504465853441
439070596196401
439257386658961
439446717057601
439447846102201
441896104778401
441997213412161
442286623884001
443205984335401
443438764305265
443626604578081
444709127264689
444771404179201
445908564788401
446272153629121
448089128167681
448331353928641
448831926148321
450249057015121
451102362117121
451727733164401
452056099070017
452106233613217
452771767383937
453630696397201
453986215873201
454980667559041
455236998484801
455284224857881
455755969992961
456566402393641
456661829126161
457011193657201
457057510911001
457215483506041
457421765724001
457450195976137
457555886692801
457655348520721
458005067110081
458174596936897
458764672479841
458871086797201
459735204745873
460281375434881
460311038518321
460385702751745
460442451635713
461090867752801
461204009663761
461246327743201
461483753924161
461578877434081
461641080864601
461722077639361
461783021198401
461979782344081
462692494671121
465529643820865
465609831363601
465760325388865
466063392718441
466067481749857
466441998014785
466521546908881
466545991185121
467166828706201
467973275971201
468076395628801
468592018671361
468901773775513
469090804659841
469162509761881
469775171543041
470111746388545
470570835370801
470900107012609
471265626555361
471653416684801
471915074709601
472361663138401
472544356614121
472680851802721
473132155129921
473555569924801
473701216111201
473748855783841
474613062462721
475300228131001
475591187371105
475621830210241
475757375365441
475884463230001
476583226922881
477550892574001
477812087660881
477873818529409
477900163584481
478487437471681
478916989952401
478973329430401
479104142220145
479458703007361
479798168320801
480254669210737
480498714222121
480587356273921
480637268475841
480721872427201
484274053555201
484635495541681
484683634566001
484811396506801
484836118569361
485146130238001
485594431824601
485901236440081
486080876458801
486357262609681
487043332135921
487922548800961
488280798504577
488335814936641
488539065100801
489445950833281
490911497794081
491094470223721
491147438362561
491746498854841
492032703234241
492566308709761
492873762826081
492906444595201
493180480057441
493346665449001
493903224559801
494052419987281
494345929070161
494385195427201
494466390987121
494521929667585
495051044197921
495472315927681
495661210110001
495830129796001
496219085508601
496365408272161
496798750589401
497272206805921
497349396099361
497852269225921
498121492471681
498154267934401
498423130315201
498740238850561
498970080449281
499233911617441
499489106686921
499851482986801
500117257630081
500235785622001
500541385501873
500548994517601
500577808654561
500867495766001
500887583676001
501034461646321
501168416460769
501411081374281
502256296859521
502344326113201
503656001600401
504085728384001
504139552703137
504320876296705
505660030003201
506158330779361
506886510606841
508182867106201
508394980205281
509090406562081
509275915081921
509639655218905
509866669454689
510135972765601
510502270219201
510923414003041
511850930441761
511897247806465
512157635967601
513542197375705
513696860964001
513976585153921
514239485183281
514584365346001
515048696396641
515356587129385
515721014456401
517116736388161
517235864889601
519150881649961
519353466819265
519618030734881
519682316700961
519896610031681
520277560165441
520302225787201
520699673177281
521833697649601
522195323364001
522326390438161
522576666874801
523231362662401
523237087903201
523759974984961
523764382317121
523764526047841
523995932623681
524342892110401
524490659524801
524783295797761
525454689589201
525637856198161
525808705212001
525937266857665
526067069679361
526385605743361
526802063079601
527076035323201
528010286159665
529736602359601
529956839190241
530052825214081
530058945232801
531679859948161
531943531061761
531999072577561
532043226523081
532093433558401
532489378982401
532572494479201
532862062353601
533071900589761
534033481308601
535501231056001
535734932256721
535735714076641
535941348087601
536103065279041
536509858757041
536602235312305
536929341883201
537098208298561
537633875394001
537726835357921
537838894010881
538192546032961
539302773714601
539413976415601
539934665899201
541442966959441
542525149465201
542646208447201
543473296821001
543482431178401
543719307090961
543877134409441
545271925328065
546453905195521
547232516040001
547286986506001
547310384042401
548201735057665
548413414248961
548973782362369
549031407757561
549263080336609
549402486076081
549493671524161
550059848083201
550091986473601
550731973338001
551077298510401
551263792602601
551327946876001
551399920727041
551845708067521
551932357273921
553164493291201
553522187615761
553604832039169
553693855572001
553695368223361
554391987021601
555022579552441
555394253746753
555415260288001
557189013417985
557307877770001
558030112145857
558487751936401
558510422644945
558813783891601
559542524555521
560131727442841
560363254204321
560893707473905
560992921027201
561244118698081
561396085052041
562469746520305
562780052388001
563117469277441
563130012570049
564099015338881
564695718630121
564816559597921
565534727435041
565790190598585
566519745736561
567308469170521
567825745531681
569050164568081
569226341615617
569562081042241
569664048245761
569909225508481
570407076175105
570467638963201
570886572432241
573102106136209
574419272654305
574794900591913
575222732467201
575460942043681
575684703525121
575907185543761
576202148471041
576811059027841
576952296504481
576991530239041
577115593104961
577272736725121
577610344985401
577733480251201
578080840075201
578264871547441
578466322156801
578767861043281
579790747126801
579997137469465
580419153971713
581799341779201
581997183781105
582164016926401
582660816990841
583784309520721
584691625845601
585003596027761
585321056440705
585445593882241
586031372871841
586205750682721
586287158796361
586572744006145
586702737588241
587297338297345
589340844910441
590117107447441
590254020770401
590619411367921
590794045962121
591029022291841
591458349236041
591770964708001
592160601993961
592691400624961
592876448126641
593034360485905
594496637863921
595398187840681
595884968452801
596387871999361
596495332437841
597367411950673
597623046783841
598014211798081
598059667416961
598523525961985
598782880491841
599407994277001
599752571173561
600316918252129
602046426624721
602263195452001
602485499448001
602795966104801
602934104741761
603067286908801
603198227256193
604809131628961
605097746532721
606348525385681
606822183334081
607157073116161
607389791513401
607602948113161
608233148733601
608421544247881
608650604790049
609767466776161
610045524794161
610273525932001
610563182252401
610679378453761
610783157676601
611134030100881
611661521440801
612532404538561
612648595872001
612845556837841
613089952861321
613626418283761
614327147169121
614645104769281
614927246936401
615054699174241
615322994489281
615561988261249
615565033524001
615626438896561
615719175415345
616744317276361
617052592396801
617954145919201
617977336077361
617983768913281
618744891402001
618777954657721
619066515803401
619194341586241
619321910378689
619860155826241
619872577416001
619915879486801
620261804086561
620337709792801
621617494760641
624165692855041
624189764394001
624799037769985
625430771048161
625567623125761
626069054050441
627487004427193
627537021995521
628004337998401
628620471402001
629358971841601
629951822285401
630383424665281
630606232971001
630819978992281
631144613855281
631767165937201
631846181973601
632152191951721
632694027963361
633221353941121
633330130917121
633722908210561
634647423421441
635486527863265
636287353551361
636821745600001
637485557018401
637575950088001
637623435639961
638049515983201
638926968273265
640777498607233
640881412756201
640934543549665
641019646401121
643206008684161
643599414959761
643788122387761
644436766860481
645144992452801
646259120954785
646301044904257
647306514239617
647676469189441
647718049423081
648196594656001
648497950214401
648683679415681
649063476099361
649439314965001
650340778390849
650476362291841
650905040026801
651840089582305
652375800365185
653366467993681
654095707030081
655137509000401
655613888323681
656006335498801
656121604764241
656424722673721
656472816000001
656547532367329
658300183027201
659159177150881
659245054809601
659394083849761
660161854959601
660303139707001
660512147233201
660699331815601
661853282547601
662530429598401
662592805318081
662729597339041
664013477985481
664979602503601
665429960866321
665720495082721
665942331587905
666147073188961
666317626864561
666790984626841
668368410606001
670103942962321
671407509001321
672248899761121
672496460672401
672776127165961
674094944160001
674166950152921
674592086632321
674990388833761
675299240526961
675549974262241
675864515146465
675894236054401
676636456933801
676642355676001
679152939513049
679188863956681
680349998085121
680691590231401
681220999942561
681765538291201
682023485966761
682267771180801
682954104143521
683550099595441
683644318137793
683873155615105
684410559624001
684473876493121
684498309210001
684946511973361
685666197617401
685703350195201
685744819761001
686024747931601
686173751312401
686788326140761
687005977926241
687516005754721
687705838042105
687981891900241
689031597783601
689134096173601
689263138622401
689805067348201
689976290290321
690563290377745
690706380435841
691167761146369
691244825355841
691625112993361
691927165157761
692555200065001
692634063844801
692731554278401
694529815248361
695996780426641
696312175318201
696428686843201
697108596332401
697147087640641
697257429308161
698425519952161
699266318169601
699622068978001
700252914866401
700600847040001
701485965812737
702402613059841
702669682076545
704407330053505
705638083334185
705844661862145
706393371297601
706450321758601
707035862738593
707159498554081
708714358712641
708751365724585
708802008516001
709495552362961
710944603055281
711114579876961
711614600894401
711620126602561
711871665542401
711973393503121
712052693654401
712609374605401
712609610099521
712797421678849
713496250630801
713682576129601
714054657224161
714205270154881
714247603256881
715324860794401
717295852350001
717329198417041
717903778699009
717960059203969
718861574895841
718926775221601
719080368773761
720214628538601
720876420565561
721141922337985
721378511771401
721902500030881
722003053509361
722017951774561
722026461918241
722046717675361
723439903219201
723504509164801
724036236178801
724046903942401
724885302473401
725243099634001
725381056451521
725579654748481
726047473574881
727381985370481
727763192151841
727820516642401
728572279354921
728687451189601
728854285713121
728889646636801
729098354999521
729595927965961
730851099739201
731572641249481
731641762177921
732238993090801
732519948409921
732536337536641
733780165787761
734008497144385
734254380319681
734528609992801
734815345017601
734988463591681
735980546558881
736250206305601
736314685984801
736896930422401
737757904978081
738306650670337
739214400443905
739341987852601
739503234865921
739879865109001
741628604581201
742365795229201
742533530135761
742582726367041
743003387674561
743179256106001
743782381960801
744416552088001
744723434851201
745080838702201
745714245721201
745900716556801
746213438986561
746516995316641
746586694717201
747104077964161
748136074055041
748624712616001
748625707919809
748780584321601
749215978686721
749961074404081
750172095367201
750476436225601
751190422379041
751315094066881
752654419115761
753299045604001
753384254137201
754619854594801
754941866855905
755493912720001
756751728211921
758163474010801
758411522064001
758573217113041
759253518213841
759605854962241
760128648398281
760724301002401
760923088889041
761257450773001
762100224681601
762574305477601
762615347392801
762841887885001
762908402877601
763246361264401
763537747896001
764856808591681
765561983853745
767997802555201
768263662236673
768948340935601
769767162744385
769856609765881
770272085520001
770573395872001
770574557332801
770732824276801
774021317408641
774064213340041
776197099284481
778457906997121
778576957701985
778778082064801
778787647045633
779281045765201
779599535317201
779974177424401
780538221122401
781269807560257
781702120221841
781731431024401
782198003901601
782511088201921
782773339792753
783451434286081
783737469482401
783801080515201
784374067766521
784810543212865
784921223505601
784950709609081
786103998059521
786167013633001
786192658836481
786298150371601
786514154263201
787428770371201
787547494435681
787683814396441
788192679292201
788267425017601
788524946550217
788969888254801
789244682157361
789412352455441
789422399522065
789480407230801
790202888049961
790430229078337
790569281061001
791201902617721
791477698275265
792416060892001
792579305488321
793956878084305
794608071485761
794775526561801
795262140157681
796854153554641
797372467210801
797399704988713
797546706906313
797624816773681
797944735330561
798312750973921
798712539861601
799277416487641
800208591870961
800871617252161
800940687845761
802486167896161
802565211094921
803460580560001
803757578738401
803944891861201
805240833740785
805249078624081
805717654308001
806076573170401
806496566713201
808227913384801
808439686954705
808901286480001
809796206449441
809988109112521
810058285738801
811054841372161
811189830192001
811907076879361
811931668451281
812815943662801
812998516968001
813300199641601
815667246800497
815826175718401
816343933426561
817582689372241
817908677964001
819183771922321
819548738865361
819672973732801
819881405809921
820018431429121
820110966318001
820180406066113
820232096656897
820601004529801
821228451932161
822083745866761
822693973963681
823698892368001
825233355807841
826104921620041
826380467222401
826668765498241
828449942154121
829476492042241
829657889706241
830005116368401
831092428467841
831153984480001
831158287428001
831230097543001
831587637502441
832157466605641
832179588043441
832246597684801
832280449385521
834654121824601
834907565394001
837408330559801
838000643180401
838245114774145
838979278051201
839570882913841
839575558473121
839662311759481
840048153660001
841309010337601
842051336653801
842959718328001
844197562933201
845209232481601
845648584704001
846889246791721
846907534352881
847463454319105
847762959637441
847876778349601
847923646348801
848778223170241
848950981401601
849219997888081
850565992572577
851158063524385
851564599630921
852427248989185
853247360548801
853901534859121
854144632590481
854226884165761
854294496877801
854804384022601
855383887046305
855404108586001
857549706552001
858035617680241
859641397443361
860244956432641
860314449013201
860949238550401
861504152806081
861789092774401
862773254303401
864108925655041
865020641285905
865837344894145
867009048257521
867040530479641
867283066400401
867422119259521
867611873721601
867809769140161
868420975641121
868600574581321
869331804397057
870497929627201
870972480615601
871665451731361
871762603567681
872678620210321
873140540307841
873908485164001
876178535688001
876715293263041
881561053380481
881983715818465
882728783131105
883102934886481
884647211038921
886253708577601
886305372305761
886800143779201
886876391870785
886918380749281
887198946929065
889746087338641
890832491951761
891139423996801
891242290517761
891443515353001
891746298518881
892493694025921
892695216926305
893551940156161
893705633589601
894628795282561
895938317668801
898207787972881
899719550339401
900952330677841
901260573459841
901315606500001
901863786146401
903736635599161
903985952383801
903988950629401
904715751376801
905504836882465
906176892230281
906213487416601
906398456140801
906740582344129
907111300069801
908237252437201
908610708585889
908630696429281
909091005805081
910926616883041
912474687109441
912985037153281
913105169550721
913819780512001
914285606288041
915237332483761
915670188997201
915949122473161
915981914019601
915988473164161
916006888742401
916789509022465
917290390343041
917900451124801
918916111270081
919494770146561
919707830467777
920150774397001
920220340712401
922312576246321
922635752361121
922663204184161
923273706919201
923929012490401
924126903358561
924985312062721
925985712744001
926482856616577
926534968216705
927068462006401
928084277907361
928308283824601
928547930787841
929646750652201
929685659904001
929985872175361
930829614967681
931115013903361
931644635289985
932267975544361
932779669680001
933364697237281
933514679741281
933884002346401
935685143628481
936049285710721
936439764281281
936775146027601
938165725728001
939201834579121
939208581471745
939216084861601
939491766551521
939713211440641
940051685121121
940850869641481
941176165778641
941710735161001
941729280283441
941933198934721
942713619753361
942787042632721
942814635416641
943757052068881
944505506027161
946736156409121
947090576487601
947416390182145
948097941535801
949803513811921
951217181838001
952383213028801
952389232660801
957059488077121
957156318756001
957436597748401
958373675293321
959348296294417
960476120418241
961132362246001
962009498711521
965342928448801
966272610792721
966740523297121
967194704295001
968581896940801
968900725759681
969729336691921
971247516397201
971323142787361
971507290416481
972025269403321
972603458468929
973302980910481
974298150362881
975078843951745
975234521845585
975843439901569
976490440594201
977337914199361
977926674420865
978563207259001
978814755017905
980642389573441
981071647925041
983769058074817
984336939044641
986460162780961
986536894337281
988023857738401
988387278567481
988802870731201
988828251113521
989452869356161
989876296200961
990740487194641
992654423164801
992708396562961
993272763403201
994177788687721
998040860498305
998611351924033
998711805932401
999399844023841
999405809748865
999646554791521
1000060403616001
1000156895888761
1000201443896161
1000290747970801
1003889644700761
1005147683730961
1005536601342001
1006583859638281
1007193857241601
1009534279793761
1010089748550961
1010457976808449
1011516874462081
1011774710520001
1013216694341761
1013219632613761
1013705246798641
1014136057440001
1014813211880161
1014952346014321
1014960217708801
1015867465492321
1016431092445441
1016970138662401
1018772486756641
1019814421532401
1020606751531081
1021828154587201
1022823071938921
1022900545699201
1023218150592001
1023340831705921
1023781677993985
1023893353209601
1024417771913089
1025109170707441
1025139475170721
1025351062834561
1027107404762401
1027181038352833
1027450354788001
1029207689632441
1029499964095681
1029890478627361
1030322991932641
1031328875854561
1032237821937169
1032585897131713
1033527904768801
1033854787512001
1033882821735985
1034052552046801
1034677654845121
1035747207245521
1035923930078401
1035925802164681
1036020249538561
1036023867406801
1037153259515737
1037955561274369
1038800121559201
1041645056637241
1042124549463361
1042412200015681
1042701540216001
1043297806397185
1043614869105601
1045882329351553
1046943183385441
1047525053178241
1047967796986201
1049633890278337
1049941718083441
1050611577382081
1050674827759921
1051512873614281
1051943098536001
1052678691519841
1052921009524033
1053103062585601
1053357059795041
1054557721033201
1054758605300401
1054879384534561
1056117555185281
1057031404275601
1058117509180801
1058191360340401
1058471682418801
1059239300842801
1059560173159489
1060208039633401
1060521129090241
1060663788662401
1060739374766401
1061567180438401
1062527830449121
1062770509644481
1062779695897921
1063000033200001
1063453439113633
1063699628147905
1063807863326209
1063989105822721
1064122937395057
1064134079338681
1065109697538481
1065268653197761
1065473862021361
1065780424094401
1065898765628641
1066108150976401
1066371103964881
1066419365277241
1066868541180001
1067150269991521
1070828096002561
1071348049113121
1071401619249361
1072882435111201
1073866830729121
1073884090812841
1075417202021185
1076767027124761
1077125115543841
1077168214933441
1077355170804241
1077740765195641
1077836718113281
1078418208067201
1080843846225121
1081691057037361
1083502429284241
1084584793546801
1085143109310001
1085558651110081
1087490144532961
1088747927704801
1089424428476161
1091323664340001
1092987787713121
1094529420883801
1094531470630921
1095150111490801
1095527648829601
1095980384893681
1096343665440481
1098096685923601
1098165948129601
1098449345648161
1101550586909641
1102767108292081
1103327466877441
1104215423779441
1104855649025401
1104940153085041
1105528105912321
1106272392276601
1106311085637121
1106321479490305
1106412537812401
1106639234497441
1106761138389361
1108013152024801
1108596990936961
1108662159284065
1109648064624121
1111201596792001
1111913823551545
1112012459762113
1112256767578321
1112320432036801
1112806460236801
1112953069005121
1114176944241361
1114284280401601
1114908301609921
1114935721018561
1115675927967601
1115750556918361
1116350833721761
1117468818639361
1119615939892801
1120346342606401
1121091200463961
1122171816080641
1123776008435521
1124452454091121
1124486687390977
1125370793836801
1126933694626321
1127067807880561
1127621710508329
1128287259819721
1129000139331121
1130055746275009
1131199108619329
1131385825958401
1131630418710001
1131763678955281
1131901588677601
1132929035124481
1133408089403521
1134852182945041
1137666056870785
1137684152424001
1138871424546241
1139049179516521
1139577011773201
1140563476382401
1141406396520481
1141996458043441
1142795355408001
1143461750271985
1143649538277121
1145544469037641
1145553877671841
1146177845016841
1146238350048001
1146693970216081
1147538648864881
1147704714601201
1147763642307841
1147968002214001
1149980050688833
1150258413150001
1150921800987841
1152298396529281
1152566777126401
1153234610821441
1153836787104001
1153930782530305
1155733963821361
1156491500592961
1156803083161441
1156868033582521
1159368050182321
1159743384188641
1159808294842561
1161044528767201
1162384139432881
1164085183522801
1164524159731969
1165840945549201
1167326858307961
1167380513863201
1167558089211361
1168154751960001
1169018201734201
1169380574544001
1170966582822961
1171082650481857
1173975185790001
1174648409827201
1174772273316769
1176112035590401
1178987192691841
1179365360846401
1180782117750001
1181407178163745
1181423914749001
1182333657016513
1182387125957401
1182995263517761
1183363415539201
1183829044062721
1183947922465561
1184599816128001
1184652913536001
1184889884868145
1186889544795241
1188145557315361
1188905222633401
1189525703229721
1190404651273201
1192052088408961
1193828948889841
1193876343460801
1194656074398865
1195859322127681
1196505737683201
1196708574385441
1197217037625841
1197549349340401
1198032612618241
1198904606089345
1199679525656641
1201173812745985
1201316913939961
1201947522526801
1202577616963801
1203004931076001
1203669470797561
1203920046411121
1205475349485121
1206472928187241
1206882399383569
1210019450421601
1210394959291441
1210978569027241
1211377348591201
1212135998087521
1212660576534961
1213000258153321
1213738443640801
1214293416739201
1214491226256001
1214573512804561
1214702715854881
1215571975778161
1215628436222641
1216613250846721
1216936441186921
1220054836292881
1220437336013281
1220546973744001
1221387515214721
1222181868710881
1222724051330041
1223425149487801
1224860152230001
1224913306327921
1228080378760417
1228394775609001
1228918679349121
1229457026415241
1230170961252481
1230444579792001
1231342436991745
1231988947323121
1235921560312321
1236568662456601
1236580915284001
1237160508489361
1237607259210001
1237714413344641
1237956359167921
1238383833630721
1239457963080961
1239803886371401
1240564036355281
1241523481479121
1241789286939265
1241961050280601
1242077058329185
1242231731943553
1244313062867161
1245510002571121
1245879759902401
1246444455488401
1246483856258641
1249108513430401
1249484371858801
1249613865264601
1250611327765801
1251317004177241
1252002270256921
1252042815941281
1253044468201681
1253728279440001
1254376961105401
1254872332733761
1255622500779985
1256027514902161
1256935267463401
1257550919773201
1260292494976801
1261422106311601
1261862338826521
1262052404902081
1262288380219201
1263083375299681
1263534500592001
1266053870573185
1266099224058721
1267849440144001
1269001941243841
1269677598315841
1272574268743681
1275606375766801
1276161796571761
1276874767469665
1276941629404801
1276952168170801
1281183544333441
1281207533918761
1282131749808001
1282278067877521
1283035581018001
1284026623966801
1285497927711361
1287156266635681
1289230287746401
1289490750344161
1290262735808641
1290605954450401
1290970777459441
1291519418888881
1292464451885041
1293759593290561
1294070553316801
1295566535783521
1296009298593361
1296109852038001
1296593752291201
1297185471688393
1297422889092001
1297831463485921
1298438476241761
1300657503115585
1302088431137473
1302203318635297
1302732638611201
1305439741569601
1306042591351681
1306928336616001
1307779724223721
1308093776908801
1309267889887321
1310450817813985
1310582216140561
1311045282792001
1311389418981601
1314080618037265
1314817201217521
1315082362900321
1315804497141121
1316399289928801
1317899446073281
1318397180365441
1318706695020961
1318722856680385
1319317265945449
1320272287304881
1320624986169601
1320727796177881
1323542986038001
1323601596846145
1323955722684673
1325091505415041
1325492848044001
1328560252422481
1328862551472001
1329493738285153
1329611605312081
1329853707836641
1335600749577601
1336087958978305
1336556481737401
1337506363733761
1339308978808801
1339948584906841
1340526310488001
1341453361550401
1342121890186441
1342389067938073
1346149373849281
1347375591921601
1349931879387001
1351005355551601
1353056816754721
1353172751494201
1353631021192801
1354573980402721
1355474370700801
1356541857699841
1359306817296961
1360565258779441
1360841760115201
1361961177984001
1363635936846001
1363673940289921
1363710149478001
1364472436776961
1366416223512481
1366741466133121
1368598640058001
1369654682152897
1369882570099681
1373851993602529
1375672009385521
1375918285361761
1375971530982841
1376292096498961
1376527559053921
1377184485368161
1377806866920001
1383458229262369
1383615871961401
1384684073341921
1385082520608241
1385658113068801
1385716405913281
1386993992625241
1388967773623921
1389151527065281
1389721838688001
1390765500512641
1390840893775201
1391001619008001
1391290420803361
1391476406243401
1392080806821601
1393426692575281
1393842457764001
1393852547387521
1395572319947521
1396459314934321
1396676068240321
1398201475924513
1399195169542801
1400203055659681
1400878566855001
1402082050194433
1402186644321121
1402580431689841
1404228699374761
1404656024572801
1404706906922761
1406606082777001
1407988648362241
1408221197027281
1409071572564481
1409743426254241
1410071366551681
1411272903104065
1412910608947201
1413136087440001
1413550300723393
1413641281741921
1415849201046721
1417391593632001
1418289818791105
1418476544226001
1418639054114881
1418961245058721
1419178725514081
1419226063856641
1420600089419281
1422485850346561
1424536770462001
1426494240566305
1428848483569921
1429075957720321
1429608054663865
1432928200470481
1432957019788801
1433812805875801
1434031231334401
1434168375922801
1434319193674081
1435160616589657
1435229479108321
1435329005544721
1435505271719905
1435733736394321
1436806563822721
1437986500333201
1439773632894961
1440172529983585
1440507968615521
1441743613440481
1442492036458201
1443621285596161
1445232571586497
1445442395558401
1447353553196881
1447525672634881
1448008462699681
1448885335497601
1449486721560241
1449770062449601
1450531695279745
1450877218197121
1457238969660601
1458696078116641
1458811367000065
1459295474484961
1459689697958401
1461395842790401
1461821713704001
1461857760249601
1462051533720961
1462246172361793
1464453997116001
1464732787203841
1467514909418545
1467517416672385
1467766249716481
1468403043226561
1470023048501281
1470690903523681
1471273574803201
1471376487608281
1472044512624049
1472076422583481
1473203967958801
1474344037595521
1474659622537201
1474978703774401
1475398092974401
1476514976352001
1477738541862001
1477994558483521
1478252681972353
