1000393725241
1000769643667
1001278082989
1002255547681
1002287630917
1002514217473
1003324031851
1003394823913
1004129724313
1004232416321
1004253222751
1004523053869
1006606526041
1007838169201
1008280521991
1008319032001
1008371527201
1008400041001
1008465772861
1008650756101
1009009016731
1009010879449
1009359819001
1009387061437
1009767441601
1011683123389
1011877950133
1012347322561
1012646086741
1012794076321
1013220969289
1013407650161
1013447544481
1014721686661
1014948257221
1015754439961
1016311649809
1016375062501
1017257019841
1017448650721
1017572326417
1017652041121
1018179499261
