1000017899245
1000503929265
1000660817065
1000926594145
1003611317905
1005768951265
1006052340685
1006804935445
1009021726945
1010428280065
1014100262605
1015062631045
1016046309565
1016257684465
1016794149385
1017415129465
1017431974945
1018424255185
1018437323905
1018758566365
1021022920345
1021382101345
1023598289785
1028754053185
1029017676205
1030004242345
1030356820705
1030431185785
1031022803845
1032972405985
1033248063745
1035437950945
1035500723965
1035828549505
1036832181505
1037711443165
1037852638145
1039624774945
1040085928465
1041249944785
1041734966185
1041910200145
1044199197185
1044204989185
1046534989865
1048668680305
1050954670585
1051981960705
1054770795145
1057235175745
1059587717965
1061497104645
1061984192545
1063059570145
1064323620865
1064486028145
1066546264785
1067093419465
1067505917545
1068491908705
1068895952785
1069172397085
1069329528385
1069732745005
1071116001145
1071323236405
1072089797785
1072248850345
1073606601385
1073813714065
1075517995345
1077567043345
1079320535965
1081762512865
1081962785905
1082647383265
1083248624305
1084407181705
1084767254005
1090055051665
1091998537345
1092114034705
1092234699505
1093614924865
1095780507505
1098954041905
1099935193105
1100715434785
1101593821945
1102457508085
1107018542345
1107516486385
1108539203905
1108881280585
1109362099105
1109551650945
1109591497405
1110000885085
1111123800865
1113147323485
1114279038445
1115285321305
1117712290465
1118577708865
1119207347545
1120257870805
1120960619065
1121281459585
1121388305185
1121462570845
1122232985545
1122860971585
1125201638065
1130841286705
1132228820185
1134161090965
1134264283345
1134834421645
1135246063945
1136823752065
1137272079745
1138302690805
1141107128785
1142566152085
1144540993345
1146095672905
1146394974985
1147412297305
1148045208505
1148476961185
1150200966265
1150516316545
1151211661345
1151707627365
1152706205665
1154344390945
1154551782385
1157911855885
1159821486865
1159927550065
1160783253505
1160803141345
1161471765385
1162143612345
1163050573945
1164774755145
1165040851105
1166675018965
1166803167685
1166880319345
1169204146705
1169526731905
1172979376185
1173101476285
1176418186945
1178181954145
1178234712685
1178650045405
1179155463265
1179289552585
1185483324745
1186551939145
1193370178465
1193849190145
1194730960465
1195315608565
1198275450765
1198958617585
1199198044045
1203818122585
1204141789705
1204462643665
1204755796465
1209841096465
1211170350405
1218130897985
1219401274105
1219811801545
1221106513705
1224557372545
1225495536445
1226309646745
1229778703105
1230183751105
1230547334185
1231463702305
1232539549345
1232699246065
1234832342745
1235686044545
1239392894545
1240241595745
1243317716785
1246281975905
1248245421105
1248313019185
1248546305665
1249200849505
1252116385345
1253068432705
1255304196865
1256636916745
1261689353065
1261724339905
1262654470945
1265219319145
1265826566005
1266211559845
1267157655985
1268898068665
1269342018385
1271466445705
1271573565445
1273310217505
1274472203905
1275884997745
1276102491685
1278460635805
1279642024365
1280321506465
1280807134465
1281045798145
1281355594845
1282070195785
1284296197465
1287034148905
1288580421745
1289003959405
1290751248865
1290810525985
1293506205265
1296308900305
1299787898305
1301078791585
1302915685105
1303262367265
1303376138065
1304590541905
1305636814945
1306112628385
1310081107105
1310382256065
1312289173105
1312770930745
1312824584305
1315981187365
1316047467505
1319089155385
1319657740345
1321097206465
1322779508065
1325588216005
1325766474605
1325790524845
1326184780705
1326423081205
1328865670705
1334499496705
1336420189105
1339499186785
1340156762785
1341202688785
1341572583205
1343931220765
1344669801385
1344734793865
1345642614505
1346943566585
1349323389345
1350222660865
1352805436945
1354701595465
1357245163345
1359879762865
1360652132665
1361599530985
1362250241465
1363833793505
1367947442065
1371532538545
1373149542745
1373449632745
1374015010985
1375592060305
1375637321665
1376911970965
1380064578465
1384336897945
1384659819985
1386145988305
1386496653985
1386945447985
1388801448385
1389667701505
1390845874705
1390940576065
1392436986865
1392725354905
1395225363505
1396131214105
1399700305585
1400081332105
1401856545405
1402503480145
1403323168465
1403323653265
1403885851985
1404818479585
1406869934185
1409215826305
1412618599105
1414065075265
1414478392405
1415618702785
1416305909305
1416376191385
1417771685665
1421180115265
1421610439705
1422414844705
1424541602485
1425698242585
1426575014305
1427459095105
1427650826545
1428296020705
1429053040045
1429308251185
1429319496865
1429425769465
1430660366785
1432100464705
1432358991505
1432364374585
1432406390185
1433230461145
1436051320705
1437356937745
1437907011745
1439216681365
1439281593685
1442158359265
1444434046705
1445149512145
1445592449665
1447178638465
1448070768145
1449077113905
1449196727005
1449713017985
1453418161345
1455996132865
1456013943385
1457188287985
1457760572065
1458261870465
1460709247285
1461574556065
1462270442865
1463342094285
1463665263985
1464764979265
1464891381505
1466006060245
1467431922145
1467620190345
1468716377545
1468751728705
1472486538205
1473579361585
1473717484585
1474393906945
1475272720945
1476800420005
1477638600985
1478230257505
1480598244665
1480898776105
1480996474945
1483125710145
1483542937405
1485482660065
1486305775585
1487133728065
1490278085605
1492742070865
1493371251505
1493395005565
1494667585685
1495000933665
1495419890185
1495985305105
1496057074305
1496111415085
1496459971585
1496925583105
1497631221505
1498869880705
1500274256545
1501817408785
1502395337185
1503171659665
1503440296705
1503788480965
1503803887105
1503888239785
1504116878685
1506438145945
1506791249665
1507733608285
1508330326945
1508425385545
1509895068865
1510547079385
1510634154745
1510636200745
1510668314065
1511893587205
1512849044785
1513671771745
1513734617305
1514136387505
1514303771905
1514534072545
1514695735345
1516392668665
1516501839945
1516837547905
1517686322545
1518421186945
1519263948385
1519370319985
1519505756385
1520651236105
1520968694785
1522057899745
1525428277465
1526965913305
1527036505345
1527213331645
1527917959345
1527945216865
1530860459185
1530895838605
1531001948785
1533841196545
1535406794785
1535522241345
1536552958305
1537879199185
1538493686065
1539117736465
1540269310105
1541496878065
1541760962365
1541991966945
1542476186305
1544588381665
1545676372045
1547624204785
1547760035185
1548302324185
1548305113345
1548976664665
1549298939905
1549746134245
1549938802105
1550356075945
1550469072685
1550793997585
1552348862065
1552538092465
1552673597905
1552892744145
1553174986705
1554132052045
1554661852745
1554735946765
1554741833905
1556477020345
1557190314505
1557844830145
1558753521745
1558762543585
1560119934385
1560755534185
1562103618505
1562524624585
1562713157545
1564356263185
1566319060945
1567515366145
1567549690345
1568218084405
1568529862705
1568643405085
1569061699885
1569611787745
1569691029985
1570905858865
1574599775145
1576031360905
1576666259785
1577147552905
1577462327065
1577566226305
1578533820865
1579932367105
1580649693505
1580849341345
1581289265305
1582792955185
1583377001545
1587171742465
1587872089945
1589267280385
1589333780665
1590193717165
1592018290765
1592239109105
1593407147905
1593787634965
1595308213045
1595415560565
1596023650585
1596028092205
1596631156345
1601975369905
1602040671265
1602048794545
1603163093005
1603328521345
1604144088865
1604728546705
1605637573345
1607503314705
1608148891185
1608454574065
1610815330945
1610907123385
1611128332705
1611367001245
1612032413905
1612393365265
1612680423985
1613978109745
1614958463665
1616034434365
1616363170885
1616511729505
1616570795665
1618212619585
1618269462145
1619604350305
1620229182265
1622049998185
1622593952785
1623119716765
1623311527105
1623845392105
1625092144705
1626132434785
1626835001905
1626997874545
1627413857785
1627612041745
1627864180705
1628091177805
1628226135865
1630525309345
1631680078645
1632981022465
1634365491265
1635357649465
1636944889105
1637441611345
1637615541745
1637715084265
1638127221985
1639151131465
1639491473665
1639583641345
1639889075665
1640999034865
1641033798405
1642816421065
1643451267745
1644723679105
1645870134385
1646674253665
1647957490845
1648466803985
1649441058145
1651465323265
1652213654785
1653884485345
1654619124705
1655063414005
1655384749585
1655665460065
1656494895265
1657499803345
1658219779045
1659417166705
1659673636545
1659942444385
1660941389185
1662198694465
1662851847385
1663591975585
1664196594985
1667985491065
1668321358705
1670141198545
1671076186165
1671164628805
1671289209745
1672669504045
1672956895585
1673401465345
1674074123905
1674380723665
1674670181185
1675244771785
1677978041005
1678380176305
1679065201045
1679096320705
1680797119105
1685892745705
1685950913445
1686514914085
1687224056365
1687840122385
1690581094665
1691341850485
1692485556385
1692612816805
1693545151585
1694124843265
1694846198605
1695752408065
1696954711105
1697037145105
1697440771585
1697769807265
1699125240385
1700496786385
1700812925245
1700843371345
1701691995585
1703959297405
1704573958465
1706364231265
1706801086585
1706843714665
1708724528785
1708734783185
1709540499745
1709564323105
1711375959385
1711501961185
1712156225185
1713075808885
1714284162865
1714540874905
1716434828065
1717211768545
1719185689585
1719232144345
1720127089345
1721112872305
1722132971065
1722604290265
1723245157945
1723594112605
1724100221845
1724855115985
1724958886465
1725175746505
1725525994105
1725802214305
1729481002705
1731679199185
1733590926145
1733612284405
1733726239345
1733987805985
1734018204205
1735277804065
1735443176545
1738717167265
1739098765405
1739196708445
1739345890465
1740887422705
1742587200865
1743012854545
1743899570785
1745614552045
1746704066185
1747307756545
1748468805265
1748839675105
1749186136105
1750954840545
1751309825545
1751860726305
1752722416705
1753596950365
1753904702485
1754277055105
1756884076465
1757287937665
1757447797645
1758891423745
1761311757745
1763632228645
1764126229405
1765328062345
1765721409985
1765772694505
1767966452785
1768871057185
1769059861345
1770086044585
1770845788405
1771101931585
1776040027345
1776426780745
1777782901105
1777814905945
1781557608385
1782041373505
1783169740765
1783442722465
1784354549185
1786194837505
1786795974145
1786872551905
1787044324465
1788096140845
1788480104545
1788961505185
1789159115485
1791131461505
1792735429465
1793354858065
1795133567305
1795582916365
1796092445665
1796150530945
1797284916505
1797595638385
1798052552605
1798636625605
1799621104205
1800538036585
1801119581185
1801667827345
1803080823545
1803677084545
1804361573365
1804905089065
1808840610865
1810307684305
1810775450065
1811118981365
1814349043585
1815844874145
1817693952985
1819209797665
1819807111585
1820305350865
1821517298665
1823398222045
1824560911405
1825731961105
1827420478885
1827449668045
1827864087505
1829042044705
1832302261945
1833158060245
1833263405065
1835721844705
1835758981585
1837531626085
1837581354145
1837959545985
1839510657505
1840234175605
1840591216945
1840723940485
1842950304685
1843345181665
1845154958305
1845194876785
1846013124385
1846333810945
1847345801905
1847760870385
1848536611705
1849445014145
1849926697165
1850721516865
1851597884305
1852224814945
1852850847745
1854181591505
1856033710345
1856125215985
1856535765085
1857002907145
1857588529105
1860511612345
1860887615665
1861103585485
1864155163105
1864607732065
1865288861605
1865638190865
1868930250265
1870326550885
1870543936405
1870833356965
1871667527185
1872205888345
1872229295665
1874698924645
1876388420345
1876934843785
1878072699385
1878125390065
1878440781385
1879280785045
1879569689185
1880939764585
1881132975505
1882624562785
1884133941985
1885702981345
1887248275705
1888294715665
1889270814385
1889568225865
1890175227265
1890261415745
1890712707745
1891551045385
1892688873265
1894548439785
1895021238265
1896103627705
1896194764465
1896247825165
1897291825045
1898488310005
1899100548865
1899453144205
1899505178785
1899963186265
1900381258945
1900644009265
1901450881765
1902277532585
1903362980905
1904096086465
1905311176705
1906217415145
1906264748585
1907083193185
1908046513605
1908196734445
1908834068065
1909182757105
1909982335105
1910260687105
1911548437905
1911769225345
1911976426945
1912881507265
1913261684905
1913694708745
1915162569685
1917971340265
1918198232245
1920199605745
1920323274805
1921388877505
1922098814065
1922350487905
1923793947145
1925958146905
1926934091265
1927152125185
1927277055705
1928185177465
1928368305865
1928696391505
1928869076485
1928923344505
1929394826305
1930467153665
1936415263945
1937910943585
1938360777145
1939628775085
1940647130065
1940878720705
1940896296865
1941374558005
1941407589745
1942830863065
1943169018385
1946111294485
1947150626785
1948479716845
1949028990105
1949756213665
1950140078965
1951309730305
1951429701145
1952106622885
1957751169265
1958098518465
1958207096665
1958701207105
1960399431145
1961461088665
1962404571205
1963308662785
1964269974745
1965645445765
1966629732145
1967373792865
1968837493945
1969152632245
1969295201785
1970228109565
1972841146165
1973089967005
1973093354065
1974017114785
1975031339905
1975562271145
1976271636665
1976403683605
1979760340405
1981454299705
1981797290785
1983931531345
1984824114505
1985600053585
1986386661505
1986782651085
1987872737005
1988455147405
1989626920165
1991486697985
1991832626785
1994897437105
1995200230465
1995777219745
1996049093545
1997179048585
1998002894545
1999081992385
2000005515505
2000050106545
2000324100385
2000337452065
2000532899485
2001238672105
2002014238645
2004265865785
2005612555585
2005690625665
2007486510745
2007650384545
2008409651605
2009635263505
2009830927105
2011954552345
2012664183265
2012743134865
2018828388565
2019524659165
2020682455705
2022839048965
2024834773105
2027197885285
2029808208385
2031614314705
2032047987265
2032817797585
2033022413665
2035586059585
2035883301985
2036251180965
2036343590065
2037347142265
2037800597365
2037904361065
2038425883165
2041017336865
2043405063505
2045341336285
2045759999905
2046296816065
2046552484285
2048802332545
2049649971265
2050770561005
2051219953245
2054859382465
2055729914785
2056089491605
2056596338945
2058793346065
2062117236565
2062836483985
2063994920065
2064667454785
2064844553185
2065229342065
2065316889805
2066940165745
2067799503505
2068283615905
2070157375105
2071673129665
2071692339445
2073701159265
2074265457265
2075538843505
2079587810665
2080308907405
2080654125265
2081416818385
2082036669505
2082109305865
2082687100165
2082957113665
2083437130645
2083547085985
2083744630045
2084016908065
2085069219385
2085535477585
2086517654845
2087191001505
2088968432545
2089959448105
2091786537205
2092308149185
2094197794045
2097995555305
2099459597545
2099551298005
2099618767585
2103401281345
2103814062505
2106112341385
2106408839185
2106426929905
2107362363065
2108630286865
2108892195565
2110624914385
2110782542185
2111108177185
2111137125085
2111464449865
2111944144465
2112275380645
2119035276865
2119095319705
2120059008145
2120194479745
2120583825865
2120781051385
2122305025765
2124737943505
2126702367505
2127693539665
2127699993385
2129260090945
2129392781265
2130173013385
2131603559905
2131756709545
2132850772585
2134273298185
2135460647945
2136944656705
2137671576145
2142138959745
2142249565765
2142384359545
2146022241685
2147924205505
2148028734385
2148718027105
2153320653345
2153402598145
2155327063345
2155887302065
2156590515745
2157220394785
2158257092545
2158584676885
2159064068785
2161271594945
2164760642305
2165902493665
2167539045145
2169031423105
2172352778065
2174902776865
2176156645345
2176993013185
2178604603605
2179746710065
2181082025665
2181556918045
2182201905745
2183826416905
2184926702785
2186892849345
2187052555285
2188231389345
2188232801665
2190052732645
2191370102265
2195028448705
2195939298385
2196674907505
2197823615065
2200677961105
2200704511045
2201120980345
2201241135745
2202140644705
2203454688205
2204751848065
2205462777505
2205795378865
2205951725605
2205996812545
2206576304245
2207185320145
2207901359665
2207937987865
2208742325945
2211734853505
2212000743745
2213179792165
2213236444105
2214613918945
2220396934645
2221344893665
2224222290865
2224755003745
2225008272565
2226354732505
2228116377345
2230554404065
2233290872305
2235174185245
2235452101345
2235760430905
2236719661345
2238564926665
2238848956345
2239338738385
2239343097265
2241498710305
2241575784865
2241667677565
2241719030785
2242529832385
2242716170905
2243661334465
2245179155905
2247643067905
2252877547285
2258321074465
2258346836065
2259344679145
2260261649065
2260262054905
2260307101105
2260326155905
2260783952785
2261946852145
2263575783085
2263724577505
2264359832605
2264566902805
2264934408465
2265098679145
2265269036185
2266026675265
2268492252445
2268838025965
2269912252105
2273216332465
2273328154945
2277299242065
2278185090985
2278620019585
2281018508605
2281062871165
2281628859265
2281960091265
2285015623105
2287379597545
2287517791105
2287960299865
2291415435505
2291853087745
2294730856705
2296578388105
2296689636865
2296912988665
2298122245585
2298339918145
2298923561485
2300240336785
2301095871985
2301329374345
2301457745665
2301664354705
2301728566105
2304115194745
2305091382805
2307326956705
2307368508985
2307671557885
2309515344865
2309985241345
2310587280145
2311223337865
2311241524345
2312343693505
2312439099985
2313623710945
2315711222785
2315735558445
2316602175265
2317935500245
2318109403065
2319229825705
2320371223105
2320692133285
2322677664385
2326039356705
2326407922105
2326699638145
2328376008085
2328882491665
2329721722285
2330445222865
2331545174245
2331560335105
2332297200745
2332549436365
2333328141145
2334243166045
2335270710865
2336897268685
2337313281045
2338815692305
2339196544985
2339433385345
2341149750265
2341778273605
2342418654745
2344340418265
2344548596545
2345376428305
2346266281745
2346597060865
2349076319745
2350700730145
2352149072065
2352572877565
2352687641305
2355829727965
2356437548305
2359443884785
2360885831305
2363810395645
2364155716465
2365422334705
2366173163485
2367023695345
2367683739565
2368329304705
2369430013105
2369608587865
2370160082305
2371510532665
2373464057185
2373976697905
2374147861345
2375264257345
2375365779865
2375509082365
2377042731505
2377108049905
2377517505265
2377694460205
2379432654145
2379789470305
2379911685985
2381471390845
2382491858605
2390453055145
2390581218565
2391228696385
2393000024845
2393675928865
2394551955745
2395880852905
2399567884885
2401192729585
2401455740905
2402798695105
2403462337165
2404167555385
2404655888545
2405338858105
2406046414885
2406073249945
2411729555005
2412228389005
2412551498545
2412959653105
2414930756905
2416660046305
2417814580105
2418400428445
2420221294765
2420677901665
2421437945605
2423802747205
2424172546285
2428216125985
2429383652785
2432507441145
2433233901745
2434025110465
2436697593265
2438667209485
2440510191505
2441411160985
2442451359745
2442987543745
2445273107565
2445515825545
2447251592545
2450946636685
2452011082885
2452674645565
2453834184985
2456168020345
2456515757305
2456567460505
2457127056385
2457272430145
2457346741305
2457495344305
2459534745165
2459676168145
2459761678045
2464562134945
2465770206745
2465975522305
2467084798465
2467585970785
2469602629165
2470006584865
2470107326545
2471604975505
2471820660865
2471903552805
2472300162865
2475480345405
2475501349105
2475708396085
2475888663745
2476325102465
2476847129065
2479009004785
2479178795545
2480952035185
2484054367585
2486302119505
2486542260385
2487000928465
2487602500705
2487791238505
2488994237665
2489509103005
2491872672745
2494138507345
2497285153585
2497976832205
2498425716865
2499229735465
2499611304385
2499793809985
2501465021665
2501774493985
2503495651105
2506917125665
2507190429745
2510430943105
2511205680985
2512789600465
2513014524105
2514913394545
2515346892605
2516267988865
2520201886945
2520489064465
2520603752065
2521886860585
2523145401505
2523467934505
2524793197165
2524884604145
2530213749505
2531516433265
2531694351745
2532814612705
2532838629385
2533539943585
2533969443565
2542275675745
2542986972865
2548239921505
2549039287705
2550110255785
2555387181865
2556724430665
2558609966485
2559246069745
2559302416945
2560428046585
2561627268865
2562085379305
2563000126765
2564900522185
2568672766045
2569575038185
2570644660585
2571205180285
2571645467665
2572265417905
2573032503385
2575966955185
2576115030385
2576269337185
2576288916145
2576710720585
2576991773665
2578004412985
2578087789165
2581561233665
2581628505985
2585091816385
2585896757665
2588669740405
2588811229585
2589460562305
2589523643785
2592089764705
2592664301305
2593955624065
2594434218265
2594800677745
2595507471145
2595752583685
2596227202045
2596554584065
2596951373185
2596957798645
2597307539905
2598628382785
2598732623845
2598911233345
2599962867265
2600145412705
2601704798785
2602217832985
2603444341345
2604469222405
2605149224065
2605473786385
2605758451465
2605824256465
2609760692305
2614367250145
2614460265145
2614842342685
2615934665485
2616554693845
2621493369505
2622483672865
2622769316245
2623180980265
2623708537165
2626068221785
2627220541765
2627346428785
2627417766205
2628770886145
2630214828865
2630932648345
2634708306385
2635195921345
2636420931145
2637247968865
2638713122305
2639653456105
2639906779105
2640452721985
2642733154945
2644601186305
2646293060305
2647035419665
2648199186865
2651330397745
2652208335505
2652328499185
2652415468165
2653018610005
2653919540245
2654813733265
2655013182445
2655167269665
2661838104205
2661967322785
2665450785985
2665537550985
2666004869485
2666422863105
2667402402985
2671482101185
2672461175385
2679044566705
2679135128385
2680332517765
2681041547185
2683570924945
2685951703905
2686572749505
2689924646305
2690607979905
2691982580365
2692455208345
2694131651905
2695456714105
2700202057345
2702483124985
2704240400005
2704928455945
2705652344185
2708449979005
2708620882465
2709256302145
2711658631045
2714465823265
2717335477585
2717967717865
2719797036265
2720504427985
2721021580465
2721040071985
2721613112065
2724480854305
2724879510145
2725058029585
2730026021185
2730275968105
2731246421905
2731712515705
2732312820385
2733697066465
2734188033985
2735164257085
2735914652065
2737939031605
2739403076545
2739778847065
2741081760145
2741112140845
2741214133945
2741789224945
2742252729385
2744116544905
2745328089505
2745624115585
2746888688545
2748600259945
2750238352065
2750363487705
2750749188265
2751206471605
2751749038585
2752481018665
2753957619505
2754258181585
2759823257185
2759892834205
2760004878445
2761123852585
2761214300065
2762662317805
2764070187265
2764761316045
2765820777105
2765987360445
2768413584385
2768735192185
2769886166545
2772930447145
2778513327745
2778567335545
2778831858305
2779710806665
2783440257445
2787349428865
2787576634585
2790765081105
2792743014205
2793075163165
2794313057185
2795635222705
2798519089345
2799667845145
2799867023605
2802495017785
2803280232145
2805041117305
2805666981265
2806998003265
2807243561585
2808054182305
2808281965105
2808534018445
2809988362105
2811483313465
2811978928945
2815161310585
2818134094465
2818427034385
2818854547705
2819471189185
2824711997185
2824989525905
2828392368985
2828622233185
2830857107365
2832236024905
2832356339905
2832513624865
2833146620305
2833553156545
2835847005265
2837932591105
2838410564185
2839608541045
2839657633345
2839992998305
2840796845965
2841354936865
2842212875905
2843317867105
2844088316785
2845145048905
2849145629485
2851482660265
2851575106465
2853103965265
2855516176045
2856610555345
2856825173665
2858972301505
2862461818945
2864132285365
2866144881445
2866158641485
2868388713505
2868723247105
2871657307905
2871980012785
2873087398105
2875513659985
2875999972105
2884539623785
2885307589165
2887353067105
2887512050305
2891084846365
2892222667585
2893257599905
2893534536565
2894445442945
2896546979665
2896675401985
2897988680665
2898050531185
2898570939265
2898656427745
2903250001345
2904252458185
2906751602665
2907590097745
2908094075965
2909125524145
2909221514305
2910021859585
2911331024065
2911517318305
2912336681905
2915023747105
2915247293245
2915842443445
2917242585505
2920851124885
2920887426205
2922759411265
2923057217605
2927747742985
2934217750465
2934519304465
2937730544785
2940129479785
2941930502785
2942455711105
2943839259505
2943985541905
2944900267585
2945105693245
2945419529185
2945429804785
2948140813465
2948302615105
2949032442665
2950804400545
2951701696945
2951841232705
2951979206905
2954715017605
2954912860945
2958550087105
2959686318205
2961147176065
2963965706065
2966683851385
2966924485045
2968088025505
2969630000065
2972868934465
2973328014385
2974684922545
2976815002305
2978396904385
2982801605505
2983523155705
2984893723505
2985383067745
2985425381665
2987935305785
2989855302985
2990116748785
2991563063105
2992018096585
2996110361665
2996323273945
2997395622145
2998605891205
2999425552345
3000327269545
3000337305785
3001372210585
3002272957765
3002866721245
3003320245465
3005686688005
3008726024305
3009843740905
3010987291585
3015410235265
3016942304545
3017543496085
3017733356485
3018538956265
3021525906985
3022151134465
3023253582805
3024907349905
3025336633705
3025365561505
3032398656145
3032524770265
3032909688745
3033650835145
3036262556845
3037473558145
3042384267745
3043570741345
3045254647865
3046818801265
3052952340985
3053365826545
3053406569005
3053535388345
3055843937665
3056879889505
3058281090085
3065961824065
3066716725585
3067699100005
3071763354745
3074002236865
3074648396065
3074704857505
3075639751045
3076182635905
3085676618185
3086099520505
3086649074305
3087013660705
3087709660945
3089265808465
3089565242785
3089750714065
3091603950505
3092624813305
3092793825745
3092906589445
3096797811465
3098634596905
3099712780165
3100490305705
3101334062905
3105253587745
3106703366845
3107888268745
3108737418865
3109768938865
3110513145265
3112989755905
3114155119285
3114239947105
3116244937105
3116919249505
3118358956945
3118396374145
3118530822265
3119538922105
3119610914785
3121009568245
3123760303105
3125012263465
3125787039505
3126213937945
3133627497505
3134534962945
3134635583905
3135053011105
3135174999265
3136588599145
3136917062665
3137353254685
3137372469505
3141341300665
3143291573185
3143873737005
3147021467085
3147570575745
3148419686545
3148525929745
3151055867345
3155131150705
3155734358785
3158850172465
3160516208305
3160784831905
3161169294985
3161202138865
3162009305665
3162914614945
3163255132465
3164208431905
3165679777745
3166893485785
3168739858285
3169419646465
3169474470865
3172020253885
3173780400805
3175388403265
3175687879585
3182852887345
3183985589185
3185564818465
3187063166365
3188043830665
3188829740545
3190955136865
3191052133105
3193737638785
3193982814205
3196514618305
3198141017345
3200127082945
3201214323385
3202136321905
3207500540245
3207941295105
3207980475505
3209140110085
3212185118605
3214346953945
3214523758605
3215252424385
3217052621665
3219187345585
3220651983305
3221558512705
3223175659705
3226896883585
3229924620385
3231018069945
3231970830145
3233012628385
3239166492145
3240639108505
3241418655385
3241462102165
3241544458465
3243579784705
3245338880785
3250462310305
3250666448065
3252112594705
3253019774005
3253550779585
3253599682165
3253843857265
3254163930865
3257103132505
3257620155505
3257728023265
3258292823545
3269429620345
3273031660465
3275507787985
3278038700665
3279115395865
3279210081985
3279998650105
3285267692785
3287586267505
3288548761345
3288614023045
3289460235265
3291559038145
3294832505185
3295676127745
3295836492565
3295879253605
3299143893585
3303261190945
3303711217885
3303768200545
3305431047205
3306754612365
3307087623385
3309208591105
3312196529005
3312554081005
3314355711745
3315777994945
3316765455865
3317243387185
3324624979105
3326733966865
3327333238165
3327561501265
3328914371905
3329331003265
3330678405145
3331552696165
3332166566785
3332626442965
3334568231905
3334589075665
3337570958905
3338205350065
3338302031065
3338835620485
3339064062145
3343559026105
3346754098465
3352868480305
3355278803185
3360272126485
3362618108305
3362629054465
3363006629665
3365480513305
3370017702745
3371677062265
3371698762705
3373269170965
3374933755705
3375139547185
3375197036245
3379240685485
3384104056705
3386477786545
3386947823845
3390154437385
3390320799505
3391563226465
3391872939505
3394283190985
3394678828465
3397915327885
3399103450065
3399964639765
3400502634145
3400964338465
3401143344145
3402922736305
3404098024405
3406665616705
3408410803465
3409293350305
3412560279745
3413346822145
3414843298945
3415254330385
3417650883505
3417907211905
3419071548985
3419941948345
3424086457345
3425318471485
3426076017505
3429113610385
3431263448665
3433223942785
3436501545505
3436681364065
3439600704145
3445328836405
3448557630805
3449749708945
3450528900505
3452473388845
3452665949965
3453356783185
3453860768905
3454255331905
3458492043385
3459824311945
3461117795785
3461735318185
3464638841665
3465120626905
3466604785645
3467426407705
3469166389585
3470799142045
3471782046265
3473140880665
3473375907585
3474468149545
3475032279265
3477239272585
3477463633645
3478622682305
3480951533665
3484027457065
3484585178785
3484617251545
3488342324545
3490737225985
3494469289305
3496375226305
3498328100485
3501123143365
3503808610485
3503961947305
3506704931665
3507609381745
3509719226245
3509840031985
3510042359005
3511180236565
3511557459865
3513080716705
3518960294305
3523237604965
3526128664345
3526393655445
3529553709865
3529680707505
3530282209345
3530565296245
3531913220305
3533128504165
3533387210585
3533756351905
3533865172345
3534224822745
3534730749265
3536264062465
3536692628745
3537795754945
3539109223585
3541146335065
3542009004145
3542280004005
3547251458785
3550239706465
3550900676905
3550922741185
3551750695585
3555168383845
3556156643245
3556995197185
3557223138385
3558251183605
3561862195585
3563222592385
3565141529665
3566986366945
3567636756685
3568282038685
3568321703145
3569752653265
3571307462145
3571325209585
3572317544545
3574004230945
3574746825805
3579240454945
3580578422785
3582521510905
3582742370005
3583106930305
3585368090305
3586875428305
3587218081305
3587453041285
3588846190705
3589498158085
3590417684505
3591048452965
3594426546985
3594970889245
3596439299545
3597847578865
3599010745345
3599854646305
3600443750905
3602138246785
3602651079385
3603735175105
3608708453065
3608773509265
3609121606945
3610804526785
3612904536385
3613167813685
3614989087945
3616505411905
3616705866385
3618695089945
3623766861205
3624082552945
3624305681305
3625710332385
3627376297345
3632080601905
3635882357185
3636513744865
3640851867745
3641209406485
3641576322385
3642126909985
3644069376265
3646687967665
3647585472805
3647943981865
3648059702785
3653879756605
3657319680345
3659771259145
3660675228145
3662633500345
3662870039065
3665170865665
3665832177085
3666599531785
3668202230785
3670648997905
3670747547545
3670912670005
3673427662785
3677473097845
3681103707505
3682137575845
3683203628185
3684265017745
3688086629305
3688765023945
3689550714745
3690512240185
3691871271705
3693785420305
3693890688265
3694294256385
3695916475945
3698005525345
3700008419905
3701073299845
3703368956365
3704328525745
3705205457185
3705848797105
3706283404705
3706724997505
3708915410665
3710359371745
3715094847745
3717225219205
3719653754545
3720552066505
3722999815585
3723895981345
3724723146145
3726736391665
3727245495745
3727700612065
3727726281445
3727820111065
3730447125505
3730536709705
3732858935065
3733663860865
3733980649345
3735149237205
3736979558845
3738207035905
3739736205985
3743938609165
3744812837305
3748385350585
3754616463865
3759236767585
3759842250145
3762043823665
3765542915905
3767282373345
3771536371345
3773395279585
3773630628865
3777858387745
3779395274305
3780120813505
3780197379505
3781459108065
3785041453285
3786903117505
3786912821665
3787675802065
3788352282505
3789003347265
3789808966945
3790636824745
3793531501585
3796215767345
3797226355105
3798228456265
3798521278945
3798774001945
3801670131745
3803633222005
3807713869345
3809905600585
3813780597265
3815165556865
3815512010605
3819500434465
3819506926885
3819785446945
3819798608165
3822326684065
3823064929945
3825018884485
3825927738865
3826462991185
3830502161305
3831322053385
3834831034945
3836136881305
3840421267285
3840522192145
3841413585205
3842907139585
3843735508705
3845200935745
3846193039585
3849531835465
3849557743585
3850265306945
3851185594285
3851600136385
3853009176745
3854193776005
3855488180545
3856910172865
3858769805185
3862638499105
3862920139905
3863711235385
3864359981665
3866214956605
3867632894305
3870163000705
3870950773105
3871888995745
3872145163265
3872852217865
3874234578985
3875591740785
3878140684705
3878838998945
3879852667705
3880448094145
3882177643345
3882682269985
3883903080905
3885637957345
3886763366305
3887152531285
3888152225665
3890742251905
3893996046745
3894602238865
3894640760305
3900592904545
3901048017985
3901231737145
3902082130585
3902322367945
3905191609705
3905338452445
3906057993685
3906258062785
3908204085745
3908904338065
3910334744485
3913006261165
3913959419545
3915378101845
3918110614705
3918230519365
3927249287185
3927342696845
3927855337645
3928585044385
3930783272065
3930822342665
3930944965465
3931178522545
3933387660385
3934652876785
3936590503105
3937351407445
3940325742145
3945054882385
3945937851505
3946592677105
3948619251265
3949339128085
3950418875845
3952559879605
3952596522385
3952604732385
3953186664145
3956109696865
3956554952065
3958878077785
3959171553745
3959502651985
3961659594985
3963728876185
3967128326305
3968357357665
3972953030905
3973888045645
3974446858285
3977471079205
3978019743985
3978387813385
3979238437045
3980649506065
3982386878065
3984234328705
3984554370385
3985915539445
3986131580965
3986822152405
3988771159465
3993301902745
3994699371265
3994761720265
3996858991945
3997440323605
4000451897065
4000694230105
4001377858465
4001451343345
4001728720705
4002462908445
4006276918645
4009168927765
4011323234185
4013303967505
4013787060265
4014502364845
4018999526785
4019465735845
4021930016385
4022595872065
4023091394785
4024813163365
4025368819585
4030378161265
4034585523585
4037666940385
4047307387465
4050773627545
4050837048805
4054370171545
4055336629345
4055960772865
4056513358465
4058155107865
4060079921305
4060631785105
4061289368305
4061797261345
4062948099805
4066594790545
4066843229905
4071958284385
4072374645445
4072404204505
4074030914185
4075650894745
4075825047505
4077463312105
4078534630105
4079675337985
4080461106385
4083223040065
4083475985785
4085297781265
4086707555785
4086823004265
4087079199505
4091442441805
4091917031385
4094440685245
4096722548185
4097486103985
4098218384305
4098672343585
4101409257985
4102120235305
4102313131585
4103381470405
4103402755765
4104374461705
4105398929905
4111752608965
4112196752665
4115883185065
4119059468665
4119865625305
4120846893505
4122612867745
4123959384385
4125591827785
4126962182785
4131337292785
4131490492585
4134284555545
4136709169105
4137050520065
4139424473185
4140003665665
4145328663505
4146939495665
4147451527165
4147474276905
4149129480805
4152690441505
4152891531205
4153071106185
4153574184145
4154838596065
4157020616365
4160761716385
4160909199305
4162068796285
4163875144885
4163922473905
4164497498785
4164563758345
4167381337345
4169171753605
4169910343285
4170752489905
4171839908965
4173148259985
4175195170105
4175488201585
4176740962945
4178831659465
4182019395385
4182584131765
4184403342145
4186780976665
4187450591545
4188122687365
4190984633485
4195463659465
4195893032605
4196620074505
4200265565965
4200420424465
4200811881505
4201386138145
4204399062865
4207436234785
4213023826285
4213289606905
4214008399745
4215280908385
4216165356705
4216625629945
4218311268865
4219684447105
4220936250385
4224003844105
4226436486685
4230223267645
4231565850565
4232822754745
4234071639745
4241437131345
4244527765765
4244912357185
4245340403305
4247164573345
4247938466305
4248714541345
4248929327545
4249886705065
4252433902705
4252958097445
4255059231165
4255146090505
4255968944305
4260202194565
4272280425505
4275750107665
4275851512285
4278377523785
4279860840385
4280478970945
4282366798865
4285300260385
4291879058545
4292907045505
4293094263445
4295583608785
4296609875545
4297463790985
4297878971905
4299459968805
4301152166185
4302164727505
4304044215745
4305187462465
4305380626765
4305659279545
4306380012985
4306939245505
4310150525605
4312541597365
4315305544705
4317026148865
4317234333985
4319161131145
4323803438305
4324729289945
4331360206945
4332208901665
4333176176785
4334247674065
4335463251505
4335863108305
4339310170105
4341028837705
4343173644745
4343353875505
4346275839985
4348493971885
4352395370545
4354389778285
4354465810465
4354712943505
4355124297265
4356912444985
4361218502565
4361418380485
4364955615385
4365628118545
4368646211905
4370085689905
4371531481045
4373737045705
4374200373985
4376031560265
4376345394205
4378426696645
4378485818305
4383210960145
4384806707905
4388565124945
4392666864265
4392930263905
4394850952465
4398314962945
4398467739445
4399160957185
4400436713905
4402910761705
4404032839585
4404273407185
4405859355745
4408615319505
4410287758765
4410485007265
4410662756545
4411198531585
4412797137145
4415995173745
4416458215105
4417018366465
4419980921665
4423207335505
4424257000465
4426928803585
4427473514465
4429848525985
4430045492065
4431960041185
4433262661045
4433474938465
4435547717665
4437895001905
4439647402345
4440719519545
4441114800865
4442690234305
4445091720385
4447562758885
4449008947105
4449763430245
4452456804445
4453010877745
4457494317505
4458060947605
4458945033985
4458973548745
4460803616305
4461976484785
4464964430785
4467446474905
4468336864465
4468586295265
4470854439745
4472204239405
4475092402945
4477367202985
4481980332985
4485377511745
4485473953165
4490730908665
4492245941965
4493762431705
4495183187185
4497025562305
4497200775145
4499045063605
4499934217345
4500003079585
4503136541905
4504660950505
4505032739065
4506061710385
4506493227985
4512155266945
4512496295665
4513743491545
4515114524545
4515633536545
4519823523865
4520880774145
4521161827585
4524088519105
4524786005545
4532764808265
4532844315385
4534964360785
4537022897485
4537888596865
4538426469265
4538839901905
4540443650065
4540561332805
4542947329285
4545352206305
4545487851985
4547479673665
4548126026665
4550463617665
4551085877185
4555280755585
4555663364665
4556365662745
4557122308705
4557531427345
4560017560105
4562382975745
4563514724545
4564807110865
4567094448085
4569142775905
4570618816765
4573924246585
4575755928745
4576351749265
4576711122985
4579172739505
4579738427265
4582071930745
4582467098245
4582480784905
4584018194785
4584409232305
4585309432705
4589848089505
4591609126945
4595308046785
4595601188305
4596271526305
4598791401205
4602271676185
4604709676645
4605760207945
4606498110565
4607700843565
4607790889885
4609953455185
4610378914765
4611842981245
4612950827065
4617734080105
4619394771265
4620144899665
4627333970065
4630990102705
4636005293305
4638049403365
4638352803085
4646625774385
4647274890105
4647863964745
4648235008105
4648429817785
4649096867185
4651931463985
4652378325505
4653385972705
4658435125345
4659040018945
4663672691665
4666902799105
4667884257505
4668155725465
4668226206385
4672353352705
4674330686065
4677524481085
4680198417805
4680260823745
4682300120785
4682372638945
4686518888065
4688118081505
4695116899285
4698109232545
4699567561985
4701304870705
4707562132945
4709830399345
4712449456585
4712781978745
4713501800305
4715541231985
4720823933365
4723797235585
4724395792705
4724804405245
4725461975365
4725974679265
4728450436305
4729081226065
4734955824265
4735001671765
4735491495505
4739734863865
4740212844445
4740879060145
4745402125465
4747795090585
4748681915965
4749841975465
4750736235085
4752211083985
4752829800265
4754671677505
