1000389394181
1000458690901
1000645804033
1000957698133
1001616300833
1002573393761
1004822277761
1007518700833
1007852530081
1007935996033
1008826514561
1009313683201
1009480739521
1011542237441
1014519792133
1015308495521
1016775041441
1017047516501
1017278100833
1018941876961
1019529416641
1020201097921
1020845000033
1021419084001
1022651809121
1022826972421
1023205376341
1023387595781
1024383080533
1024824894241
1025245757761
1025750908033
1026887951041
1027246039381
1028046697861
1031547968533
1032195440981
1032216557633
1032688219141
1032793829761
1033610734241
1033927723781
1034139077141
1034632318981
1035351253333
1037693043221
1039006166021
1039832588033
1040327185633
1040984475781
1041154132741
1042462369121
1043035423061
1045584234581
1047249720001
1048966200833
1049903055521
1050229633441
1053811117921
1057177858133
1057975842901
1059315994133
1060792567361
1063370114581
1063405836641
1063691634721
1064113256981
1065814886533
1066780700833
1067460610133
1068126415361
1069336850821
1070168078981
1071530271061
1072190170133
1072211692001
1074752788961
1075011374081
1075111943361
1076010091861
1076355080533
1077167459681
1077670857121
1081140300833
1081450086421
1082004929633
1083172726721
1083352998421
1083756861461
1084564813333
1085127671941
1087142169121
1087611764741
1089064540481
1089389921621
1091104397633
1092646406021
1092711585281
1093023024133
1093080971141
1093689507461
1093892390533
1094493904481
1095066583381
1095501629461
1095755446241
1097083024133
1097482180033
1098484018081
1099805981633
1100045763461
1100227433761
1100314640833
1101514088533
1101768600833
1102517764741
1102837873541
1102845149281
1104657555541
1105225603333
1105371280133
1105699088033
1107995104133
1110804580033
1111111283521
1112798909461
1112813526533
1113237463381
1113493326401
1113566435521
1113741907201
1114005140641
1114480502021
1115102281441
1115358358661
1115848645633
1117400711201
1117730297861
1118433578501
1118983170401
1119936116161
1120060762133
1121579066561
1122900167201
1123671168341
1124023714133
1125000848641
1125662308321
1125875486741
1127199114581
1128641282581
1130828365633
1131218875781
1132081184033
1133061813781
1134234702721
1135363904533
1136951640833
1138555271701
1139228098401
1139708810581
1139812361861
1141262573701
1141477224161
1142461914133
1142772957061
1143017377633
1144773529621
1144944029633
1145463020833
1145707728901
1145967296321
1146078548501
1147302678881
1149047265301
1150956692033
1151737264133
1152012385921
1154824972033
1156076111041
1156672129601
1157231036501
1157819897761
1159423253381
1159542617221
1161035183621
1161961056901
1162431601633
1162917184133
1165660760161
1165817847301
1167726178561
1167928328533
1168489948033
1169029229761
1169066684501
1170063200833
1173775770133
1173910883461
1175863387781
1177629547201
1177945340833
1178343902741
1180352777633
1181918929441
1182295563041
1182815415941
1183229873281
1183878079361
1184285183201
1184624489861
1184986470533
1187438836033
1187687987221
1187839000661
1188684853333
1189251440833
1189568788801
1191103234133
1191383017921
1192336041601
1192676499541
1193259173633
1193471090401
1194106953601
1195810992901
1196212565633
1196515684033
1197220582741
1198577907521
1200247181281
1200725414533
1201089846661
1201613814721
1202320213333
1202677289441
1203042017633
1203270000833
1203346000033
1203612016133
1204235368981
1204980563333
1207286040641
1208161633621
1209068016161
1209433712033
1209456569861
1211834963333
1212635909633
1213192913941
1214292037141
1214795968261
1217294260033
1217561813333
1220177738501
1221218769541
1221310646533
1221693504533
1221747109441
1223378792533
1225655773921
1228733440901
1232860949633
1234646297281
1235801304481
1236533088341
1237095553633
1237349860741
1237388394401
1237442342533
1238136066133
1238637209633
1238660341781
1239539523461
1240079526421
1240102672033
1240334140033
1240426733281
1242248436161
1243754665301
1246499117761
1248162721541
1248232384961
1249610572033
1249881653333
1250323191521
1250330938501
1250633089441
1250749311061
1251470005633
1251958336021
1254882557633
1255193020033
1255542336133
1255868408341
1256450785441
1257149816161
1257988909633
1258750551521
1262165225221
1265576730133
1266527786501
1266535583521
1266668136533
1266886474261
1267136026133
1267253012033
1269929563141
1270671381281
1271116576133
1271804047621
1271897808133
1272460443781
1272694912021
1273695552533
1274242944133
1274688764161
1274774808581
1276566756481
1276652864261
1276770288641
1277294850133
1277568917633
1278845676421
1280036848133
1282012907141
1282271789633
1284014042081
1285074098261
1285388272981
1285898888801
1286944003333
1287903053141
1290247152133
1292081439041
1292152317461
1293373306401
1293790938133
1293909148033
1294918092161
1295722376033
1298539335941
1299328948741
1299494797921
1302078672133
1303027526533
1303090795781
1303778948033
1304134960133
1304309028181
1305068733781
1305852411841
1305939501701
1306470020833
1308252403333
1309029109781
1309798117633
1311503424533
1311558964801
1311622440833
1312931976533
1314456622421
1315727836501
1315767571841
1316013944341
1317564235681
1318494848533
1319752094981
1319831687701
1321304585921
1321424046101
1321838216533
1321878044033
1322595041633
1322674720033
1324962512981
1329376273633
1329520063681
1331358065441
1331414024533
1331597898401
1333093344133
1333613348033
1335630321761
1336335020833
1336519234181
1336615350533
1337240191061
1337680871521
1338618560533
1339556578081
1341666312533
1341963252481
1343376173441
1344613089121
1346582082581
1347088628033
1349767664981
1351047783521
1351877366533
1353343854101
1354069334021
1354093520033
1354924037461
1355480545921
1357844963333
1358313249301
1360510426133
1361989672961
1363477813441
1364982955201
1366270266901
1367874182533
1368255048161
1369333104133
1370184500833
1370427805633
1373048755541
1373974394501
1375420314133
1376801958533
1376907642241
1381398877633
1383639088133
1385228700833
1386753955861
1387855597441
1389741643141
1390713742241
1391285724001
1391841476033
1393411257281
1394499176533
1394891913301
1395276521633
1398551929633
1400051709061
1401298038533
1401527686021
1402257761921
1402585947841
1403496864901
1404744726533
1406650426501
1407932571781
1407973675841
1409239974721
1410268233221
1411675498241
1411831904341
1412992872961
1414228469761
1415876772161
1415975700833
1418177757701
1418532556033
1419151496533
1420926540833
1423388669281
1425538576001
1425943932421
1426481739041
1426812747361
1428725071621
1428890701061
1430812704133
1434021678721
1435141934101
1435266433921
1435440742741
1436478514241
1437824024033
1439045494661
1439170163681
1440899464033
1442147200033
1442421774421
1442496662881
1442962679201
1443561953633
1444044792961
1445044027201
1445160627041
1449086120021
1450913162561
1451413923041
1451689378133
1454345102981
1455431475541
1456727296001
1459571760481
1459898214661
1462661980501
1462712254981
1463986163333
1465730304901
1466862875521
1467005526533
1467240496261
1469020163333
1472355743041
1473280628321
1473919809601
1474045980181
1474298337541
1475156514133
1475787685633
1476107530721
1478692813333
1480015802721
1481997178901
1482258650881
1483220391361
1483650744661
1485288345221
1485626107141
1486859264021
1487907004501
1488202804481
1489174925701
1489724525921
1490155821701
1491043980161
1491145500833
1491780083333
1492313236961
1494302824981
1494548440481
1496158144801
1497683927041
1497904382081
1500652951841
1500788748961
1502316889921
1502444270101
1503820320133
1503990246533
1505367004181
1505885576161
1506030112133
1508454248033
1509024415621
1509347842133
1511033625221
1511987616133
1512140964181
1513180528133
1513691920133
1514953723141
1515977192581
1516275769601
1516634100833
1516975408033
1517333821921
1517914200833
1518767900833
1519681625621
1520860480133
1520920289281
1526633201633
1527943205381
1528971052421
1529031020833
1533163102721
1533214574561
1533291783941
1533634960261
1534690468033
1537395253333
1540248588821
1540386165781
1541822492033
1542269868001
1542657072661
1542751730081
1546755813461
1546945382533
1547876162821
1548238208533
1548393383941
1548695136161
1550074949281
1550195712161
1550609792033
1552508365633
1552663754881
1554477204001
1554943690561
1556049716033
1556239853761
1557865140833
1558211056033
1558903001633
1559448016901
1562538236033
1563811568261
1564877408033
1565241436481
1565328116161
1566177704033
1567894921601
1568910083333
1569430806533
1570585384321
1572148646881
1572383203333
1572426641633
1575712314401
1578191874821
1578775072033
1579184244821
1579497689621
1580359823201
1580647253333
1581283176481
1581622968661
1581823376033
1582668712021
1584019975361
1584700184033
1585598632021
1586462428801
1586951145281
1587082064261
1588688443141
1588915496981
1591230624961
1593932279941
1594500880961
1595927203333
1597651891841
1597914616481
1599912029633
1600656998533
1600832310533
1601998379521
1602121148321
1602699978881
1603577194081
1603884276101
1603963244801
1604208937633
1605200674901
1605279676001
1607079671941
1608291944533
1608494034401
1609759581281
1611526905941
1615592790533
1616226896261
1620677940001
1622177688161
1622760130241
1622839562261
1623130829633
1623987130501
1625576740741
1625735744533
1629182736133
1629448040533
1631411964421
1632341259361
1632925523041
1637700922901
1637754120581
1637816185633
1639483515521
1639705298821
1641036313621
1641169444801
1643477909921
1644943738901
1647290424341
1647557198981
1648366547521
1649745565781
1650813588821
1653725705633
1658138838533
1659138181381
1659611189633
1661110982081
1661173488133
1661727164501
1661870063701
1663764058133
1664595254561
1665373013333
1666938020833
1667501603461
1671386649941
1672067445781
1673008247041
1676549821781
1676926614533
1677330368033
1677447016981
1677761092001
1678245722561
1681667049221
1685640512533
1686423171841
1686630112133
1687368002581
1689087373121
1689303481601
1689555625633
1691041856533
1691086904033
1691339181121
1692258349633
1692663944533
1692826196101
1692979440833
1693385122133
1695206779141
1696451840533
1697417528801
1697444608133
1698374462881
1698455724421
1699701978133
1703877545221
1706093939681
1706102989141
1706238733921
1706483088133
1707732282901
1708384218133
1708791740833
1711944890881
1712760833761
1713323040833
1716108232021
1717360944133
1721112733601
1721494500833
1721767217633
1723467639301
1724313616033
1724331811361
1724768528033
1726242855041
1731116249221
1732556808533
1732584166721
1734673145941
1740892787041
1740911069633
1741898472161
1742072210821
1742392278401
1744478009633
1747425772801
1748708185121
1749239608033
1749349567681
1749542005381
1749587825441
1749954407521
1750825193861
1752539900833
1753805837761
1755228268421
1757082882133
1759260088321
1759471450133
1762808972321
1763912980961
1764225846241
1764363883861
1765983928661
1767033672581
1767263921281
1767291552133
1770406011221
1770581165761
1770682574981
1771189664641
1773421721633
1773532438721
1774649029141
1774732095361
1775729041633
1776218386181
1779266765141
1780625520833
1782771006721
1783983037061
1786575017221
1789215215041
1791180416033
1791968653333
1793016813761
1793851851041
1795383257621
1795745321921
1795940294741
1796190989633
1797556190981
1798262212741
1798698900833
1803561794581
1803813020833
1807332025441
1808701453333
1808887810133
1810817166881
1812644945281
1812663600833
1813344594181
1813755117701
1814063040833
1815911128481
1818217890133
1818638308033
1820815915781
1823406440833
1823939737621
1824220451461
1825165680161
1825961359381
1826289042401
1826541846533
1831695368533
1832726944133
1833036473441
1833073993921
1836358522721
1838246109701
1838612470241
1840332034133
1841206218881
1843745350721
1844347475521
1845617904901
1846145026181
1846182680581
1846323888001
1846540416533
1847877526021
1848583941121
1850355281633
1850449525633
1850845376641
1851458086661
1851608923141
1853155351301
1853636384321
1854570332501
1855306336133
1856693816801
1861747869781
1862371836421
1863620083333
1863648457441
1865483775041
1867244257601
1867641900833
1869801274241
1871620661633
1872312640021
1873611629633
1874436769301
1876998704261
1877691676033
1879761859841
1881272483861
1881472045601
1881757152161
1883981724641
1884847191061
1884866214533
1885132553221
1888977534341
1889177504321
1890291816533
1890549012161
1892273627221
1893245856133
1897270868501
1900564634561
1901882940833
1902236477461
1903488452321
1903631834501
1904157615361
1904559169633
1905305025601
1905324152033
1908462185761
1908979060801
1910731213333
1911325021061
1912311712033
1914659718533
1915350018821
1915493847041
1916846096261
1916942018581
1917316138561
1917709483541
1918669030741
1919964800161
1920252808321
1924335244421
1924835040133
1925315674133
1926421360033
1930221568133
1930972431701
1931203496021
1934844582533
1936030120001
1936579638533
1936647128641
1937370310741
1937428171141
1940611823701
1942919191841
1943798089861
1944203802133
1946020366421
1946426310533
1947654065761
1947992491541
1948379299861
1949036962133
1949423874133
1949646365921
1950149437633
1950168787841
1951426757281
1952733539461
1953053041633
1953488768533
1955106224321
1955542180181
1956511144981
1957286489621
1960612520833
1960631922881
1963553025541
1963688943701
1964475419681
1965495159941
1966175133781
1967185597781
1969032308101
1971424599061
1972708866133
1972738058881
1974334257761
1975853192321
1976213538133
1976914845781
1978259366533
1978697896033
1978873321441
1981447120801
1981739703841
1984373923201
1984861933601
1985066915861
1986355618133
1986423970081
1986795044033
1986892700833
1988260148033
1990605437633
1992365312033
1992903206533
1993930297633
1994781516421
1994889154721
1995329523461
1996739030021
1996836930901
1998158827681
1998677914133
1999118700833
2000117997281
2000245376533
2000833333333
2002597722133
2002891862533
2003264471381
2004088256021
2005245763333
2005589156033
2005657838101
2006030704133
2006501742341
2006766725633
2009250567301
2014458851861
2016760503941
2017449287701
2018384253761
2019004403333
2019220985941
2020432093633
2020550269921
2021909545633
2022431707781
2025280155361
2027844485441
2028140474081
2028742384261
2029058176133
2029867504981
2030716486661
2030953443461
2031111422341
2034193238533
2035458249221
2035527440833
2036318285633
2038078466401
2041581310561
2043621073121
2046682626581
2048377869281
2048477028001
2048764601861
2049191041633
2050113493381
2051323906133
2053408240133
2055225451361
2055861168481
2056089653333
2056119456641
2056785120133
2056814928481
2057381328133
2061338361941
2063975178721
2064890996033
2065169763361
2065856806021
2067579893633
2067978397633
2069622632533
2070400134661
2071297433941
2073481674241
2077454153633
2077933503521
2078303040133
2079082170901
2079132120161
2080031309441
2080870728161
2081950229633
2083480002581
2085220427141
2085580605701
2086781425541
2087321907221
2089184102021
2090025365381
2090726547541
2093813146133
2093883322561
2094695449621
2095046417441
2097343475221
2100113654101
2102242714133
2103066507781
2104051253333
2104232150021
2104724630401
2104774886741
2105106593633
2106443737861
2109099176581
2112118750981
2115976880033
2119182910241
2120544694661
2120635495841
2120938180481
2123037388033
2125188133381
2126824640533
2127734083333
2128522424341
2128663936901
2128946976133
2129300801633
2130766963333
2135492444801
2136505005601
2137446902533
2137953384533
2140841477633
2141520715861
2141551132033
2143244639621
2144877936321
2146542306721
2146603210561
2149283834881
2149365092033
2152443837461
2153602747781
2153633249633
2154650101633
2154924692821
2154955204033
2155718054533
2156358953281
2156989772033
2157142403333
2157824222401
2160909018133
2161112712533
2161184007841
2163537412741
2166340755041
2167809411041
2168554128133
2168737776661
2169829625633
2172463438241
2173382585921
2173934167841
2174455170581
2175650648033
2177562050581
2178482276101
2179709545861
2183506040801
2185625736533
2187141898261
2188115387201
2188422849761
2189909223301
2190309092641
2192062796821
2197471901633
2197882732033
2199916908001
2203401848341
2203586966533
2205459153941
2206261763333
2206879254533
2207136568033
2207990956421
2208268925633
2213347513861
2213656744021
2214790772741
2215512578581
2215564140641
2217028753633
2218349382881
2219381398081
2220516892001
2220640781633
2222685459521
2223584176133
2224183421461
2224824083333
2228214926341
2228618277601
2230594191701
2231132288533
2231566952581
2234010137861
2234320808021
2235791606533
2236185282581
2236257805633
2238713922901
2240196536033
2240922469633
2241046927201
2244159489601
2246370720133
2248011679061
2249227205633
2249538932033
2249829896161
2250131271701
2250141664321
2252886155521
2253104539141
2253541338133
2253572539681
2253905369633
2254321441633
2254758358561
2255902865441
2256246274133
2257130932033
2264058064133
2265590757281
2271486548101
2271726716033
2275560678421
2276114624033
2280799725601
2280925285633
2281008994241
2283144082721
2284976449621
2286474300833
2287019095681
2291170046881
2292239840833
2294495616533
2295671157781
2295891605281
2297718577441
2298663848161
2298779394581
2299063020833
2299451722261
2299987553761
2300134655681
2300460398101
2303351058401
2303918892161
2306127799841
2307401032021
2309190464261
2310243395461
2311717902341
2311791640033
2316144245381
2317926516001
2319783337121
2321176440833
2322126524033
2323710428033
2323900532801
2324006149921
2324449768033
2325453346133
2326118996321
2326795309921
2327038384133
2331003341633
2334209492501
2335426925281
2336369330261
2336507000833
2337481400801
2338763257861
2339452003841
2340321028033
2340798000133
2342950278401
2343342672133
2344382144021
2347820406101
2352918758741
2353875315461
2356724880133
2357043968533
2358533333333
2359842234881
2361066333061
2361694471841
2361854181461
2361960657541
2362312045633
2362439829601
2363717859361
2366179039621
2367074331781
2367159606533
2367554022241
2367745912033
2367927148421
2369313303061
2370593190421
2371137247201
2376442402133
2379807893633
2382127728661
2382352288801
2383175766533
2384427297281
2385176233441
2386064410133
2386974160033
2388901261633
2392939988741
2393615228033
2394290562581
2395512838661
2396220614741
2397025032641
2398677193921
2399031302533
2401575214081
2401951011461
2403057100033
2404754313281
2405345255941
2406688577441
2406946538081
2411764340833
2415283947781
2415833108641
2416156173601
2417545599061
2418547525633
2419280248481
2419571213333
2420034637921
2420185529921
2421489863941
2421813306901
2422772981441
2423269067521
2424336903301
2436444667361
2436520368133
2438954233633
2440772312161
2441064566533
2442233758981
2442688520533
2448409134421
2453582941633
2455232765441
2455949308961
2456546508421
2456698534421
2457458734981
2457817156033
2458197328133
2460261632533
2460946303681
2462739941461
2464523356181
2465534969633
2466263895061
2466590314501
2470999091041
2471521873633
2471576333333
2472916230881
2473373840033
2474954006533
2475117500833
2476229405281
2479664804101
2482895158661
2483058915041
2486772174721
2488509621781
2488564268321
2491034918401
2491362972961
2491461393541
2493714662741
2498147603201
2499461823041
2499735662341
2500381982561
2502518720021
2502990020833
2503373670533
2504831807521
2505818757601
2511107732033
2512721869061
2513380849541
2514347510533
2514732029633
2515501156033
2516347330901
2518172036101
2518666799041
2521196346401
2521735414021
2521768420033
2523286930081
2527085204821
2528131608161
2530214044181
2533796957281
2535341147201
2535616944901
2536830632981
2537856977633
2538154987541
2538221214341
2539258880341
2539314081281
2539788834133
2543765250133
2544483545633
2544726684001
2547833245781
2548773326401
2548795448033
2548872874501
2548928179841
2549260024481
2550454844033
2551450740833
2553808471061
2554018837921
2555403046421
2556045446533
2556599304533
2561231904901
2561453665541
2561564549461
2563327926241
2563560870421
2564881087361
2564992045441
2565191776033
2565913090133
2570409716033
2572520600833
2573320741441
2574054312961
2574410021633
2575655195521
2576322376801
2576355738133
2579659579201
2580193732033
2580382924421
2580750200033
2580950543201
2581785390101
2582620372001
2584959039521
2585293221281
2585504880901
2586596736533
2590018633441
2590520404501
2590854945541
2596299846533
2597751296533
2603471720981
2605685603333
2606860013633
2608504632581
2608571770901
2612344093633
2612702438081
2614248080033
2615065887061
2615424418133
2616634641941
2616802750721
2620132416533
2620244563333
2621287643521
2621511988961
2621758780033
2625259976641
2625551848481
2627314650133
2627404490261
2629426299221
2630740892033
2632629087041
2634079410821
2634956544533
2635203967621
2636272518881
2637802611361
2640942940501
2643735912533
2645504807041
2646045733633
2646812140961
2647488474881
2649619491461
2650239789601
2650803760001
2656051558421
2662163592481
2662321852961
2665148724961
2666675859541
2669052271621
2669686160261
2670818291461
2671146654401
2672165840321
2673015310421
2674895950981
2676482547461
2676595893781
2677548097621
2677786175041
2681698962181
2682890377441
2684524748641
2685671375381
2691396815381
2691465012101
2692738176133
2692874604421
2697515222533
2698391473601
2698539426133
2702672353921
2704779883541
2708678128133
2708826362401
2709396532001
2710251898901
2711187254533
2711381189921
2711586540833
2713503524321
2715147192161
2715295603333
2718721603333
2720572541461
2725374203221
2727158755861
2729046899041
2730592229461
2731244833633
2731302083333
2731931869633
2732928225301
2735597520833
2736915464533
2737465656661
2738806981633
2740733561281
2741559445633
2741731520533
2746861830721
2747206318561
2750744309633
2751226939361
2752927972033
2755170000133
2761786421633
2762108815201
2762592440833
2766048140833
2766946976641
2767488653333
2769598240001
2771466413633
2773162153301
2773715976533
2773831363333
2774212156801
2774927657633
2775527826241
2776289672161
2778079266821
2784884985121
2787382886881
2788042242133
2788447148033
2789523183701
2792057894081
2793169362881
2794257890401
2794350540833
2794663247381
2795219213333
2796296554721
2797791275141
2802846154501
2805618999041
2806431388801
2809287291361
2811192033281
2813120661121
2814794223361
2818875616261
2819329286881
2819678289121
2823937855681
2825218681601
2825568048161
2827280256533
2828095776133
2828818191701
2828888107781
2829167780741
2829552353633
2835009110081
2835114099221
2835884078981
2835930747781
2836724176133
2839910674721
2840377711201
2841662259521
2844021913633
2844430864133
2845073560033
2845424152033
2846218907201
2847060533633
2849422427521
2850334708033
2852288414981
2853552246533
2854582242181
2855741209441
2855799749381
2860133369941
2860484888581
2860660656001
2862512400833
2869631954821
2869901897633
2870817450401
2874128744033
2874774786133
2879534240833
2879769377633
2880851130561
2881968371221
2882003656033
2884968351361
2887534277633
2888181824533
2888770566533
2892304278533
2893859796101
2894861676481
2896370717633
2897927328161
2897939122261
2899696711361
2904240599941
2907169456133
2907252146881
2908268157761
2910158882881
2913232621601
2913587388161
2914557193633
2914829241221
2917432077061
2918662912901
2921397717281
2922582012481
2922641233541
2923648083361
2924240428961
2925306802241
2926100784133
2926243001221
2927546818901
2928258114581
2928376672261
2928732359701
2929088068741
2931116022721
2932290422101
2934426296341
2935850644501
2937370330133
2938439094533
2938831023521
2942216952341
2943821493761
2945355130901
2946009128641
2946996208133
2947353024533
2949494376533
2950184533381
2951755536133
2954315261633
2959438040833
2960069760341
2960713468421
2961083036161
2963217442901
2964004624901
2965937242133
2966915720581
2967452759041
2968061461381
2969279053333
2971703043041
2972885544581
2975693434561
2977307077141
2983263408133
2985776898133
2985992389381
2990831016581
2991226424033
2993060018261
2994546480661
2996225188181
2998000333333
2998576168981
3001516191521
3007064153633
3007941248341
3010994054021
3011474951941
3011895769121
3018825440801
3019186579361
3020631349601
3022558247521
3022666653781
3024389369633
3026956282901
3027221472133
3029307228641
3030151380481
3035725732033
3037959322133
3039384419461
3041220630533
3042271869281
3046333531361
3046696311521
3047059113281
3049684022533
3051862224133
3051922740833
3055167313921
3055227863381
3056063507201
3057492844033
3061637386081
3062607274721
3064438358101
3064644540833
3065639166721
3067519693061
3068441968261
3070250515361
3073541252101
3073650568801
3074051413333
3074841032033
3074998967941
3075205505633
3075509250133
3076882362401
3086417527201
3086782686241
3086843548181
3088340940833
3088426169221
3091020109633
3093724812001
3095077606741
3096138112033
3098149914133
3098210888033
3100223363333
3102504958561
3103054130821
3104653108961
3105751882241
3107266066081
3107669096533
3108059938901
3108096581633
3110882061281
3113717689633
3117227344901
3118524093781
3118854440833
3119980199201
3120322861633
3121338721541
3122562868741
3126224500481
3126383750533
3129655398721
3131678059141
3134621277061
3138584540033
3139357852181
3139443781633
3139468333121
3140831091221
3141162617633
3142906488961
3144196282501
3145400328533
3147428069633
3148128713861
3149726966101
3150009776033
3150046665221
3150095851141
3151854500033
3152777064533
3153121523221
3154007360533
3154413410881
3155693255681
3156591763333
3162170293441
3162687757633
3164499215701
3167223540161
3170454800833
3171663863681
3175551698261
3178564864021
3178601920033
3178626624161
3179034256133
3179899016533
3180553841921
3182407486721
3182494003333
3182864802133
3188800520533
3189382023521
3189876961441
3193317840833
3194952289121
3195484813333
3195732514133
3195881139221
3196252717061
3198606544981
3199387216033
3203205201281
3203515202581
3204408090133
3204470100833
3204618928961
3206268672133
3208229069141
3209432900833
3209867328533
3210326612641
3212660780033
3213194777941
3214051751041
3215269097633
3215306366981
3215679072341
3220613240833
3220899215381
3222814328581
3224033333333
3224817100961
3225376993301
3227803755041
3230754432533
3231090671201
3231962482561
3234952442881
3236335767061
3236510261381
3239065895521
3241560169121
3245840083333
3248049773281
3249922980481
3250147801633
3250734871301
3252546377761
3253183648261
3253708506133
3254645857633
3254683354501
3255608345621
3255645848033
3256433448581
3257296168001
3258809328661
3262675110241
3262900372033
3264627637441
3270062740961
3270939793921
3274887987541
3276342525461
3277057373633
3277220420101
3280632784133
3283055134081
3283494516101
3284674716181
3286621253921
3289297114133
3290591465281
3296739965461
3297721238533
3298501328981
3299445110081
3300363853333
3301937340833
3304556455201
3304581644033
3307126210561
3307567200341
3310667558021
3311348318741
3312873981121
3315358662533
3316468871941
3316834777121
3321883804321
3322868812033
3325167731201
3330096663521
3330109306501
3331588700833
3334093039681
3334308102533
3335155770721
3336016200833
3336104780821
3338610816133
3339978141061
3340725223841
3345070088533
3348530264161
3350622446341
3352486940833
3353159300741
3353248108033
3356699816321
3357436072033
3357855012181
3359023104533
3359175479381
3362299925381
3364129543301
3364904739841
3365819840833
3365845262081
3367192725601
3368337010081
3368909225221
3372407151521
3373030608901
3373679574721
3378606114133
3380962448033
3381472033633
3382682453333
3386786750341
3388584756961
3389145934721
3393968876033
3395462386181
3395666652421
3397262693921
3397415933633
3398412076001
3398693065633
3400634765921
3402909304033
3402934864961
3403254384661
3407895500833
3408343158533
3409494413333
3410453940833
3411196068001
3411413603333
3411835897601
3413883755521
3414907914881
3417148798981
3417686720533
3420338523841
3423452822533
3428479698821
3428607983701
3432072582661
3433561614341
3436116826081
3436540646533
3437465436421
3440163450901
3443968163861
3446012779841
3447144652033
3448598351381
3448752744533
3448920007681
3449653440133
3450876000833
3451776973633
3456953408641
3457146634261
3459916794881
3460857613333
3464828502101
3465266986501
3471176333333
3471757217633
3475786018721
3479248520833
3480605568133
3482350732033
3484160993633
3484354978133
3484587766661
3487071328133
3489296936581
3490720663061
3491769229121
3492934487201
3499087680901
3500643028741
3500824508501
3501018956321
3507283062533
3507957792901
3510099193921
3510293899141
3513448876033
3514656711301
3515072358533
3515358130261
3518619348161
3520504007701
3520530006533
3520621003201
3521050003333
3522025100833
3522376168981
3523299431681
3524665041941
3526030916801
3531978806533
3532017868321
3533801920133
3534557347861
3534752730241
3537605927941
3540186522133
3540616712641
3544059177601
3544293952033
3549095489441
3551758611521
3555219550741
3559806257281
3561361965701
3562185713633
3562944168961
3566737656641
3566829248533
3567915356321
3570362976133
3571305598981
3573269796181
3576846020833
3577671557461
3578287496033
3578457871381
3580935324961
3581276205761
3582980853121
3584357979781
3586745626133
3587493568961
3588254713633
3588412201921
3591444525061
3594990422101
3598695782533
3599721006421
3601614111061
3602468800481
3602547700001
3606980610133
3609454753301
3610955444741
3611784908033
3612706645633
3616460648533
3619781601301
3626454466181
3626969032961
3627932294533
3635127809633
3635259904033
3635656201633
3639091685633
3639382454881
3640479552533
3641034773381
3641047993441
3641510710661
3642356898181
3642661020833
3646668691541
3647793351361
3650956559381
3652916053333
3655538360581
3656319937121
3658916960641
3659301292421
3664007679361
3664352491361
3664511640833
3666700296533
3667390190101
3671252138401
3673827899681
3676059185633
3677493941441
3678889111301
3679447253333
3685124100481
3686161561633
3686361090133
3689594204161
3690419340833
3691550726533
3691577349461
3692376081941
3695305506901
3695545238533
3695771658881
3697783108741
3697942982533
3699408653333
3701047883681
3702580825861
3703100765281
3704607462533
3708742453333
3716859068501
3718422000833
3720426240833
3720599967061
3720987524801
3724997927201
3726937062661
3727538965921
3731191554133
3731258468033
3732396096133
3733226004821
3734805763333
3738247580321
3740029376533
3740659135361
3742682761861
3742910621633
3743285935201
3743808724741
3746168434181
3747469273633
3749789888021
3750594893141
3754580940833
3755547574241
3755950374881
3761121567061
3762236861633
3768649651541
3769254913601
3770035100833
3771205533061
3772766391941
3775754453333
3776562240533
3777262392661
3777572096033
3779551804421
3780494704981
3780602472533
3782960272033
3783364540033
3786761244001
3789336745301
3790307842133
3790469703701
3791926613333
3792506757121
3792668665633
3792978999941
3795502624033
3798000083333
3799796061601
3800633429633
3802348971541
3803227154561
3805943408261
3807011256001
3809350230533
3814463321621
3814869269381
3817873954133
3817968715681
3818239469441
3819133024961
3819742327301
3820717312133
3822640563541
3823358520833
3824957233921
3826569833861
3827315268001
3828616563361
3829253736533
3829701145121
3829999432033
3836306850133
3837188945633
3837351805121
3838546213633
3841845375061
3842483648033
3843094810133
3846531804001
3847143287941
3847945084961
3854716124033
3859546502533
3860526553861
3861139149121
3861384200833
3865306085761
3865578512801
3866450343841
3867145154581
3867172403333
3868289684821
3870483841121
3871151751301
3871765188961
3872037843521
3872733156101
3874164878561
3878352480133
3880631376161
3881054478421
3885996928133
3887636003333
3891284185601
3894852039941
3895768189633
3896862240833
3899734856033
3901130508161
3901623150881
3902704336981
3904593350533
3905045138881
3905579104261
3909221995541
3909345280961
3912770652961
3913387379221
3916554005761
3918199512001
3919708196321
3920037402401
3924579112981
3925183042901
3926212576001
3926253760133
3926459684033
3927530575361
3929233318561
3931856814341
3932433826133
3933464309633
3940860268801
3942786006881
3943295030533
3943528917281
3944739736033
3948497208661
3948689947781
3948703715041
3949240656901
3953689040033
3955521454981
3960345628181
3963751885633
3964069142021
3964193289281
3966897422881
3971369543041
3974725286533
3976590200833
3976700728001
3981053956181
3982560865921
3984054232033
3984220178881
3984884000833
3987442998533
3990141209633
3990764003333
3991760574341
3992355808033
3993435647521
3996579088133
3999321953621
4001871722581
4001982600533
4002952848133
4009234579201
4011551603333
4017354035221
4018256704001
4023146764033
4024258556033
4024981303201
4027567045441
4030348339841
4030445702533
4031725435781
4032184520033
4033603672961
4035774625121
4037333617633
4039881547861
4043252176133
4043976626821
4047223520033
4052424048661
4055353429381
4055520854533
4056106869781
4056846425633
4057265072033
4057823300833
4062709440833
4063170285701
4063505462021
4066103547221
4070561336161
4071651700033
4072700264533
4074196450241
4076504191061
4079246356501
4086245852501
4090616578133
4090784729621
4091205123461
4091345259541
4096125336161
4099379065633
4099870042133
4100248815521
4100922233633
4102563921941
4108122843221
4109808107861
4110791338501
4111381333333
4113516906581
4116974338181
4118169316801
4118197436033
4119603520033
4122669615041
4124034253333
4125539837921
4128087293461
4128636295681
4134973577281
4136748887041
4136946167201
4138848752981
4139060178401
4139905934081
4140342941701
4141259322881
4142739845141
4146040246661
4147747380001
4148128358533
4150245224533
4151586185633
4151797936133
4155356151941
4158322496021
4162349941601
4165615722581
4168076507141
4168373547521
4169066682901
4171344533441
4172108672321
4177502085461
4177813622533
4180008872033
4180362998533
4182318046741
4183834232033
4184642031701
4185251476033
4187207666881
4187377792033
4188866534533
4189405382741
4192383853061
4192483153633
4193830920533
4196810963333
4199195759621
4201808456581
4202447555041
4206226329761
4210333765381
4212196273601
4212765060481
4216207040033
4217373649441
4220831744533
4221329940833
4222653862421
4225530192133
4225772304161
4232625524821
4238172003521
4238571376033
4239241793621
4240097722901
4240568520833
4240782528533
4240968006241
4245663369221
4245806126101
4246177305221
4246605608981
4247091046021
4249732880801
4251704081633
4253461406741
4254061552133
4255104762721
4257677609281
4260379935061
4262210568533
4262682592481
4263669636101
4264313421761
4265615447941
4267404269441
4268649510533
4270897129441
4274162240833
4274420065921
4274634926101
4275709308001
4276268039941
4279004920961
4280825216533
4289243738081
4289258086741
4289458970501
4290793532033
4291798177633
4292688104801
4292874714133
4293305366533
4296392340833
4299940141141
4300845280033
4302742070401
4302957641221
4307169540833
4307787842821
4310074507681
4310290262101
4311843853333
4316448730133
4321344104533
4325017456033
4327395162133
4327899608033
4330970155541
4331027828821
4337561812033
4338975992801
4339755333761
4341357532181
4342541328133
4342714580101
4346252563361
4347697052161
4348072658561
4350167684101
4351280420033
4351713992033
4352899199041
4353159388033
4353275030081
4353766525921
4356918540833
4359449653333
4361258040833
4365527322133
4377506916641
4379072573633
4383161997761
4388138586133
4389299712533
4392784013333
4400774083333
4403506899461
4403870369761
4403899448033
4404073919681
4404946329761
4406255106881
4406269649941
4409935266133
4409978913601
4414155520133
4414810568033
4415654923681
4417620546901
4418275851841
4419936175201
4421028663301
4422208702081
4424306937601
4424525532421
4425516563333
4426055847361
4429817173633
4430108816033
4431640096133
4432004725633
4437067332101
4440278550661
4442556300421
4452491774981
4455342965921
4456132687841
4459438579681
4460126242133
4461048085601
4464692494421
4471062803201
4472381365121
4473348434081
4479636930581
4481704743521
4482584808641
4482863513941
4484491912801
4485357578501
4487867013761
4493519480581
4494356641633
4495943055361
4497000820033
4497074280533
4505673300833
4506952831061
4509836116501
4513809499141
4515119627201
4515340454021
4520730301781
4527317345633
4528128163333
4528747382101
4530457825301
4532360335361
4535458299041
4537760328641
4541229232261
4545437978881
4546545867781
4551230036033
4551643895521
4554083092501
4555265968661
4560723973121
4561611762401
4565356224133
4568287744021
4570138935521
4571160953861
4576643291221
4579356040033
4581832310021
4582692488533
4583211600833
4584650437141
4588374659681
4588552748033
4589042508821
4589101875541
4591818313633
4592219167621
4594713763333
4595411777441
4595857346081
4597654692181
4598575782533
4604639452421
4606825136033
4608654371861
4608788232641
4609457565701
4610350085381
4613668040833
4614813979781
4615498634581
4618312205761
4621752179221
4622407557461
4622854432901
4623048085633
4623569478533
4624910338133
4626892186561
4629038425921
4632288540833
4633675404821
4636494509921
4638061049861
4642239783301
4643852083333
4654727483141
4655175918101
4656925020833
4658240801761
4662264057221
4662533333333
4662757736033
4663027026401
4665271415201
4668968352133
4669372559521
4671259092001
4672636800833
4674928440341
4677235625221
4677775049221
4679108758721
4681821720661
4682976092033
4683081041941
4684700418133
4687670001541
4687925009633
4688120020501
4688795089441
4688825093633
4693296791041
4693506923201
4695278224033
4697154966533
4699287400981
4699362495521
4700353799681
4703433517141
4703643876101
4707250761221
4707491269381
4712633600533
4716875879941
4719750280961
4719930900833
4722113664133
4722234107141
4724944480901
4726977771521
4727384482133
4727836403333
4728243150881
4729342963333
4731422410261
4731452550533
4732055376133
4734436912661
4735039928341
4738281795521
4740272700833
4740679982981
4742037716501
4742535600833
4742641216021
4743637074181
4744391581781
4745523455681
4746761125633
4749886205461
4752226914401
4753148254741
4754764592033
4755640852321
4758043428181
4759343187461
4760537308801
4763304013333
4763787891221
4765194300833
4769550950561
4772789472481
4775226655061
4778058200833
4778361089633
4778542827521
4785860646533
4789195670533
4789377614341
4789605048961
4792562190421
4795065099841
4799784481301
4802441102401
4811539900421
4817666308033
4818928558421
4820525618081
4824237902401
4828195187681
4829032513621
4829885138261
4830067853333
4830676928533
4835429032981
4837988826133
4838339326721
4839086087701
4841189520133
4842973223041
4845260502241
4845535012033
4846572119201
4847639845441
4848738200833
4850294417281
4851667756801
4855147753633
4856109551701
4856598120533
4857392097301
4860140979541
4860675574721
4862248982533
4866649765381
4869309536341
4881011976961
4882160031061
4884732162133
4886156311681
4886876122133
4887289654241
4891165453333
4891395292033
4896023860001
4896345795461
4898016963841
4898246963461
4901237449921
4904075421701
4904320906501
4909001635361
4912456063061
4913715312133
4916433997441
4916602980101
4918047132181
4918508076421
4919506863041
4923518396501
4924579190081
4927900673921
4928085233633
4929054228821
4929192664481
4934039137301
4936440176981
4936594109701
4938349112341
4938426093281
4938749419781
4939319116033
4939550083333
4940551004033
4943523566101
4943662204801
4946019360133
4946327526533
4947591109141
4948407900833
4950134172961
4952307854341
4955391908741
4955731213333
4957582170133
4963399507841
4966378934533
4968185550721
4968648838561
4970625776033
4973051150341
4977084451201
4977625439621
4977733640833
4981908013633
4984506284161
4985155957633
4988668020821
4988946563333
4989178688033
4989612001921
4989797713633
4999443993941
5000946740833
5002697648261
5003766937121
5004278376533
5012697632801
5014776401601
5017352190401
5017491860501
5017926402133
5018392003333
5021729444033
5021915752481
5025099055621
5030862622241
5032960696661
5033566888481
5034079848533
5036878272533
5037920106721
5041046255701
5041512928261
5044500144133
5046725572481
5051551612801
5054354888161
5055320640833
5055429683221
5055943756033
5059402743361
5065716105301
5066745322501
5067291161921
5071144064533
5072205039701
5073562625633
5073671864581
5079806737633
5080556289121
5081212192033
5087429754401
5090868229441
5094135856661
5094370415681
5095981200133
5096262722581
5098640333333
5101800910981
5105964353621
5107952761633
5109158520341
5110896942401
5115518510341
5120957400833
5121145540961
5122321495061
5123183947201
5130180331361
5131278852001
5135281600261
5137150083521
5140542484481
5148981222533
5153100958741
5155586176133
5156058120533
5158528315201
5161014840833
5161833322081
5165690501141
5171360806421
5179966705541
5182758065633
5185076885381
5186260156481
5187206870561
5189589816661
5192620578133
5198305640533
5199727392133
5200754333633
5206601932033
5207582121281
5210713020833
5211899213333
5215142161633
5215221270533
5215743404321
5218354465301
5219066686241
5219731469633
5219889757633
5222501856133
5224877058133
5225114608033
5229993493121
5230532210881
5234097954181
5236364813633
5236808731681
5240519353921
5242740012641
5244215424533
5244421681441
5248547671361
5249801658901
5250357270881
5252024283221
5259409947041
5260522216801
5263510037633
5267532220501
5271301429633
5271858178133
5274769656161
5276026772101
5277108966533
5282123520833
5282330521861
5282887852481
5283668164741
5284225565921
5289100096961
5291442582533
5291554142401
5294072520833
5300929369633
5300977223701
5304359458133
5306705320001
5307519311621
5307583156741
5311510369621
5312947517701
5314145289601
5318777944481
5319449048033
5321238864481
5327041856533
5327361672533
5328800963333
5329392728161
5329968530881
5330192462561
5331792111361
5335328186501
5335968325381
5336160374533
5336192383061
5336240396033
5336448454741
5350654040033
5354933826821
5355414808661
5355511007621
5355751508801
5355815643361
5356825813333
5357354988001
5359070976533
5372712422533
5373916912033
5375394603521
5376037141441
5377097412961
5377723986181
5378784424021
5385535114261
5386885760341
5387175206533
5393721982241
5399483857633
5401609124161
5402462568533
5403589862533
5408744704133
5408857493761
5408938058501
5412531856033
5419094016341
5425305124321
5433425256533
5435169536021
5435654107781
5437834948001
5439111346261
5443846637633
5445350078981
5447047762241
5454391266721
5455491600833
5458518091861
5459084640641
5459829292321
5460833033633
5469822246533
5472544763141
5472739254533
5473144456033
5476597381141
5478624252641
5483441603333
5486719260181
5486816631301
5492936516033
5494203124961
5496541863521
5497857622661
5500603355521
5501188333921
5503853629121
5506259449633
5510194423841
5511511815941
5512243768481
5513870503681
5514602612821
5515660189601
5520900757633
5524515269281
5525085232661
5525980948801
5528717404033
5530753896533
5531682661601
5536376561633
5539669998721
5543633203333
5543682140641
5543910517601
5545231933781
5549344013333
5549507222533
5553016800833
5554943459521
5557621743521
5560088295301
5562735138133
5563519508821
5567344107781
5570466869921
5574997248133
5577484014341
5579464007521
5580936957601
5580969692033
5583228599681
5583834326533
5584898520833
5586568691681
5587600392533
5590548634133
5591498788741
5598824240833
5599611151681
5601119552033
5601808237121
5602218188821
5602595357633
5602759348033
5604776626261
5604924246241
5607384865441
5612439029633
5612488269701
5613965572181
5615590829441
5616181890401
5616493851781
5618103053333
5618595712133
5618759936533
5619794605441
5626727700833
5628420550741
5628502734401
5629488985121
5629850632033
5631609716741
5634668218901
5637546600001
5643453693701
5643799329761
5647503237461
5649149808661
5649232143521
5650533113941
5657303870401
5664309524501
5669504747681
5669653217621
5670445090133
5673035559361
5675346030881
5680265600833
5681206835221
5681553625441
5685005590661
5688144650581
5690226820741
5692111017301
5694937896961
5695665394721
5698443540833
5700874974341
5701536678661
5706881348033
5706997204501
5709910553621
5710059551681
5711516524033
5712096053333
5712261638533
5715441339781
5715540719701
5717478800833
5719218384133
5720908518421
5721455380033
5731601914081
5740744800341
5741193005633
5741657829601
5745842092033
5754148712033
5755145909633
5756359283221
5757439792001
5760432499361
5761929144641
5762095450561
5762677540181
5767069106261
5771112821633
5772527624533
5773226767621
5773476471841
5773559707781
5774325506581
5776972897921
5777272640833
5782902590561
5786268544033
5789902206401
5791319310421
5794904524001
5795054626901
5796322240021
5796522402133
5798407431521
5799808890881
5801360704133
5804732024341
5805065871701
5805316263521
5807820478721
5809289869633
5809423459841
5816004678241
5822355575681
5831804764501
5835000824801
5835620058133
5837511433601
5837578390561
5838013620161
5839218956033
5840591851201
5842149110533
5845364754181
5845666266133
5848179168133
5848212677141
5850826675541
5851530544133
5853793265633
5855016993541
5855553462533
5857364226821
5860533737921
5862009781633
5865784602133
5866573273601
5868805333333
5871373566241
5871877207201
5873220355361
5874798750721
5877401887061
5879686404181
5883803014721
5887399926721
5889097916501
5892074192033
5894798899841
5897877568133
5898752527621
5900957040161
5902640151361
5912828092421
5912979714881
5914159067041
5914243310981
5916029423701
5916989992033
5917327052033
5926549364821
5928826543201
5929889376133
5930597984341
5937028007041
5939898170081
5940472285921
5942887253333
5945083104133
5945285818501
5946350125633
5947144194581
5948884573633
5949087352801
5950490003333
5952974621441
5954039616533
5954512978261
5954749666181
5954766572641
5956372795781
5957285903381
5962376915041
5963036706901
5967656272033
5968164025633
5968248653333
5971092492821
5972006727941
5973953943361
5974309556101
5983745624033
5984254061633
5984304906581
5986711814533
5987610291521
5990356997633
5990831800801
5993324826133
5994138987541
5994546088981
5995309441441
5998872395521
6015224640133
6015428546821
6016533101441
6019184446241
6021139337221
6028638861505
6030220989781
6031088696641
6032960433761
6035172861121
6042664086401
6042919550981
6043856300641
6044878292161
6047416611461
6050909800801
6051352911521
6055341638081
6056876113601
6057950362133
6065677525601
6067076788033
6067127983621
6067383964801
6068186074133
6071736471061
6071890117441
6072760816981
6074246272033
6075407443841
6077354363201
6077525160481
6077866762241
6078908706901
6079455336533
6082069249121
6084837533633
6084957165061
6088085089633
6088290227521
6089880163333
6090598266901
6094189419781
6096378832133
6097576333333
6098140910401
6101888311381
6102795389633
6103257512021
6105671102081
6105790938133
6106869515521
6107931065633
6108872840533
6110927874133
6111904136161
6113839763333
6117180725633
6126643167041
6128358159841
6128546823701
6133556053333
6134928802133
6136130083333
6137451628481
6138653156641
6139734632533
6140558678101
6140816203681
6142052401633
6147496586261
6151070106133
6152135490821
6162295643681
6162622420501
6164015618881
6166630440833
6169727657633
6170450453441
6174168357761
6176354870533
6177181369861
6177990704033
6183106233221
6184829110021
6185018641121
6185432173601
6187086441761
6190343928581
6191654059141
6195257632961
6196654515221
6196826980741
6198534518881
6198793257301
6199880017633
6200483814533
6201432697633
6201570723041
6201777764033
6204020929633
6209285333333
6212773150981
6213083994133
6214172006401
6219095156821
6225575956321
6225835258501
6227166428033
6227391184981
6231523977761
6232406048261
6232994129941
6234343363333
6236107965781
6237768996181
6238582289633
6239741757061
6240970564001
6245644596641
6248674996741
6250216453601
6255153858581
6256106915521
6256158902533
6257926589461
6259278518533
6261445376033
6262225536533
6263786003333
6264531628321
6265468057441
6268520608481
6268988963333
6270602319521
6271244250133
6273100828961
6274975037633
6278099340833
6279713868821
6280390990721
6282735156101
6284298176021
6285513992581
6287737504133
6289040525633
6291872891221
6293332764181
6297070115201
6301469442133
6304809087061
6307210003333
6311386598533
6315077074181
6316226216021
6316557048961
6316696349633
6318263588033
6321781875361
6322408999681
6328891105633
6329152550533
6329187410261
6332813346133
6336353121281
6339231007061
6341586126881
6343592685061
6346192958561
6346210411861
6347502022661
6347554388033
6347868584801
6350923680901
6351534788321
6354887672033
6356983673633
6357769763333
6367853486881
6367993352033
6368727669281
6369269692501
6370091513633
6376073170241
6378137668033
6381340050181
6385803726241
6390741844033
6391740206101
6392090527061
6394210173601
6394472964181
6398152599301
6400080449621
6400764029921
6401307414661
6403183145633
6406654849121
6409548654101
6411723822421
6417619681621
6420726625633
6422447177921
6423237304661
6423360217633
6426257792533
6426521240833
6429630338581
6432142757633
6434304182021
6442953510533
6443744897633
6445450941781
6446172121121
6446242482241
6449145213061
6450834375301
6454794216001
6457522813061
6457786901441
6458227060741
6458755271701
6470117031841
6472126195201
6477732352033
6478825659041
6480518703521
6481312394261
6484223009441
6485987336641
6486022625633
6488087198741
6491705405281
6492323248661
6494141644033
6500923148545
6502089076033
6504085527941
6506152973633
6511137398081
6511844563201
6515168753633
6515752342661
6516671990533
6517821641633
6520864284481
6523624504801
6530297448533
6531890963333
6533750309633
6535999586821
6536141286533
6542306710661
6543795351941
6545940001921
6547517696021
6549964384133
6550088503681
6550886443141
6552890372033
6553103196641
6558708821761
6559720218133
6569092648981
6569181435041
6571117120261
6571792013333
6577334551061
6580497686533
6588533335301
6591307838981
6595755376981
6595844343041
6599528064533
6602856755041
6603390847681
6606115056133
6607183526533
6609053557633
6609267292321
6615948242821
6619084999301
6622204670401
6622989160481
6625949245921
6629677040981
6631603776533
6634333797761
6639224259361
6642098692181
6643562928133
6652762733633
6652887823381
6653691999841
6655943952481
6656194192961
6660270200033
6666082454533
6667567221281
6667746120001
6667835570261
6668712214561
6671664603781
6672827845601
6673633226261
6676371884033
6676586704481
6677839892641
6679379684801
6697333136033
6699717990421
6704829822241
6707467213333
6708328514581
6709351381633
6715041380741
6716495679041
6716926612481
6717213909121
6721075053701
6722368336133
6724470185441
6725063074133
6732251682133
6736782476821
6736890371461
6737250026501
6738185174533
6746496454741
6748584074261
6750636014981
6750654015841
6752166173761
6753030340033
6756307472801
6757027828321
6758432632033
6763242488581
6763332577121
6763350594901
6765134473921
6766269792133
6774742632533
6779305739521
6783527530081
6784808760581
6786342787201
6786703759841
6790891744033
6790945907461
6792282007061
6794774003333
6798151568161
6799072867861
6801945555841
6805035727621
6805523713633
6806120164741
6809590944133
6814418967361
6815051981141
6817511970901
6818217491041
6820985653333
6822614246533
6825817713601
6829891002901
6830814450721
6832389888133
6835378285633
6838095577633
6840034242581
6842263140833
6843568030241
6846196310101
6847936690261
6848244905633
6850275674401
6855263214101
6856097670661
6856133952533
6857494592033
6860452180741
6868348253761
6870836003333
6871108412033
6871616922721
6872379724033
6872870118661
6875594851861
6877974893921
6880337174881
6880591598561
6882336344801
6884190380033
6885335644181
6885771960341
6891281640833
6893373350533
6895556342533
6896975472661
6907623602881
6908479450133
6909426406741
6911484440033
6912431602561
6913907119621
6914216816033
6917496380033
6917715045281
6917824379201
6918261723521
6921815658581
6923182799681
6930129961301
6935055255941
6935237707861
6935785078021
6939434764421
6940475100833
6940712381461
6942081387361
6942391714133
6943888681861
6945531880981
6946006619141
6948471866561
6949366768261
6949969489633
6950462644741
6953622905633
6959378982533
6962303616133
6963437076821
6964369508801
6964643765381
6971392177601
6974740163333
6977448411781
6979315213333
6981383628161
6984532600033
6985905920533
6987554083333
6995559592961
6998051945281
7000141464961
7002451296961
7004083074581
7004321440033
7008209202881
7010923940833
7014006172321
7015272285061
7020649949633
7022210408533
7023642511621
7025276756321
7028215202401
7028490713221
7030694994181
7033542701921
7037916433633
7038578124865
7044075040133
7046612801621
7055388149633
7058608986133
7060689116801
7062898440641
7063119392033
7063616545301
7067226034261
7071647072341
7074226649621
7075737763333
7076567101633
7076659253333
7078871074133
7079829637141
7079921810081
7082466020033
7087666479041
7092702784133
7095710661601
7104054860033
7108339627201
7111480147361
7114639840901
7118521126421
7120628553221
7123734803333
7127526085633
7130171333381
7130800345621
7132113960641
7132576529941
7133668252961
7136499720533
7137795350533
7138572784981
7142293950241
7143775280801
7146182770561
7147571891461
7152573844501
7152851782081
7155724119941
7160358137941
7163083640833
7163732646533
7165346016641
7165642748161
7170187216901
7172487823621
7174269191941
7176162138133
7185166328033
7188175170881
7190404349441
7193525780033
7194696491141
7197651566561
7199008502533
7203284616533
7206911012033
7209645359621
7211840653333
7213180318741
7215413370901
7215618084641
7216306688533
7216455580181
7221146453333
7222393886401
7223995227041
7225745732641
7227254317141
7229582688641
7231147564961
7233625632133
7235582300833
7238042488321
7242013218133
7246805642081
7247980680533
7252308627541
7252588496161
7252961662721
7255592759381
7259736304133
7261080410501
7262107242241
7262947431301
7264777344533
7265860462981
7266868956181
7267522646561
7268643327041
7281836490241
7283743573633
7284959002133
7285089900481
7288886464133
7289297973781
7289859142021
7290420331861
7291262157121
7292871113921
7294218284033
7296875567521
7303202597633
7308446000833
7309064097301
7309157750561
7309906998241
7310131780033
7310281636481
7311967627361
7313841178561
7314403290721
7316970544133
7317214175521
7322875061633
7326212635681
7330413809441
7333227768641
7336511403541
7342236066881
7345859712133
7348056864961
7352959389781
7355815253333
7356097112033
7363934945621
7365739929941
7366435660033
7366492072021
7367563940833
7372454156033
7377026093141
7377195451361
7378343374981
7381147695041
7386418999681
7386757933633
7395516422533
7403940765121
7408956184481
7410559214101
7413992166533
7415086351381
7415312744533
7416218351701
7417010803333
7418463741281
7419935693633
7425843842821
7426636808533
7429846864133
7430753358341
7431546586133
7433718736033
7435362225541
7438347418133
7440237090133
7440520561633
7447136429633
7448043977921
7451447776481
7455892794901
7456157646341
7462080196033
7465809012821
7466679835141
7467134197381
7469273672033
7470655973461
7471508140801
7481264183381
7483329870721
7490021622533
7495198880801
7496526671041
7498746240133
7500169213633
7501402566533
7502598066881
7510513542533
7519345073633
7519592051221
7522138056581
7522613105281
7523848302101
7524703497761
7526376020833
7527174336001
7527459458821
7528124766401
7530995430421
7533277143061
7536015654421
7542217178501
7553523445781
7555237255301
7557294083333
7565009681633
7568630701633
7570632163333
7574006654881
7574407068181
7578354565633
7579880444033
7580109339041
7581272942101
7591233984133
7591272161621
7594765808033
7596102388033
7597821020833
7603130914241
7606073164321
7614826856033
7618746624133
7620563444033
7623776876801
7627010120581
7633995500801
7636197036421
7637747873761
7643665477141
7648033333333
7652210783621
7654874982721
7655373373601
7655603405633
7657577989381
7662851183681
7665632326021
7665804965281
7667051862101
7668394787461
7672347507221
7673729280533
7674305056133
7675303118341
7675878952981
7677030687061
7678105716821
7678297694341
7681158443681
7683520403333
7683578016641
7683770062561
7685152864033
7686631831061
7689186745633
7694816739461
7702679118241
7708948828481
7712315522581
7712873502881
7713643164001
7714566808033
7714893945221
7718030965633
7721303384033
7722651052033
7722689558561
7724711286101
7725539308033
7727908080901
7733205431201
7738485323521
7746350692033
7748144092501
7757345764033
7757789588501
7759719407701
7770183203333
7770666020833
7771535130133
7779127416961
7779649160533
7784925550561
7785602140181
7788289457761
7789159552021
7794826020833
7796818477141
7798598362133
7799140106581
7800397800161
7802371616033
7804365036421
7809978946901
7811082608033
7815207505541
7815788564501
7820631562501
7822666068961
7834820486533
7834917449633
7840678134101
7843064492033
7843704796181
7844422744033
7844480957461
7846751449633
7847430720533
7847857705861
7848556434181
7852089370133
7852730042561
7855254157921
7855933796741
7859604354401
7864577482081
7865684994133
7869629924801
7871845738241
7874197951621
7874761757441
7877736653333
7886333952901
7888591034501
7888727248033
7891996725601
7895442086533
7897252662241
7905899562241
7912680169633
7913596164101
7914005455361
7921803500161
7922076501281
7926289114721
7933546796033
7934912860033
7935303185633
7936532774021
7938523738133
7941217792901
7943853723521
7947310384133
7948912029781
7950963153121
7951705529633
7952057193761
7959678492641
7959913052033
7961027256341
7962258836033
7963197246401
7979119542241
7979471812033
7991453611681
7993373100833
7993608156161
7994450466133
7996252766741
7998074864033
7998270800833
8000132320133
8000445860485
8000720213333
8005267316821
8007776616533
8008011883541
8011011840833
8012129615621
8014483080581
8016660343361
8017739276821
8020270151041
8021270839381
8024979816961
8032734152021
8032753788001
8033146512641
8036465419141
8052382120021
8058045186133
8060464393921
8063808612161
8067822589601
8070440083333
8071561996321
8075696032801
8076995520001
8079653887621
8081130947521
8081603635201
8082608142421
8085897848033
8087572506133
8091572685281
8092400432033
8093543580481
8095554140833
8099102797633
8103243880033
8104170838661
8106202444033
8106892853333
8107129571861
8109615325061
8115910324321
8124123146081
8125446272533
8127026266133
8128270619201
8130937410821
8137161625601
8137537130581
8140304276501
8144811778133
8150289675841
8154602096033
8155156067521
8159311453441
8161666641941
8165586112133
8167427400161
8167724401541
8168813452801
8168853056033
8170991773121
8172318710533
8172972316321
8182819176533
8185197576533
8186525666881
8187774566533
8190907146581
8191045945633
8193960997381
8194615468033
8196102998533
8199475234133
8199713300501
8200506880021
8208702833633
8209298340833
8219683486981
8225742864641
8228067874133
8228624335381
8228664083333
8229260314133
8229459062533
8235820278533
8239240447621
8239956386821
8243417198101
8244730109701
8244829576961
8246759360533
8256551018581
8261130412421
8262086272133
8262325245701
8263340921921
8265312706901
8267424171781
8267762828033
8269097599621
8269755064033
8271847170133
8274178685761
8278164943361
8279261332501
8279679972961
8281155266561
8285302741633
8285901020833
8286798480133
8287935331681
8288892740833
8290747878421
8291386253333
8292184256533
8293121959361
8294039762401
8294079668033
8301463861633
8307313675781
8310209397121
8312306613781
8321337653333
8323676132801
8326334803333
8327274435041
8343596491361
8344136832533
8345838020833
8346778752341
8351042732033
8355007408001
8357290527041
8358091695361
8358452233633
8358692596801
8362398632981
8365303938241
8367267809633
8368831055681
8371176198533
8373281093633
8377732314401
8381944017281
8383869719681
8389768559201
8391173350561
8392839184133
8393280758101
8395789921601
8397857754133
8400568405633
8403440165381
8405087130133
8406754344161
8414489968981
8414731136533
8415736038533
8417002300481
8418710900101
8419012435681
8421967770133
8423938281221
8426431911301
8426552580181
8431661688581
8431681806241
8433069982741
8438201191681
8444461366661
8445810325633
8448871049921
8450280780481
8451307943941
8452798448981
8456021611861
8457895357633
8463195353621
8464041894533
8465755261633
8468517171221
8469122029061
8470835910241
8471299696133
8473417140833
8476079446721
8478015931841
8486389740421
8488609997141
8490729604001
8491032426581
8492142822241
8493152335841
8494363831361
8494444600801
8494606140833
8495454251201
8501473012033
8503836665221
8511333840641
8511475328533
8517176247301
8518611885761
8522130722561
8522191398533
8523647686661
8524820898133
8524881583681
8527288951301
8529130108801
8529534785441
8531861862421
8537569603333
8541882034561
8543684264981
8544656333333
8548504646533
8550489904661
8551239500833
8554886653633
8563257782021
8565934163333
8573742664033
8574351268033
8574899030101
8575974317633
8577759849601
8579586154081
8579870263361
8582610129941
8586588788821
8587542992033
8592416345633
8592984993601
8598205248533
8599789919621
8601557609633
8602370401633
8606495912981
8608101674881
8610703733633
8610907036033
8617251276481
8618024132033
8622539928161
8623475781601
8624432032133
8626812715841
8630537008133
8631656488033
8634343536001
8636298015361
8642040577633
8644036666721
8646990486661
8656201494533
8656874171681
8657974972481
8658912746881
8661359353921
8662868267201
8664907548001
8665070700833
8665886488033
8668497265121
8672924246533
8673026264033
8680434337541
8683026889633
8683884354241
8684251852033
8686497840833
8686742875361
8688029363333
8689193410721
8693686956481
8694218088641
8698038632533
8700552068161
8703556406533
8706479491841
8707276782101
8707951440833
8708523899041
8711897695621
8714903992033
8715006256133
8717828982101
8725501741601
8729329152133
8731949467781
8733484991681
8738030933633
8738891109761
8739403139461
8748786178133
8749298497633
8750261698901
8751081486421
8755796009861
8759383997761
8763690553441
8768921365381
8775446682133
8775857160533
8778463922401
8788935919681
8791708963861
8792489603333
8792551234241
8797318012033
8797626253333
8799167540833
8803175520133
8805436834133
8806362000833
8809693003361
8810001461381
8810433311681
8814073613333
8817735239941
8818290721633
8826172216661
8829445203041
8830701038101
8836446077761
8836919766533
8837743603333
8839968154501
8844335680133
8846128325921
8847179271701
8848312714561
8852373096533
8858764416133
8861300965921
8861795944801
8862889072133
8863466600581
8864332928533
8864580458581
8874856003333
8875227520021
8875846731781
8880057944581
8880532800833
8881358668033
8881523846081
8886355983521
8888028952661
8892676915361
8895982872481
8899020762133
8905077422561
8909316242821
8918107253921
8918417604101
8921852506645
8922597512533
8923011418133
8923259766101
8929159046081
8930421952261
8931664242181
8932016240033
8936261466133
8939679088033
8941481369941
8948630138401
8950557686533
8952900040481
8953521955841
8954662190101
8959949679361
8967977203333
8970321835361
8971712160133
8972376233861
8973683700833
8975821510741
8976319677781
8977565155861
8979744950401
8980471607381
8984728331521
8986908995461
8989837731841
8991686612501
8992309873541
9002867040133
9003220438241
9007399376981
9007960800833
9010913762401
9011350509061
9011704073633
9011912056033
9022834502533
9025581758341
9027933908033
9034138392001
9034429930241
9039740914181
9040178358881
9042678245921
9048491819141
9051201290581
9051305509121
9054807600833
9055370500181
9066444409601
9067842163333
9072954269633
9073893384533
9075521298821
9079591723361
9089385353221
9091954705633
9092309847941
9093626024033
9096279557461
9096592992481
9097700506133
9097909478533
9100103833633
9100793542741
9101525080961
9101671392133
9104744198401
9105475895381
9105496801441
9120848323361
9122626923541
9128340541633
9129219718561
9130015200833
9135982422533
9139584636421
9142475298133
9144716922881
9145617840133
9149703952033
9155090631941
9156159772481
9157249940833
9157627321921
9168008349061
9171449016581
9176485303301
9179318822081
9184063321441
9188788045141
9188977059361
9192883788481
9193871104133
9194648389921
9198430248961
9199228740833
9199859153633
9207362723861
9211904184341
9218402942561
9221137732801
9222947124641
9224840864321
9224925035041
9228250085633
9231154733921
9237049627681
9239766122581
9242609393761
9244821129301
9245368838021
9246085096981
9247412356033
9252785568133
9256115635541
9261744389633
9264548864341
9268956753761
9273070323221
9273661064533
9282271144021
9283263248033
9287591130133
9289808240833
9292659200533
9293292806533
9295130386081
9298679329633
9300644214661
9307977392033
9314700247841
9320917877441
9329295922721
9333571021633
9334248354881
9334587030721
9336682724101
9337127295361
9338058812321
9340980689633
9347228264533
9347651904533
9351740523841
9354473830021
9360005229121
9363863340833
9365601870721
9367107313541
9368252379221
9370373056021
9374106030101
9376863817861
9380152479521
9385649013781
9394056093781
9397815020833
9398133608533
9400045248133
9407948754181
9409223824261
9409925149633
9412900760033
9415770544133
9422362074133
9422468408033
9424446327941
9427892232533
9430445160533
9430657920133
9436977974401
9437403643361
9438255010081
9439340558341
9439979145301
9440341020833
9441447977281
9441682149461
9441937613333
9453820500101
9454864336321
9457591364033
9457868349781
9461107253333
9461810509601
9462023622721
9468780552533
9472255874881
9473258080133
9473641917461
9475454587681
9476926176901
9480509654533
9483112366421
9483560410241
9485310016033
9487486580161
9488895078241
9489513996821
9491136086101
9493676214881
9494700900833
9496558285061
9503669261633
9504459534421
9508945488901
9511359797633
9515035262881
9518369438401
9523820790661
9527455892501
9537659264033
9538044403841
9541404008533
9543437177633
9553970319041
9555533658133
9556882944001
9559431854981
9559774591621
9560288708101
9562216768021
9567809241121
9574560954901
9575311292321
9577819776533
9578677453333
9580543032961
9583674184001
9584467776133
9590946432341
9592834664533
9593156540833
9596740461701
9598049725441
9599058563333
9600088920581
9602557709761
9603953252741
9606465485633
9608870665921
9610868053333
9611512416133
9613166379521
9618859678741
9619955563681
9623866877633
9629885836033
9630380334101
9637949888533
9640272961621
9640466563681
9641219479061
9642316636961
9644080825633
9648664167301
9649998490133
9651117670741
9655487400833
9658781496341
9660870200833
9662872985221
9663174497621
9675195750533
9678256115221
9686146328581
9687116658721
9690071074133
9695959683041
9697081525633
9698764411201
9701137959521
9702368003333
9705022574081
9705993849221
9708087652033
9709059080533
9711714566401
9714888672133
9714953455201
9717199401761
9718560053333
9723701152261
9724457310881
9727849584133
9728757171541
9729859298881
9733360588033
9735478957601
9740862382421
9744711686533
9745857974561
9748994390101
9749297243141
9750660140033
9754186807381
9755917920341
9756242521121
9758190239201
9760462822661
9763385104481
9766719204481
9768581352161
9773670684181
9775013622533
9780147963041
9783094860001
9791743097221
9792458536033
9798313108033
9803236639061
9803583718741
9806447360533
9806555840033
9807033156961
9813391258133
9815735378261
9819534315361
9819794840833
9819838262081
9821922594881
9823420845701
9829349828033
9830913813761
9830935536661
9831044151521
9832999321601
9834846049621
9838431369601
9843191076181
9846582254101
9847495363333
9851017752661
9859282618901
9863916809633
9864569600033
9865766438533
9871163993861
9872948994133
9882747600133
9886603050241
9892551066133
9900397338133
9909337158533
9912107140801
9913197791201
9918564664961
9919219261121
9920135732033
9926901469633
9928276724101
9929259107041
9930023216261
9931529689121
9936726805633
9938408516741
9939784568033
9940265116321
9940396176961
9940920428161
9943935140833
9951976609121
9954031200961
9957091624481
9957638178181
9961311408133
9965291504981
9966406949441
9968922396421
9980519428181
9985269592033
9985532306881
9987502778401
9988882224133
9995496128021
10000425128321
10004062414081
10009957974101
10012654292033
10016556923521
10016820049633
10019122550533
10021162129441
10021425316033
10029103112033
10029498049601
10031341194401
10035905900833
10038803272321
10042162112533
10042491440833
10043874678661
10050506760533
10052307902341
10056701607941
10057053145861
10057690324001
10064634676801
10065623782741
10068789248341
10075891373633
10078354614721
10083414000161
10084360026133
10086406234081
10088254600321
10088650700833
10089684999941
10095099430421
10095429625601
10096420243541
10097961301381
10098996077633
10100383201301
10102232847701
10105205848481
10106747576641
10117895566241
10118887285781
10121465984033
10124838623621
10128079532033
10134430570241
10146763440661
10147226896801
10148197982081
10154224163333
10157425609633
10160671728901
10166105170261
10170788813333
10172114568533
10175716639681
10183453302881
10190639979781
10192232448133
10193891401633
10197652196033
10198603565701
10199532853333
10203294688133
10203693040661
10207433507521
10213809373633
10215315076961
10217197362181
10224484547681
10225149161921
10225703023621
10233148380421
10235808093061
10237182413333
10252705333333
10261203565601
10261403305301
10261469885633
10272081110881
10272391982561
10275278872801
10279387838981
10283075502421
10283742018181
10288341565633
10290341689633
10293853488641
10307283863521
10307395078661
10309797472133
10314803357633
10318697664133
10321212664001
10324440325141
10326443954821
10326711120133
10328648172001
10332233310341
10334571779201
10336843688033
10338247050581
10339138123861
10344685918561
10345020170581
10347761240833
10351438856533
10358840645141
10359465013333
10362988586501
10370349880661
10374522440833
10380816337921
10383004025633
10385303578501
10387313104981
10388362601633
10394459662421
10396559430661
10397743436033
10406458001633
10409073083141
10409631903841
10411777914721
10415064422533
10415332731781
10415735202133
10416450724181
10417859480033
10421885021633
10422041586181
10423517824021
10427857673861
10429155330133
10432690734341
10434525800533
10438330720133
10438487408161
10439338020833
10440166282261
10440837869701
10444599158533
10444666330561
10449010580321
10449682452161
10452034173701
10453445333633
10455528648581
10458441157141
10458822053633
10465029403141
10466777653333
10467293190881
10472426844181
10481845549141
10484447651861
10485614216533
10490101608533
10492345664533
10494971514721
10495308185941
10495644862561
10500269101121
10503187834081
10503636905921
10513226880133
10519293056533
10519360468321
10519675059521
10522663910533
10524529348481
10525023829633
10526305039381
10527833602133
10528170800033
10532554864133
10533049533781
10533724102021
10537344653921
10539188900833
10540605931861
10554488873633
10560904662533
10569417032021
10575837355841
10577459640833
10583138618081
10585392602881
10585865970181
10588345686101
10591141350421
10591659941633
10595200229461
10597681038341
10603500802133
10606817428481
10610337680801
10613926231301
10614151946581
10614829106821
10614896824033
10617944322133
10618350688261
10621263206401
10622347036033
10625576272901
10627089440833
10634205032533
10634589116321
10637662036321
10639967017633
10642746886021
10644080447681
10653802149121
10659750400133
10662012528133
10669479253333
10671108704341
10674571700833
10674956512901
10675658246881
10684692301141
10688202801281
10691396724821
10693979394821
10704539868181
10705877295521
10710592960033
10711318539041
10712338926101
10717577678081
10718802506081
10719845933281
10726765593941
10730396472661
10731077330821
10744630900033
10746175232801
10750150128901
10754557444181
10761329203333
10761374658581
10762124684033
10770308477633
10776334646533
10778768332001
10778836570133
10786753659221
10790667776533
10791054675521
10795834588001
10802960898133
10811433564181
10817243358721
10819544924501
10819750026401
10822097442133
10823396606881
10825903987361
10832287720801
10838217158081
10841182485121
10848209648033
10854599953633
10855330394081
10856722864261
10857681666133
10857795812033
10860147351061
10860466997381
10865056723841
10867660283201
10869510370181
10873370935201
10883653888801
10887265500833
10887425522821
10888865773633
10890694800833
10890854848021
10907780755541
10912586447621
10912609334401
10914028361633
10914188580181
10915676380001
10921880453461
10924948801541
10928452740833
10929826988033
10936355842133
10941740749633
10943734647301
10944147200533
10950611549701
10953615141281
10955495461633
10956366884321
10958637332501
10962720144133
10963110115361
10972425606721
10976947110533
10978508048901
10978898300833
10981148123681
10981997606533
10983030805633
10984132938241
10985372903521
10989070252421
10989988944901
10995432985633
10999269891461
10999614556481
11001337962581
11002854671621
11006394065941
11010186905761
11012715828641
11013474562133
11016463766533
11028263585281
11028884803333
11034867798533
11037905940101
11039770461281
11040207840901
11049532993441
11063355270241
11064184881601
11066120762401
11075526020833
11084012621921
11087403558533
11091164183041
11093287025633
11093933148481
11095710083333
11097164044961
11102588392981
11104366020833
11115265758241
11117806719521
11123929318741
11126540600033
11131694735701
11135624699141
11141266564741
11146308456533
11155284920341
11155608880901
11155979127301
11157483316481
11163964059841
11166672642133
11169381552961
11176398464533
11176745893633
11180683800833
11181332463841
11182027480801
11184228510341
11185479718421
11191528210721
11193150689761
11199270811681
11201705416021
11201821356161
11202517009601
11203699670021
11208848448533
11211168104533
11214068012033
11214485629601
11221679152321
11223002083333
11228689253633
11230778780033
11238256233121
11240695071061
11241299014661
11242228190341
11251615017221
11256379632961
11256635323781
11268307213333
11279124220033
11282800857281
11287618624133
11290342164641
11291762260501
11293508402401
11298398317921
11298724349921
11302800146821
11308158026261
11317828716481
11320462656533
11324262596641
11324589001601
11326827333761
11328576184661
11329975362581
11330325170561
11338022312321
11346305488981
11346632211461
11348872720901
11354358234721
11354755110533
11356926377441
11357977064981
11361129419201
11366267526241
11367085059461
11369748085781
11376991225861
11377879253333
11378393390341
11379351585761
11380052729921
11380146217441
11381338216981
11383418522561
11384961343841
11392326249221
11394009990533
11397681913441
11399623360133
11401658548001
11404068258133
11408350215841
11412188281601
11412913842181
11414716140833
11417174050133
11421809684741
11431458566533
11438252698133
11439658632533
11442775428481
11444533207381
11445869209633
11446408320341
11446502080021
11451143664133
11451612563333
11452269038341
11453300679941
11456536584533
11460570380821
11464628345633
11466317421281
11470540654721
11472957632533
11473943269381
11475116701781
11475140171041
11478872088661
11483989792133
11487347437281
11491386653633
11491738944533
11494862826721
11495614500833
11509642427141
11516835936341
11527983259781
11528359634821
11530053398533
11531535543841
11533417770401
11535888425861
11538288744533
11541418946881
11544220014101
11544290633633
11549399352661
11550223445441
11550812101141
11552413320533
11554250150021
11559714403333
11560538864033
11560845099781
11573569245061
11576374210721
11580405470741
11581631490133
11584578917633
11585640083333
11589602198021
11592715763333
11610343591841
11623094940161
11624110626133
11624583053333
11631741499841
11632190452741
11634151769633
11645733997633
11656021008133
11658220889281
11659261765601
11659758563861
11661627566401
11669270742533
11669791421461
11671566550561
11678029160533
11678431653281
11678573711201
11678810476321
11687027712533
11688756778561
11688804152033
11693944744021
11700958617941
11704750776661
11713925600833
11720399925781
11724527351941
11735323768481
11738836640833
11739833632801
11746600053781
11747929825301
11749948372321
11751064584533
11753510937121
11753724708181
11754223514881
11756218847521
11764534556321
11765746519301
11769192637441
11770024534661
11771973666133
11778511565633
11781246134533
11783671843861
11784528036181
11789380380181
11790236779861
11790569832581
11791711763333
11793781653761
11794519244821
11796280039301
11807942670421
11812299784033
11813061766241
11818015249633
11821230806533
11823493868033
11825161525633
11826781648481
11829497985761
11833739908033
11834574083333
11841081659681
11858539373633
11859064258081
11859255128033
11860495820161
11863001261701
11864576246101
11867559457601
11872428864161
11886780323461
11890698034181
11891653671301
11902239920033
11906351425921
11910917941781
11913954800833
11915580994721
11922206490133
11930532827221
11932375541633
11936324694533
11939867520901
11942309504533
11942740468741
11944105240033
11945230636421
11946451871201
11948176073633
11949613004033
11951696706581
11964705989633
11964993567521
11969187804421
11970697909633
11972208110101
11972423860801
11972783449621
11974221858901
11975060970881
11976931097633
11980096260161
11982398459201
11984413064801
11989234415621
11994440644033
11997248157781
12001712061061
12003848308481
12005000520833
12013523808133
12026542661141
12027984296021
12028777232033
12034905346133
12037621440801
12038871428033
12040674408533
12041996680033
12044929977761
12047046020833
12047454823301
12056618627681
12057220048981
12059962720261
12060756709633
12067446506081
12068096333333
12070190340161
12071417945861
12074475196033
12076208612161
12077484678533
12085311088033
12087165716501
12087767899201
12088394185121
12090080420161
12092826826081
12093670083461
12100610003333
12101043814421
12104514583061
12111264724501
12113145456133
12114712844033
12122237717441
12123202613761
12126966076321
12127545122401
12129065184133
12133046749633
12136956558721
12138597900833
12138766868821
12139491030661
12142146475541
12148255100833
12151805086741
12155210662561
12156515052001
12156780769541
12160283681281
12168910242133
12170408724101
12170916295361
12187406029633
12194421176033
12194953441921
12199429773701
12200905933441
12203422870721
12204899272021
12205189722133
12206085298401
12207489240833
12218820557921
12220007260501
12223761495041
12230665947221
12246323255941
12249232837381
12251269750021
12256192988033
12260268139841
12260559248033
12261238513921
12272934540833
12287501700833
12287744560033
12288764594881
12289128903301
12294424128533
12294739934881
12304434733141
12307181072033
12309538793221
12320917363333
12327241062533
12330963074561
12331328007941
12331619958533
12331790264641
12334466657921
12338992856321
12341110234133
12341718709633
12345418563521
12355425550421
12359176171141
12360637606021
12361733738881
12369188731201
12370333978133
12370650757921
12373916262881
12381911257633
12384763755541
12385397688581
12389591808133
12389957608033
12390737999201
12391981798421
12397567470241
12401714852801
12403544800901
12404154813601
12414039109141
12414600557633
12415943203333
12428079130241
12428763020833
12428958421601
12430155284821
12432988904981
12434259253333
12434992176133
12436824577633
12441662766241
12442004896001
12445548659461
12456818735681
12457919124821
12463348422533
12464082202133
12467335551841
12468118376033
12469145870081
12469463912533
12470491462021
12473941402081
12478199432641
12482751924001
12490586110241
12492789917921
12502341997601
12508810092641
12512142794401
12512191808033
12516603428033
12518686963333
12520599065941
12522290663041
12522658416661
12523908819361
12534331269461
12537201269633
12538967586881
12542795034401
12544512668641
12548684555681
12551433472033
12551482562561
12554820943681
12556293900001
12556883106721
12558871781461
12567466630661
12568006976533
12568449086341
12570414112901
12575450194561
12576531241121
12578324898133
12578619758101
12582944768021
12585992380501
12587245941121
12588696216581
12589458259201
12591154501381
12598432430981
12607582000133
12607754201281
12609230259361
12610854023041
12611936590241
12613560528161
12617866930261
12620426511701
12629239363333
12630273474901
12631455368533
12633302188033
12640075014533
12650792100833
12652714265441
12654414763541
12658136542081
12660946724161
12662549160581
12664348940833
12669527104033
12673596403333
12678332410501
12685512108001
12685635488261
12689559293441
12690546509761
12691928677121
12704766682561
12714374741381
12716598202901
12720082016801
12720675053921
12722528384021
12723887578561
12726606185441
12732909527381
12738917693633
12747895495301
12749231306261
12752224766401
12754377306133
12755564992021
12758286980741
12761875500481
12780073344901
12781683302081
12784160357281
12785696252033
12789784163333
12792311562581
12793079743201
12797590172033
12800936333333
12804654803333
12807258053633
12814498959841
12826108516033
12835166626133
12839212787521
12839957549281
12848871540821
12858210959701
12858633300833
12861565036321
12862683159061
12864546804961
12866783358241
12879212194241
12881077037141
12883613440133
12888090054533
12888786486661
12891696781633
12893313754133
12895503047701
12902594649121
12904386520033
12905133169633
12906178515361
12923557364033
12924379289621
12924603455681
12927243780001
12929161920533
12941371603333
12949148934661
12951517496321
12958699301633
12960145878241
12966357098581
12974591129221
12976213291841
12982078879621
12984075977861
12984600241601
12995087739041
13000058293381
13001382269633
13003180986881
13003255936133
13006578903361
13018175135681
13020375004033
13023300116821
13025625440833
13034753718533
13035804300821
13037330221921
13038881249633
13042333868321
13043309691221
13044385640833
13048064222341
13049265504133
13058702494241
13062608453441
13064110900961
13072375906721
13076384123041
13084878561301
13086206849633
13087259503361
13088036489221
13095481684033
13103004232033
13106515493633
13110077396641
13111733093761
13122949430533
13126086848033
13127768658181
13133492640133
13139142529633
13141227017861
13141829792261
13145974240481
13147104657941
13150144465921
13152330330133
13153008738721
13154265097121
13157908875781
13158788484161
13162508296033
13163941066501
13164519224033
13166354329861
13171608970241
13171684403333
13175079116033
13176764061781
13179480320533
13182045933061
13187454659681
13190876566561
13201749097633
13203335049301
13205827451521
13206028868033
13207841685761
13210183426133
13219879936033
13220711230981
13222575441941
13226430240833
13230663608321
13233108182533
13236586419541
13251008333333
13251184873921
13251462297221
13253227786261
13253984460421
13259281784341
13260038631301
13261022564641
13264706331521
13265009129633
13267961592341
13276442286101
13281542102533
13285253970721
13285455992033
13289799821761
13291441570181
13295634803221
13297074800833
13298338020833
13302304921621
13308193196033
13311024074881
13311099906133
13311403233301
13311908786261
13313678297221
13317217671941
13322401176481
13325967001621
13332088182533
13333226573633
13336060113601
13338716830741
13338843347681
13346688569761
13347346660961
13348738830421
13356764204033
13358536693633
13359422982533
13367958182881
13369478088961
13374165009941
13380018480641
13390284150101
13391678556961
13392667362181
13396977965141
13400934187541
13403597358401
13411969046561
13412146656133
13413719820821
13414937818133
13416764917781
13417983053333
13419378901633
13423566882133
13425521496641
13432630385281
13436820432901
13440325338133
13440630134101
13442662195541
13448708486533
13451122301633
13453485509381
13456535116421
13457170494721
13461745661281
13464338600833
13468838706181
13473415855621
13480435661701
13485014781061
13486286896661
13486541326981
13490027264033
13493004661781
13494480758533
13498222261921
13499749555201
13503644544133
13505859592321
13509449883781
13517446999061
13533907104901
13537093266401
13539260070421
13540075853333
13546526502241
13552698125633
13556218110401
13560146748961
13563489090821
13564484218721
13566857363333
13567699496801
13569562490965
13576811520533
13577271031301
13587407773633
13590855638533
13593614245381
