3811920209
3823332599
3826036619
3829704191
3838550239
3843418039
3846446159
3849618959
3852566899
3856095179
3865640239
3871529479
3872758949
3874149551
3874462439
3901970239
3919173439
3920789099
3924941561
3926598491
3928511911
3928597199
3932366129
3933419879
3938037179
3942815999
3947630039
3954899981
3958194299
3960031139
3963627271
3968024069
3978555899
3987192719
3989380399
3992607719
3993006929
3994703999
4000123199
4003442099
4005418229
4005587879
4017499559
4022096399
4035754139
4041109879
4041216791
4042566499
4045520359
4051613999
4052005999
4056416099
4058247311
4075545599
4079918639
4082702399
4091973929
4101156079
4101626891
4111725239
4118655239
4121388599
4124544899
4149323359
4159881799
4167562871
4170308609
4172546321
4185673099
4189475959
4201528939
4204085489
4205800451
4215520711
4218181109
4227530159
4228274819
4228939439
4235660659
4238009999
4246421029
4252492199
4260270409
4266953129
4280855039
4288313749
4292172959
4292870399
4294835999
4297124621
4300148999
4302001199
4305873599
4308180491
4320362489
4323317879
4324453499
4329549179
4338205409
4340356571
4355346599
4360576991
4362812609
4369091609
4375351919
4382228759
4392315839
4412336239
4414904801
4415891171
4425415831
4440166919
4451111389
4459668569
4460734079
4464191519
4472119079
4473113819
4480528499
4482317839
4487868719
4488641999
4491686411
4502560021
4515001871
4516124629
4522115201
4523937569
4527546269
4529720171
4537459411
4537816249
4547491199
4553036879
4556351249
4558262939
4560823679
4572362969
4572644719
4573411079
4580817929
4589251109
4592870719
4598794199
4605081389
4611954929
4612272989
4613028389
4627268099
4627409939
4633482059
4639204649
4640136029
4643860759
4644118499
4649763299
4655690759
4662260819
4663659779
4665731699
4670476199
4671703019
4697758511
4708028231
4708675799
4709153959
4709943311
4735415999
4736192399
4736954879
4756136741
4758928019
4759021019
4759246799
4766072849
4766224679
4769928179
4786541759
4796562539
4810819789
4822364969
4826103649
4832429759
4839042599
4848115121
4854349639
4854982399
4855804631
4862761199
4865266979
4867341779
4870439111
4880871379
4885905149
4886908979
4894772189
4895968559
4897811519
4909120019
4912771289
4919619599
4922814779
4923396479
4926927749
4927961639
4929000551
4932046261
4933393559
4945166099
4974524879
4994974499
4999160399
5002468381
5029646399
5035894049
5038160399
5040439499
5041636319
5046296399
5051540519
5058682199
5061681349
5063081459
5063824919
5089369151
5094421091
5103699299
5104934519
5107500479
5108532659
5108688499
5112111479
5122364519
5123005439
5133956099
5139358361
5139363839
5139492031
5151592879
5155219439
5169027149
5170153559
5193062789
5199605459
5205566519
5222655059
5229394169
5236550609
5246515829
5249318411
5249828819
5264747681
5268232709
5268908861
5271642539
5279931299
5282956979
5291979839
5297435639
5303032349
5304370319
5304634801
5307909179
5316269111
5321301281
5323520519
5326773731
5327254519
5350177169
5350477229
5354543879
5359226969
5362879759
5367637349
5372231339
5374719359
5377311659
5378141999
5378391659
5388923681
5390246159
5398720259
5401897199
5436699839
5461481199
5461972559
5469955399
5470654979
5477928839
5481706801
5484142091
5487566261
5490698849
5506805219
5506964749
5507434099
5509310239
5511656159
5512552499
5530347239
5542077589
5547783779
5548639009
5555878969
5557378679
5558888519
5566652099
5568643079
5568868421
5574736439
5581539599
5592587279
5598318149
5598393371
5606688911
5617589249
5622469309
5631646159
5635072169
5639296571
5652204011
5673557009
5676989249
5687281879
5700351479
5701422829
5701920839
5714286059
5723745749
5725908959
5743178321
5744258519
5751728959
5756563679
5780579839
5784921911
5800756919
5812173611
5812312799
5815218089
5816404439
5817028439
5818993259
5824093129
5827138211
5830124039
5834646299
5837391871
5837725529
5842008899
5843507249
5843654189
5855882399
5861720699
5869844749
5869915589
5870637779
5886031169
5892543971
5904474479
5923652069
5927182799
5961712499
5972007719
5975184599
5977614329
5996360551
5998076531
5999012879
6002229239
6010227329
6010269011
6014002499
6017675789
6018342719
6028347979
6034657199
6046705519
6055126279
6056211419
6074169089
6079822451
6080276201
6085632559
6085826081
6089889431
6111995129
6112401299
6112836229
6145504091
6155226251
6167022971
6168531599
6175642871
6176681081
6181555619
6183502541
6197796779
6208733879
6211493039
6224546099
6227291249
6227743871
6229783559
6232571071
6240065369
6242404739
6251213249
6267206719
6270063799
6277392899
6278610659
6283450259
6283624731
6287849651
6294720959
6297169199
6300972719
6307182391
6310427759
6314397079
6315914951
6319462949
6325912871
6328068749
6335312969
6335642609
6335945251
6337020029
6338594359
6339814639
6344314759
6350555399
6373208519
6384353779
6391790579
6413798159
6414099449
6420069039
6425836199
6466704821
6468105389
6469752799
6473456219
6473628671
6478640099
6491159999
6497942999
6498138869
6507973049
6509707931
6513305369
6516474299
6518376899
6539578189
6555252031
6560533531
6570696599
6570845189
6583150139
6584904919
6614691719
6631969499
6633734519
6635488859
6637002371
6647563859
6649720991
6649949239
6651170819
6675934891
6697195759
6699180469
6700791479
6707609999
6708637979
6722966429
6741377131
6751161899
6756701249
6757259879
6758549129
6762345479
6765995279
6769186199
6780776939
6790295609
6797541799
6801300899
6807459611
6813937859
6817664291
6821645609
6830408759
6833207359
6841737359
6861581999
6870289999
6871773719
6873612101
6878261249
6882049859
6883663109
6885820511
6891202471
6898411109
6901746389
6902948249
6929882231
6938694359
6942679379
6945424309
6972428539
6976907279
6981479801
6983258771
6984716639
6986677109
6992971759
6995649599
7001077859
7004293151
7005988139
7013621159
7031209499
7032586859
7033115879
7037727839
7041740159
7049862299
7053452951
7057053989
7060084511
7066083599
7069140059
7072423511
7081974059
7088893519
7097286419
7099612379
7107030449
7107343571
7108552229
7110961919
7124506199
7124910799
7129140299
7143111611
7151638919
7172288639
7174099321
7181333891
7199635631
7202788319
7216390859
7231993469
7233298409
7233834299
7237621271
7244732459
7247214179
7247348639
7248947309
7260777581
7263789719
7273588079
7275611881
7276650499
7303046831
7310876171
7313359349
7315872479
7322192459
7326809159
7330122659
7330784399
7331062199
7341649919
7350034999
7353765899
7366788899
7368056431
7384437521
7384613339
7398699839
7408085579
7409503939
7410712391
7413339149
7429999319
7439825531
7440219599
7449116399
7456947679
7459776899
7474457759
7480811909
7485840179
7488453419
7489212389
7490720879
7508761499
7515050729
7530676919
7531995239
7532807759
7534947419
7535498651
7535661599
7538453999
7545479999
7547997871
7551292559
7565276879
7573812539
7578303319
7579108891
7581253679
7599226039
7603899599
7615136591
7616347759
7622929439
7626251159
7630943849
7648013141
7653381059
7657089059
7660757089
7666203131
7672790159
7676631191
7683003719
7684554919
7686493151
7694336831
7716172589
7720214291
7727513639
7734474481
7735095269
7736432129
7746880969
7764736081
7767809279
7774874711
7779372299
7780742579
7784347499
7789695209
7798128839
7800289919
7811894429
7814210039
7816367719
7826415199
7826940899
7828016699
7828272269
7831980659
7845488711
7894102859
7895890799
7905103931
7921617299
7935809111
7943532799
7952942549
7960209599
7962412351
7966312199
7970377579
7980354479
7992386609
7994497111
7998660529
8004346349
8006681929
8013683411
8015794289
8017259039
8017568159
8017993619
8023072049
8036591219
8038686179
8048911061
8056515851
8069489999
8071594439
8074726739
8079401069
8093761199
8108740331
8123655389
8133971999
8134458499
8135356391
8136578239
8137052699
8153004029
8157951629
8163144359
8167285499
8193282029
8201596591
8205325379
8221281599
8237902859
8237909579
8245502621
8245989071
8252026019
8264415329
8266819499
8271313709
8282297279
8295566399
8301708869
8303430059
8306499599
8306575549
8307722219
8308185059
8309292029
8314654589
8316525149
8318071439
8331180749
8331421559
8334575479
8336634599
8343950369
8354447471
8355082391
8356006019
8356910279
8366940119
8369537399
8382220559
8395335799
8412883559
8415377171
8442289979
8452249511
8452285379
8457216539
8464034599
8475954899
8476085099
8479001341
8500908719
8502176951
8512972159
8515221791
8520166871
8542055681
8552303171
8576959411
8592845039
8594511659
8602914599
8604556739
8615799919
8624329499
8626523489
8644247081
8644384109
8662138099
8674278911
8674821679
8682973991
8689669559
8694464399
8696397989
8733692159
8740656749
8743648759
8755237399
8756128639
8757279899
8768775319
8770243019
8773359659
8790889799
8800276799
8800316099
8812523579
8813206229
8830842199
8842250591
8845597961
8869066471
8870603849
8881738739
8901922499
8907348059
8909128619
8920733249
8944005041
8958104399
8967020891
8992796999
9023550629
9024330391
9032680799
9051363571
9069283859
9077416949
9081711239
9083745299
9102481559
9103397489
9108496319
9149165549
9157911839
9174514439
9175315379
9192223039
9196344569
9203394311
9210532349
9220887899
9222425351
9244668299
9244829219
9247182641
9250592399
9260448749
9267122141
9267298039
9279468899
9295972559
9309459869
9313326959
9318923459
9324385079
9326189471
9331415099
9340950389
9345645511
9349648559
9379637129
9379769209
9385172999
9394407161
9431258479
9434127779
9454313021
9470251499
9474684209
9477523151
9478457099
9493272599
9494553599
9495040109
9496858799
9506249999
9508736411
9521478119
9525226171
9527451779
9554129499
9555239231
9570660641
9571502669
9576579599
9593174051
9595624499
9605960099
9608118659
9625656529
9638418761
9644569199
9644783399
9658810979
9674594999
9714412679
9718525319
9724755611
9727165979
9741672359
9751921379
9752498191
9765244169
9772657019
9784731559
9790048439
9802348181
9818284249
9824344559
9832997729
9856624049
9863655469
9874453539
9897512351
9907793531
9941535701
9944161499
9946182599
9968061799
9976881139
9980005979
9988300499
9988332899
10009602931
10021943579
10025130719
10042795031
10043809411
10043982719
10045279159
10070004569
10076249819
10076391779
10082838079
10091436239
10104212689
10122364079
10124004659
10132053359
10133895221
10136760199
10145045879
10147411969
10149387119
10160639999
10161460259
10174883399
10181830229
10195241699
10197516029
10200051679
10210848059
10224378611
10235301119
10237017839
10257738479
10274668519
10275793919
10281872299
10291771571
10318200869
10324542719
10327363199
10330842059
10345481189
10345652309
10350799139
10356250459
10364472299
10367159669
10371310109
10387497299
10395824009
10401380611
10403999999
10410667019
10416243599
10420363001
10425669731
10426127879
10448263979
10451037599
10456892921
10458270661
10467676559
10476184319
10485094409
10486580551
10490129519
10524150251
10529189081
10549772159
10564033169
10587637499
10606127999
10616171719
10617086339
10618574849
10620434551
10637964959
10659083231
10664926579
10668960119
10674867419
10679706839
10683042299
10683347999
10684572359
10685578031
10691804839
10700749079
10702615559
10704433949
10710697979
10713462299
10733981939
10750975759
10763740439
10774508639
10786065971
10787680949
10789335871
10814617241
10821095539
10823015699
10846361969
10852693289
10866655169
10869479459
10876261439
10880576099
10880843219
10891687949
10906046231
10927695239
10929373619
10937368199
10954025279
10954278089
10961837599
10967462659
10977733229
10978541419
10981545899
11006496229
11021663299
11031287291
11049824411
11051207359
11053955309
11059334399
11059488449
11066462549
11070755219
11076439859
11076979079
11085608879
11090104199
11108548331
11116342079
11118461759
11121436759
11126308199
11140715629
11162495819
11166096611
11178828539
11179295399
11179580939
11187766979
11205188639
11214555239
11220694109
11238021539
11248783391
11255671601
11257899659
11261925359
11266969979
11291187599
11295161279
11313441479
11328609599
11354566859
11355979319
11372231909
11377985639
11388731759
11397687629
11402290799
11404510319
11411206739
11420535059
11423992589
11434822811
11446525859
11455029281
11465477209
11470409999
11473776869
11507127659
11518131649
11526867449
11526930841
11533080239
11533364039
11539560551
11542198079
11545655831
11553791339
11558068129
11566930399
11592726641
11594832479
11599002799
11613667631
11614515119
11630388239
11631251459
11641382999
11646428441
11647293731
11662692199
11669080499
11670460559
11675305249
11678840359
11679624839
11680797659
11689686539
11695917379
11699461799
11702367431
11725005599
11728161451
11755887779
11757267839
11774826699
11776445839
11782743839
11821760729
11827151159
11829604019
11833295879
11835804199
11840207339
11851567279
11869146719
11877577199
11880428839
11883364499
11901813839
11901834559
11912186159
11924230499
11924639999
11944861549
11944952711
11958898769
11959073279
11968728371
11971261231
11973608639
11987635379
11989836499
11991687299
11996307959
11997471599
12000599981
12005672999
12016544399
12027700259
12034803059
12038539391
12051485029
12053740409
12066320909
12081496289
12097562201
12105757799
12107687269
12124483139
12128050511
12136742099
12147728759
12153223139
12169120919
12172479929
12172888979
12219680969
12224146619
12226764479
12229519119
12238849391
12241132271
12247657859
12249176939
12254332859
12255275899
12269078639
12286016819
12288967151
12299444299
12326585039
12334155259
12334520299
12336984659
12340852829
12341210249
12355593949
12362955491
12377803591
12378758969
12381360179
12390935309
12408901721
12441469039
12459233291
12462429041
12463076231
12469818239
12480053429
12493184381
12494768399
12501527639
12505562569
12507353459
12508771061
12514896899
12518157941
12538902251
12557315231
12557677859
12558327539
12583375349
12589850099
12600369599
12615818291
12618964679
12624910451
12627125069
12630157229
12642688519
12645425189
12670987169
12672369719
12680883179
12684732499
12718373471
12745038571
12756672431
12780924281
12781250159
12789612219
12789682079
12794644211
12807550139
12834503219
12835627919
12844320479
12857399999
12862774079
12880807631
12882612599
12898584971
12900636719
12906975479
12916182449
12935790449
12944299391
12946969331
12952229471
12953373311
12965067779
12974187659
13021094159
13023986189
13051543829
13056690281
13079750639
13080848309
13083508619
13103232211
13105842119
13108241761
13130238001
13131569119
13135044239
13141730909
13146915599
13151696039
13152222179
13155596099
13173687809
13177868339
13180574219
13186896799
13191952199
13200937619
13201318409
13205507839
13210816079
13219000859
13229242571
13242235169
13249531811
13253521319
13259160779
13270730069
13303819619
13311974411
13327554239
13329110591
13341393449
13345202639
13346108129
13349205119
13352312819
13365878129
13370697251
13385933999
13398108359
13399771439
13404718079
13411295039
13429410479
13435961579
13437848059
13451360399
13452018299
13470677999
13474320551
13485935819
13486973399
13500116099
13507262729
13515188959
13528711289
13533558569
13564592039
13570554059
13577238679
13595107399
13603892119
13606643129
13612417499
13613603849
13621156499
13625035211
13632189479
13637066039
13638626399
13662464591
13675747091
13699180049
13708838681
13711848919
13716724451
13717325159
13719426839
13725941609
13741635599
13745217599
13752107099
13753497911
13757154779
13770602999
13777016791
13792250939
13797973799
13801480879
13809913729
13810444559
13816735069
13820592209
13823071679
13846262519
13853706959
13878357659
13881720779
13884212159
13892563871
13893821699
13893904639
13909788359
13912693799
13944499139
13946004071
13949207639
13959160769
13963795169
13964148899
13968226061
13971218869
13976394041
13986992069
13997388299
14017437641
14017862939
14023074239
14028211259
14030858951
14035579739
14041933999
14043988051
14044265509
14048334299
14058155039
14061221729
14071370429
14075806799
14080926599
14089299139
14107310999
14107592339
14107704239
14147816591
14157921959
14164986779
14191956899
14212895699
14215593419
14231890199
14241069149
14252298631
14253177329
14270512409
14273673149
14281982801
14290515119
14291143159
14291402579
14292202499
14294538719
14314163951
14328089999
14332582349
14337155711
14343788309
14344801349
14345511641
14349541229
14371479959
14375775959
14393345119
14407538099
14415973219
14418235199
14421062879
14441505401
14455309439
14459638421
14460047279
14463096449
14463274279
14469601919
14513158659
14525008499
14538044699
14547656759
14547723299
14560053821
14566076099
14579574179
14606366899
14613086879
14613811679
14639595431
14641223869
14642678819
14643478079
14658128549
14660184779
14685411941
14689621799
14704169489
14717645279
14720325049
14729372429
14730058979
14747673599
14750583439
14753248201
14757195599
14791606829
14797089551
14801369951
14804036129
14810427769
14836839929
14851900799
14869379699
14869616639
14892704819
14895755291
14896198619
14910890999
14915321969
14923095179
14930794979
14937015449
14968215719
14981191999
14986369859
15012407429
15030164099
15040387799
15050427439
15057089651
15066006299
15066119669
15078430751
15090189599
15094645019
15101565599
15105145229
15107677199
15116994199
15121438039
15138674249
15139023299
15152292299
15157134739
15167083949
15178405769
15179701679
15184057979
15199746011
15202856239
15203074949
15207176489
15226798679
15236273219
15237964199
15257269999
15270217199
15271315229
15277650959
15278806619
15287639399
15297554609
15316080779
15316922239
15326415659
15331404131
15378104839
15378381899
15392736211
15395660279
15401471999
15401940439
15448528679
15456358721
15463960949
15474480839
15481376359
15488422559
15490728119
15501461539
15526386959
15535506419
15539191051
15570869719
15579566939
15581032739
15595700399
15611321669
15620584979
15630482759
15635361671
15639842789
15675074489
15679327519
15687020879
15696829679
15707441791
15723939779
15746422481
15747518879
15756120131
15756985859
15772148699
15793274951
15804248219
15825186149
15832469239
15838572119
15845471189
15865808639
15878674349
15879968999
15887699099
15892472399
15925646621
15926044679
15929964959
15933318641
15939230831
15964328519
15966496979
15979108991
15991234279
16002862231
16006093739
16009265999
16024675999
16042076759
16057126409
16069157999
16071976799
16072017191
16077741539
16088195339
16090979119
16108014779
16126253191
16130253479
16159811579
16184891069
16208010989
16216176239
16220289959
16224986969
16225356419
16230425639
16237781839
16243318919
16262179289
16287125399
16289312759
16302288799
16318648639
16326445211
16344410399
16358998031
16380409499
16383979739
16409951599
16434029159
16437029239
16448578439
16470325871
16474678079
16502314159
16505090461
16506018359
16517390399
16532072831
16545685199
16555377959
16559583611
16573444799
16574861159
16576119839
16585403239
16591223879
16605799919
16609450589
16610693119
16613090339
16620644699
16625523599
16642192669
16653946259
16656126119
16658460719
16664675879
16676108591
16678161119
16712318699
16721313179
16790724499
16799319599
16802428439
16819589499
16823649749
16841944079
16847361319
16867429039
16901597969
16905409289
16912455569
16915797359
16917813791
16927245971
16929397211
16930374521
16931657189
16952039999
16961510719
16967667599
16969782719
16978833299
17012155679
17013575879
17015446249
17024182289
17040759889
17051107079
17060328071
17061584399
17070986939
17098389559
17105304761
17114407379
17117144641
17131367549
17161562221
17162761199
17187571979
17204618141
17209052639
17212587209
17219652911
17231980751
17233213139
17237786201
17260576871
17277014879
17297886959
17299563779
17315555009
17317442459
17318999749
17325921311
17326935089
17337159209
17342342879
17351025119
17367913499
17372638529
17376985079
17379285299
17387488439
17409956351
17440489229
17445984929
17458423219
17469279071
17488449159
17490776159
17518280471
17529259019
17541214469
17543860459
17544719009
17550964199
17551096301
17576258699
17582747621
17586154709
17608879481
17613571139
17622546659
17648601749
17650390991
17657652599
17664166799
17670453509
17729065619
17749636139
17749905359
17755375049
17768370871
17787498479
17787942119
17801589791
17809196519
17815148639
17823632399
17835245119
17851453951
17851893079
17863987679
17874131299
17894315489
17898134669
17902955699
17916440639
17926519379
17944388129
17949859799
17950640399
17954229889
17959246859
17977871729
18000213659
18019834279
18026831429
18047235599
18056073419
18063359999
18092402789
18100132571
18110655659
18135592859
18159510599
18174013129
18196054001
18199362719
18200060531
18201603839
18202760099
18217757249
18225151739
18245611691
18261792359
18263522759
18268137089
18270295579
18279486931
18303693899
18313189439
18338373269
18347440439
18352129949
18360372911
18367987679
18370574351
18373726279
18375490589
18377801441
18389862119
18401844499
18402705359
18409212359
18468157679
18479254009
18494464661
18523114829
18526767379
18535457569
18544394819
18556773839
18563179031
18572131339
18594291959
18601608479
18610233641
18666603071
18672979439
18673222499
18686180281
18713494799
18714050471
18714979919
18724681139
18731796359
18755285999
18763086649
18769994459
18773178731
18825039791
18844039199
18846246719
18846284279
18851592671
18855694859
18857429249
18862275599
18890917499
18900282939
18903394439
18918226471
18928462769
18937347911
18943325399
18968106761
18981118099
18983907071
18986362919
18989221679
19018506131
19019168099
19043615219
19044896999
19056368879
19059107129
19085757161
19086900139
19093712399
19110781589
19119996491
19139394959
19143442889
19144008449
19168402499
19171088159
19228414399
19230727319
19247573519
19257057511
19259797589
19288708199
19294435019
19319157059
19327003919
19406793839
19407379991
19417208579
19419845069
19425595769
19447946369
19459797839
19467155861
19467968519
19485368099
19496712311
19501816879
19504323719
19506851369
19517975861
19520770229
19522666799
19523032759
19543515749
19546997831
19573406129
19576668869
19580927551
19594179779
19600910009
19628220149
19628545199
19641321311
19656682889
19660488439
19669766489
19675485871
19679082149
19701841949
19704099491
19705524439
19720115479
19726948331
19727700659
19737588599
19751539261
19753999649
19754302499
19760915219
19762178591
19770739559
19771101059
19772650439
19783151351
19784433059
19794883679
19795624799
19862438669
19873737799
19895301971
19898248499
19908080849
19927166429
19934641999
19954257359
19962402751
19990225709
20000616439
20004617669
20006522909
20019604919
20049023999
20049733999
20050560479
20053598039
20056616999
20059471799
20061037889
20073253199
20104636859
20152641599
20157406639
20164207799
20178077039
20180746529
20190912559
20197384619
20218009699
20241934649
20253718099
20258932511
20271992999
20274213959
20284832591
20285790419
20293044239
20299030639
20303865499
20321380799
20343250619
20371067891
20407625999
20408765309
20418584999
20445554219
20451598199
20460647759
20480421239
20483272961
20508401939
20518637789
20547249799
20551553549
20554987991
20557129909
20573783999
20600416799
20611009319
20612140651
20614796999
20626024049
20632665059
20662568279
20682627419
20696724679
20709704339
20710531271
20716707521
20734306991
20758475429
20767640459
20771417759
20776247489
20803002299
20815780589
20817647759
20829200489
20866058399
20882857349
20913721979
20913764969
20953666031
20956682039
20956890989
20964577919
20967440831
20978032319
20996855249
21025724579
21028800659
21040156169
21041754299
21046373681
21054953159
21097129199
21104375879
21112600571
21119276249
21134930431
21135126329
21139895009
21152098439
21164636069
21165656819
21168691679
21190320269
21210582851
21219931771
21222662399
21259454039
21260941631
21267749999
21288925601
21300603419
21303133739
21313883051
21318920099
21327232079
21349315679
21380378039
21387088169
21401677331
21425651279
21437798359
21441591499
21443703751
21450627749
21454389881
21463307249
21463824379
21468110399
21479136979
21483389099
21512160779
21517427699
21524338289
21567838031
21604182079
21623544851
21625737559
21651370971
21664352519
21665268589
21676847219
21693533959
21700034599
21748634821
21767216351
21769144769
21780309671
21786522239
21790473179
21794305679
21803083349
21820299899
21831613901
21836416909
21838383071
21843797359
21890846039
21920471999
21925706879
21930184751
21949421519
21964212499
21981249989
21981353939
21991343219
21993095239
21993123239
22002604721
22009280201
22023919789
22049165681
22052645999
22056277319
22060482749
22066219559
22082242001
22087813409
22087999889
22100538359
22107892949
22121571119
22166809289
22166892019
22205991779
22214941559
22230711179
22230809999
22244172479
22252509341
22260842239
22274111579
22275724609
22287688499
22296319879
22322084069
22332203279
22332313511
22336125839
22345682111
22346004799
22377975839
22388087279
22411687919
22413631949
22426167719
22429514099
22434847231
22435021979
22440114311
22456374539
22457412389
22476120239
22499024939
22510576241
22542008039
22545628451
22547225471
22576360949
22590089999
22608355139
22669536599
22672384541
22672792799
22692810671
22701649739
22705481609
22706835731
22715200129
22749258139
22763341061
22788187811
22796639399
22825705499
22836591959
22840208819
22854619199
22860552779
22862355809
22884967559
22907692351
22911805079
22935266639
22966568981
22977325799
22991503499
22995664691
23034132899
23038390159
23047699919
23056108039
23063996591
23094045071
23095264499
23098148369
23103789799
23116467989
23167046951
23244051599
23258593279
23287045669
23297574479
23300514439
23308967159
23324256119
23324749199
23354035259
23360358479
23397279359
23397515819
23403161239
23404623479
23409923359
23416115039
23421194099
23429714879
23456234479
23458978199
23467217399
23480200979
23493387119
23520606799
23544391499
23545476509
23556106169
23574761909
23585020409
23624990999
23637056039
23643447239
23661151229
23661297659
23693168249
23734687199
23740646399
23772994559
23778933749
23792466851
23805404099
23817697691
23849170799
23861220569
23869279979
23870400959
23880394229
23883076979
23887576439
23907344399
23920203449
23922609479
23939886419
23944235489
23948407741
23959118399
23975148959
23983894619
23984014739
24000335039
24039690299
24042563999
24051035611
24071797499
24077013101
24088136071
24088177709
24091563101
24093653471
24109290239
24110814391
24120268901
24129277769
24147074249
24148926899
24155030909
24155165039
24170079119
24190144439
24192160831
24197328679
24223955291
24227397749
24246524021
24264107339
24271676239
24275120351
24279872399
24292099369
24317049689
24330655799
24343174159
24346119419
24373068299
24382005929
24383769929
24384930569
24385677119
24392993249
24420128099
24429736889
24439422281
24448750589
24461024639
24465715409
24493280459
24499526539
24512703599
24541032869
24574392071
24578182271
24619074419
24626442719
24630040979
24636310799
24662713679
24677477551
24726697631
24749451299
24761096359
24771670871
24785286689
24787166879
24788101889
24798454361
24813778079
24823150241
24824619119
24826726511
24838279691
24858447011
24865485439
24891372899
24905858699
24905867531
24924982679
24932449859
24962241749
24968475479
24971411051
24984353951
24986071739
25025710709
25030482509
25033805729
25042424021
25052060879
25074697229
25083155549
25086773879
25086832679
25096848779
25124482349
25125031429
25141900919
25146311551
25148001731
25153248269
25155377839
25157209279
25174502891
25178141039
25184971979
25189518719
25201912319
25218607091
25263376769
25263917999
25265382239
25266508409
25277428499
25309783199
25310654489
25312689959
25317469979
25325573069
25349526029
25353486349
25373419399
25376347439
25381144559
25388199899
25399673441
25411665179
25422551279
25461691049
25466746769
25466748859
25468755311
25513945859
25528847819
25536019319
25550362361
25560326111
25576517999
25579714019
25583158259
25595867711
25599936959
25625606399
25635323951
25657531349
25673541431
25686304559
25710438851
25713806201
25734285851
25740746749
25742826059
25772621899
25787543039
25791711131
25792368281
25797087269
25799833739
25819585439
25827704099
25838289119
25840492001
25846842839
25899855809
25903736321
25909729799
25910107109
25913337839
25927242721
25940832479
25954296101
25962631379
25987184651
25987777451
25997857199
26002394989
26065277569
26070221759
26080764239
26081392619
26114799479
26128865699
26157300371
26164539389
26209619099
26219218271
26227997459
26231905391
26266115539
26279435951
26293716539
26303054669
26329362299
26330032039
26330122409
26359994099
26370512099
26370537269
26372162519
26387628959
26396245199
26404239791
26411621279
26417992919
26428224059
26434918439
26435167079
26454892379
26464172741
26519754179
26528835689
26534772071
26552951039
26578841519
26579677571
26632036759
26649453151
26652916471
26672000879
26673915839
26694861751
26724670559
26742363671
26761320991
26771401799
26796582149
26822756069
26831392559
26847195059
26860369139
26863954721
26890729199
26892694019
26901685631
26902604819
26904222649
26912234369
26917719079
26930603039
26934933299
26989377799
27004473299
27011805239
27019083149
27022581539
27092216699
27116424479
27122912459
27124010939
27136229129
27142567979
27156951919
27158601599
27159530579
27164261039
27200565419
27218414159
27220792661
27224999999
27237243179
27241397819
27261210701
27264015239
27272293019
27272781769
27291186311
27292113809
27293707979
27306075239
27344484439
27347434651
27369612401
27371965301
27387475799
27408688999
27410972279
27412949339
27415163411
27451840439
27465541559
27521973289
27527332139
27538822079
27545151479
27565637399
27572978959
27585326501
27621154889
27622853719
27662504561
27675842599
27681442879
27682378679
27690963299
27706517981
27727938911
27778994339
27779151409
27802227599
27835566839
27838483199
27838599359
27871334929
27875054399
27885575639
27888796151
27899254811
27909692831
27931522919
27946573199
27973105351
27992636099
27994631699
28046575451
28058042879
28074761801
28105775741
28123500029
28137945079
28164527159
28169414489
28176629099
28204833539
28267767779
28296931759
28330545319
28335896549
28340924159
28348749599
28361213159
28401334849
28422363311
28430259461
28472515109
28491651439
28513116719
28554055919
28562468351
28564316171
28566355799
28575519139
28583833319
28599181979
28645527689
28669262399
28699654939
28700736819
28709950499
28738819091
28748190899
28778885519
28786506979
28818076319
28819798391
28820692619
28824116579
28848049511
28848785221
28854991499
28863329459
28888294439
28893074891
28900767989
28933010999
28934009999
28943521441
28953684479
28988281349
28998119809
29001531329
29029773959
29076800891
29121846749
29125652519
29138592251
29158337249
29159837999
29159981999
29166926249
29210973119
29223356159
29223505951
29249465111
29258979511
29317005299
29318426909
29339397299
29341454239
29349366479
29354216189
29389452101
29399238119
29439195629
29458169999
29463556799
29541100619
29556163829
29563271219
29564996759
29568659119
29595286421
29615853779
29616511451
29675918999
29682643759
29695941659
29709442439
29711205971
29754125939
29793808589
29795974319
29814330731
29817247349
29836857929
29838975599
29875627919
29883971519
29888618129
29901264119
29914239151
29914653689
29930275019
29930354711
29957930659
29969136539
29994200279
29996154109
30024555019
30031732319
30072042989
30080350649
30085540871
30089057039
30101886359
30106776419
30138680431
30139352319
30141671999
30149624339
30157789199
30162088709
30163969379
30179208359
30189282059
30189851599
30208432379
30213930029
30235446719
30255457391
30261813119
30264681299
30271546139
30285126029
30288956179
30290153651
30294082571
30309678359
30326005529
30335190311
30353142719
30353313871
30355255481
30446201939
30462905359
30474684899
30480707861
30484908719
30492932579
30540826079
30562296071
30619339379
30664992089
30681255719
30697590299
30703713011
30736853209
30740083909
30740664551
30748833191
30752696519
30785613179
30851283119
30855057379
30864977639
30868865999
30870142241
30891890849
30893391759
30921990269
30961915199
30965503999
30989817539
30992312801
31008750299
31020547739
31031126879
31048943659
31077231359
31080929219
31101457199
31102852409
31110281519
31122120119
31138131599
31169902499
31180231529
31239807299
31254888419
31294792079
31300145099
31328734499
31344202199
31359971579
31369021199
31374999749
31379443199
31387593131
31396074599
31420021541
31426373159
31443753599
31444066961
31444175699
31455027239
31502329361
31503676301
31547327849
31554860039
31557917159
31582203971
31588930421
31619742019
31637720879
31654815359
31681468099
31682383739
31689970799
31699613719
31708687471
31715596439
31725557639
31747982309
31789905971
31825341719
31830376619
31840833599
31846745081
31871033039
31896688199
31927046521
31997291311
32011733519
32023245809
32043419879
32045717749
32054655551
32067858419
32115238451
32146586999
32146794959
32148918899
32176465439
32212901339
32222852801
32230174799
32243277109
32244397271
32281210639
32320776949
32329032059
32334962669
32335232399
32346644219
32361065519
32365883159
32384729999
32390342459
32390457569
32404590161
32455453211
32462861399
32464832399
32468537009
32502428279
32536953791
32573250359
32573511679
32582049119
32608398899
32651064709
32670562499
32675776979
32721608519
32722727399
32746889191
32802439039
32833071899
32836571639
32876762099
32878049129
32886374399
32888082569
32890248719
32899115129
32899725259
32900525279
32946634601
32950093511
32961693389
32972991599
33032804699
33033799889
33050333549
33066390559
33086337419
33106662539
33108343379
33110533061
33151966259
33171336899
33178964459
33187807859
33200676629
33220273421
33225724979
33245114239
33247875599
33258863051
33293354579
33343819679
33379423109
33379777199
33417357431
33425102759
33437693519
33441558979
33466541959
33466700389
33510132379
33510963599
33540370499
33550000399
33575351039
33582082379
33582849959
33585969899
33639600899
33669746221
33672767659
33688257209
33697248209
33710336659
33712828379
33729415399
33731151299
33736902701
33737575409
33743993219
33749117609
33756939889
33775578479
33800704559
33803517379
33805715579
33811065989
33873970129
33882276679
33890317859
33909222409
33951559039
33969287879
33986104991
33997758419
34003099199
34076292329
34082419139
34089045479
34094217299
34095622499
34096508819
34115844671
34123038179
34123908979
34134561421
34153750451
34186352789
34191350549
34196182019
34202321639
34205199599
34215482699
34232124709
34238127299
34253803499
34267651879
34324339111
34337027789
34339290719
34343094239
34354058111
34411015799
34418012579
34431249929
34439778071
34456441039
34489248221
34493682761
34499077799
34502305319
34502371991
34505087369
34541452651
34550482259
34558562131
34565316239
34603689299
34637707631
34649133569
34673833079
34684975439
34717733539
34768820039
34788875659
34800677669
34812237179
34818283939
34820943119
34840364719
34878323999
34920779849
34936503029
34945594199
34992774151
35006447699
35014118339
35022590129
35029789211
35031853859
35034464789
35058632699
35089484849
35093642819
35095834799
35145000899
35169934799
35172961079
35179669439
35189323399
35210771119
35211972599
35213139509
35223078599
35240270519
35276458391
35295410599
35309297519
35314944029
35330269109
35345174789
35354295071
35362551839
35381728619
35465387759
35466651359
35508981059
35522459279
35548311479
35593821899
35604897389
35617137599
35630054459
35643461039
35644436099
35698323599
35706645449
35718849809
35744865311
35752119479
35773565099
35788137599
35818663999
35845513199
35879936399
35924464999
35926775999
35936384879
35961497569
35963215819
36005261249
36014245019
36019835279
36050286869
36051107149
36070840889
36092098799
36107507911
36128237711
36158879231
36162632141
36162853999
36163700999
36168867299
36171190061
36178057579
36222001199
36223351499
36235258919
36246264251
36311610919
36318294319
36342421529
36392280791
36397528859
36405493739
36444113999
36449864999
36465407999
36491997089
36518909429
36523887119
36531180149
36546316759
36552827429
36560002859
36576562499
36577841159
36598050499
36647454941
36657218789
36658364599
36659913569
36681812231
36705358099
36731944619
36760757899
36791162039
36795198449
36799124039
36842638739
36851901221
36865091519
36902296859
36913181759
36921199391
36927266639
36929448539
36979108289
36981502751
37004104169
37023186479
37051021169
37063978979
37069792951
37092998009
37096657919
37105094879
37107218399
37107581939
37136974729
37138455899
37166492159
37175338331
37188235559
37188944699
37201307399
37201854149
37213008839
37243390661
37264953191
37293499781
37340915471
37364426171
37395576259
37398856991
37451828861
37456473599
37461456059
37496414411
37519700399
37525598081
37564214549
37568739779
37573218869
37574311259
37596898151
37619101799
37619611721
37636264819
37646403731
37647952751
37650250199
37678830559
37721414499
37724687771
37724688539
37753260719
37769813519
37774054399
37784389999
37800263489
37857921539
37870248959
37951922339
38021822159
38033686079
38043429731
38069603459
38071547639
38076498179
38110221239
38117925449
38121610409
38151886391
38161312279
38170511441
38182349281
38187562979
38228448809
38245778479
38278610999
38292864569
38318141651
38326561811
38340078809
38342217759
38346289409
38395416959
38415441551
38436247139
38444092649
38453138291
38461561939
38472588491
38489057639
38521354541
38542123619
38549139439
38557271899
38563913699
38570838431
38577263999
38587668569
38629783609
38636479979
38651891281
38719008899
38731365451
38764477439
38801164799
38811114059
38828203091
38834170451
38840388749
38857575689
38864749559
38886887759
38892736481
38920360499
38929979051
39007718329
39022024271
39026529299
39031039249
39051164231
39054525371
39062096639
39081230099
39095005319
39130859129
39133202249
39149153119
39156351779
39160895999
39192120899
39208596839
39229265459
39239119859
39289511039
39290531279
39293996279
39393452159
39428314001
39436816589
39436824839
39440346821
39498626579
39552704129
39594770599
39643486741
39668079329
39687445979
39692379589
39749840909
39757210039
39762830519
39785214991
39800249999
39830152361
39831982819
39832445099
39842418839
39847844969
39851625521
39853234871
39912861899
39951244211
39977875079
40007204299
40012592619
40030221559
40045500191
40093860221
40123867499
40127023619
40131974609
40135815089
40137291479
40149341849
40165270361
40165419419
40173418739
40191936959
40199703629
40206315311
40210084319
40218661079
40250828879
40275231329
40275619019
40351363961
40355768639
40355955539
40409675429
40423787909
40434496691
40467361499
40488167831
40514376839
40519698239
40521388049
40540938371
40544271179
40545220169
40555294121
40555906159
40556801609
40562368919
40582102499
40591403159
40603898701
40604084039
40618150159
40663701539
40679261431
40681591631
40683442351
40719587999
40735195469
40744532681
40791988439
40837417499
40839808589
40870474111
40871818439
40879197659
40898050619
40921244099
40925845661
40928250089
40944377599
40986895879
41038846991
41072935819
41094356099
41095815359
41098326389
41126633129
41134598119
41145415559
41172736499
41182348639
41183848999
41211584959
41213348549
41232442019
41237073331
41242921999
41251770059
41252116229
41281597349
41297190479
41327789579
41379044519
41383764899
41403998609
41428971869
41431955531
41467272701
41479056299
41493746849
41588577809
41603760899
41616149639
41637823919
41641181579
41646037679
41668215539
41680512011
41749476719
41779306139
41779631249
41800311299
41802562619
41841251759
41861491879
41898032549
41926431689
41930144759
41944407359
41951738429
41967820439
41973479399
41987355299
42044559479
42074454271
42092436299
42092484839
42093813439
42096994259
42135947549
42144467609
42162070399
42185310749
42197384189
42219108791
42239806289
42260563799
42292010879
42294434681
42317529461
42352868249
42367763129
42378030809
42382068679
42385935829
42393925139
42415402499
42431347139
42468782519
42487166699
42507771629
42522273119
42551438399
42561408719
42584598671
42600453439
42607157471
42618061529
42626196689
42652996559
42686284639
42692936719
42698464379
42727036801
42739511539
42762307069
42767186279
42777478619
42784130069
42788148479
42789528319
42790493591
42808362299
42811748099
42916699799
42964151039
42970408619
42985728899
42996530771
43041926699
43047950399
43105030919
43122789449
43157470469
43185081791
43202940049
43204713551
43206360731
43222721849
43262024021
43278439961
43278920099
43281993869
43308286559
43322869439
43329595151
43343215199
43347604019
43422397649
43432085399
43438167359
43463400839
43476657379
43509788099
43510595939
43510789331
43520933849
43522617329
43601060381
43608739871
43635032099
43705054879
43715367959
43751589559
43803309131
43810556399
43814095471
43815600239
43815956999
43848674099
43917522329
43917805031
43923776399
43935413339
43972295639
44026631479
44037844729
44123993759
44127093779
44145243251
44155455119
44169458759
44183091479
44190520219
44216854349
44260346591
44268681131
44306216639
44324040599
44326775789
44338895759
44360270519
44385534491
44436960959
44449380431
44461470899
44472118319
44517027899
44518373041
44560607809
44621977399
44627341919
44633886131
44644716511
44659564319
44696239349
44727659939
44751888719
44757413711
44759180239
44759510531
44773838999
44806899899
44832242839
44858731129
44876980019
44908280831
44923382639
44945035199
44995354031
45049363529
45077132699
45078243389
45092673779
45107124749
45107734319
45129872141
45132247019
45143964959
45148772759
45165069179
45174951359
45187193771
45195625529
45205244531
45236395819
45268935379
45326209499
45330078779
45334248119
45353340899
45354909599
45370249541
45419381531
45419566079
45424750559
45448196639
45453690479
45471262379
45488022131
45522489599
45544215611
45545983541
45557771951
45562055219
45563105729
45595750481
45602352329
45603691999
45641932229
45686750339
45687019811
45722942999
45734142341
45752057119
45760839461
45763156889
45777176909
45790704959
45807919559
45821491349
45927485999
45968753609
45980780999
45990743969
45993421601
46005833609
46039106951
46050409259
46061422469
46109022959
46187477159
46229201999
46318874429
46349934091
46366449359
46373996059
46386498311
46407106019
46407822911
46423011599
46639873391
46655967269
46674003419
46676414231
46717337699
46719209021
46726345271
46730983469
46780946999
46842029291
46862910359
46889964449
46898971979
46946034911
46967377799
46983232529
47003250761
47026213079
47033825159
47033898799
47089048169
47089995959
47153398499
47216873309
47235337379
47249169299
47257784699
47258029279
47274053969
47307444599
47332353599
47338006811
47353539449
47358596429
47364018799
47392074419
47404505749
47496395071
47515280399
47525419199
47627346199
47636886779
47637035669
47638170059
47641516859
47642319119
47691272999
47714701579
47722438499
47724771599
47737010999
47740654499
47764102499
47787144719
47814534179
47820149999
47857745909
47875320041
47897683259
47901560639
47946744509
47947860899
47957423149
47989252979
47997470429
48020786939
48023491049
48055495379
48076637839
48103810999
48107899751
48108554699
48169059959
48179351879
48213193571
48265569029
48266884511
48270612239
48280101011
48295158389
48298164599
48315208439
48417896519
48436580359
48455245859
48477855329
48505626199
48506220629
48522778541
48526410589
48537722749
48548321279
48571291211
48574888039
48584392559
48592507699
48596209199
48599909999
48624694799
48668405759
48690492031
48703554899
48765273899
48766589639
48786973919
48805315019
48823696319
48826599359
48826974389
48837539879
48871944899
48880544789
48903189899
48925637219
48935328779
48949239401
48979571579
48994190171
49040332199
49060555879
49089048599
49095590039
49097703509
49102861919
49122605699
49143389951
49152050639
49159564841
49175580479
49203306179
49204664759
49227532199
49234576271
49242908399
49245863729
49260484139
49264261859
49272333839
49274700479
49288169839
49290931871
49371163799
49392258059
49453709759
49456273679
49469812991
49506171719
49561829171
49570296599
49579935989
49583919311
49598483489
49617673769
49629570439
49630602899
49643232029
49663348181
49694223199
49697015639
49707687149
49715418451
49725075581
49732499039
49764154049
49776924671
49783003139
49806712199
49841096759
49851400349
49871208419
49871682431
49884329699
49893838019
49905809099
49925433599
49925484419
49937312879
49997095679
50019343079
50034826381
50061098999
50063127689
50199971369
50246013401
50247897389
50252226319
50265979919
50301181979
50348393209
50413249079
50501651999
50526470711
50534784959
50546871451
50549439779
50562339389
50569791299
50596585229
50607300659
50634007199
50675987669
50676916219
50815008731
50853548069
50889425189
50895021599
50923273259
50927556899
50986305281
51004505159
51008339699
51032297549
51095190169
51095287151
51114822839
51119268199
51142317631
51173622359
51212576309
51212640779
51222991199
51247904399
51269179519
51302812859
51368651179
51384786139
51454476401
51527936039
51529809829
51563876809
51693407219
51710328179
51715196719
51718264919
51730901459
51743391149
51745069679
51750195839
51767288891
51779139719
51779374319
51827526299
51844471769
51861717599
51866933471
51920103479
51932392199
51954830069
51968320949
52004189019
52012631479
52022638079
52027557119
52035394349
52087064149
52105153099
52137748259
52184797139
52212311999
52222564811
52252197659
52254455579
52262550689
52263769319
52299945289
52336970291
52362940199
52428520241
52466866451
52473582989
52486542569
52560952079
52572630179
52579404491
52606146389
52669819249
52674526199
52701740459
52731524999
52735815151
52744821391
52765638631
52780167449
52832912719
52852145471
52867952999
52947217049
53007119171
53027423819
53042696099
53077906559
53090703179
53106184319
53111326729
53188208279
53213489759
53286162971
53288606069
53295920999
53309316761
53346400799
53381776559
53453279879
53454942809
53555023549
53572014539
53582990399
53594540999
53621738939
53648277071
53666703089
53672263091
53711191169
53717027099
53720989139
53744903159
53768617879
53781855419
53791554599
53796033269
53807585999
53823943529
53827278839
53886235479
53982794319
54006481871
54029066909
54029367599
54046664699
54063938011
54093810689
54118751959
54144086849
54263166059
54265695131
54335329799
54398193209
54405891959
54409087121
54446865119
54447122069
54453019781
54454547699
54487214039
54530967679
54537816899
54586729259
54622273999
54674224879
54693890621
54719303521
54722932991
54727923599
54738142079
54814359539
54840188831
54955889839
54964340801
54969290111
54985309039
55026856301
55032432479
55046130479
55082075509
55121296229
55125446819
55136377631
55138416059
55156023359
55182176521
55194655319
55202496199
55217672999
55247246921
55260149059
55280539229
55296628199
55313784959
55324518479
55381475519
55392799769
55395868799
55402371611
55406614691
55437997481
55445936699
55509490079
55509620609
55536742099
55544414369
55562487749
55604621939
55612605239
55616222339
55621642919
55632799291
55659465749
55663552429
55665849509
55668414409
55671338039
55694870279
55698436919
55783597439
55791637439
55796868269
55800675899
55841025239
55873650419
55873967939
55896818249
55897022999
55913639399
55919873099
55945083179
55952000639
55983870919
55988249099
56008580189
56032296179
56063463119
56072406319
56092126859
56119490431
56199295259
56200107599
56204866871
56280437459
56354127059
56373092719
56376554219
56384320061
56402666599
56477831279
56497440149
56521413131
56544221411
56561955509
56605810799
56608899059
56617639259
56618893781
56648924219
56667167699
56673886499
56676015521
56679133751
56751856979
56775310079
56808343679
56851751399
56916087101
56938112449
56991317291
57009948599
57037316759
57042993149
57053887109
57082766399
57095904839
57106959989
57114281951
57129056711
57137244119
57156804821
57165193819
57167808179
57184378019
57227656679
57231766219
57263638319
57265979231
57272506829
57309993929
57312960329
57339205921
57411524939
57481454431
57493611199
57510685319
57513791719
57523172219
57525653089
57545123099
57547147139
57553289471
57558064871
57559753079
57559936169
57563098361
57602551109
57606449669
57629602799
57691944599
57700496879
57721159439
57741535571
57741758099
57753939179
57778901909
57793266439
57867849899
57895834319
57899130059
57949101029
57963144959
57998900819
58004009699
58005235859
58040944919
58047839249
58074958199
58091001929
58105479599
58143403889
58154892239
58155647219
58159615721
58183590761
58204597439
58204693091
58213748599
58223879999
58228398161
58244084161
58321090799
58326322739
58333618199
58379048669
58395598271
58405246199
58466333249
58473314239
58485013649
58523645909
58554320399
58569356999
58587192119
58601152889
58625554679
58682518901
58683373919
58722537371
58750677899
58752704399
58753590139
58767216199
58807492259
58815586619
58849356329
58858288661
58894698899
58905304229
58910566679
58917545891
58937910769
58970193599
58972844069
59003645639
59095581299
59105876759
59106422699
59132057459
59133616151
59181932819
59184169199
59230556269
59253661529
59330109439
59333246279
59336295371
59340046499
59377197431
59428322729
59453436059
59536308479
59562362939
59574443609
59624531999
59645461859
59668283999
59678387939
59694772271
59704356851
59710631951
59721584399
59735768039
59796772559
59890745099
59923324511
59925051481
59933446439
59956419599
59993475359
59997327359
60045520499
60080260211
60085407689
60096813419
60104209439
60130856729
60154947029
60167100131
60176338459
60257147389
60261560459
60338940569
60343704899
60355625399
60397322239
60432608519
60437413319
60442222499
60451577549
60457144019
60458742269
60462823571
60471693299
60492620339
60504137699
60508970189
60576945799
60588400079
60614737739
60637338719
60648585199
60654866299
60664310279
60704705879
60707375059
60742969559
60760369949
60813391451
60841816879
60880369871
60912423419
60913805759
60915176099
60917877791
60934007639
60960484259
60997858721
61067325479
61102352849
61126010549
61167323111
61238802491
61249542259
61271100899
61330522499
61334228339
61348845451
61400579399
61403588891
61413937199
61421114879
61482795779
61516613201
61521424339
61525808399
61550960459
61579865951
61583964889
61595566199
61649289701
61661676929
61712026499
61721108591
61725057839
61740804299
61762687799
61764999251
61777036999
61779712301
61781129519
61821799129
61874760089
61917253199
61937510179
61960393279
61994650661
61996022789
61996054319
62018571749
62043212681
62055881999
62059133399
62075267279
62093056199
62100112211
62105013911
62118433579
62129976479
62155925999
62173372819
62192753531
62194744861
62212577429
62232686261
62234647019
62235287099
62257426199
62275690619
62286322019
62311651139
62339438159
62342194659
62351753909
62368232789
62371654799
62379795659
62384335199
62411887649
62475679349
62484955649
62485693199
62514825239
62518948799
62530447979
62534671471
62536345379
62600435519
62630442989
62702634851
62707783739
62719817939
62734353569
62748479639
62779373999
62791842299
62798731109
62827909759
62854177349
62863510319
62867714111
62870547599
62907035561
62928925229
62944738559
62948760911
62988821899
63007441349
63040601381
63043423871
63086071619
63107068049
63123861881
63160108829
63217044899
63293791571
63314462059
63318067199
63345040079
63345114659
63409257269
63417434299
63425724119
63473763599
63478186559
63503439449
63576126161
63583026569
63604782779
63606016601
63612156079
63667809109
63675238031
63724678499
63732394039
63765185509
63795585299
63810387419
63817454959
63826106969
63848824829
63900750899
63908666369
63910416959
63924755579
63969812939
63976254659
63987547271
63992060609
64020399299
64055940101
64078541939
64113027659
64114840679
64153440899
64171972349
64200103351
64211797619
64222886699
64243619411
64246737239
64293053939
64324399801
64335631469
64406220059
64422108299
64438426331
64463657579
64483636471
64492385939
64507434319
64513894859
64544807879
64611317549
64628207099
64659754051
64694473799
64722660419
64726478639
64785166631
64826808899
64835081921
64848556319
64849791731
64928719799
64932405059
64941808859
64957967909
64980704249
65000281639
65006881631
65012057879
65021340119
65055221009
65077136279
65088102631
65095102799
65111348609
65153460689
65165453261
65200200799
65203338059
65210552789
65212519481
65268764999
65285669789
65294175491
65405348639
65411886149
65440465379
65454105599
65481027319
65488342499
65520405859
65536183439
65539155179
65540773079
65546843699
65613134291
65616431159
65659617209
65659763989
65664991111
65682214931
65729737589
65739561299
65742959039
65774238821
65869665119
65879334889
65880535499
65880930149
65901896939
65962749719
65973612739
65977744559
65997609999
66019570049
66042681329
66056477759
66058673459
66097326959
66109933861
66119868431
66129934649
66132959699
66135454559
66142197799
66142335221
66155569451
66182628119
66227752039
66345131159
66391885559
66409738399
66442102789
66472289201
66501707579
66516370111
66545038349
66559984739
66604450931
66629758859
66677220521
66681312641
66704078339
66721474031
66737659949
66740264499
66746578469
66768105221
66801051199
66830709599
66943227889
66979122209
66987714779
67036644359
67038104519
67063530239
67109093039
67109622551
67159310789
67303938041
67327405361
67347730159
67351689341
67389967511
67405889519
67479410699
67483703699
67505887679
67569256999
67572818879
67573469599
67611382019
67623536159
67627432781
67651030879
67700458379
67733866511
67744165241
67780526351
67789133959
67815966149
67844728979
67905473159
67911512789
67915530209
67960476359
68005187039
68007584399
68014275839
68025663749
68096062439
68128154639
68133221291
68145428959
68151255119
68167099051
68202995909
68237888819
68238125051
68246729459
68263848839
68289678979
68360378351
68426339771
68444637299
68468308679
68480365069
68489123009
68509989539
68593859429
68679470159
68738392939
68763452999
68776419889
68825465279
68827522499
68855061071
68871597799
68873762579
68909936759
68920594079
68955718831
68963223419
68973191839
68975273959
68975537369
68985022499
69025607891
69043470539
69084577379
69100679339
69134166089
69154007999
69161596631
69185214029
69233844689
69294597089
69298742159
69302235419
69315460339
69383188319
69412660519
69420975059
69426980099
69489508769
69530976679
69557908349
69565685639
69568593119
69569815349
69600992399
69615410651
69640259669
69645861179
69671488919
69676785911
69707728859
69711840899
69714476999
69731849879
69756563861
69777444041
69819663539
69860421599
69932277559
69937372619
69962287919
69968317481
69969606569
69980030711
70013159999
70058980889
70076821979
70092675041
70094882899
70141878899
70162997071
70165016899
70191126079
70203801599
70222341419
70293533591
70310906651
70316043071
70330193191
70348317059
70363157591
70372443161
70373881499
70396090159
70400629319
70437055259
70494038171
70504938839
70509325049
70510714871
70519909799
70535764991
70632566729
70670134589
70691049269
70695653279
70707531119
70745570279
70757233559
70788403519
70789457129
70797376649
70814903779
70838288399
70866299951
70886419391
70923705599
70923812381
70933390439
70938103979
70964199281
70972969399
71030971859
71034154739
71052500969
71129290049
71147764799
71151841109
71164251479
71187041039
71217295199
71275588019
71282021549
71329116011
71342480719
71352323129
71406646639
71459817659
71461408111
71462413259
71497412099
71514110879
71554826139
71632828259
71635046939
71637467831
71639971199
71659232399
71673584399
71722329209
71745150749
71787668759
71847299399
71851486589
71879522719
71916606449
72039411779
72056711159
72108360899
72139804559
72159680471
72164049151
72225621851
72228202199
72256315559
72269858341
72334988441
72349294051
72361875629
72369490199
72413504099
72413934389
72417131849
72439911851
72447169199
72479408399
72506033609
72527817959
72528238001
72536791529
72633768799
72700244579
72703332799
72721553519
72764702831
72773783501
72786195029
72802427669
72806727179
72835680499
72842096501
72847520591
72852394999
72973498049
73031637139
73046011739
73060779329
73091952119
73134148891
73162178699
73171736639
73176771011
73204472249
73254030431
73255896911
73297148291
73299786611
73312438709
73343034671
73346092049
73406789999
73419264071
73438425521
73460683771
73516229399
73562865011
73595771339
73613442491
73627242809
73646933359
73679839799
73690286171
73690802239
73692102791
73709183459
73711373999
73711525999
73716836099
73788859979
73842312851
73848424831
73855740251
73890804679
73904744339
73918076759
73938010409
73948460431
73989440099
74006229989
74013795899
74031471611
74065756211
74095725659
74101307851
74131280189
74131391039
74144547599
74169295199
74181033611
74198957699
74235076889
74263735919
74304932249
74312728279
74333729159
74338525379
74423663791
74467155359
74500717139
74523821399
74547640759
74601158111
74650977629
74676492899
74682717409
74688153119
74696523719
74705723201
74722109069
74736924359
74894602271
74909510591
74912395601
74935930439
74987888999
75014974439
75021209999
75055108949
75061757159
75106728971
75114352811
75148085039
75172898639
75207806519
75243487439
75281991329
75303722339
75307723039
75343603019
75383787659
75414624599
75444091601
75444606971
75448513529
75458160959
75477990899
75481230439
75481655489
75501438011
75508702961
75522874019
75573996101
75574499909
75578440499
75586085189
75601195039
75614530319
75646691129
75646927271
75652671569
75666547529
75677168999
75749179399
75768356239
75774452879
75778996859
75816289779
75824955659
75847104629
75865579679
75914553679
75944336399
75944904839
75957978221
75967322339
76067355989
76096118951
76102091381
76139156789
76142883599
76150367999
76246205531
76286572889
76349774159
76355185349
76380461471
76394507249
76487039479
76503268379
76558677929
76584563639
76595218709
76607168399
76614960659
76618027919
76641291121
76647445181
76683772829
76744866299
76760631091
76814893121
76818881159
76834309859
76857524719
76886000729
76894928879
76897054579
76942866911
77037450689
77192921651
77222852099
77231440999
77359217291
77381583299
77396031959
77416941029
77454508559
77491282259
77500548971
77532878669
77536612031
77582800979
77591315999
77623532099
77635321199
77643583879
77680241911
77685985529
77725013279
77833669871
77837265419
77855683099
77938446221
78010411979
78034513379
78050621179
78057021899
78060172049
78084481799
78085479779
78085856249
78117485291
78224165879
78277821499
78300598559
78309463231
78320774249
78331140911
78361917199
78387876839
78430360301
78485945819
78498445211
78567687659
78575295059
78584460371
78629768099
78658583849
78662123711
78709943129
78723772289
78736266359
78750374999
78763351379
78770409811
78812533799
78833888531
78849061199
78872131391
78882395831
78925888439
78939566159
79010071559
79016788349
79028420651
79101444239
79169964239
79182784771
79234372799
79326361519
79339130399
79341791489
79378177499
79391468099
79435444499
79436791919
79463012999
79510145399
79514362519
79531382839
79543734521
79618061009
79658664959
79659417599
79665970019
79725315359
79741315189
79750119329
79776356519
79804037879
79821646991
79822684379
79829357999
79835745989
79868021489
79888359379
79914120571
79948346131
80003618099
80065676599
80085673979
80112400919
80161631549
80188540249
80215300829
80216486459
80243450891
80252287259
80262997901
80272431539
80290062449
80331039359
80338402169
80362898879
80374319999
80386265129
80408606849
80424377279
80510151941
80514695689
80518580999
80525412899
80554897799
80557917679
80562449141
80576925389
80608452539
80612271479
80630268671
80636049251
80639731871
80704436399
80736667901
80752011479
80781023879
80781878351
80859712991
80862040219
80884544999
80901183379
80907249959
80952123851
80959120241
80968926719
81014349499
81051107411
81088684739
81142513451
81145543499
81220152529
81249525559
81251977769
81286144001
81293414399
81296200061
81305488879
81337875401
81343227419
81356721151
81381790591
81417845099
81432994421
81491550821
81519814529
81533479019
81546011999
81562949999
81611943449
81614703629
81654005339
81668477771
81671857349
81681975899
81713423999
81713963629
81734080679
81763475639
81812243069
81828059599
81845404451
81866439719
81956280359
81976556969
82006222619
82035008831
82037539919
82039321919
82047109759
82058633999
82075489589
82077412199
82188570239
82189676249
82190862389
82223310959
82250291989
82330403021
82362996179
82377202049
82386650499
82399412159
82465795411
82470719399
82485376469
82531833719
82571602931
82582529399
82625260031
82640617259
82664146949
82735384499
82750022009
82820229599
82829157709
82829790119
82874126719
82912601099
82916786231
82927953539
82946046779
82958117299
83041226729
83054462219
83074687819
83103484589
83138081399
83152892159
83177976689
83181344999
83192962129
83224343879
83279011199
83299918151
83356701031
83367152681
83427277319
83427477299
83584592099
83610624271
83624345279
83676686279
83737211039
83833715951
83863682459
83879869889
83893048409
83897895479
83902669619
83909039939
83914508159
83937514499
83947015391
83957980199
84018893039
84029039669
84034722251
84140580299
84144378499
84167721959
84168083159
84173096279
84192331499
84192955489
84279671519
84349744469
84372128411
84429326771
84454129619
84461906479
84521671499
84535094621
84541431991
84549347999
84610325951
84612988799
84709055339
84723227231
84742910839
84832764839
84845376431
84869235989
84888686819
84943891871
85008788591
85037650829
85053165311
85151860529
85205609999
85216978811
85317519779
85354614659
85395555299
85401441341
85468725611
85529682809
85570583669
85580045459
85611066631
85625786231
85644987551
85655926271
85682755391
85694708951
85698351899
85702351589
85764418739
85767442039
85818624539
85846314149
85868560091
85886680739
85898312281
85923997669
85951258271
86095748309
86105126249
86111582171
86126496119
86128808879
86141934611
86240238569
86255526839
86289879479
86319884531
86336275409
86339267279
86411998199
86434683479
86454826779
86506224419
86508288899
86521420439
86540748821
86562011339
86567516899
86628076919
86633970659
86683578029
86719674029
86762693159
86770151999
86844240419
86887475359
86911872809
86954716799
87019100099
87073661699
87093099299
87101153999
87155872019
87171054599
87184649099
87185324231
87196841549
87233260319
87305370179
87322975079
87333500519
87418946579
87430536191
87448723181
87514244999
87517364899
87539531099
87542468999
87544041731
87612770699
87636213839
87714760559
87744619439
87748153529
87759506299
87764062499
87781393979
87831527111
87831601589
87923345299
87954246599
87959696399
87961058639
87968185919
87973487909
88058714729
88152475391
88211586509
88217432239
88237693249
88243895459
88283067539
88433464289
88483791829
88508271559
88536530399
88584663451
88667611031
88672134319
88696852061
88774603019
88783019729
88950171179
88950588479
88972640959
89030922119
89063943539
89074317749
89099190179
89133995789
89143292531
89164757239
89203316071
89208945919
89209742399
89265002111
89282475329
89304595199
89351629091
89352045449
89378838919
89392647959
89442293219
89443203359
89479453559
89523951029
89713882829
89721763711
89722079999
89791999079
89793767669
89837696261
89872675199
89979201199
90015418589
90016187099
90031202099
90049956929
90090022499
90091422959
90092378039
90100377971
90118443491
90140016191
90180089999
90193756799
90195305839
90216929879
90225880931
90363863879
90374241719
90383904629
90408499271
90422603189
90472215679
90484154039
90484571519
90492563699
90571206431
90594140699
90620095079
90651209039
90667936529
90683827259
90700682209
90737322941
90809550479
90864063359
90867232091
90901870919
90907709479
90916319339
90932000431
90949998599
91003000859
91019164469
91061059049
91089079639
91114558201
91166289941
91173195359
91191972299
91197446129
91209126959
91223086679
91245860159
91249554659
91251674999
91256636519
91286531519
91315153439
91371446489
91394854979
91409149649
91426172009
91433332979
91441732451
91455130799
91493546759
91498756319
91571526191
91575070031
91643241479
91650339551
91667129399
91677940709
91690808299
91707805799
91708038419
91718517659
91719774359
91736364169
91767179459
91790820899
91804326191
91894577459
91921293329
91934505599
92012273891
92097521609
92167118009
92209490099
92214660899
92219878379
92307128399
92343506399
92381985551
92414024009
92520119999
92553218999
92564506889
92566389131
92570654339
92597063159
92656754189
92697988571
92727975539
92748897359
92772214919
92773536239
92779867079
92784958991
92845807739
92854031489
92862194149
92881584119
92906529239
92984680639
92985698999
93042476279
93046964149
93061892299
93064444199
93065598251
93070434599
93104911759
93108974531
93139408099
93147326099
93160817639
93163235339
93163434011
93170106479
93174713519
93210555601
93217401881
93259951259
93266960219
93330036869
93336052151
93355013699
93426870419
93448345769
93484060799
93494176739
93546566879
93562591699
93567721399
93583231109
93610346969
93620842559
93653402039
93679625719
93683159959
93789615979
93794729759
93806804411
93815749169
93838068899
93883327859
93898765459
94018175159
94055535881
94080224699
94093584199
94097476199
94107752759
94144446491
94148181269
94209797879
94222227689
94224805001
94240902839
94260819869
94300319189
94343195339
94352070599
94390638439
94395793799
94422995729
94480304249
94540139959
94548698719
94571471861
94589062679
94596003599
94641213209
94762181999
94777317809
94822467479
94846474799
94872849749
94888020281
94913650831
94989476009
94995955049
95000030729
95047115099
95053175249
95250779441
95273927891
95274813059
95301557539
95352603839
95368739619
95388322499
95470487699
95482738651
95484942869
95570476451
95587106999
95592273839
95619239759
95665092889
95693969299
95762551751
95815011599
95834644319
95911269299
95920076069
95936522219
95976840959
96004391111
96138388319
96154864639
96156000359
96227330779
96242652899
96243383039
96256660259
96269415401
96290527429
96371497529
96412840159
96455127719
96476863751
96557625779
96640586969
96644086391
96693323039
96723021509
96727958879
96735398549
96765683669
96817820819
96850305089
96855145631
96876889691
96879830651
96886985999
96903882839
96934164599
96987604739
96997358429
97119022139
97143059231
97148517899
97162412759
97178474639
97240397099
97241458411
97253000261
97284587399
97302162599
97418426219
97475084099
97484968559
97531758449
97548672119
97593967631
97611071879
97619768201
97667621039
97734826139
97755806609
97759586399
97804657439
97816213559
97841657909
97857821099
97879769591
97883434739
97943022911
97982430251
98023836569
98027842219
98046768899
98084635711
98118249491
98153490371
98157709439
98205511879
98320343939
98369808659
98396658359
98431950959
98432787599
98435581249
98513785379
98549446319
98596198979
98613113741
98796775999
98841633559
98881734431
98913798409
99045958631
99059007959
99076099319
99097361071
99105983129
99142448719
99147782159
99242939879
99265594301
99272773319
99274382279
99277019911
99295938559
99428565529
99429235079
99461407499
99475617779
99511700399
99513646439
99523124819
99545794919
99576001979
99587726279
99588840119
99648293051
99654113579
99654656051
99659526719
99683134259
99684940811
99734026741
99797472179
99797971519
99853946009
99868021439
99887827199
99894354779
99907435319
99969912199
100033906799
100040325251
100110683999
100138235399
100150376759
100187997029
100218639679
100251811799
100252183751
100280108879
100376865539
100394181551
100423550159
100426675949
100441844099
100444629739
100446039301
100469250719
100492147529
100567286639
100578177179
100580839239
100632133799
100633314599
100721192219
100746506299
100785717041
100800724499
100805959799
100851350381
100859955071
100985118389
101035598399
101059383179
101078857909
101084597479
101089855299
101126788199
101134317041
101165106391
101200915591
101222108089
101242669079
101310984179
101348988821
101372041231
101424117551
101449981481
101478817751
101498938631
101513619899
101573434379
101603954339
101632890239
101708517959
101726103599
101771524709
101902653449
102014235779
102060107999
102071608669
102109311319
102115052339
102121967359
102201532619
102217841081
102234527459
102242193899
102243211349
102246344539
102264611279
102281618011
102323182499
102370159499
102406003391
102496035179
102503540759
102540438779
102582449171
102588799211
102603380459
102623028731
102713475419
102747471269
102748717889
102802086599
102810096031
102836380891
102892641101
102892949279
102915634919
102924913139
102967446899
103017407849
103028758559
103076008279
103079747231
103099981879
103162408579
103162446169
103167104981
103174616021
103196289359
103197581231
103232986559
103250500271
103290727649
103307810759
103311320159
103402923749
103407264899
103432004191
103469741339
103549266929
103565055131
103580514179
103585540379
103586845559
103694352299
103723802711
103746992579
103747920869
103758209099
103760194859
103765446119
103872175999
103922632949
103923017641
104022955259
104099370209
104126827529
104141233919
104152533809
104166761929
104172816239
104191757009
104252040281
104277326399
104281799159
104317208909
104324897069
104347243109
104363079281
104395160879
104417736191
104505855479
104533720829
104533980179
104574794309
104594335999
104638386379
104649359231
104784413159
104790648899
104792413571
104799512999
104801797939
104851023479
104872611209
104963057471
105005012111
105039962639
105115919039
105135282979
105164563949
105170489999
105195735269
105218909399
105278314679
105311126519
105319097231
105336837499
105378862909
105502877759
105537655799
105537948389
105548166301
105637942799
105656403499
105670737239
105676110119
105677006399
105677902061
105710234741
105738828929
105739989629
105762548951
105766295051
105772344299
105831696149
105838090511
105851831999
105872632469
105903737741
105992323469
105997615541
106039832191
106043526269
106054937239
106157030699
106166978201
106180780619
106183816199
106201391939
106230767579
106253584849
106378286579
106384851299
106518586019
106552138139
106674092099
106766196359
106770284459
106772288209
106824107849
106859552939
106878734399
106957975199
107017864799
107045535829
107067976751
107108604269
