40309
46979
56279
58519
63881
69509
72389
73919
77219
79799
97019
97439
101919
103739
113849
115439
115639
130139
150079
158399
164699
167969
176399
176471
178949
184781
192509
197801
201871
203699
216659
218129
223901
224369
226529
230691
238999
242079
243629
253259
256409
265481
268349
271991
275099
277399
284171
288919
308699
309959
313499
317249
324899
324911
353219
364229
366799
368351
383921
391169
391859
396899
427349
436409
436589
441599
455519
475799
480689
487199
510479
519689
531439
543449
554651
566579
572669
575279
575819
606761
611399
622169
626639
636199
636999
656011
676499
678869
686279
701999
708749
721279
749699
794611
807971
812239
819839
823439
833111
835999
839159
850859
871859
875879
885119
887879
895439
907061
950821
960859
961999
972311
980099
980699
997919
1009009
1077999
1102499
1125749
1168019
1185029
1217579
1265039
1271819
1273999
1282931
1293731
1308119
1311389
1331441
1402091
1414139
1422319
1470349
1474511
1489049
1501439
1525841
1556729
1584911
1623649
1628549
1660979
1711469
1742399
1777159
1795751
1812281
1812599
1813979
1823471
1825799
1838199
1848839
1912319
1913379
1917299
1924229
1937561
1948319
1981559
2003579
2018839
2031119
2046239
2082359
2131079
2162159
2165129
2208639
2217119
2218049
2230059
2288159
2288411
2357699
2401151
2448179
2461211
2509919
2518889
2559479
2566409
2614259
2624399
2638799
2666711
2667419
2686639
2690759
2721599
2738969
2751839
2782079
2821499
2828699
2881199
2939299
2942081
2952071
2961419
2986631
3061529
3109049
3114341
3115589
3165119
3173939
3179609
3204599
3275141
3313379
3349709
3373649
3410531
3428459
3441269
3498879
3579599
3652349
3684251
3694079
3697649
3700559
3706169
3735521
3776219
3777299
3785699
3802499
3813011
3865319
3879299
3892529
3903791
3904559
3918599
3923369
3959999
4063751
4144139
4218059
4222199
4259789
4309631
4317499
4322399
4368869
4460299
4515029
4534179
4542269
4563719
4573799
4666661
4744739
4825799
4865639
4887079
4888799
4915679
4951781
5025499
5108419
5127359
5133281
5336099
5370031
5373539
5396999
5416091
5450201
5479109
5482031
5502779
5508299
5514479
5526989
5583449
5598879
5638919
5717609
5720219
5733629
5762629
5777351
5809859
5832551
5877199
5879411
6001379
6097391
6101699
6106979
6135749
6189479
6219839
6228599
6247219
6296291
6351799
6481799
6562891
6574679
6608699
6641189
6668099
6691871
6746899
6768719
6784861
6793639
6825179
6828359
6840679
6844811
6854759
6863291
6893531
6929999
6962899
6965639
7017949
7066919
7080919
7160439
7163441
7199399
7241639
7357919
7446779
7452899
7453619
7467179
7469201
7525279
7621499
7621739
7713719
7728911
7756199
7784099
7806569
8001881
8091899
8112899
8221121
8234159
8273929
8295041
8296679
8303359
8361989
8372849
8406131
8437571
8438389
8530559
8555009
8562509
8574551
8581219
8628839
8673391
8711699
8922079
8990279
8999999
9044239
9049319
9114839
9152639
9164891
9195199
9335969
9382519
9464051
9485951
9526859
9587411
9606799
9633779
9788099
9788519
9800981
9827711
9855299
9863369
9965069
9986399
10031471
10032959
10038239
10055369
10061171
10116959
10169711
10184999
10196159
10213279
10265359
10267289
10376519
10402139
10425419
10451099
10508819
10533379
10597621
10648691
10695991
10703879
10767119
10889999
10953539
11001899
11115089
11174759
11289599
11331179
11355629
11381519
11517599
11535299
11629379
11644359
11656439
11680199
11864351
11874239
11923169
11998999
12005279
12124319
12124559
12196799
12204719
12207971
12236531
12246611
12269339
12284999
12358639
12391819
12423319
12471479
12602251
12609449
12700631
12703319
12744899
12823199
13007549
13100119
13215019
13302371
13302431
13319851
13390199
13437899
13565759
13654871
13826231
13880159
14002559
14027299
14116619
14129639
14163119
14204931
14310449
14329979
14402879
14619749
14627339
14663819
14666399
14712879
14715359
14753311
14765801
14785679
14794079
14816549
14936291
15017939
15117929
15149759
15198119
15242099
15349151
15444899
15526289
15547139
15563591
15752249
15754499
15784691
15879779
15901979
15964019
15971759
15996119
16333349
16402499
16431479
16443839
16457219
16555871
16637659
16654199
16680299
16708691
16826039
16896749
16945991
17039549
17177519
17246459
17359439
17416739
17549849
17570839
17609309
17644769
17791789
17848511
17943239
18147599
18444971
18544811
18550909
18565679
18655391
18671939
18740819
18815159
19022639
19158749
19207759
19228859
19308449
19332879
19448099
19493891
19507679
19523699
19541059
19672559
19677431
19725439
19906039
20043939
20063679
20069279
20488859
20572031
20673899
20755739
20817719
20839499
20928599
21026879
21261299
21267599
21337469
21351329
21356719
21375899
21468479
21564899
21614921
21667379
21783299
21865199
21949901
22095179
22226819
22228079
22239359
22293179
22389509
22476799
22543289
22582559
22650431
22758851
22930739
22945229
22953659
22987589
23012491
23134471
23168531
23286899
23382199
23473799
23516639
23560679
23626889
23727131
23758739
23769759
23880779
24187949
24192089
24210899
24211309
24312959
24450551
24496499
24735149
24890039
25024999
25063789
25274171
25343639
25406639
25409159
25425791
25587151
25636379
25690279
25866119
25924919
26093689
26140211
26145989
26172439
26449499
26679539
26723519
26787539
26976959
27009611
27013759
27118079
27297139
27377809
27380359
27427679
27491419
27537409
27792239
27806591
27824159
27911449
27913121
28084139
28109339
28116659
28123199
28125929
28181999
28249451
28341011
28469559
28496999
28508591
28523609
28573019
28770299
28774759
28822579
28893311
28911049
28914209
28988399
29011471
29293769
29355451
29450399
29673599
29811599
30202311
30248159
30289799
30343559
30413791
30470399
30513869
30518591
30530499
30580899
30607751
30712879
30728879
30860801
30905879
30913399
31011539
31082669
31128029
31305959
31340759
31486079
31728059
31881169
31894271
32022479
32124119
32129999
32217371
32238139
32343499
32498549
32519831
32528159
32544119
32556719
32607959
32611949
32813999
33053831
33129359
33143669
33146399
33192179
33194699
33385019
33443699
33459719
33460289
33505469
33584921
33593839
33681031
33788309
33807619
34037099
34150979
34278509
34302659
34407659
34497539
34534079
34541279
34574399
34924119
34966751
34967029
35020439
35047619
35106191
35252139
35382031
35389481
35397839
35699819
35993159
36212879
36279539
36290939
36350339
36442349
36504239
36532859
36569231
36692459
36744229
36762659
36803909
37073261
37088099
37132199
37414799
37610621
37618811
37666859
37797191
37802069
37988999
38192699
38775769
38867399
39043499
39077219
39179251
39186179
39242179
39276131
39344359
39438359
39615379
39689999
39698999
39918311
40081519
40082849
40238761
40339391
40449599
40923871
40960919
40988639
41021819
41052101
41206769
41602499
41606879
41728679
41910199
42054641
42175871
42292259
42315839
42348851
42607889
42613199
42670319
42675919
42693419
42886229
43101899
43163639
43164899
43569899
43659839
43909879
44015399
44106299
44146699
44159351
44185931
44257219
44461199
44475199
44554719
44677261
44783759
44788379
44951789
45148319
45180859
45310439
45348671
45478439
45534499
45594779
45717419
45968399
46066859
46075199
46178131
46315499
46559099
46561061
46791299
46819529
47118091
47419679
47660129
47690999
47752319
47787431
47800279
47925851
47996171
48192169
48202559
48309911
48395579
48565439
48614729
48791159
48937559
48973259
49034159
49121099
49274549
49494059
49739689
49743011
49771511
49835171
49850231
50038799
50039639
50137019
50179091
50453519
50571359
50719451
50838839
50846399
50923739
50933959
50977679
51015689
51025391
51155479
51173039
51822119
51858659
52197011
52380719
52407569
52742779
52891019
53004419
53091359
53217359
53222399
53432819
53659241
53890549
53923319
54004319
54022499
54419369
54446279
54475469
54573509
54604859
54652751
54684449
54707239
54740879
54752879
54908099
55049399
55082159
55340879
55435979
55592459
55597739
55649879
55664531
55762079
55874699
55901789
55939099
55990871
56010959
56083859
56132309
56227709
56336279
56446469
56555799
56598749
57017939
57112439
57153599
57173759
57396749
57551009
57628339
57641219
57885101
58045889
58394111
58419269
58420031
58442201
58488359
58530471
58621079
58673999
59256119
59561039
59710391
59767919
60026399
60063959
60068539
60512831
60807779
61154729
61203239
61235999
61288939
61327421
61523339
61630529
61631219
61700099
61723619
62169281
62226499
62280959
62369551
62420159
62646011
62794159
62901299
63033011
63206639
63466199
63526679
63673259
63710219
63850649
63850751
63895859
64031549
64042439
64055549
64247759
64750769
64846781
64931759
64985699
65040191
65191139
65272409
65599799
65718899
65885159
65946869
66130259
66811039
66965579
67015409
67049639
67053989
67091471
67097939
67286719
67385471
67459919
67743829
67970921
68183551
68439149
68551499
68669819
68697299
68968871
69143381
69326459
69404411
69420419
69438599
69553119
69567739
69591199
69843059
69845579
69898949
70014239
70017751
70201599
70234559
70259591
70380911
70419649
70528499
70582399
70739311
70791569
71002181
71205119
71506499
71538151
71601731
71838719
71935919
71958599
71978999
72210209
72250919
72389249
72518039
72524759
72577619
72623291
72628349
72694271
72789469
73038671
73150559
73329299
73331879
73482499
73744439
73770119
73917089
73926719
74346719
74523259
74590559
74869919
74914919
75208979
75285989
75290279
75546599
75562451
75611199
75722261
76032179
76152959
76329539
76739459
77514911
77792399
77804999
77815889
78068759
78619529
79024651
79088879
79169399
79329139
79337939
79373699
79414109
79537391
79584539
79791659
80020511
80073839
80162081
80191799
80284931
80553941
80702159
80770661
80892839
81043199
81559631
81733651
81763499
81966191
82257559
82395779
82535039
82628099
82750859
82998899
83165669
83346899
83403389
83462651
83643391
83745899
84000331
84289799
84347999
84371249
84378419
84654749
84677879
84693839
84698459
84710849
84912101
85027319
85049999
85165859
85263359
85340579
85377599
85393139
85583111
85749299
85863959
86112179
86261759
86461451
86592239
86599379
86961839
87098479
87310439
87324719
87924199
88371359
88486679
88625879
88678799
88717859
88981649
89102159
89430119
89505509
89579111
89692919
90177779
90310079
90311759
90577951
90757799
90983309
91047389
91231271
91328899
91389869
92278559
92380511
92409449
92464129
92530129
92838041
92863159
93132059
93148379
93373811
93439889
93445439
93480659
93578039
93631409
93689399
93747239
93776561
93832451
93929939
93941759
94180949
94378901
94478399
94765691
95040749
95338979
95694479
95989319
96196099
96435359
96810839
97416899
97525289
97588511
97937009
97977599
98006999
98186659
98210239
98416709
98535359
98604899
98606311
98778539
98858199
99258851
99327059
99364319
99695231
99882479
99935009
100055969
100213639
100288451
100450559
100709339
100866251
101097089
101185979
101512151
101657159
101984189
101999659
102250259
102413159
102441079
102655799
102675689
102801509
102819599
102898079
103076159
103092639
103207499
103309529
103322141
103393889
103456019
103523839
103535711
103699959
104038559
104083739
104107121
104380649
104414699
104596579
104681879
104980859
105124031
105137999
105182069
105190259
105303839
105313909
105793379
105860999
105878639
106071839
106115099
106174961
106701299
106765721
106765889
107311931
107391811
107397161
107758529
108011231
108093899
108419471
109034041
109046699
109111391
109145651
109290719
109424171
109428539
109522159
109623049
109717739
109761119
109880429
109984559
110249999
110520331
111177791
111179069
111276479
111381899
111651479
111705299
112192709
112281329
112328369
112637411
112824359
112894451
113259959
113573879
113635349
113664599
113853599
114079139
114171959
114299639
114317141
114418061
114704099
114921239
114940799
115220559
115576831
115755719
115816679
115847549
116045621
116209631
116339999
116426239
117175211
117235799
117441631
117536159
117598139
117939599
117972479
118047039
118150559
118161389
118317761
118455149
118572299
118993949
119082599
119262779
119266289
119277899
119479471
119704199
119716739
120288839
120638699
120748891
120972179
121193029
121398479
121655519
121786979
122047631
122170019
122281739
122532299
122544899
122635259
122939039
123120869
123362399
123423299
123521299
123606719
123802979
123966719
124027199
124062899
124227179
124433679
125094701
126068669
126342299
126358539
126373279
126393889
126397049
126446849
126970859
127389779
127407839
127500659
128061779
128071019
128082551
128228099
128517839
128781839
128825531
129324299
129612839
129677459
129848351
130094159
130135199
130241729
130421311
130666001
130885831
130969019
131159519
131438579
131459959
131511319
131652749
131851631
132175049
132297899
132442199
132488299
132556139
133402499
133469699
133562519
133870579
133911119
134635409
134714999
134800859
134817439
134854411
135069479
135825059
135961411
136770929
136883669
136889999
136907549
136958249
137165951
137741939
137852009
138259799
138279959
138325879
138452819
138548591
138912059
139129199
139373999
139652519
140298101
140506799
140548319
141868589
142091039
142999099
143011679
143115851
143280899
143414039
143863409
144016391
144253199
144603391
144808091
144817919
144842251
145331059
145589399
145635341
145686539
145947479
146349719
146624249
146858291
146869799
147333899
147721769
147954871
148154159
148670719
148876139
149413879
149817599
150089939
150151691
150309431
150641369
150693479
151697899
151737511
152176049
152488699
152751059
153169379
153270779
153370139
153483959
154190189
154343279
154834469
155188599
155237471
155476859
155551199
155783009
156299791
156543239
156552101
156631481
156728879
156931991
157053329
157251599
157270409
157337189
157527131
158144219
158173559
158315219
158691761
158759999
158805569
159100199
159173011
159264071
159570179
159644939
159894839
159939359
160180679
160598591
160721819
160896959
161047319
161559299
161602019
162641159
162898649
162979379
163094399
163119989
164611439
164884859
164936909
164968639
164972639
165173399
165183311
165193181
165241439
165267059
165503099
165640859
165841919
166173809
166328849
166631639
167064911
167387959
167419769
167713151
167801759
168238559
168747149
168813119
168842099
169064279
169325519
169362479
169378379
170026019
170214991
170308631
170745959
170807471
170841439
171420101
171445679
171475919
171517499
171601559
172005119
172151891
172640339
172691819
172763599
173055359
173145419
173484019
174533719
174596339
174802319
175081199
175134779
175248359
175334249
175444499
175848959
175862959
175866179
176267519
176318099
176353589
176534549
176803559
177000361
177036299
177078131
177386879
177580479
177632699
177636671
178082351
178992659
179012679
179044469
179125829
179720239
179779291
179784191
180056381
180183041
180326739
180619919
180633599
180653759
180684239
180817559
181030499
181227479
181295659
181334579
182013659
182453599
182576951
182649809
182805839
183472379
183691219
183775619
184002389
184353679
184604131
184632719
184811759
184836089
184922299
185259899
185627861
185659319
185901299
186024299
186109879
186522389
186640859
186764479
187025999
187162919
187393499
187632449
187667759
187964099
188184359
188437391
188947079
188982929
189105839
189242659
189468341
190115249
190237199
190259959
190416239
190706879
190887839
191045189
191586359
191883691
192269879
192286489
192312859
192517919
193077971
193269899
193908719
194429339
194654459
194684879
195291899
195446999
195535199
195621719
195665609
195959999
196280099
196631599
196769999
197100539
197572409
197577959
197829589
198154889
198207539
198249799
198669239
198712079
198768191
199232319
199670231
199792409
199998569
200491649
201244679
201562199
201956159
202201439
202226849
202273439
202774319
203004089
203010191
203202719
203677499
203820479
204163901
205110779
205329149
205902841
206031739
206066899
206316629
206598779
206792819
206881529
206884831
207475799
207539639
207760829
207974759
208215899
208406939
208419749
208735859
208737341
208988789
209463899
209574509
210041299
210116939
210607799
211038239
211159519
211621871
211702499
212190299
212712499
212743691
212830271
212998519
213100031
213159599
213263819
213409811
213442459
213464159
213485579
213510779
213534089
213613459
213649379
213944399
214061399
214250459
214829159
215335259
215407919
216067949
216112049
216181979
216266849
216398939
216576539
217029539
217085689
217203839
217421989
217574471
217711649
217879469
218044121
218588831
218711879
218777719
219400271
219440339
219527879
219680999
220335539
220397099
220489499
220832039
220860331
221337829
221378639
221515559
221772329
221862799
222116831
222566819
222584039
222930341
223016639
223138849
223516999
223536599
223558999
223874909
223921169
224700671
225161129
225239741
225384851
225660779
225979459
226383299
226419731
226739519
226885399
227430449
227605391
228064279
228304919
228596171
229302359
229669999
229803279
229986509
230396039
230796539
231221759
231266771
231275339
231455951
232050779
232361429
232427579
232646699
232654519
232836911
233172899
233394839
234772229
235008899
235047119
235107179
235262759
235437749
235786259
235871999
235883729
236215979
236605199
237347879
237800999
238146299
238540301
238619039
238981259
239451029
239693471
240536519
240776699
240780539
241514569
241566191
241828799
241985519
242019719
242419799
242696999
242703959
242795279
242914139
243738559
244459319
244706291
244732679
244974311
245111939
245449709
245876399
245980799
246008639
246306041
246487991
246865499
247019219
247164479
247224569
247882499
248020499
248318459
248498711
248716379
248873799
248897759
249483239
249541489
249638339
250023059
250639511
250847981
251109671
251237699
251362649
251598479
251666431
251690291
251728399
251935919
252106331
252526049
252748409
253518899
254122439
254509991
254540719
255094999
255381979
255523319
256680119
256704809
257049071
257126099
257665769
257876891
258081011
258401919
258451919
258982079
259189919
259269779
259346219
259566719
260035871
260729999
260850099
260862209
260976671
260997659
261645299
261823949
262027061
262599529
262812689
262947299
263475211
263684129
263734769
263815019
263973131
264285839
264476099
264970439
265532359
265828679
265879151
266069611
266206919
266221199
266766719
267613319
268363679
268721879
268736549
268754111
270423899
270887579
271190399
271207859
271418279
271506059
271638359
271886219
272003059
272307419
272318309
272647439
272672399
273115919
273464099
273487499
273791699
273985739
274347611
274434159
274474031
275272339
275491831
276107471
276378299
276532799
276554039
276560759
276622639
278303881
278540579
278570039
278667899
279000919
279058499
279197099
279800891
279946799
280570751
280613119
280747799
281219999
281235359
281292959
282299081
282337999
282942071
283551839
283790471
284060279
284330199
284542439
284647169
285276599
285798239
285922319
286250159
286853951
286979419
287052779
288010139
288056411
288585329
288728339
288923459
289129049
289521539
289814849
289993199
290386619
290579939
290717929
290723579
290994659
291894679
293570729
293983199
293992999
294034999
294418991
294420671
294491339
294726599
295330799
295621769
295664849
296345279
296430679
298180409
298685309
298889399
299039201
299304311
299622959
299694359
300491099
300538979
301016869
301083551
302295839
302388419
302517179
302623049
303384509
303993199
304194559
304384651
304662269
304877789
304933859
305045999
305884739
305900099
306021941
306553519
307253519
307532399
307737299
308171681
308239469
308555099
309087799
309152759
310018589
310850779
311025959
311196059
311257099
311711399
311887799
312086879
312123279
312129719
312523171
312540899
312899399
313017239
313726139
314166761
314195741
314266259
314353619
314421799
314679509
314892059
315541771
315782279
316238339
316484099
317037839
317171579
317504879
317532599
317631719
317975559
317997679
318071039
318398009
318835799
319721219
320158859
320191409
320283989
320538539
320768099
321171839
321214349
321683119
321730331
321870509
321962951
322101401
322384589
322883651
323163539
323202599
323609519
323710991
323989679
324026999
324092879
325061099
325226339
325412639
326163599
326523959
326657099
326986019
327180989
327236629
327443639
327462299
327492479
327667199
327842591
328082399
328297091
328334399
328389821
328531139
328717619
328796621
329080319
329258999
329302271
329744039
330349319
330360659
330744749
331314559
331574759
331611559
331871231
332448719
332807099
333663299
333896471
334275239
334469269
334917449
335338979
335375951
335390439
336251171
336320531
336423119
336608089
337933259
338440409
339025049
339071179
339449291
340200569
340332689
340440479
340684079
340710239
340842599
340849599
341294239
341575739
341781491
341851439
342538559
342929159
343730519
343746479
343857401
344190719
344482151
345575159
345825731
346264379
346358039
346750559
347389559
347575199
347652899
348159999
348672631
349385959
350279999
350608439
350923049
351129119
351759239
352219249
352776899
353197151
353776499
354465341
355146769
355189631
355635499
356433299
357057119
357061781
357109451
357147899
357366239
357767981
358062179
358145629
358384619
359653139
360700559
360819521
360925459
361280639
362276459
362425871
363009569
363242039
363341789
364863659
365011679
365520479
366074519
366130799
366948679
367326959
368039699
368237939
368409539
368459459
368648279
368880329
369511559
370368899
370718599
370995179
371235869
371737519
372209459
372335279
372565379
372641309
373962959
374106329
374579519
374865299
375269831
375555491
375635441
375696719
375742079
376522859
376566959
376920879
376984259
377037929
378224279
378251159
378502471
379080899
379277639
379752911
380302019
380736719
380904719
381307919
381486299
381610739
381619349
381662819
381684599
381751649
382423859
382480559
382606949
382622939
382665161
382873819
382968179
383506909
383887811
384389891
384546119
384735959
385090901
385154699
385238519
385567379
385724429
385792469
385954631
386100539
386216819
386390479
386641079
387070991
387101399
387344999
387507581
387576809
387750931
388247309
388450609
388605279
388778399
388877579
388887911
388926719
389156039
389623079
389972099
390489319
390659039
390948011
391186409
391500479
391555919
391655879
391985999
392290651
392938111
393637439
394308539
394430399
395171139
395492231
395612099
395872619
395880659
396004379
396206999
396487079
397314521
397373339
397736459
398002499
398346479
399692309
400116079
400184399
400185521
400230599
400670279
401196779
401239019
401241889
402382511
403167599
403837811
404431019
404578439
404817599
404885459
405698579
407851079
407870119
408066931
409108709
409252899
409357339
410126771
410858291
410893499
410979239
411430079
411615809
411746039
411987151
412283519
412538669
414927899
414936899
415551761
416046079
416876459
418065479
418408451
418758911
418971149
418994909
419326319
420055271
420314399
420876479
420900479
421664489
421864211
422372579
422692349
422967071
423051299
423140759
423505529
423561599
424544059
424952219
425695379
425809019
426009599
426924959
426975779
427109759
427370579
427637711
427790159
428416559
429304511
429376859
429818759
430454891
430959239
431576711
431660459
432027569
432099539
432165299
432505511
432659699
432987389
433243211
433417739
433483679
433530019
433590299
434069999
434656699
435446479
436526999
437010419
437078839
437927551
437959079
438873119
438978959
439684699
440574119
440584769
440839799
441031499
441689819
441938051
442405919
442813919
442943549
443987459
444444389
444568991
444701879
445282529
446818949
447165839
447220619
447399131
447468569
448461299
448748369
448815779
449346719
449428319
449489249
449864099
450010889
450211999
450342479
451024559
451166909
451192559
451284539
451511651
451629179
451816829
451954579
452412899
452712959
453242369
453504239
453622259
453694499
453894599
454096499
454571039
454912019
456332879
457000799
457037699
457096079
457466039
458279039
458436959
458441099
459146519
459151979
459520879
459967339
460359259
461820099
461852159
462026399
462030239
462421079
462914321
463083011
463385999
464235659
464483519
464593499
464619329
465575459
465686269
465761029
466527599
466763219
466777079
467430599
467481559
467679599
468106379
468117269
469188089
469308449
469629071
469673819
469944509
471844159
472650569
472894799
472950389
473131691
473996039
474139079
474188699
474308799
474635111
474897391
474993791
475003079
475284239
475678391
475859939
475904629
476743079
476985599
477227519
477934379
478532879
479586299
479794439
480019619
480167549
480192239
480215609
480451499
480457739
481468679
482128739
482895139
482998739
483652399
484149439
484531109
486088199
486202499
487042799
487626371
488190959
488852099
489095711
489500159
489570509
491146599
491721701
492510659
492732239
495181171
495479459
495932219
496462019
496809599
496819619
497246759
497527739
497768489
498865919
499287851
499516079
500655539
500687189
501237791
501389729
501407999
501750701
501755759
502363231
503915831
504333719
504415519
504645119
505006631
505546859
505635899
505956359
506283749
506709839
506732971
507936239
508987439
509005419
509629399
509806709
510097279
510145949
510613109
511034939
511664399
512046149
512175299
513385289
514112129
514503499
515118239
515595779
515639219
515642231
516634439
517073489
517107599
517759619
518564909
518857919
520208639
520373039
520423919
521044919
521996831
522073019
522156599
522808649
522831959
522875099
522932399
523249271
523382291
523892879
524195279
524330999
525911021
525931559
526130279
527201249
527335499
527927339
528396791
528970259
529279379
529386199
529990379
532114379
532545299
532558319
533564639
533644649
533838689
535058579
535141529
536125199
536472449
537090091
537146789
538190999
538428659
538711179
538749679
539292599
539645399
539836699
540705119
541396799
542709551
543988619
544082279
544525199
544760369
545703199
545804279
546021899
547140851
547274639
547359749
547472249
548017751
548133599
548180639
549179999
549559061
549764819
549776219
550371599
550406789
550905959
552136199
552619199
552849599
553029119
553578629
553687959
554580839
554999339
555127859
555678551
556406759
556472531
556755809
557186309
557837279
557880091
559288939
559686191
560201039
560302259
560471939
560588489
560692439
560929109
561231449
561802799
563685539
563849999
564042821
565314499
565532449
566326199
566480639
567771839
568541399
568639999
569072951
569400479
569579399
570259799
570839219
570887279
571187119
571558679
571721219
571897199
572349469
573087689
573511859
573871199
574644671
575181749
575426279
575435849
575819729
575942879
576051629
576094679
577104359
577728449
578476079
578927159
579216221
579377819
579888539
580005269
580142509
580280399
580840439
580979671
580992509
581085119
581947871
582343919
582627419
583677539
583911599
585142879
585174899
585289151
585797309
586261871
586437461
586451009
586494281
586706951
587197421
587575559
587926079
588741299
589149959
589463279
589748599
589852199
590740019
590975009
591083219
591189899
591708829
591877439
592004699
592038719
592850159
592877039
593792471
593915699
594767359
595444499
595743119
595800269
596066239
596214079
596336399
597199679
597238459
597562559
598005719
598030719
598043819
598411421
599536559
600820999
600977831
601368539
601438919
601585991
602085479
602191979
602721839
602756351
602837531
603144359
603299759
603684899
603705689
603836111
605196899
606146309
606778979
607569479
607665071
608563691
608872499
608918099
611300699
611783759
612173231
612681299
613388159
613914839
613962119
614005451
614048399
614181761
614748529
615335951
616038751
616297499
616640639
617258069
617636951
618130379
618158519
618255791
619771499
619849439
619938329
620095501
620583569
620724551
622282319
622469231
622964159
623289419
623355479
625668119
625827719
626299199
626506649
627604599
628040951
628688069
629044019
629255549
630893339
632857499
633023639
633566779
633830651
634231919
634338371
634339319
634570199
635310839
635391269
636035399
636353519
637278809
637459199
638064671
638465939
638704439
639651539
639943499
640364339
642215951
642270719
642327699
642972329
643299749
644503859
644531339
644827429
645155711
645668099
645805159
645955151
646202591
646369679
646545041
646880831
648221809
648240599
649088999
650901239
652355549
653194499
654887519
655622249
655707359
656330219
656345969
656650679
656672939
656985419
657293239
657556979
658390319
658951439
659303819
661088429
661421171
661659179
662266721
662274899
662744459
663650819
664440839
665434199
665702239
666661799
667236959
667447199
667706759
668147479
668704349
669028799
669157599
669293249
669520799
669798299
669942629
670192109
670416371
670628699
671185601
671289389
671444059
671918351
672045659
672503999
672634399
672771959
673231159
673759799
673815239
673970219
674401199
675149579
675307931
676247021
676540079
677243279
677631239
679204399
679234751
679276499
679432319
679551779
679651751
679918661
680533559
681436079
681483899
682572239
684396719
685008899
685051019
685434149
686269709
686415799
686745119
687026339
689062499
689196899
690064031
692571329
693622271
694097851
694865819
694920239
695100041
695193419
695496779
695523679
696576679
696834599
697218899
697239619
697866119
697971959
699193679
700456469
700680599
700887991
700937759
701135459
701457119
702459449
702537889
702859079
704704811
705137219
705543299
705559139
706376159
706522739
707093519
707179769
707563061
708524819
708804589
708835481
709018111
709678499
711224711
711416159
711950231
712217771
713714399
714492899
714812039
715135679
715173079
716853059
717987089
718065809
719230679
720192659
720276031
720425859
721209719
722534399
722705759
723193379
723806159
724399279
724778459
725109839
725246059
725723189
725862059
725964299
726021379
726419021
728123509
728537111
728684399
728957609
730372859
730494449
730585799
731167919
731692609
732303899
734038769
734104799
734183159
734290199
734319599
734714759
735097999
736381799
737158769
737555839
737673551
737870099
738065519
738734831
739094789
739248899
739522571
740436451
740610779
741052199
741250439
741646499
742308059
742330159
742791279
742839239
743131311
743317049
743340779
744155999
744567119
744646319
744853841
744895199
745158959
745249049
745731799
747810359
748061159
748528559
749810431
751392839
751487879
751631471
752252199
752568191
752989159
753316199
753971279
754008569
754223399
755759159
755959999
756002069
756026179
756173879
757387091
757400489
757408399
757618531
758252879
758696399
759015179
759541199
760173959
760906079
761139719
761230079
761824559
763642739
764680839
764763299
765004659
765242659
765820691
766298231
766522679
766667129
767287079
767569421
767758751
767898151
768356819
768439979
768496409
768635389
769172021
769841951
769948019
770120969
771375779
771478559
771503939
771516899
771724799
771968539
772661999
773564399
773977049
774622799
774624479
775165859
776114459
776627231
777171779
777984239
779012639
779220539
779325119
779803319
782266151
782915279
783806239
783816479
784060861
784233449
784256759
784345939
786237899
786671759
786706199
787004399
787368749
787709519
787875659
787999589
788223659
788793599
789101611
789628559
790434479
791151371
791926239
792368399
792959591
793616471
793680299
793984799
794105759
794943659
797180999
797593631
798366139
798810011
798950879
799116959
799316459
799380119
799912499
800399539
800426219
800706059
800755199
801197279
801620819
803584319
803722499
803840249
804680909
807128099
807520319
807691499
808037999
809172671
810413099
810665309
810806639
811045871
811137359
811970879
811981799
812024849
812169439
812395679
812898239
813764249
813793679
814259879
815640839
815716439
815782799
815919299
816521549
816655799
816675719
817783999
818058331
819104399
820521701
821205449
821398499
821597111
822389759
822494089
823093919
824166449
824251049
824449979
825430589
826217999
826654039
826794539
827123219
827344871
827386559
828250919
828326771
830591381
831137759
831447791
831656591
831747839
832073549
832232699
832575169
832942889
833903729
834935471
835022159
835266599
835266959
835269371
835607639
835771169
837128251
837880891
837920129
839895599
839990579
841092979
842161319
843244159
843567899
844459199
844626239
844675259
845720999
846028199
846711599
846774599
846826199
847193759
847247369
847359649
848576399
849476129
850145519
850187699
851662079
851998559
852244679
852686069
852789079
852985671
853404911
853803719
853859159
854534069
854874719
855628199
855739499
855782519
855888731
855948239
857174219
857663659
858189799
858802559
859315271
859502279
859741559
859761971
859837679
860136649
860302799
860819699
860902559
861069719
861112979
861182299
861934439
862115879
862466669
862972739
864359999
864913949
864927899
865132799
865397819
865576079
865924919
866109451
866843839
866855639
867368039
868213499
868351711
868592999
868642991
870284519
872242139
872468519
872501279
872596199
873142379
873179999
873452039
874461419
874811939
874897519
875305199
875390099
876150419
876673139
877276399
877616459
878870519
879873791
880101749
880308899
880341779
880346039
880465739
880888511
880961759
881111219
882020999
883286459
884274299
886469039
887254399
887907239
888221039
888977699
889262219
889555109
889896479
890102219
890271269
892101599
892129919
892814399
894204359
894402431
897788891
898295579
900190199
900538781
901234739
901251119
901360511
902421911
902966399
903352319
903854729
904074079
904160879
904960979
905602319
906966701
907135919
908134739
908562959
908656391
909520499
909817019
910030139
910799399
911142959
911379839
911507519
911644991
912016559
912438071
913315391
913962191
914328239
914365871
914958519
915114479
915727409
917279999
917518559
917542019
917611379
917912099
918357449
918365381
921502231
922027679
922290749
922759319
923471999
923552099
924097199
925768601
925846829
925885619
926079559
926093249
926596799
926791469
926996699
927593699
927596879
928539611
928711979
929352731
929579279
929742659
930966959
931014629
931366309
931394111
931524299
932061899
932605519
932943479
933098399
933531311
934097579
934178699
935111519
935339999
936012149
936059519
936219059
936245249
936820499
936939959
938394599
939114539
939541399
939661199
940224671
941708459
941801699
942316619
942474059
942794609
942899561
943235999
943572299
943844999
944032799
944061571
944099071
944190239
944209471
945239651
945530459
946320479
947046239
948061739
948108419
949225199
949465799
950319341
950369419
951439439
951922799
952956899
953087399
953170091
954022211
954075979
955006271
955144079
955337359
955523299
955711679
956234999
956247389
956818799
957045599
957465739
958541219
958810579
959544629
959697689
960054731
961127999
961191559
963078479
963623231
964009619
965040999
965290451
965361599
965710619
965713319
965966399
966244271
966596399
966740179
967528799
967648879
967774499
968248889
968351759
968522129
969445679
970530119
970663829
971053999
971172719
972942749
973148819
975872099
977371399
977744249
978454679
979626311
980132999
980989379
981137639
981212359
981451319
981798791
983054071
984044599
986178499
986251139
987066359
987069719
987876539
988721189
988960139
989365879
990802601
991052999
992302919
992874479
992997329
993131999
993168539
993545279
993710489
993985019
995271419
996222779
996467471
996537779
997255709
998072099
999022649
999563039
999776969
999881119
1000582379
1000791391
1000937951
1001678579
1002520919
1003318409
1003574879
1003614359
1004034799
1004124659
1004330249
1004740901
1005297479
1005547199
1006451819
1006519359
1006900271
1007035919
1007254919
1008170981
1008451079
1008929639
1008957179
1009294079
1009332899
1010608331
1010723279
1011006359
1011054239
1011553199
1012407439
1012814711
1013578649
1014247331
1014881669
1014945119
1015973279
1016602529
1017070991
1017431029
1018421599
1018606679
1019807711
1020506519
1020510399
1022251411
1024016309
1024491999
1024976231
1025643359
1026359359
1027403999
1028245679
1028407451
1028709499
1028742119
1029088639
1029167369
1029535919
1030335599
1031674661
1031833151
1032485291
1032770699
1034115479
1034843039
1035472679
1035673379
1036196099
1036923029
1037172581
1037216039
1037233959
1037252579
1037402519
1038298139
1039547519
1039649599
1040096639
1040127659
1041028559
1041353549
1041509419
1042732249
1042993799
1043220359
1045744039
1046266759
1046453309
1046490839
1046494499
1047320819
1047570259
1047809519
1047877739
1049107399
1049530019
1049897279
1049963339
1050121799
1050932231
1051267139
1051776179
1052484719
1052987291
1053139499
1053850159
1054194761
1056852719
1058088359
1059018899
1059819319
1060983659
1061904479
1062287351
1063440839
1064688239
1064850749
1064940419
1066985891
1067245199
1067300849
1067446379
1067695199
1068154919
1068633719
1069099249
1069110239
1069529019
1070023499
1070690399
1070954419
1071444779
1071982799
1072808491
1074039119
1074392729
1075406399
1075529009
1076665631
1077126119
1078171919
1079467451
1080085439
1080088379
1082623859
1082828759
1083068099
1084701239
1085057819
1085133671
1086399539
1086537391
1086735299
1087020899
1087668119
1088305199
1089398771
1093788359
1095038099
1095174599
1095538079
1096535999
1096984079
1097581319
1097813831
1098221279
1098549919
1098622799
1098674279
1099000811
1099085189
1099768319
1100864651
1100912399
1101068639
1102594159
1102594499
1103007779
1103738159
1104288509
1104755399
1104885539
1105283199
1105763399
1106222879
1106755649
1107988199
1109159999
1109364479
1109417159
1109545079
1110016709
1110818759
1110888899
1110906751
1111219199
1111490099
1114759519
1115135729
1116264239
1117039979
1118981819
1119571599
1119998879
1120960619
1121993399
1122608629
1123232879
1125222839
1125253079
1125792499
1126840079
1127412119
1127720159
1127877519
1128497999
1128758219
1128959999
1129229009
1130239739
1130299169
1131313199
1132903799
1132991719
1133729099
1133754159
1134898649
1135646719
1136340281
1137616199
1137635459
1137806879
1138425679
1138606919
1138635791
1139062499
1139518169
1139768639
1140677099
1141249199
1142505671
1142850239
1143116099
1143215639
1143313931
1144117529
1144170719
1144219859
1145088779
1146010139
1149545609
1149671951
1149816329
1150562951
1152667151
1154649751
1154893679
1155290399
1155360799
1155690899
1156359719
1157184299
1157533199
1157791259
1158051299
1158579839
1158868619
1159760051
1159909529
1160299979
1161388679
1162254859
1163524301
1165455059
1165628771
1166868359
1166990831
1167613439
1168963319
1169035559
1170373229
1170622039
1171230839
1172937359
1173962789
1174223231
1174621391
1175130959
1175512769
1175906759
1176013999
1176104159
1176279299
1176473099
1177987319
1179216499
1180608519
1180826219
1181065199
1181548619
1182476399
1183873469
1183950039
1184402321
1184461739
1184506751
1184942681
1185295859
1185412759
1185577679
1185633259
1186035839
1186076891
1186433299
1186959419
1187259359
1187346431
1188649349
1189691099
1189768589
1189809611
1190249999
1190882699
1190969519
1191305471
1191915899
1192222639
1192239599
1192655771
1192864031
1193110979
1195481951
1196016191
1196222159
1196351041
1196703899
1197984899
1200195359
1200481631
1200622499
1200749591
1202350879
1202631299
1203056259
1203069059
1203221039
1203675479
1204076411
1204885499
1205252729
1205661599
1206047599
1206893519
1207520159
1208898491
1209626399
1210245739
1210378679
1210452599
1211511279
1213016639
1213218719
1213805879
1214221319
1214638559
1216292219
1216862399
1218452351
1218530879
1219415471
1219423799
1220262479
1221183599
1221830609
1222057199
1223368379
1225097159
1225409639
1226062319
1226947649
1227720479
1228121579
1228262939
1229249279
1229468729
1230802039
1231412929
1231513471
1232116649
1234026359
1234173119
1234175039
1234432079
1235089799
1237771679
1238811209
1238954639
1239397199
1239800939
1239814249
1241727589
1242192401
1243369119
1243531379
1244435919
1244678399
1244863619
1245533939
1245693119
1247178239
1247589251
1247693579
1249333679
1250321099
1250745299
1251225299
1253523149
1254044921
1255057439
1256464439
1257080219
1257358409
1257645059
1258138199
1258536719
1258790399
1260487339
1261637999
1263625649
1264258349
1266301259
1266977291
1268225081
1268352971
1269215639
1269593099
1269966599
1270382651
1270598909
1274104299
1274920919
1275048599
1275352259
1275381071
1276627421
1277060639
1277949959
1279530479
1279558199
1279878431
1280440979
1280530019
1280742539
1281133139
1281374639
1281596651
1282295519
1283350319
1284319889
1284478439
1284651899
1285706519
1286608679
1287039539
1287508949
1287711739
1287720719
1287948059
1289334239
1290286199
1292335259
1292803199
1292881349
1293073651
1293355349
1294477379
1295229599
1295637599
1296059939
1296525299
1296554699
1296670199
1297105919
1297782611
1298268449
1298346191
1299399749
1299731861
1301655431
1302109181
1303986799
1304862719
1305458279
1306924769
1307347859
1307356559
1307927879
1307988511
1309677599
1309834679
1310745599
1310930851
1311292751
1312125389
1312229869
1312679129
1312794419
1313547479
1313644421
1314763559
1315626899
1315958111
1316764511
1317151839
1317868499
1318128839
1318899119
1319024951
1322104139
1322884499
1323181999
1323515339
1323649919
1324750139
1324838279
1325120939
1325451749
1326337319
1326915799
1327129439
1327224491
1327564139
1328605501
1329094619
1329860321
1330262219
1330934219
1331149499
1333429019
1334057999
1334822579
1335437039
1335587329
1337699981
1337716799
1339621289
1339938179
1340460239
1340656519
1341839519
1342043159
1342312271
1342771319
1343590631
1344755729
1344939119
1345711859
1346085719
1346364949
1346660111
1347422201
1348260479
1348615319
1350315119
1350601979
1350660959
1351338071
1352113979
1352941379
1353706451
1355097239
1356727679
1358077279
1358983399
1359752549
1359894689
1360276739
1360702319
1360896899
1361740211
1362189599
1362803399
1362978499
1363036919
1364232239
1364903999
1365423989
1365968159
1366138379
1366287719
1366303679
1366778699
1367298239
1367679599
1368135499
1368367879
1368687071
1368773759
1371020429
1371327299
1371560399
1371783599
1372790381
1373714159
1374479399
1375515791
1375789739
1375875071
1376414621
1379814479
1380856091
1382564819
1382630549
1383644989
1385511119
1387683389
1387844639
1390129019
1390512059
1391790399
1392715241
1393101719
1393853999
1394219579
1394584109
1394738519
1395507761
1397393759
1397669041
1399196831
1400518981
1402352951
1402838891
1403495099
1403891999
1404350639
1404480839
1404809279
1405420769
1405449359
1406793219
1407205799
1407680411
1408111319
1408607759
1409258499
1410850139
1413008099
1413862459
1414880609
1416177179
1416647231
1417794839
1417871929
1418291891
1419245099
1421138431
1422326749
1422553229
1422883249
1423051979
1423316339
1423671479
1423795391
1424401931
1424471999
1424694899
1425463849
1426137999
1426291019
1426415399
1428608399
1429327199
1430978639
1431183839
1431488941
1431916051
1431948101
1432183199
1432446119
1433535079
1435504151
1435757399
1436680079
1437785159
1437885539
1437956909
1438609919
1438641539
1438651619
1438933859
1439342579
1439749919
1440020339
1440188119
1441385399
1441822031
1443304979
1444655969
1445095679
1445273279
1446164411
1448314559
1448369999
1448511371
1448685809
1448810999
1449027299
1449223379
1449350209
1450207439
1451271359
1451471459
1451639699
1452118919
1452552089
1452725819
1455835679
1456006759
1456799959
1457948699
1459413149
1459733659
1461657749
1461700799
1461824279
1462566569
1464460139
1464573389
1464836939
1465183399
1465937171
1466132399
1467197579
1467720449
1468497491
1471031099
1471235681
1472259359
1472319419
1473003391
1473750851
1474620299
1474709599
1477713691
1477740431
1479027199
1479229289
1479488849
1480223249
1481439959
1481770499
1482073739
1484042559
1484272019
1484341199
1485463199
1486018579
1486019039
1486406899
1487294279
1487907959
1488363239
1488403979
1490365799
1490552699
1491167759
1492340079
1492970219
1493475269
1495919879
1497718319
1497760919
1497870629
1499475779
1499896229
1501898399
1501975859
1502279459
1502315639
1502315891
1502637959
1503060299
1503437039
1504787239
1505130659
1505660249
1505772839
1506419069
1506525019
1507143791
1507655099
1507743719
1508327099
1508798069
1510014839
1510571159
1512101519
1512415799
1514640959
1514657759
1515147479
1515554039
1516124219
1516930739
1516998671
1518080759
1519316791
1520788799
1521058499
1521102239
1523855519
1523875919
1523892239
1524867119
1527434999
1527659699
1529952719
1530198221
1530315719
1530791639
1531584179
1532798399
1533444509
1534096589
1534679159
1536317999
1537515719
1537567529
1540922599
1540980029
1542276059
1543101839
1543309709
1546539719
1546764389
1549061999
1550836391
1551879839
1552319399
1552456709
1555373159
1555839179
1556015579
1556110919
1560572639
1560690431
1560861791
1561243199
1562153459
1563194891
1564420031
1567748009
1568406701
1568566399
1570097519
1570329599
1571133449
1571937401
1573183079
1573633049
1573759909
1573904879
1575192959
1575966239
1576321559
1576328039
1577000879
1577064319
1577711519
1578049139
1578288389
1579178999
1579709459
1580208839
1581530719
1581659969
1582934611
1584589019
1585239839
1586209841
1587090749
1587225599
1587290039
1588072499
1588831649
1589234099
1589339699
1590046639
1590098399
1591950149
1592168309
1592850869
1593423071
1593426659
1594239371
1595859299
1596727439
1598042879
1598660279
1598821531
1600069799
1600841549
1602122591
1602586649
1603715399
1607707499
1607837849
1607883059
1608930971
1609110479
1609178999
1611009619
1611435149
1612239719
1612978729
1613529539
1613940191
1614977279
1615391679
1615812839
1616425199
1617003499
1617868979
1617912671
1618548959
1618716959
1620989579
1623616619
1624447439
1626816031
1627057739
1627280159
1627581869
1628124959
1628585279
1628806349
1629683071
1629952211
1631589959
1631899891
1632297599
1632301919
1632590959
1633638929
1634678639
1635951071
1637212499
1637274599
1637475839
1638180179
1639362199
1641034499
1641607379
1642408511
1642551299
1642680899
1642771871
1643921441
1644235361
1644952871
1645541519
1645726679
1647504599
1647609389
1648556909
1651640059
1652204699
1653383759
1655964599
1656262409
1656745019
1656876671
1656911969
1657378799
1658129759
1659150131
1659559439
1659793211
1659824039
1660430969
1660505699
1661029759
1661196459
1661372831
1661637239
1663390259
1664299199
1664829179
1665336959
1665753011
1666016099
1666693979
1667796899
1669346111
1670237551
1671773739
1672003619
1672761719
1673605891
1673653211
1674158399
1674174599
1675297259
1676176049
1676177999
1676793299
1677071759
1677283919
1677831119
1678367399
1679729519
1682712719
1683141389
1684215859
1685356199
1686050099
1686517039
1687128239
1691745659
1691981759
1694255359
1695217679
1695760919
1699279819
1700368151
1701129401
1701995651
1702776599
1703734559
1703899119
1704130999
1704894659
1705861079
1706185319
1706288231
1706455099
1707625919
1707646019
1708853999
1709420879
1710953439
1712014919
1712336559
1712690279
1712885309
1713573619
1714025279
1714129451
1714286111
1714484519
1717887599
1718324981
1718603009
1719194399
1719262499
1721356559
1721473739
1721486519
1721980259
1722353819
1723868849
1726274659
1727343239
1729129499
1729329029
1730539019
1731600599
1731935519
1732056899
1733588999
1734562939
1737540559
1738634039
1738863719
1739286761
1739953511
1740483221
1740554891
1740852399
1741392899
1742004991
1743147559
1744535939
1745365859
1745882291
1747870571
1748312159
1748429759
1748723171
1749002639
1751782199
1753032319
1753424839
1754406359
1754718419
1755378239
1755468539
1756122059
1756547099
1757154569
1757195999
1758256109
1758833089
1758866759
1761872111
1761946199
1762667999
1763601839
1763847959
1764991079
1765648529
1766776439
1767882679
1767951359
1769021699
1769127359
1769933311
1770849779
1770912499
1771415099
1771756319
1771824671
1772080631
1772331599
1773669829
1774858409
1775165951
1776909119
1777302251
1778469769
1778670179
1779696071
1780249459
1780763039
1782074849
1784702639
1785392249
1785430279
1786166479
1786240691
1786435559
1786599959
1786756229
1786799869
1788140951
1788654251
1789281899
1789758359
1790559899
1791311759
1792423919
1792870799
1795173239
1796398691
1796553191
1796775499
1797414079
1798787759
1799334389
1799650439
1799888999
1800281699
1801331699
1801500679
1802370779
1802543119
1802881079
1802980199
1804681619
1804928999
1805766479
1806221339
1807710239
1808130799
1808946179
1809587789
1810385499
1810480169
1811912759
1812204899
1813832579
1814964479
1815158939
1815313499
1815458819
1816056899
1819284781
1821859829
1822153199
1823673599
1824186599
1824639911
1824898319
1825635629
1825967939
1826613821
1826764279
1827565739
1828011401
1828706879
1829409329
1829615059
1832576069
1833355439
1833363131
1833940469
1834213121
1835265599
1835379839
1836920699
1838249699
1838783819
1839882239
1840409999
1841061539
1843398719
1844177719
1846479311
1846884479
1848447971
1848720509
1848881081
1850899679
1851587711
1851857699
1852384211
1853302499
1853575919
1854429851
1855084859
1855092959
1856009999
1856021579
1856567579
1857795839
1857964499
1859246999
1859593031
1862969359
1863962279
1864231739
1864618139
1864752119
1864976399
1866234719
1866256139
1867504319
1870847441
1873445489
1874016539
1874938211
1875140399
1877067359
1877259999
1877636639
1878008999
1878017399
1878127079
1878298799
1878390359
1880030489
1880266189
1881393191
1881689039
1881934049
1881976751
1882947119
1883460599
1883471939
1884370319
1884703391
1884823331
1885153969
1885926041
1885931819
1886628179
1887159899
1889149631
1889524979
1890027299
1890227789
1891167749
1892338559
1892490599
1893862739
1894224639
1894847579
1896119279
1897504559
1898615249
1900408799
1900485551
1900700339
1902180359
1902283811
1902357071
1902766049
1902814199
1903722659
1904051771
1904379299
1904834231
1904852819
1906969259
1907182619
1908889359
1910172499
1910987849
1911096179
1913209199
1914110239
1914598139
1914891299
1915237631
1915343999
1915395739
1915842599
1916491499
1916751759
1916754839
1916758799
1917507239
1918579319
1919411639
1921242959
1921737679
1922048321
1923156479
1923232439
1923597719
1923633809
1923993299
1924511819
1924712189
1924818191
1925015399
1926332099
1927004039
1927876889
1928270609
1928928959
1930971899
1931860279
1932317969
1933167599
1934116139
1934730769
1935329759
1935782551
1936036619
1936229369
1936412939
1936418021
1937664979
1937729441
1939838471
1940461231
1940925359
1942145561
1942385759
1944628639
1945596311
1945912919
1947280799
1947876449
1947946139
1948293899
1948305059
1948487129
1949211571
1950039359
1951850591
1952563899
1952843759
1954023371
1954380899
1955126879
1956400739
1959397439
1960118819
1960350419
1960790159
1961517599
1962389519
1963057319
1963494259
1964416859
1965680639
1967210699
1967725511
1969512119
1971774089
1972101599
1973601629
1973780549
1975116959
1975516829
1975676471
1976001439
1976553149
1976860079
1977411479
1977625439
1977742271
1977921959
1978214699
1979091659
1980522179
1980954359
1981083719
1982915759
1982980271
1983718271
1984389749
1984494749
1984678499
1984899839
1985718569
1985800301
1985854859
1986753941
1986914071
1987348999
1987356149
1987694279
1987706951
1988313329
1988332919
1988637419
1988792441
1988923439
1989397871
1990520531
1990674839
1990719919
1991162291
1991641119
1991865479
1994474159
1997020079
1998567899
1999326419
2001226499
2003042339
2003524739
2004614999
2004615799
2005350911
2005618859
2005692779
2008226999
2012242301
2012348519
2016384299
2017986431
2018724839
2019877859
2020259399
2023504559
2023583599
2024195291
2024251151
2025528679
2027117819
2027217359
2027701439
2028041399
2028919199
2030185079
2031760319
2032176299
2032663919
2032689689
2033536259
2033716859
2034231779
2036055839
2036380639
2036462399
2037884519
2039312519
2040280799
2040729059
2040898859
2042126239
2042800199
2043486449
2043577799
2045689099
2046722999
2046856391
2047465979
2047786649
2049154799
2049182459
2049795439
2052130079
2053089119
2053523669
2053801679
2053965071
2054147759
2054408971
2055395759
2055817499
2055975749
2057010581
2057311871
2057364269
2057472719
2057869799
2058614279
2059162181
2060675759
2063246249
2063614839
2064134771
2065035559
2065336559
2065991339
2066805299
2067237479
2067529679
2068369559
2069340559
2070028799
2070276479
2070800099
2071464839
2071500899
2071817179
2072762399
2073162479
2074243679
2075723719
2077293311
2077983599
2078613731
2080157249
2081480939
2081784671
2081797451
2083785131
2085458759
2086183439
2087577071
2087744129
2090318999
2090402411
2091783539
2092030319
2092387439
2093915879
2094129071
2094340079
2095386719
2095998059
2096255141
2096336159
2096795119
2098235369
2102972351
2104538561
2105308211
2105823719
2106002639
2106133679
2106968639
2107139999
2107809659
2108269151
2110654559
2110706459
2111644019
2111941259
2112956999
2113724339
2116491719
2116694579
2117165259
2117258729
2117516939
2120339759
2120740439
2121224219
2121333479
2124389959
2128161419
2131480399
2131834319
2132542439
2133813359
2134661759
2136032639
2138947549
2141820239
2143046219
2143090211
2143165499
2144212951
2145901319
2146402439
2148921431
2149351829
2149610819
2152200299
2152480511
2152838519
2152959899
2152982399
2153173229
2155837319
2156197609
2158814699
2159978939
2160244591
2160538379
2161037339
2161163339
2162892149
2163505679
2164011809
2165389199
2166941699
2168386739
2169557081
2170376321
2171033279
2172423539
2173422719
2173494329
2175006119
2175437749
2176346899
2176526879
2176657919
2176977119
2176985579
2177054711
2177272019
2177754599
2177760059
2178961399
2179306079
2179774169
2181599891
2181854459
2182802999
2182923929
2184206939
2184557489
2184803039
2185710911
2186989349
2187101279
2187427391
2187432899
2187480749
2187593981
2187974879
2189040479
2190169799
2193048899
2193056549
2194148879
2195929889
2196457379
2196758759
2197343339
2197442519
2197811849
2197942739
2199180409
2201791619
2201857979
2203112339
2203225919
2203407749
2203956779
2204215579
2205083999
2205559199
2206858781
2207036579
2208359999
2208688159
2209122299
2210855219
2210986469
2211115199
2212610399
2214356759
2215009499
2215495439
2216079161
2217625279
2217663449
2218004749
2219767199
2220238019
2220688079
2220728359
2221849559
2221989461
2222367839
2222803799
2226929599
2226941639
2227587119
2228462039
2229744131
2229833231
2230042319
2232449039
2233123199
2233567979
2235469319
2235536549
2236084311
2236671359
2237833979
2239176659
2240511419
2241074021
2241456149
2241501571
2242858799
2242925999
2243314049
2244168359
2244556999
2244726119
2244847359
2245942439
2246782859
2248646399
2249326799
2250592849
2251471769
2253856229
2253869479
2254969139
2255732639
2256309299
2257638599
2257903031
2259144269
2259434099
2259779279
2260503251
2260508009
2260554119
2260942991
2261353919
2262450959
2262494471
2263343459
2263808759
2264278211
2264482559
2265060599
2265272099
2265893279
2266199009
2266967051
2267429999
2267578799
2267829899
2268022859
2268095759
2268652349
2268668609
2270704589
2272140779
2273647639
2276199179
2276301719
2276741459
2277149111
2278389959
2278630799
2278797299
2280211799
2280521879
2280817349
2281103999
2281237319
2283536639
2283561989
2284401559
2284796639
2285623619
2285725109
2285927279
2286201919
2286661499
2286752399
2287346779
2287985599
2288002751
2288907599
2289835349
2289912239
2290727399
2292689429
2292874639
2293823999
2294828639
2295131579
2295893599
2297606219
2298123239
2298418499
2298752219
2300152919
2300398319
2301100259
2301438749
2302649999
2303360051
2305537709
2305626509
2306888099
2307468799
2307564359
2308129559
2308538231
2310048831
2312115959
2313342719
2314030319
2314311551
2314686779
2315842199
2316499919
2317463719
2317772519
2317848719
2317933631
2318906459
2319035669
2319134831
2321064611
2324485799
2325693019
2325867641
2326325219
2326888079
2327169959
2327521949
2328668999
2328692029
2330020979
2330443439
2331113339
2331361031
2332981139
2333494119
2333546459
2337029519
2337519029
2338272551
2338407499
2340571661
2340800279
2341011319
2343526079
2345714279
2346704369
2346716231
2347950989
2349174239
2356142489
2356414199
2356788839
2357098759
2357177899
2357812379
2359082549
2359879349
2361165091
2362003979
2363718559
2365107749
2365467719
2365498871
2366871599
2367949499
2368022579
2368984549
2369475569
2370704111
2370802979
2372192759
2373565319
2373952349
2376152351
2377405799
2377856459
2380536091
2381292899
2381445329
2381553719
2381576399
2383687811
2385015359
2386599539
2388276899
2389963211
2391083999
2391449759
2391864029
2392443899
2394065591
2395098719
2397180239
2397805019
2398192169
2398508429
2400020099
2400507899
2400715799
2401641059
2402042719
2402609399
2403705779
2405643719
2405911231
2407104419
2410991519
2413081439
2414128751
2414869379
2414962619
2416892719
2420639999
2421810299
2423796989
2424052399
2425484249
2425895999
2428269731
2429418779
2429900569
2431725659
2431873079
2432440799
2432704679
2433005231
2433074899
2435149979
2436026669
2437394339
2437481159
2437526279
2438777879
2439970879
2441400371
2442273119
2443100939
2443368779
2443588531
2443989239
2445066539
2445347351
2445443909
2445694019
2446261859
2446408799
2446761491
2447081249
2447235779
2447972911
2449485359
2452285679
2452289711
2452989299
2453399519
2454694769
2455090199
2455187309
2456267939
2456851319
2457222571
2460824999
2463437759
2465692919
2465718359
2466368519
2467659599
2470413059
2471755229
2472416039
2473362779
2475405869
2477052899
2477277179
2477804729
2479745069
2479791509
2479992479
2480320039
2480932019
2480941979
2481469199
2481988739
2484219779
2484905051
2485860299
2486534719
2487054079
2487117599
2488564451
2490354719
2490561359
2490733601
2492006399
2493627509
2494047779
2494779839
2496099839
2496705551
2497360319
2497523099
2497925429
2498133679
2500860599
2505222719
2505548639
2506328999
2506753619
2507138419
2507530661
2507678039
2509471589
2509542419
2511163619
2512130669
2512139159
2512235879
2513016899
2514433319
2514490271
2514746681
2515052231
2515753799
2519318159
2519846141
2520341459
2520426131
2521018499
2524636799
2526569219
2527200479
2527798559
2528438219
2529927539
2531159999
2531765599
2540084399
2540724311
2542877609
2544322439
2545108019
2546211599
2546777759
2548706411
2549263079
2550804031
2550863699
2551008679
2551258499
2554358839
2554641599
2555167841
2555668751
2555711731
2555954399
2556165359
2556446759
2557753021
2558076359
2560409279
2560688909
2562485771
2562528239
2563512139
2564085791
2564262359
2564580479
2565327239
2566811099
2567078639
2567772899
2568361319
2568487199
2569470509
2570278619
2570644439
2571365939
2572715739
2573567699
2573570719
2574065591
2574712919
2574742439
2574825439
2575181209
2575242179
2576591159
2578174559
2580688039
2581024319
2581391999
2582596169
2583225679
2583575539
2583937439
2586159179
2587688471
2588651999
2589515879
2591293571
2592362681
2593021199
2594771129
2594820899
2596679999
2599195979
2599804619
2601001699
2601707159
2602274039
2602404419
2603660069
2603978789
2604762599
2605967519
2606054219
2606091079
2606402879
2607865919
2608220471
2608913999
2609435219
2609438831
2610641599
2610877499
2611679531
2615531999
2615755659
2615867279
2617240789
2617702919
2618087471
2619650319
2619735299
2620118999
2621709719
2621827949
2622200531
2625536759
2625537599
2625945599
2626548359
2627746109
2628373859
2628872999
2630436899
2631532679
2634378119
2635756159
2635899839
2636127899
2637158999
2638397141
2638602931
2639436299
2639572739
2640228359
2640273999
2641227539
2642152799
2642926049
2644107479
2644703429
2645155979
2647986599
2649364331
2650087439
2650952639
2651503301
2651660339
2652667919
2654057849
2654426879
2655285011
2656448909
2657298419
2657857049
2660150099
2661174599
2663553759
2664360731
2668269449
2669928659
2670379739
2670386939
2670775589
2671168859
2672398871
2674928059
2674958399
2675876111
2676738671
2678278859
2679974639
2680088399
2680654899
2681090729
2681326199
2683363409
2683571799
2683894499
2686774859
2687747579
2688067199
2688307859
2690477351
2690496899
2690635219
2691174929
2691801311
2692789819
2693081519
2695037519
2696222359
2696637239
2699510519
2700462239
2700479249
2701050109
2701892731
2703133439
2703281279
2703450301
2703636539
2703662009
2703953279
2704499999
2704575299
2704605959
2704728599
2704738679
2706827759
2707339319
2707873691
2710041359
2710627471
2710804319
2713764059
2713787999
2716164119
2717459009
2718501389
2722552559
2722893599
2723033879
2725095239
2725149419
2727508559
2728678049
2728955319
2730971231
2731104011
2731298219
2733123469
2734244099
2738101589
2738333009
2738602019
2739421439
2739987599
2740238159
2740289159
2740944959
2740974599
2740998399
2741597039
2742389999
2742704171
2743994819
2744901899
2745367949
2746754291
2746937899
2749079111
2752996791
2756153789
2756939639
2759632699
2759875799
2761413659
2763593279
2764142819
2765155931
2765908879
2766218839
2766694139
2766838899
2769818039
2770484639
2771861399
2772069119
2772702899
2774138399
2774553599
2774904959
2775103379
2776400549
2777300231
2777682599
2777924249
2778344099
2778349001
2778635159
2779108919
2779790831
2779926659
2781034199
2781180359
2781690911
2782116989
2783825819
2783835539
2784422411
2785802039
2788254319
2788893799
2789055499
2791202969
2791563641
2796272051
2799007919
2801350649
2802382109
2802642389
2802931559
2803150349
2804017229
2807758799
2807971319
2809239029
2814790719
2815504439
2817717839
2818351799
2818611599
2818835459
2819394479
2822349599
2824475219
2824498599
2825318299
2825808299
2827286279
2828685719
2829126959
2829894209
2830463999
2830540859
2831828999
2832657631
2836234799
2837399921
2838758399
2844611699
2845821719
2846618531
2848837679
2848983299
2850921779
2851397399
2856708971
2857592321
2857711499
2857891409
2858478699
2861059949
2861551979
2862031199
2862296799
2862616679
2862720899
2864784299
2865585659
2866899419
2867602499
2867745299
2867787719
2868086339
2868283259
2871865439
2872675079
2873943071
2874032099
2874092099
2874192551
2877295679
2877330059
2877681899
2878599679
2878948799
2879706689
2880040259
2880503999
2881197059
2883100079
2885048459
2886067169
2886489689
2886822119
2887960499
2888979659
2889177059
2890451199
2892119879
2892318659
2892332399
2892471119
2895051119
2895820751
2895947459
2896640879
2896813919
2897511119
2897837039
2897961359
2900210879
2900387951
2900515529
2903257289
2905373939
2906074751
2906144009
2906995519
2909468099
2910970439
2911263959
2913369479
2914434311
2914459399
2914873289
2916033119
2916209099
2917242019
2918511539
2919183179
2919984479
2920942639
2921498579
2923001059
2926296071
2926430159
2929530239
2930238959
2930446259
2932939349
2933324899
2935076831
2935553669
2935916591
2936309291
2936892059
2937324599
2937405689
2939163499
2940118999
2942516639
2943360881
2946379799
2948433029
2949296639
2950016579
2950627679
2951675999
2953249739
2954886509
2955276239
2955358709
2955863399
2957441199
2957537879
2958381659
2958863039
2960729351
2962173761
2963497459
2964038419
2964629699
2964836159
2965232339
2965615619
2967233039
2967445979
2967529109
2968152119
2968282239
2969245889
2973893119
2975347619
2976577559
2979152279
2979333559
2981045339
2981484479
2981656999
2981804099
2982191039
2984946799
2985605279
2986063079
2986224779
2986649119
2987633609
2988277739
2988402449
2988581399
2988905039
2989256219
2989435679
2990447071
2991788981
2992408271
2992807229
2994180419
2994374399
2995503671
2997024239
2997098681
2999301059
3000953339
3003964919
3004983449
3006302641
3008125829
3009128779
3011738399
3011805159
3012212279
3012322699
3012544331
3013067399
3014367999
3015633599
3017052359
3018784859
3019901429
3020238059
3022103639
3022125479
3025365839
3026292191
3026341499
3027569819
3029571719
3030387359
3030586019
3031809119
3032511719
3032712899
3033346679
3035284559
3035479199
3037227479
3038316839
3038857359
3039777719
3040103111
3040335479
3041372879
3041515259
3042972701
3043385039
3044693399
3045959419
3046251779
3046892831
3051328139
3052966559
3054011099
3054296699
3055299659
3057605459
3058631939
3058763399
3060143099
3060709679
3060920209
3064513229
3064523699
3064712111
3065572019
3065967071
3066946079
3067283071
3069583439
3072704039
3073240799
3073385699
3073593599
3073655069
3075056759
3076235679
3076958399
3079593269
3079780751
3080260259
3082331951
3082653839
3082831289
3083466679
3084022399
3085140419
3086497259
3086716499
3087018911
3087861391
3090905999
3090998609
3091471151
3091897379
3093436079
3094135729
3098379839
3099639479
3102668339
3106387519
3106845449
3109679099
3110516369
3111961361
3112698749
3113743049
3114522179
3114686719
3115449119
3118498529
3119281199
3119561549
3123004499
3124212389
3126177599
3126295061
3128920211
3133192379
3133324991
3133633799
3136104719
3136127021
3136597571
3136621319
3138719411
3140691749
3142048319
3143992139
3145924799
3148640711
3150552509
3152887561
3154099871
3154265599
3155756609
3156620879
3158137499
3159142919
3160085249
3160625399
3161415419
3164786239
3164857019
3165036029
3169222979
3171491231
3172064879
3173351579
3173544029
3174242549
3174895079
3175099199
3175686359
3175741199
3175838959
3176640599
3176645471
3176669019
3178459479
3178988699
3179066939
3179334239
3180469889
3181978799
3183836459
3184059899
3184375771
3184768079
3185182691
3185333759
3185784419
3186619799
3186915731
3188054099
3188112839
3189382559
3190075459
3190191749
3192364559
3192681851
3193605071
3195371279
3195679031
3195879749
3196728359
3201717749
3201877139
3203340869
3205108199
3205286531
3205300139
3206716799
3207068699
3210997439
3214055399
3214738799
3215073539
3217582451
3217621999
3219815479
3220741439
3224005751
3224507831
3225426319
3233224321
3233361401
3234792679
3235249079
3238357319
3238706039
3238748099
3238813541
3240172259
3242089211
3242222591
3242338499
3242461739
3242931119
3243813299
3244409999
3244616699
3249232559
3250718249
3251498879
3253019741
3253498079
3253709899
3253832231
3256503119
3257726471
3258959399
3260996759
3261798539
3262764959
3264490799
3268929859
3269533679
3271922471
3272383421
3273214949
3274464479
3274741931
3279017699
3279631431
3280533029
3281550641
3281623199
3281660909
3282222959
3282706349
3283700279
3284729279
3284749499
3285597839
3285634439
3286576019
3286637771
3286728899
3287113199
3287630191
3289830919
3293021159
3294012119
3294019959
3295730159
3296748599
3297898799
3298054979
3301041371
3301228139
3304066529
3304337651
3306461339
3307811779
3309215309
3310360199
3311164331
3314035619
3315076379
3318281999
3319228961
3321206459
3321465839
3321509099
3323364239
3327110419
3331616399
3332166599
3332733359
3334591679
3337812659
3339174539
3339721529
3340680199
3341190299
3341938879
3342307919
3343879219
3344615999
3344743079
3344831999
3347356319
3347366791
3350553119
3350659619
3351175631
3351889199
3351968619
3352409999
3352688639
3353152319
3353631439
3355484159
3356782259
3357450539
3358730339
3358817291
3359321999
3361215899
3361589729
3361803719
3363590129
3364693289
3365477119
3365998649
3366233369
3366592991
3368498561
3370412051
3370586839
3371036759
3371951099
3372301151
3373877999
3374811569
3375277919
3375822959
3376709279
3376772099
3376909199
3377624431
3377947211
3378721301
3379264811
3379986791
3380550799
3380660639
3381049439
3381517439
3382758119
3383748899
3386947199
3387327299
3388247351
3390173599
3390421019
3390732899
3390824651
3390976259
3394565999
3394760039
3395946399
3396378719
3396572651
3397741199
3398231699
3398336171
3398664569
3400196879
3400462799
3400651391
3401144879
3401971169
3403477811
3403761479
3405110939
3405483839
3406848191
3407086799
3407811439
3410388019
3410702591
3411338699
3412335911
3412386641
3413072339
3414376531
3414875039
3415233599
3416000279
3418813439
3420766439
3421257839
3421832039
3422009999
3422555639
3422803859
3423445031
3423819149
3424650179
3425993549
3426340819
3426536399
3426551099
3428242079
3429105119
3429662039
3429842831
3432677839
3434839099
3435061739
3436004459
3436614719
3436639919
3436979951
3438583199
3441191039
3442794739
3444007559
3444235199
3445417499
3445589699
3445847939
3445989119
3446533799
3447036179
3447751289
3451560649
3452903999
3455024159
3457187711
3457553399
3457730639
3459313769
3459422339
3461974559
3462825809
3463067519
3464227799
3464243159
3464642399
3466522499
3469927999
3470522159
3472325189
3474770459
3474871399
3475605419
3476260391
3476512951
3477215699
3480063469
3482180099
3484449959
3485842141
3486468959
3486721109
3487263779
3487393781
3487530059
3487578119
3487797599
3488219459
3488283269
3491535599
3492696509
3494726999
3496688159
3496977791
3497456339
3497532191
3497916239
3498397181
3498571031
3499537271
3501798551
3502139159
3504577511
3507008399
3507826919
3509167199
3509674109
3509699759
3510422999
3511492991
3511908971
3512146199
3513060479
3513767039
3514000139
3514187039
3514207619
3515872439
3517753679
3519312299
3522283399
3523388399
3524648399
3529708811
3531050879
3531905579
3534714959
3535921439
3536671499
3537124079
3537182951
3537299159
3537400019
3542471099
3543076319
3543094109
3545596799
3545771039
3549691529
3549722399
3552542279
3556205839
3556337819
3556614599
3559612499
3559683399
3560335799
3560518499
3560884711
3561218891
3563301239
3563858609
3566365739
3567640411
3569932799
3570645119
3571385579
3571564679
3572487899
3573291259
3574054511
3574646459
3575239079
3576480419
3578541119
3578735159
3580223891
3580380959
3581214569
3581735219
3581957279
3583700129
3583807359
3584483759
3585389849
3585415019
3586211999
3588901829
3590404271
3591901679
3593834789
3594161129
3594317759
3594670799
3596963759
3597779959
3598813679
3598813819
3601912859
3604043519
3604267799
3606497159
3606818461
3609251099
3609425159
3609484199
3609761231
3610838699
3613819439
3614213819
3615594751
3615777899
3617210519
3617617499
3618596741
3619665719
3620486519
3621088799
3621410099
3622428389
3622886399
3623167151
3623267251
3625457471
3626056979
3626262919
3626927639
3628529519
3631257599
3632344559
3632821919
3633052499
3633286589
3633311399
3633710219
3634342799
3637404959
3637472079
3639175289
3639343679
3640181999
3640360919
3640381319
3640835519
3643549139
3644071391
3645353249
3645447961
3647633879
3649035851
3651241019
3651434249
3651677171
3652333859
3652369699
3658057199
3658194359
3659467139
3660114779
3660824771
3661346639
3662265599
3664370159
3664437599
3665000789
3665486369
3666579839
3667147619
3670381259
3671124839
3671309459
3673698559
3676293599
3677046659
3677176999
3678043571
3683212079
3684183449
3684332801
3685959059
3687344471
3688314419
3688564571
3688911859
3689791559
3691900679
3692941199
3694299569
3696442399
3696779519
3698527139
3700619999
3701525519
3702987119
3703749839
3704681399
3705890039
3707106479
3708483419
3708741959
3708809999
3709069919
3709447109
3709538269
3709662179
3710523679
3711871799
3712998899
3713104691
3713884019
3714243961
3716350199
3716896679
3718768619
3720420521
3721420999
3721465439
3721640999
3722436899
3722669999
3724746299
3725913799
3726313919
3726340799
3729174091
3729463471
3732523199
3732566039
3733197159
3733901279
3739006049
3740328899
3740458919
3740485841
3740675399
3742778479
3742851671
3745531799
3745693979
3747355919
3749684399
3752031989
3753765539
3754751309
3755139749
3755272289
3758695919
3758713199
3760190459
3760372349
3760825319
3762879119
3763424279
3764743751
3766793759
3767412329
3767504399
3767996539
3768964079
3769302599
3770380991
3771222751
3771555479
3773059499
3773187599
3773728559
3773786939
3774709759
3778560899
3778613071
3779206199
3780333479
3780927779
3781064279
3782887919
3785110289
3786740579
3790871999
3791285549
3791855069
3792666779
3794618879
3797447051
