25736391511831
1090995446010964053236424684934590917505181
85699516551599691381700943685692506969227901577694596314501761463076779510912167772051
3632901770248373258454627941077532154040169683530489586896884143249623628905143330978147912784653463199627301069401
12474236029213865762209584245192797792444004263858873898463632320891374867799603354610043785937154784004325394649492207151381347773274027457326841
520744207858735916249412846535921722723572239585684776060222857410464611216927584876481374858165478113111472552387805154978792168887271104840321636494481549030503361010340341712572929699320296381
144833747843882186014624525642572443888088824548722486703564085475956913024835360189727159218195397230938750319901617633395413861011497155397855955953429616472283009134924441781798466694685492742074405982457629266886908587585911
11731533575354457067184586577048367954935194788446521422988690923552509955011664175367899896673827175706038775912031028305028522741931269587226332432227798934254923739928879784325675802269524912108026884579067970617839595594458801
40905328270353678947683425464486234007776308154251825920389290311653175215531882419723321795851812381221702165351204337721962922956639699410866484781132279002524492653828598881391010691136539861219164168038921651069009434238907269799811251
21738768561325029493635827312272028687326648981803744618957604832515275089717479125020181858509283023688842620456409384443297697738999558494610295538569719485380618900443324418125320112708293880386173824626772561165765442741359118369681491109121
11552872902999134999127317702661159197621561661538763844043448469796750308954546823679850467068031879392222211057974659677930571784111664365934190071313030293030161489070500772092938246017808408086308603533476636678495552655910631225501901316522439791
6139670328442763303071220847219949105143200350969822196042294298237254780941113318523243412069101930016081964066861111113899100999520087022296431905688668131958242051913116000821843194401950118201795930570434357273056354999009801769111955937554001925035261
497313296603863827548768888624815877516599228428555597879425838157217637256230178800382716377597256331302639089415750000225827180961127048806010984360782118688617606204962396066569298746557959574345470376205182939117564754919793943298068430941874155927856151
264292675660453996376345286939660774763299010555300015492639946856109898361088222451854191174426663501963805820318195595870013822877162319944515283539678409937997629259171420728013654695169508594149731122200858626347577730919330213020268785008180543300455800810021
1734024245008238670225201427611114343222004808253323401647210691322937043147099827506615348295413339236384529987107681304503160691897061981155964775303830047603202445569423691396497588455007145886216385892759833447466457492561725527625983498438672544594290509114548601
140455963845667332288241315636500261800982389468519195533424065997157900494915086028035843211928480478147146928955722185664756016043662020473633146799610233855859398091123319003116304664855578816783527257313546509244783056897499767737704663373532476112137531238278436691
489739663764492825657923455085066499080081562074539411555011907436884677779580101782128426780233962858836493294537867336665497092211946467903606688057424036288572631713377965267412801494181965136186839834559187134422711853419297646048951679795789073974706270688279467149280705141
11203672644902686524025998488056921654580156726587314176940929184436636320942965723084124023637573256019351795327647352960733211911808741831204863236391376139267825046484844425755979493947085607166319048357225773734146757010699168578248565740815974312763961500237805826455242294830746162711371
73507296223206526284134576080141462975700408283139368314909436379088770901706798109154937719086118132742967129144694282775370603353377155154535107693963818849736200129987064277384981459786828668618219276271758301469736872747197245041888839825493607466044351403060244027372844696384525573549305951
5954090994079728629014900662491458501031733070934288833507664346706190443038250646841549955245975568752180337460720236904805018871623549567517343723211069326828632210528952206468183498242733122158075761378012422419048686692522976848392996025864982204749592463647879766217200420407146571457493782041
39064791012157099534966763246606459225269200678399869036643785778739315496773962493927409256368845706583055194079785474332425728816722108712481292167987825853322655933280455426637751931970572014479135070401139503491378433389643251102306446925700148245362076153993739146151051958291288655332616703971821
893677116281543821066737531233874246992285943513713506624023082133270764523092328717157354856532801196419995912216257854657521441343299811001529626757487716618594146726751722521672391653827182817523575624913995749128367861881747043056718471334725145541778326721250268845900771903051235976166941071271553993554710851
474936660353779929811528060336461363695827434106871419673777450791987548368916710265774821822310648400626639047584120290537047852308924594858463906373626029607502291930611662168640097492901571863727546553679918814912528944886297530309105521124597666071868215731067964125734352120929451898410135329857625925888709089432721
1656001738784595000653710910754960294473798806031694633031251724167047279438971778622940212908587162619500563656173807364352166364021310110437736751565083717843003144075404918038296123321368409002825707037372450070783412104490530947326613839320223119460397039538790588384438141645098078500856296568446559629281932915060925957633171
134136140841552195052950583771151783852377703288567265275531389657530829634556714068458157245595560172179545656150078396512525475485726118945456676876771781145283254670107798361101985989030841129228882270027168455733456380463733006733455720984938072676292160202642037659139489473252944358569360022044171329971836566119935002568286861
880067220061423951742408780122526853855450111276289827472761447543059773232326601003153969688352470289669999050000664359518679644661849066401141256988499656094203433890577265047190130074031348648870696573648252238067207312222552257178202985382178694829152863089534409081614190434012567936573571104631808095945219710312893551850530095841
467703803496663206337937464517095793739794262586782742201951816443731228946360881163717148805147725163212513965131403067886966629038737729697288910755225245734359567110242272313943769916673293957304491857796200817650674721214865394107041372754490427758699826713165255896742126978442073116780595201416632726317223508068394462088997564663903311
20133115139759685474194625750514822363390470218973974991182345497896510411441120816768687427530677488885488552365615236201874312016541041242452610197674080445283416399075375338704361873291228533131072373049324731457380470185889091672680854108419550940899406763269971797480663148987568936119654699849320593729246877846461425327490155335766504604974071
1630782326320534523409764685791700611434628087736891974285769985329617343326730786158263681629984876599724572741614834132351819273339824340638661426011600516067956728325105402435053311736589511183616862216995303248047818085057016425487149182781983626212851947824867715595933715067993083825692030687794968092068997105563375451526702582197086873002899761
10699562842989027008091466103479347711622594883641748243288936873747619389566680687984368015174330775370792921757734926742360286252382587498930257616062110985921864094541016545376384778303763782875710233005706184610441734456059084767621185788232594571582521629678957082024921104561102622980365413342622785652064690009601306337466695641795086973772025332741
5686186376840931502207136837499168027212423447557454328161715901121308596010706351503100522352261521593829561131852407202886692886252454683018995037737664324469301376266972373891371302966530528535250321938785500455557765801062496067989370596484118291716386877398214630628406096729056939059308375632216795829718910923392527841289638198571222816428378914857276211
37307068818453351585981024790832041426540710239424457847069018027256905698426244372211842527153187843177115750586083643658139592026702355175287626442596815632843086329687605745101287118763406797719777362240371668488914501420771036702078260483532300111951214302609686191552972400639342577168122252522974397438785774568378375166701316220825792898586594060378589221191
19826505959947667620205341795864570927762221590349973302704206009423437221277341735412633804472817300565889571607218877669325362926262726336710031484280094296733762642135510884782373127682743671986996201166385359873417211549555980515989172829628889103795465280193194239325103205568172858552804058003062036749265750822393572076966914193711880203817758134041657834299032661
853466070462704422647713310996221138512091507139971593118956501614174072925340993305963467256309918421432990505785472612964579156110575153315708783205021105045189491736230181249689961745256443362539741099669265164955586022171713967153221961817815322791023434981663258519034945986298783521895020052525628641637389730507096649390585281527655261519166169241571847170534689533335421
5599590888305803716991647033446206889777832378345353622453473607090596092463162257080426308668649374763021850708458485813660603843241483580904365326608143470201488255281406219179215839010627524901623241354930048747273599891468615338492289291486686332831904756914692639143388280616106318687153226564620649517782914021857061116651630032102946170827249236393952889285878098028213698001
241044026683042095286102389179236536492544102375398879032094013845292511715951948458271385870319231082248242724350664778903106002331543879333271141896574628289735278709875470004672553220671399099360728117721335782940286165193679764732398137781915061783928143969479594837959114310351236806862971228177013570630785638465868811768451172187156567093618937076513536112233083725831165186232685561
840468552192658949069937442678993148531470028967087857561991385841243957133290996749856667677280903827897520740927640805059463899379096828706276097868433969253022278224981193464835655682679345126496435872872845272839311715273431747458275766139430177335151884897663671368795962453108565329226857822919422584840735094577616943786640771112342570686740416436587941181484501611355067531010387970868582011
68077952727605374874664932856998445031049072346334116462521302253140760527796570736738390081859753210059699180015138905209816575849706843125208363927343151509494804536223476670651688110297026955246211305702700467099984248937147971544120337057293844364147302676710757380872472958701793791667375483656473229372099542660786972446717902460099748225625973731363623235700244630519760470011841425640355142901
237373143622629823196739017987494541815517866122718266815636577826457357065597609746152496155281700562545835379629277278533806068743991141031930613216591198057486087847448057905215720607300841064229014695074018332259638786539748376608830674518234419802230578639380614824521754482695731803504448617023221298848731709968866049911232785945315327017140073666954445957080759289580309329093716968208391748367768535351
19227224633433015678935860456987057887056947155940179612066562803943045922313406389438352188577817745566212665749971459561238291568263282423586379670543887042656373115643292690322473369191368126202550190300995484913030741709719618505315284635976988003980676869789829800786262113098354276083860337978880925206747268507478150042809855661570541488388345967023310122523541502456005055656591074424879731617789251363441
1557405195308074269993804697015951688851612719631154548577391587119386719707385917544506527274803237390863225925747688224460301617029325876310496753314054850455166222367106707916120342904500818222406565414380634277955490078487289098930538055514136028322434826452976213863687231160966696362792687376289354941746528749105730153467598308587213860559456023328888119924406861698936409508183877028415258261040929360438731
10218135486416275285429352617121659030555431053500004993216266203090296268000159005009507325449984040521453625298830582440684038909329407074473169198493513873836345584950587110637665569796429868357209475683751341497665970404955103778083260182228246481823494896357976939159651923647102494836282821875834457772798975122882695536900912502640710139130590969060834954824033419606721782783194417183432509450689537533838514911
67041186926377182147701982520935204899474183142013532760491922558475433814349043231867377562277345289861257235585627451393327979284110239815618463111315944526240263382860802032893723803434376366291651369961092551566186431826910435888004270055599525167243950015004686697826476271048639468620851594327349877447334075781233365417606886929825699222835807348008138138600483266039701616840538571140500694505974055759514496331891
35628435421340816057756889292908326226981459363174813863768587816398743021731469884186830999074234658189156406536861438395921614638726829957852091654340856874969651812450927493163073471820968410478401495703492986696885683516525108958756877282617867254405292039924105703379600375962360007843333992140921146220488668567254440950898421596873499420683084292832792940515979427387405066955352658785478829588949358166892143445116551361
1533687319248975554750580699219711997669853553379423886620578408296515915607171521024492825891299837619598981057554850554287925283222789644410100748710839304797750485037719401989420231243978589115677225711530961323797549587230155254842207803216089481315420627366133839387890414475546817759189810069506425264353580199476071655624299053820988001855806358973055537361160962452485384831213385359346706028722047704139277535973910998924518121
10062522501592528614718559967580530416711909163722400120117614936833440922298652349441697430672818234622188914718617374486683077783224722856974671012291816678778040932332476996452586137191743523187958277893354637245435722841817048627019725396900763086910474736149204120223949009374062671318044343866031656159423839688762506132551026092119502280175945521222217380626577074650756609877591021342673738254445354986857799913524830063943763392701
815064322628994817792203357374022963753664642261514409729526809883508714706190840304777491884498277004397302092208007333421329300441202551414948351995637150981021315518930636712659477112531225378224620509361725616880293550187180938788597757148961810039748453628085533738139869759299076376761591853148564148913331014789762996736633113461679684694251587218999607830752743046711285400084872728756572798610073753935481792995511235179444834808791
5347637020768834999534646227730964665187793717877796042235425399645700677187318103239645124254193195425850699026976736114577341540194729939833476137443375347586480851119703907471758829335317369706531735161922281772351605982778094139391989884654338435670789604253869186855935685490761240107932804148507729381020364788035635021589049857422080411278984663743856426977568747129472743509956849973371874131680693899570696043843549214012337561180478571
1510330645044377839168939984798371518759977936559269619210407494699789423882482062709473076906043435004747262331298877295610331478422424207386141683825106747802952048843720344433213358766992870049243868959898359521911139239071963596469062306287165459292203744240693700294530293376702694051524208286757591896927366665906438213657885779296917308132233482957485016782687565036088886243440514146290275603652852735552196048553274058195416367619508542028586940711
65014781894975365461288231391359740022407036201222579261926651720650814088619942140959191598585994960530989077089232338557372463869167614998997380330089582967891039822954002268840438588315646085999057088077304870697402197616483115859360310230360157406988352053484498563036263365035068770784322218865942053018893110131974657887069398591261975523239285847729112379124669242277873217322121892551910678923550932561402164239375242019675851855750418365821356061035339471
426561984012933372791512086158711254287012564516221342537500761939189991235435440386833256078322712936043819334782453373274920735445608722008421812345717753852333112278401208885862117577938953970239813554875197256645655818561745723153262995421392992747250577822911795072080923937995086205115938077979445809856957695575885730397062324157269821407972954446950706319436954898585126178850441737033085964417417668535359599574540962891093264025578494898153917116452862270051
18362094715011203290145211941002005082853083788224280106457227336483730518704234715844143247925111971720969134678785866054874369195841929331463093406360467694828058683310011164972427419846733906588755557188730806126790941883654089417521752403528981590145919140631671450077042422181095775242574559096057447511531507830258087364283561087609554123868838945623596355685739474608977221370771066180818619279292505917912103317556983532644245121488414333480755085169070871790317433611
120473703425188504786642735544914155348599082734539501778465868554669755933218483970653423849636659646461278492627514067186030736293918898343729355839131028545766893021196983253384096301614421161128825210715262818997875369698654480668360217519553648212947375481684396383955475331930169381366531682229232913123158222874323311197064444295806284606703452322236415689654136692909499549413628965212350961091438131327421309866491368957678892242085486441967234113794273989816272681922591
64024665421985604172318202020724723632614845127526407364649679650562249762905564339848026224074756039175028303400458703379411360526776553254689872596503632941390903394077945977161697522626269596291463998807729987791049884348022635860874022358809110359936966173361837298685681765876301146202810963735585768583084329122553254825879125341007587697671089405581642990525484058216517350039928390901417007113394971950776108336758039610237828172026153000205508864668942763421949770353623750061
5185997899180833937957774363678702614241802455329638996536624051695542230795350711527690124150055239173177292575437154973732320202668900813629879680316794268252663174920313624150097499332727837299608583903426129011075040632189833504730795811063537939154894260042308821193540223035980392842427688062582447255229830658926813640896209152621614603511358241852113082232564208715537905353234199663014777576184992728012864775277401208429264081934118393016646218038184363837177931398643523754951
18082456578482502453042569447952601251256237243366884566085193768653434251573970684279000804448165991237358721359447387718229418832203081924780872656835464992869595485019283962714336843302463331874741173760165917091630007916760689935082498538332487306116972428719959997762334251647917295504828913707106388865940639211417565203710917733394474054957203744012733244016535137180245814709871402284719383085126421734333692625759612981369707712797469922457629366391186062189580515062238351188436529167401
1464678982857082698696448125284160701351755216712717649852900695260928174377491625426599065160301445290226056430115238405176582925408449635907250685203672664422437234286562000979861284307499529881854035074573439284422030641257615884741682381604931471795474766726316759818749074383481300935891142010275617498141191776124822781500584336404952398451533503265031392765339346111599910991499583585062270029895240160481029102686528651490946324736595063719067978677686071037356021720041306446263358862559491
219840457759113455281385987298113310782229309386056066683570585073932529887190491168211840913137834292840202353594278367403585059779300452647299793286368640258101689795842840202721898221785309841546928600619180417541466792478589890679083138676839882857005796151988956454773933709913070304755302657661631586521146722782610081230516110645867151336596648749783406732420203494470802968161559569005527669038088089268271537338876618035893542450057105136664541257317254083455528857159968690884222060581733302880343049332301
116832232711961013788195050475696635995418726409435022134383435302275777615778401816925668946718883794421289978996496889851328647754171211855333649443901036547405820126792514840174728312883806847501541282441657860278654653661614290092382622301558464185410017312809163007281514104729911995829462799690355151972384735502313084179226712357750284773472259608233643457284125365305058000202747378911866629961270572248819494074909928765613300093200798010934140470329938827365689711377950921052201856097616928216032390480207442171
407368806554067588996824419944066659997001122707704774401257887964767901190841102927966480259909504146519844721062602989178627938113667864180443637531396458821225510634711982908282250795776305041365359967075107819798650559653374239172808576364548770911204820155442927063655432796033737465160947946170117974047295478519976161334327588891517624401450893408211439170253998148674102841507194398133532919141397465457527302605107865099961639963104388665276988430289234026542918808238831486868399938544417438577198497237128208606388222621
2672746739801237451408165019253021356240324366085251024846653002936842199713108476310388076985266256705316701214891738212000977901963774856887890705843492166326060575274345319861239847471088337376398126743979782405698946321885788383212797069527804485948414825039861044464643294574777351508920979474822144027724305634569563594514523310717247133697919311651275252396036481853450788743128702446154109482486708770866836632392112702920848319797927894032882321091127664448148090300854973385343571996789922814504999340372798176666513128617201
216492485923900233564061366559494729855466273652905333012578893237884218176761786581141434235806566793130652798406230795172079210059065763407919147173322865472410906597221970908760427645158155327488248266262362374861614652072748859040236562631752163361821600828228744601636106860556965472222599337460593666245668756400134651155676388168097017829531464243753295444078955030129513888193424898138482868081423410440213767223761128936588713903632159416663468008381340820299995314369252844212829331739983747974904946570196652309987563417993291
115052983211883464025518336705744438729118851936373663081537939601234426792076460622468384951711277663108147253837805700017044947472999968371267959492937876949523524612934241441722550428170495225395682146870736122858831352312193726397202359081581001449169833365754712259838094266081254287523450414499395358583264449570043959144823815404441647252344030889164495084096763940167058990255401921291613473896059738667757644667162838123189642705660178432551050101842188146881049809863710100781310232889228703007531459710211879100272100690421772628761
9319291640162560586066985273165299537058627006846266709604573107699988570158193310419939181088613490711759927560862261701380640745312997438072704718927968032911405493647673556779526584681810113257050253896529625951565339537287691838173391085608061117382756502626131693046885635552581597289399483574451024045244420415173560690730729047759773427439866502022324101811837879153531778210687555624620691385580838832088369218040189887978361059158474453036635058249217239897365034598960518163286128864027524943610048236527162207122040155924163582929651
4952653668539631360420024720556239951273973795145386826418963936929189625713440411082882898336913842117348407662872201220843429098329884671486796268531798259378470246949613282688468387689885848399440043981025600945325835609035708238170705131926633608283009498512134053084529949043699516645075750950289826669628740029860252267042629375870501750052070093701245942990984934335232081744066005248704044850644466569763875025604496554257108179640238821796242371991022259188295571352306176733214943609627651883557067644868231610515144142504493418675716723521
17268835555019411077802951003669881505315091906195704313468538145866246228508652521406823608030820027175747239321091658073370024643406137024669170706581681343279802012306529427060554916778714401669818362487794005357812977463876042136840807429172433141803541912746941725516044960742896341969289981876831494060655271197401001814649126509809631298124758940476112708285501552666096527339966221415565389050831500832418657692591234180841934944139090515753756703073535725381527919968603652409323003958144330005845051857428357679999312170351188724645651149068288443971
9177367236195070842598678084341325497066157757720551296054033380777303761924866804628963745075507026062306288612040271858169839266516400866527208749476475314753961261222194305246488365527796760337809940378875734001361486556379747709244815540966827041313216117652147457549972449982165574872501437258605206035088697980417985805378946441499740266706720016085565813803955230650423004586078988675309485922562943633881403862808378084300818748648222402782692216038102899432484579316034693640063026546520180882636300204163583833816514459123606087014409492312000278952458641
4877229221370744643661484079820438363486335944920767501326251553913671088541113139518821121646672529437578116326271294116577637549636742592908086345030527517748159926625184163774499023464457838110686052524890098953417549777009009502348774015906951529662536886781174896987814908790972055275817036318150409300493572743411314794396392675817063467078885992068529181653787771732091451980230403820595148508172773327733567150254747257498911416600359961957236733983505442977299037316292793622768734890909231448449118016800899156227282260671108342489024795003781740246773572698111
395055566931030316136580210465455507442393211538582167607426375867007358171830164301024510853380474884443827422427974823442788641520576150025554993947472728937600954056639917265734420900621084886965570254516098015226821531937729769690250695288463073902665487829275166656013007612068736477341179941770183153339979392216316498346107806741182140833389765357550863713956809510299407610398662709468207029161994639546418939170634527857411824744629156918536175452663940881161222022619716283444267526163647747324378559360872831654409863114359775741611008395306320959988659388547001
209948725545393682237940323629972140330692890733275645735458280617138257434195594346300767072431372953063712089202545368145259038438336509745730971538438854539327588624814774271619166377846969973413869621630289645310157261754519046533956519754796104457906449517477823842838208778365421382254674009434287905194151988178831456197553878922340578106637490291382188563008920802963027479877875708982493411784879593235188427451781184119070797554110463781943783618739177405825200992923044641389904978371935122485815065965301618527251232063358473579897495912609986517297333134108806824871
111575360652569563882213243530236024229483760544182742445297684109452572669086340854992425953740001273549132216397889912992484608646707993075781013245359483295234793026360188453683561399009371569641040285588822759393275285344083356609052386815008596549214261438017932180861780511383297904806806210247767398624285326749746367913084230968367599169569534477942441672114023880447474286933778144657365281252368195908501773073402044269423103722954018982739986310126367179729150640880015767264892491610959573428984044471665857451740922018983290557774305125293363844739012018123918407816335541
732045941241508908631201090801878554969642952930382973183598105442118329281875482349605306682488148355755856471786555719143691517331051142570199227902803569900035477045949196444617846338900486868414865313748266124379279147142530902711992709893271401959394769294835653038634141935185817553437455545435601902373936028805085919877745639383459818151545715709780359810740110679615878796572518407096973610296787733355680133134590812451684983526301318545757050180739095066202957354813783449024959637459505761267564315778599690740872189366549369349557215927049760185332657850911028673682977485321
59295721240562221599127288354952162952541079187361020827871446540811584671831914070318029841281540016816224374214711013250639012903815142548186137460127089161902873640721884912014045553450939436341604090413609556074721610918545003119671409501354983558710976312881687896129365496750051221828433899180283754092288818333211959510097396790060245270275202972492209144669948965048886182522373990974854862434039806401810090783901855808586483665630406802206321064639866700362439545739916459371021730634219966662672709578066574950010647338690498917314134490091030575011945285923793322568321176311011
16746863065278574542081126644207568383614557395997889266022719532376386708420571988022943208330271345971259195369955119843743825491479888546393152010173444411347987366290994881932754353822767934979962649631529362496295802372838293878027495158495627347926116889894145541896724771259751278494012295451635026522339717858228268732362547614581452339748998142829168022112843157928682594035119649682758336123494881958366200379485931072614778041485673583806600706414503991376990715605708803799820336186401183341533925850741671847290752873881113826735663349506105052796222608141589961982213866279855549530184351
58392700901696378432844190459528426446128022724884620121693357777087999635664585755335957208914883385229860756743770935941251528163758233788782207242294559277928789731528514181093964611874061954331116014297844978925558623995391349189360066767745576063457784072185541216709191885418793876992728843682964260423315406250811456913237774899142368162161758979794713067311084584825309939361870840682426365048116764015767598928831824862954406357129577516994621543961673157285529737495812723637583074817319474403201548068656715677794251232194588019567327717445298152357150421791631478777766348390500230635129674156956801
4729808773037406653060379427221802542136369840715654229857161979944127970488831446182212533922105554203618721296245445811241373781264416936891358786625859301512231968253809648668611133561799018300820397158125443292970248543626699284338165408187391661140080509847028838553444542718922304036411036338320105094288547906315728009972259766830531821135102477363371758452197851370850105088311538095276535568897457885277175513235377813899306914927495778876564345060895525740127908737160830614644229060202877426659325393561193969901334349807761629584953545113069150340929184165122149780999074219630518681445503606713500891
31032275359898425050729149422002246478956722524935407402092839750413423614377223118401496435062934541129942430424666369967554653378875839522944204999052262877221753943713245104914757647298963359071682625754461033445177800694734774004542703243117476688740068225106356209749149644778849236782892809415718209523627162813337491473427996330175119278467407353981082107204870102844147539484412001443109349867536221185303548542337313836993352668839299805209138667944535544380979209224512209662680786863991078796311833907154993636522654669088724051706880209486846695386836377307366424713134925954995833068963949163647279346671
16491823449539778907384549897978295871023239575374197845175620849799460259048245831266409666946280995472637735167315120321927212546323155031912991248901333635733606137600910691801003718838208386508414086313576526075138735579010543031748178754225594928940710597618747050465297836370916417245137337528698700987445943032682889806130047797704595564467997431607060256135063372325596612531135398458927476002953316922938903140888284402845584335680626327780149862831111914241371971929483993215344740051786282906590757323452356973187236119995180598763156125409899294643075711192604120115973138184448940522003270107477873783274249341
8764431145846869642319352582331483535992461463176439077037977120038274959528858812814052019811598518514974070615053114859005319762830523833314871982307373648707903379372765578961417217343096303134418090444573422593897804774844941999335283865324404394631180180709104551246328347458796191697173031793589166351469259411232027641459558731659927971376437023050687709580674213652087389360159127292410876774485513698843573624096810751332660184938447736261810623252828946816348962134176902838356023997861353974161498662732844042187597950846358772587290454443962291044410799031908726198552880529881729399953939869188148721257050344096811
709918922813596441027867559168850166415389378517291565240076146723100271721837563837938213604739479999712899719819302303579430900789272430498504630566897265545340173729194011895874794604790800553887865326010447230105722186762440301946157993091276755965125594637437468650952596144162491527471015575280722474469010012309794238958224257264454165681491398867105704476034611305819078538172889310685281018733326609606329463551841670857945474980014266637206660483479144692124265932868329129906837943826769671907081391681360367417195434018555060579570526809960945574597274721584606822082783322920420081396269129404240046421821077871841701
2475334226041171101285085011603891285363433771355176738447971328446293293798564628645964655198811598531850423221543213810824126129329413698801542599686925172473046875997583678981144670077063523239598368721922006964966289701642885537519593632192129561873083623387666216305068026025918522667280600087516864319988664868834608531919202830889509716677693743985493242385153361037228203575095113489597080476420752001213566324379259592769260569068849531668066909987098199921320838008301003197093065125770094738225499317951938491569905698504322529788456532160324116448715759356332825068956431221021866504179661500004554617123121600336543920623954151
200502072309334859204091885939915194114438135479769315814285677604149756797683734920323137071103739481079884280945000318676754216475682509602924950574640938970316796955804277997472718276242145382407467866475682564162269465833073728539087084207562494511719773494400963520710510108099400336049728607088866009919081854375603291085455429302050287050893193262824952633197422244015484489582704192657363518590080912098298872274720027014310106094576812065113419708954954193626987878672381258964538275187377673796265444754107017817162361578850124912864979104986253432345976507862958830585470928902771186838552581500368923986972849627260057570540286241
1315494096421546011238046863651783588584828606882766481057528330760826554349602984812240102323511634735365120767280147090838184414296952945504790600720219200584248504827031867941418504610424715853975396671946953303468649965330796732944950359485817526491393433896764721659381656819240165604822269391110049891079096046558333192811673071650751933340910240997394514226408287342985593736152122208024962045469520864276938900994438097240888606086518463959209146710453454464386667471969493440066335623504384917777297583031696143898402254318835669553307127907814808769621951868088872887471274764531081756847743487223920510278528866404453237720314818028021
699107498096362833758358863265967522101109899670384301459693913627864424870107359851601692218909346675397175145684128650102135563318386970312011421637354012177693609653782642930655391508668721418152538782736160810548682806225363946552997363995502352096112617903530540443383447081673812849192351667480916024164965882079007150321028348871147258206626679385896338034996646633843606920734419978354993854406367637632200686483385176835795081707225459004946068136950094294008114947970939563282293470090793825088484804823947630409510792437456347063079093362457009787336659722729018696190621732137162619940921646593767539902931659290849033107321827207629574691
30094285419562162019565455404887252718947811641449024987715336645336777723208972759578499448075261570628099762684399040129053251098344438081056438616036541340443779238249288024878544985419431532313936672422123131022823005677080304930725789241649835005525125047472884089445543542543076834725398237563935764916658544300373920756874367766946940973935619018681130998314188883582654904750523691905073459407345528320582443567058752842786133695423138017882851015138280499997859295901234551488474731247120246457106805705995927764849326828544093321703535132906638774809750524156253426418701456519845173032225890603782511629057866219560236181290645753017039373077519051
15993337137657534945839885185828686472210343966543311288496426222134422489999899692323157325184565084356167965980759710285224188816955266518234714794545075566506782482154439877229478825596288112964450819128685538873900080960033234332689844160371629965171277980354036993379029105792635296123300364769215586843073933441535016820954070880434049258129319306906918938875090854480049705235523061349724144340899114916218654391721270669523105677229367891361680226336102927199362342073047991277586499648700830897411297931200181847279291099088301498979448414567037017123668628308123477189381120754363038601419159528364781762658141481589311476421282069629128421467689802048921
104932284960171086779655486704222011944172066764490665363825052443423945956889341881332235210535931518460818024799764459181355902828043503626137963767010240791850999865415280034502610574737246309159761824303305820551658431178778050456778067536198264201488754829102836713559809963105480177864973693250823465277408077309911245362279659046527797182586463972616295157959471096243606116050266805515540111020639092965310591464083256862741096348301882735223983964991171305355016326341267870772245024195126151517915525726604393099999428901118346134804161047974329869348389870329598133839529533269375896263911105665601333144800066260707472596800031658836711573249512791242971501
8499515081773858029152094423041982967477937407923743894469829247917339622508036692387911052053410452995326260008780921193689828129071523793717175065127829504139930989098637682794711456553716951041940707768567771464684332925481022086999023470432059400320589141157329773798344607011543894407062869153316700687470054262102810874344652382768751571789503581781919907794717158795732095400071611246758748992671766530190157908590743805882028804212452501553142701164284875733756322433642697532551846959805218272951157583854955841099953740990586036919137044885920719417219579496697448841001892194819447597376799558913707984728805367117305280340802564365773637433210536090680691591
4516990794572980884870618212275854470219442534004402379020940525342438886325293527839323837414316504550289182945326541540095715950741899676456849233786598839509629064777569108782104251182363890178680011677235425034963306574250559858936848032149884079765774213765792492317166056294821898787583898245707780730049773107106179913872596406951008104063385573005765297718332281587562660511509457152588716323414476276570787709099373478941751269739469969877903710249448718644823193750457508819396886100165845004195436137521461587150000516065778034046343110271218593047806590547304388909510886589907042050597523734388659885112261053106187835489596455609111107651142840510567437419879061
15749773041977665205438048485789956075707271274482462280497505076112761092134845684616413590683698962142793843132799820893284258423973740168976688857975914996446877112362646503200913210978452218580698567486682326816514936970477600381657762162607762303285541262246604729614406949615472853765748348881905155053865940823447130374390492653125423028472797531204949123151401891174253000281589856163624212845095666938731584356370221205247200314949527224978214531477801611020207371372095928364792988682031991873612426279701523064795323846560104739041236067987507869500259067185334995848519959901367958262074498486293646558703883973810488341361079119202737563633836606115077416454177997637175511
677976085951333842329899355952272703793225784223960973181599842207509791272783996563736747858769388471350408725855399838843178246068697304380432380773097837571764710377160494844915317938203569665074347219698885338101336684100734500378715205298132976303850078049917426992991813540558317219127968530530033158065507126029438879477013082291639863113643571415268238723493037968250431286534519974705661839187449393020502605676633484930559967988744427535541432014670643642937392077598000613555230006551588867257661376195379426645309227727519638432285896513795282743682061492847370857827396976805374017647165817554404927485136215036991398504323133103245986337965510543022631439503809548626153455430271
360304289094062808501644043626631757976575703993766043548602601742601210983799599917828821018812262578602932563677319545754657490268994564137241364870435887896976209447548550540876641480396843266376776160783995322965912468735178443615764787418845087059894389328926167318582562379807852661250586723833411351555491172564211027548143309466151380492977853236501568055451863590884977453347191829877551633479617292876208925263395775864981719947906327313915674171308581528246290583110759044068404989911782939204278819426648637875809781292740764168092449129187878856585138441820299616054649676750424773312427449246930509067628275255473745812535990179522150225434728888494490274841344050331431618507318716941
191480471700437833012922212188980808090829368706151019949512915272689730166441443179930866471058607637035321084573238376715400931286044740159659688188109318699856933725014649247994023224983578782326540299663207258432327488297091967253605654390658451912197334159353851285954835533687465026147673059100751962082001784238696872691212828526000955800568643301859629828957393838603503302784284973261955917648041293743425347450904314521461750230835286494034659797274403875952736913778964897138757216243707836993661140074917578761358225979995444450255219257664735527422462558659421848255699078861922491953929756055237996669409438230044222948359939156995431037955257755230400406151958723452186350771147966249908411
1256303374826572622397782634171903081883931488081056841888754237104117319622022308703526414916615524706588741635885016989629745510167739540187527214202185239989761342169821113716088786379117260390844430906090302822574500650717220397150906698457110102995926709419520618287149675936523458036554882940760033623220013706390090181727047367959092271007530868703501031307789460975077585169567693709571692775688798928250613704625383207575310543264510314687361402929917363830125906891303788690127386095774967118515410740031534234253271320654750111038124493549538329795418776847364466746405641656413073469709733129478416496147995324227320146764189560809047023040024446132066657064763001184569794647409501806565649085391
54079740867517895062595700071842978004897753150540079257926316682188786209037019778536573299045786756313132422941025914432851548277193347187120771669668705616157299352969824102045747198490460934329031171618246466408877031225742636331664275545514349069946921196830176009154429985279939008054785847138556695329371051635150129217643506202319384403317570203967240617918678053334552762148118201729387688412791310289503186221785280454579479444265804717969048538092735313850921308821931517986869043724104288334906820326540985383849213877526565354577165437093276161509379165109757785346301409209591434403096833009114270431480329431317990935437120815259581476684504165826602540069531843114845455214330197016227464362736933751
28740191566374577669960921441880304073900866832076170260911619663899090731716842828125255050618191959561807407980201752992109059667979909622470650016900406581356251325441636290615293936912969049400754654875972520354800018351639892394735994260183691184081661747764625568481039425807156066379643445389161708722536281052035819821553682579666815966683492826766554321227320183342168054468758085245267522517782226731563862788891791230062173135340063525122189124132541347928247471281636107850459671465781707096991215501157267813378210072286595418601843377054287776548705972885094787202223767211754481490616184031196696992376337753309064420719638923182367239550689578391055480497092072236796583564558854232500939888397278809631621
188564396866983604092613605580176675028863587285251753081841136614841934290794205795329798387105957446685018403758103701381227540481616187033029934760883567580278364946222575702726943520085989933118351290641255706047842920405109334001862858341065197858759782727083708354804099672720750951516840645198289970928560539982407013849213711405193979557410396436415362901572447722907964605369521797294200215239169189585790503757919042260437917940966156788326682843433603783757231659078814503606865904486993780263359364903092834123574436284272352541446694396853182101936059888099106898833790136676321153059932783428681528966981151999460771664341550974999511458692074323823715007541421085945622384767070642619438666607774546269993066201
8117078982466317316949196040213908460675157788927379629674905574181985204516151045288144934156000147645322362106440441522425016572628337632294657386299956647112887878176223220176665676891899504659754327988224045467899506846503948475274003943270356415035829773073391537194621088267801477120429966055310778055659856496232019633610238704233903188887548817897766366937739618415104461045216906711541991583540464375895629379716592552772280391425664621709354773216773024103941882960732844947518250274864269387732137103720629267616788281461348647865296790073602207904235129842293475023273389386057463982169222807007877175295055862379379988279616393528081944898620748328903113113148449430218227968422739940129685458076887324185982192694357761
53256155203961507916503675219843453410489710253152537750297055472208004926830467008135518912997516968700960017780355736828630533733014523205485247111514015561707657368714200547579103506087752650072648145930737962314888664419912405946272739871796808439050079141134521875533908960125045491387141007288894014823184318471778280816116776138478638822291207794227245133478509636421500368917668124934427006779608986770251224360320563738738931648143785583035076667075247811145962694105368195700667240053384471452910551537511048624833747914667908478644212239672904086059686686895287489627696707761923021187012270836778682147110861513071112103102563157937745640479850729785933325135366976711661793700821596747190866290442457733984229166267681270741
1218330009550218620361739548440341537928661126691447016870225403663062964137301942523694674473054112385705690124234970526803746748349733038057079749329480450191477276401419577500834649782376761356350789953345211891176020551836198422200212767039394257736541102333936157095742331242499714104452238105403572104317414309311390316586612153811843605519060921365745676921021774594926510963614988162306108061571550063131473277416653876169676880757205650446837010259955208053263289599586467569331878396086613651386024998816557895149771879027278276346206394763300619586561667819073732436981866591060820335779132463644941613685234588107037777639706125570650192864679019674714369079128173706813225920554967221812856510124967411915139555028238046467350941088652971
4248054072569883311617054434726566753562005467362822198541085778846296203234766835418617163839417973895379495702122247291554056550500321649611765017575022643162100430502435197085920821341489336202223536693351602590192258005397868565668513974994006850364745083313313285491319824091722951386363748475458969023012704966361144807496650823348148972775459128786769642021404432638927852169288219294128593776108028305517386235844734313044614977034561730327089967163888774398828015321783631171438779583503703924566443995269617529321618146500772947450119732787124687648058292576089980530116087949573914389058261255549882021153444085837279441391833916863890315908204309673766156235660850760534703560279924972083375020755034932499050136210541534937072417180585137820953421
1199775942662136480180261966574369718185022159840069646985976210954020311623225370151391259181157652684092188958741917950551669857713067612141260087518004463751351488733173326654716499502543645837798366349851788553906518425139281614987118711853628179501453679663902798917652680267151769988720009825985547024903615685823384825229799065998124726870309209835207433881427553790851180924972962118934619744994531926510103249476277659517786559836981729413261339943682616714900175796968517013922517563637277333361961366470443835428457039489091655656561486999019203777193009631933376624469001380719190342350501024508754268008602650139773609422366258638403231088378803726208359831222721883015932654244599652474964471997938270632669852942723159538275630287442921347129377097824943561
97181851355633054894601219292523947172986794947045641405864073087275645241481254982262691993673769867411467305658095353994685258474758476583442067088958361563859470587387039459032036459706035312861667674337994872866427992436281810813956615660143882539617748052776126712329867101639293369086320795904829309017192870551694170843613724345848102876495045996651802144395631857058945654922809931633704199344557086047318363207578490420940711346795520082474168535438291953906914239554449878127723922654619464002318870684105950669705020198616424108181480446920555505952633780186603506581989111838254417730390582985209095708696814661321662363211666949710661718158683101822877146329040472524290544993812571850472122231832999921246258088360575922600326053282876629117479544923820428451
338852163367122039286472230544752754921718405200344363489006559967036631415206718006057086127809291456554142449890145919679241596154440908393669574412975494439383167400219436535324383286966268974441217517727668524328639280616573404386137040574542007054715428413167923365751194976398969647992918973642863515248756741848059499020141344518617094225206155934903001945617038731731793447091582528708276248122796071883804416713037005382863996069850320760253164334811252082966439576523233025192098859146657657674266466129276827426402967699925669362807522499409101424410306109620311975921980462709469938811663708390123088640400093399484470371435236581458386742263554682138302698759492732895365365876214317045917900283320609762435681182115735790299000240100629070814290073676955803248519240901
27447025232736885182204250674124973148659190821227893442609531357329967144631744158490623976352552607980885538441101819494018569288509713579887235527451015049590036559417774359361275046244267786929738618935941150470619781729942445755277100286537902571431949701466601792625846793088316541487426436865071944735149296089692819420631448906007984632241698630727143157594980137270275269214418184825370376097946481822588157753755997436011983681657875981580506311119711418720281605698381875040560007590879270271615583756471423021538640383693979218387409322452137215377234794879245270049680417479467065043744760379599970179872407565358242100086254163098129326123347929253202518599518911364524594635973359680719349922948969390757290175751374599014219019448150954735957495967833420063130058512991
180079932551986703680442088672933948828352950978076208876961135235441914435928873423856983908849097660962590017712069037700255833101912230797640152295606109740360229866340017571769325578408640950046015078838709888237736387930152386600373054979975178771165021991322374361418180809452444828699004852271737029407314531644474588218762936272318387172137784716200786256980664680630276041315797710639255037578626867238000903022393099177674624935357324315149701907256426618223767614987083482141114209803758892252069845026209006444315019557416197651839792564608472270090037489202728216795953219082783413752009372850555404350142866036315426418665913564086826508695285763830261724531443577462645865406621212865199654844468188172758580843104768744132290986599318414022617131044955069034196313903734771
14586474536710922998115809182507649855096589029224172919033851954070795069310238747332415696616776910537969791434677592053720722481254890694608852335944094888969178619173541423313315371851099916953727221385935500947256647422342343314630217453377989480464366781297112323274872645565648031124619393034010699381992477063202441645719797838057789360943160562012263686815433839131052359346579614561779658043868776246278073144813841033391644619763943269527125854487770556076125176813953762053430250994104470272417657447122929521989516584150712009799023197733286253877293036625420985560472210745705456513912759200894987752361572148941549539911938998691032947204318146870251199687046929774474315097936318242081172042401923241993445048291486268274715569914544791535831987614641360591769901426202516461
50859891880187348156142355849060235577920696975406579266213870984397416697338654293784447412610926206560765586983657238437154969158089567778922201121482281666921558979117023746736205774163929685126651514337553505495015201975780141551239277299676318477225248329369349795139695175819903376381685386693076569072231709323324564635408559518613424080280370895262754193886804076329696761283900352758605762466475822706481719749673914964123706583928493694436121075791754220193329035038260856663166327707758209910234108543589712986695432911147506468810593230893561068487071128211439572510300746622110363513294848256549868534020380680765443596533675814299453098889073074348418854020331316492579489858643141737860372453244336532582092338633446021325979431889859682142935806971556695320799421274190587063596372911
1163511190824802154501568301615616764231385415967783645932640063560823904054776445876705192447704315043719267557275506262692880157802492082581893025504540433810278134545291890611205099203598108528663513824891728948608000225955522642101167269308389644667276273896206311616862169627186215887780589222805045726007886731665767519103864702217053078240247379642217635920313999203880865602000609529269838629355010666595366128879211919491339523782248364251618118852056277373777279895508176769667267748705036974658147311427145054436449596198216839494215119296296277623641918169244802683091827386777659371079988572608791437728313910701135868847359806721716896406534237118340888630932473542430866615742745841341692673854093323734378342555792221350113230968111415169612507572872670110647707294056258530938808676083110527018341
7633796923001526935684789626900061590122119714164628500964051457022565634503388261397062767649388011001842114443284596589527986715342150553819800140335289786229234840751660094300116655874807190056561314205114633631817089482494184054825758453932344458661999633033009610518232694923968762439728445890823905008337744846459100692840456311246085246334263057832589909273180148776662359214725999121539411247198224983532197171576509403782678615535331517854866477788341235849352733394429147785786943699253747590732104510273498702157545800656500683921545397702999877488714625108415150403765479484648223133655805024886280622935467568110152435507527691901184557323271129733434570307547958911888915865888155465042845633156706297021256305508552764278092908381778994927827662185617588595959607556303112221489523723781288167767336121
618337550763123681790467959778904988799891696847334908578088168018827816394774449173162084179600428891149211269906052323751766923942714194859403811367158472684568022100884467638309449125859382394581466450614285324177184248082028908440886434768519901151621970275673778451976848288841469757618004117156736305675357332563187156120076961210932904953075307684439782651127592050909651096392805928844692311023056223666107970897697261706396967858361852946244184700855640103797571404948760970648742439639553554849300465332153394874761209853176555397645177213942990076585884633781627182705003838256506073826120207015788730457772873016922347276109743043995949143184961508408200194911384671863002185136940592668470496285693210058721760746192773906525525578924098589154040637035024676272728212060552089940651421626284341589154225811
4056912670556854476227260284109395631516089423015364335180836470371529303366115161025116434302358413954829975141853609296135342787988147832472548406379926739283450793003902992174948295714763407890849001382480326011926505851666191668280655898516259071455791746978695660423420101623088883079731725012665346901536019458947070931303824942504930789397127093717609413974048131446018220843433199699150026252622271883473334397059791734055670506118712117180308095822313854721015865987868820728426399146475110873366260353044258423773308297846691379963950007700679957892479989082241255945727530182800936350373174678230589860533447819864027520478556024111657422328436532456666201478813594832093157336683467228497834926130433151195273472255770789600713973323321010843439660619586796901025369799329282262100613977290051565166440875546791
92809149172230729536137047608262115226596968293914062684643451616912179991712859775569215218464716612129829107988755834829814579788536646594601061612228152504843582064923400176012628994727785378214586125463267380241663796367445349007291790206565055640663028399546718051983569955349899630269483423753767850161522889340013629766702229991016760310419698795448596985583489092126129997257181648561129695700774262364949146924893957684030797706714413546888918348513294596586631652632448940796285768008491626706401195972027243236278685820040923084256808744345513108784077397117292418934736042989801857790023042395678057059200088356040779441421491368393698911727570758180214947678222706748582003418516604680008375800024759897026819508865853364329030826741593531446564094887029713798830676509740999092014816278314669047446263429870934013714637021
608920827719005816486595169357807738001702708976370165273945686058560812925628072987509621048347005692183808777514227032318413457992588938307177565237828908584278741927962428554818858834408999866465899569164497281765556167966808934836841435545273330058390129329426017139064202477050691474198080743248470864909751676959829424899333330971060964396663643796938244822413271933439538912004368796209571933492779935376431352974229256364926063753753267281138193284595725848204890272921497500564430923903713562820698246772470742873224457665288496355808922171650911506732331802486555560630803178056089988960341181158043732365411779703983553915166404868031058559844591744420390271716819178977446524428887443305534953623962449684392962797668863923362771254251595159820907026553801952234128068580410695042709209602022543620294934363383198063981733495601
49322587045239471135414208717982426778137919427085983387189600570743425846975873911988279304916107461066888510978652389617791490097399704002881382784264141595326578096164956712940327565587128989183737865102324279823010049605311523721784156279167139734729600475683507388264200400641106009410044540203126140057689885833746183416845999808655938116129755147551997830615475026608602651872353872492975326612915174765490939590912569765559011164054014649772193656052253793704596112106641297545718904836200798588476557988570130172731181070888368204820522695903723832045318876001411000411095057422543289105787635673801542321598354156022667867128478794310515743347411931298051612009062353497173168478739882907748331243540958424435829986611177977792384471594379207945493469150857958130964373555013266298459445977763826033243889683434039043182520413143691
323605493603816170119452623398682702091362889361111137003350969344647616982008708736555100519554581052059855520530938328282329966529039457962904752447557033006937678888938280993601489157817153298034504132936349599918768935460448907138625849347615603799560908720959491974401418828606296527739302228272710604918503340955208709397926604744591609979927323523088657766668131649579041998934513757426411117907336461636386054655977370231832672247358390117155362577358837140495855091531673553197461734630313439538994696963008624063289279006098583791827449407824332062049337145445257573697194671749306519823072677655811919172006801617664723876229949369471293792102369681246516626391458101294953158389012371757736801288872228222723480542155938712295834518130721983330382651098779063297257254894442040184192425060108462604113160213010730162320516430635757471
3934287331948183754794815487070412337943341213429520929953080560312937703175807647245900470596791990864856705615840540409634343036544786573004557960162127919155010363261880822759615293244923425938791053801683301753398497284489905151845379752543206220714317207856661131775322509340810807871819131019807528670152877294065236090298215195251248327208272616117790060119801758775507565300477139727351368328243891293003503648144804158017892160819808329584854803510036654073662095924146608538003222966496127051022604633218483110336830719618041409284689492216642656544199070209943793545631491710732137412982746077137715919992811834980118997692751959740809821046178813625242746427960754347726405851117510027900953390941202788698720968890545858176011773456578273719879361706291815286119694001904732645134538210874406548507574086955059136370061211364057760395094495711932938371
25812859184912033615208784410668975349246261701311086821422161556213184270536473973580352987585552252064324845545529785627610924662770344705482904776623721277576022993361200078125835938979942597584408103992844142804047540683538267701257536556435976014106635200747553685577890983785059710447005318620957195604873027926362013988446589896043440274813476634348820584446019339326105135936430513751152327601608170773395987435478060080755390467138762450406232365829350487377297011358325898617839145883181089581759308998546467686919946351413969686316847758433392469586490099647441229452888217114113553566579797012100554151072838449304560743862145607859453235883979196195217659313850509275432948789181983293058155197965231496652308276890871375492813245648610053876128492154980600092231312346496950884727705201546981364758193584512142993723971607759582965952214986365992008652951
1111158947545195720576513899275216805214881387749323688608536611727234759815372115464474826138111731425534665679566513479101577370510294115610749772188888651817578618084804431988261062557042613594231289602718947811769992154540421102559344525292200213841940389735358934935593196947410989323953023236192449152145395473571314161158757578656400977390059055718832696377704734060575175803322598061332517674767026078602731293654529553917514762684981975487913421313025984041344526182075685984876407335711594955701999663613219200054358279924285108589338863056757642721790624688785600968155461726298671302699115446216526178486624327405286070368586244442901290657644840828419796114756374308487474300735204653042935643581509087936804348401312087547725369290540181027000671761946138652582855570043509572085576686781241675200945191696484140562940556811148203011697497850115661884713172904511
3874371685332165680998143390952511162316303875869574335740026853207915827389221132211901693435555056729655765376262583640887619469989890932233652893582520576683453423129232588592334088039581357772636204172873914417212692844343921624375143667573593672592942030501110052469400298797953454910736937076746370337686240621224465978198756009799669466764811607949215687658550070906266912078857878891047063902434457840032203350709163931593078915217212029097420881472799939263035032958397587693441379011081159526372018431593820004143234802505188777705897862609377726279870732952903113089174961690210738565277624934365937947555303491943868275103774837546681155447843062398662062572532931854151287295691894415772725185286901659857786675794664274794155160674219940068662102116074981656009059161663672067242173828558096372501764234863255627858752492179365857160368056034514325905408151642665253180961
166778996988793528395702080068326672253615646695776198819361264482549107613107960485629845076747870007180664158193435460728453547678822707780291962920889453741251724821939022185241988226629295664839852115528739162095632386529169222210343608792957233791473722156154774618945635699672137744528572834737256591689055385560716265337513932500919637428043617904951269875460748166832288915790125111274692357677267327426128888653242531906550353594337980614400558504333688074272814676985945564512604572145266582488228419631676755042572672580930962366236805346242214966783963357489126449181162696064190094223446208092293842731725781488033445299143441478692308174520930358860796580844367380837663156008493480877226500460718560706335042710450366325731329632253317652772418353064189350426339943204629987314067096231442206838195517025937038164115545938899844010108215965430104557753177094887502850075196059721
1094236999243474339804201347328291296655972257970987640453829256270004695049601328746217413548542775117112337541907130057839383726320755785746495568723955705996352566556741924557372684754914808857014269729984057642509444088017879266922064417290592410905859091066531476274902315825548895741851966368711140498071892384663859416879428911138533741165394177074385281652897968722586647576499010855073256558720550935242831638453924251838876869932451490811082064346933327455303937095704788848767198597845094047705266661203431189834319304803488044084879679876695172397069583588486158633077608448877151208200030571293539902162852852342987434607680119541700233933031824084485686366919894385675907966571725728035483069522774476794264215223264853463123253717214017119839836814454146328147216367365577346767594218374492319065400787207172907394762096905121876550320004949186916003418594919556906199343361347830301
581522405114951246619884568225494454986146552748359642630423473781387565141855179750218528473651120951013297775608667105068219926899628775532903351538227744350407604323481485128694696958836680933780520519572457577592861475580309775492328835989329721444220661215488554283010361624645530701945550858954217217435824560798146112365820579964373509938678246858588388466897749395900170574702210827830986538823008309576385688771591958321504562633771952728132263358598594476174179634078448690577688790037394625806534619696612674956740485664070489636512541953350759113871056571848672630121397311679722115237032446838810139145328682702009585235340130409360714021604365623283157648522275592217990205662844492632905157950252790722020568802467096989295685078729934472184802716510325978776884813489129790743517039007158572536435659754167177078779763541354875195778613750200843827772781502644241787485235298052283060171
47103314814311050976210650026265050853877870772617131053064301376292392776490269559767700806365740797032077119824302035510525814078869930818165171474596447292383015950202000295424270453665771155636222162085369063785021779522005091814878635715135707436981873558454572896923839291596287986857589619575291594612301789424649835101631466977114254305032937995545659465818717701067913816550879077054309909644663673075687240790498948624041869573335528170978713332046486152570108550360354343936792791993028964690329304195425626671495979338789709660557515898221411488223555582319742483039833182246057491334199628193943621270771623298862776404062550563158217835749953615485935769530304322969657206658690403903265317793970476048483666072999834856132950491377124692246969020037336404280927669892619513050224880159579844375451288440087541343381160846849744890858067713766268350049595301714183584786304059142234927873861
309044848496694805454918074822324998652292710139140996839154881329854389006552658581635884990565625369327457983167245654984559866171465616097981690044827290685324967649275323938278638446501124552129253605442106427493527895443875407397418728927005376494038072417020452776717309592163245481772645494033488152251312040415127568101804054836846622495321106188775071755236606836706582550390317624553327317178638359049583986826463601922338706270654400329791338171556995647012482198914284850569297508266263037333250564826187536591685120441799285082917861808230680774234748175599830431224345508716383200643683760580464099157532620463838675987054394244881067220355445671203224583888326663003920932887667740009323750046240293354101333104951916491088288173925315105832363740464964148487166442165476625122525438727003358947335903455414358753923796316181176228919782270020486644675394774546758499782940932032203361780402841
7069954858333753068777391559325748189808584364815163340975730738906506212301874484229303261624735645116754919824246191541738789707382796507861546908517832289416385734805333143150571904066996980403752219208226486369178701369150230207987008823504507512295091317869169622838826550087607286291634929889505916104487400512081644248237659698424008711354558136584305844080918186223316337070972318818969858727420086134109137024717528147302849531091996563832564475194566711431352273228710634055466850582583743780688305583584218651487477265131644431912059218281030498225006048912192060729464110359298342464534236852628083857342776008376379450959745935572395499583424920327550476551190060208011781293044005800809580152849772217868288649039995774330025500892967933107820258023557007838078575326669370027837399818835696754615717607520485531005665945219567298710446361962119570059807538123355370496334178670133442987454299151599528001071
46385973825527753884248466020736233873334122017552286680141769377965587258912598491028458699519890567611029028966879262705348199270138527888079609266785497650860906806057790752210902262583567188429018310225173977068181459682994660394602764891013073788168094136539621895445540995124791405359416775005048315561541834759767667912687285281359921155197255934129630643014904219811178487522649383771261243110603185125890048019171702174453995773494589455305455521751552193701102264653570470037918006672331942945095972933896058572409338336528719117775020531141841098854264686912892110446014028067356424909809127990092858188025953390957425577746893083290486872766850902269058676652357985024765297063661722059111655382847355521433841826351412275379297311358762609120408712892557528425633532718277736752641180211381006407033723222941905568928174266585581046839238580833466499162397257627334585826448546254745519440687656733644503215027651
24651408315812295051998889030526084865878559139130004785581222059995409658463770254670655119731550163141772878183187282251392952368321689399368915628349751657071171173918158375145714109329673530185905919804376683547091423115390365314768087976444878947057840116016753199737473751990114269255613810325457881870341354206565689203186443577211197858639184890889785038554483713480672506587524311160782846299942067306488133009356628575294005967861738114716986587935166649372707488629758144167421183383950760090684748951962655263779791174903159016669474686090551175416209279477674296067540141090143965810493872788182938648302700696043805206463386607076979634150088010352770812178805779919546294236809449232816357248315781465666322334038020891039849142445812159753559126788333665464047110261334238697560381452716533425960408903323469237456757860408507777113291790636718269781363560990728319626193641870168213597078488982184768433097509941521
13100769086763601894729341585271813067207367347458388873254070232786020504303644527912427627485254750250226920154551232466962521999573246936090015890445820370385560279838240005045813451976271030555528027926757749080949812991866171133245667442289842912503365609096059337221682788231378317367472658973171662199056079620891476435830606761116696201193067057599358250674433379175882077573380507447597596620487512191427359894625496046682821825566409965423310069278852899309281040464887297894478481118750175893353593667779985476038396001781709730977842296650648607214365675694894705576429600121087199334294674248424729098192635560606215882728108641851597133752356922309886873195116722486223602155504250509737157712402187217895176007523499860355108468110544859991591215899518831507878660324393729147670186679613127240425825667991127815023256854093357781576864902507768194010877632216473648910463975229124065602244989263181255520853773780831928191
563945151763337563717485337734893446268229791350551324936472323425144877349038285276222984513049692847946198418582243784211477401971991679921971744921587795100103875794878642628245723885269437672706290025843349259275653014863038338111080070847034468988359790935753128488826694135498225873167050025946267027789013522794301157411274532506504069814517824762770504395830395506471405722201667730935155861992668821288472153150533127808158406617867916753196875448737451956607713659481713808907502617222606690382117900964291724171077017976212761692388234525919705063795386433614613515325709172554006886414768574157824002990479987232094365969565611563474625221037391527092375771992568115298893745602990086006763211378775192958499848841757999432245315151492021746042089416877351174165661992837946352769326326015222676256110438724652709528645746309494480376718243512944097780260120399163152768500696722239014726365537026460159078835902081740587160735392551
299703575398259878199584125371169507978234308545128346675563788033382418763250255365481219112599641816805375633769766218925131761981397230369412586092873539415794303856306100716997535747311475226220703477624215373698712313871827957444090503931018845233642915654687578357230547158063312656261770232838910095515221135567326201395805148829789029366297167309751519626624501218354670328412576500595910166453245911054366929542472475975495511771406343547235700685352480205271559954908621468319612098399399322143363119406364158185201341510296486286564495744689293978808483961666583821198210208371273973723151025819008145973263674894611461945231918174904518302093332390549499272643502391762559391056998654297520247818347667321058118168312712976271882529424071528738354041794716385349773575135791047662083552023855954292223587666268160604613024064464056145883520050762524268439218645051665070444778766763424225194427362879013401015630638222299381288377752762421
84645141881428972373888061335545196219173547199212136422233357943616731085919406899877743961482314985246966956434686683882756933578256837917970373090457780554552668768576602854354115779132407890073827900591151903095041517353387356465111474497851360857413644815422791410300990868705833235159392649061216823017595342198494402028743703401790535128942206126596427439432932065737729310315128025594255928595705798416993405901575686792459605703894172837548824273419355010478574410796643222008193670912662112561775645244409685077738177036412421110797383471084094215798024361963815840887744291177101334354088518040822134066392046319279791721781621258184802590492800999063558744459351024061914521426461746584289402259048183168794035324738684267748061734218522365745362402750954650069192329883903692224471636316791686625064630287398985118609321096902282040967041884153529319740802139243754630142977079603584712506028682202142940531431935789026216095289613305123015649072561
555356775884055487745079570422512032393997643174030827066273061468069372654717228670097878131285468618205350201167979332954768241206943113579803617846493498218420059790631091327417353626887728166774384855778547636206567395355574445767596384180402778585490923633988934442984801089578971855880775170490643575818443040164321771710587438019147700980989814396599160430119467283305242004977554975923913147516425743413893736120238081045327473023249667987157836057904388223749926709236776179595758674857976120517810008448571943795040179535901894907941632953782742149850837838844595732064490294412961854697174766865834021609598215900794713486609217074950489796223267354856008922397802068870221175079015519339522768221615129770457665765610507480695033038207725241655322724449013459103970876368292124684758405874470255947049039315624741363195755716775872470784761801931305866819402835578274128368072619279119298752054183928259832826724930711801003801195152894912105673565073541
295139360332598332462732831984910217007498501486050116766927222059652255472995578721665486451968480727927669516258912104684814988875259055223964414471958351186695374995192777806134005828826841144678745862139807134333254383155161839033177190005217433054251881946970713309314285675846938382061135037380718112576529187707967326679646298648333873357038207952743054418143119812507021116367276793959980327029276813505623101017475446028809877590948826804763147552448765982017884800283501569660549585925197687464105468699917522382379948052739238931771409358591254270858879111913410800444084786553118861022121255277945698278226485456534243330037088931528763247794689426332032237728010329282459211505167086613315319466463366180341792352141813706048049052858151710150546364003908161719673386508041535034592691976334347290755688502934928174798115613879086441746324596780175121168370262342553581054056880862314439248090427561018333817267523902410237261110953249624984351265096247769011
23906288186940464929481359390777727577607378620370059458121104986831832693312641876454904402609446938962141230816971880479470014098895983473141117572228626446122325374610615002296854472134974132718978414833324377880993605035568108961687352390422612077394402437704627778054457139743602008946951938027838167118698864204345353461051350190515043741920094844172187407869592704813068710425749420310758406489371421893955471182415511128333600084866854971185814951748350044543448668822963627142504516459941012684592542964693319312972775792271878353473484158045891595939569208064986274835970867710802627742791821677513601560536345321979273709733004203453829823071369843532894611255968836671879196131918534015678540876783532660607685180523486910189891973281510288522194255484316561099293544307151364337802008050083082130551210768737729182158647364724206001781452292339194184814637991249746840065378607349847469579095324632442485039198669436095229218149987213219623732452472796069289901
83356072736034585031803168944038643775828924676007224166019181636968544645284336710922329850964843282010393173171558038911452445907280586495702251222553765497995391054038773839025251344807316972503037653496542455768477936418773932500679766953915625589133007144504870382031571283381068624348494454012184824861910315124128654864825208904276232675159656491100108811808320485365605600453689147474344984226757446155033813107451429702715505900086026075460004046228714612801751985196124605710864952064570064408780411850214959529385511570164001793860908729395033458859084853340917537377162055224461181603376364015528078386607386062226654016406440931470244150793842280132307660904271157849625136429193082608655825759609684734680903868168163172577803280313078855740196272314523685386980142410177729918915736295506117526807807240097932572513259138580119154122146064053994084521590824351591777139003948266552106657711613620431515364353794129732311588364801493403645017404679619211254142389482351
6751841891618801387576056684467130145842142898756585157447553712594452116268031273584708717928152305842841847026896201151827648118489727506151882349026855005337626675377140680961045358929392674772746049933219938917246712849920688532555061123267165672719773578704894500944557273953866558572228050774986970813814735525054421044050841921246374846687932175779108813756473959314614053636748820945421943722367353138557738861703565805919955977906968112112260327744525883636941910800886093062580061117230175217111213359867411721880226437183284145302733607080997710167585873120614320527550126473181355709873485485257774349315198271040358975328921715449089776214301224690716920533245963785819636050764639691301121886528384463509153213321621216978802065705359387314955898057476418516345391535224396123432174639935995519671432386447932538373573990224989651483893831188373520846248856772478933948259319809590720639274640703254952744512657324508317238657548920965695246409779049156111585533548070441
546899193221122912393660591441837541813213574799283397753251850720150621417710533160361406152180336773270189609178592293298039497597667927998302470271175255432347760705548395157844674073280806656592430044590815052296983740843575771136959950984640419490301659875096454576509139190263191244350472112773944635918993577529408104568118195620956362581722506238107813914274390704483738344576654496579177441511755604223176847797988830279516434210464417081093086547306596574592294774871773538068984950495644192586008282149260349472298341411846015769521422173560814523574455722769759962731560244327689812499752324305879722294531059954269077001642658951376271873358399199948070563192923066651390520111935814995390872808799141544241410279051318575282967322134110372511427742655589899823976714353176085998006145834815637093386023302282535608259493208224161770195400326258255188546157398570793649809004904576848371781245896963651172305525243285173696331261462598221314959192102981645038428217393705731
3588205606723787428214807140449896111836494264258098372659085392574908227121598808065131185764455189569425714025820744036328437143738299275596862507449180850891633657989103020630618906594795372473902933522560337558120510323674700634429594238410225792275869190440507838476476462227316797754183447531909850756264516862170446574071423481469094694898681363428225367091554277412117807278767430152055983193758628519308263298402604715463907324854857040469051740836878580125900046017933706183270610260201921547556800339181297152887749418003121709463830050880732504089172003997092395115481766763033972859810874999770876857974418284359959414207777485379979719761104457150859290965108768240299773202454410882184759516498531167671767892840855701172431548600521898154047477419563325332745111222871188300232918322822225394969705698886275716125790534939158725374252021540580412292051338692022977136396881178928702167256754329978515341496551121194024621629406456106930047447259387662573097127534320103301911
