1000661873221
1001018404711
1001646733753
1002666064753
1010839375153
1011010005253
1011180649753
1011385442161
1012887886753
1013058689653
1013947096861
1015485644881
1015793494453
1021308463801
1023710933521
1024020027253
1024397871841
1024741427401
1026597622753
1028489918653
1028834159653
1033176531421
1035903793753
1036629367021
1037631766753
1038185022241
1040607248761
1042131235753
1042304486653
1043691012253
1044245880541
1045598989753
1047543447961
1050150462661
1051681419253
1055897299801
1056594951721
1057118341861
1057606956253
1057816396981
1058689289881
1058863911661
1060575967153
1060785701641
1062674245153
1063759167901
1070947590481
1071123220261
1073231900821
1074251839753
1076222747881
1078477426153
1078688923201
1081687359061
1082358166753
1084654607653
1086104383561
1086599650753
1087838312653
1088227752121
1091239407181
1094787858781
1094929916653
1095107501953
1095675871681
1096741962361
1097417421253
1098342070381
1098840119653
1099551814453
1101332059453
1102222721953
1104575800681
1107038520253
1109039265181
1109217990961
1111149146953
1111900605661
1112974558741
1113332658301
1113654997153
1114013206153
1116074025703
1118352100141
1121009794453
1121369184253
1121584845781
1121764579561
1121944327741
1122627502153
1123202968201
1124282364481
1124822257021
1125362279161
1126514759545
1127163288961
1127884096081
1130914001953
1131455484253
1132719446953
1133658847441
1134707099653
1138506547753
1139810677561
1139991865741
1141405627753
1141586942653
1142493733153
1145216264653
1145579513653
1145979154081
1150161386221
1150489012753
1151217238753
1152164277001
1154314769653
1157087850661
1158731374681
1160339503753
1160705143153
1160887984453
1161436594753
1161656075161
1162900189153
1164950769601
1168983954361
1169497768753
1171150079653
1172436016753
1172840314141
1177071232681
1178176203361
1178876286253
1179281692441
1179797764753
1181457333253
1182232197721
1183671905653
1189439498341
1191254006953
1195146896653
1199046136753
1199826746821
1200198555181
1201574746945
1201835196253
1207050109453
1208542158253
1208766045061
1213995957301
1214744009221
1216053654481
1222237200421
1222950251953
1223701057153
1224076546153
1224264312253
1224489650581
1225053087121
1227834604153
1230845197753
1231071140881
1232389555741
1234236521953
1238954434453
1242167755753
1243681346953
1245044367001
1245385238653
1245612512341
1246389187231
1248265570861
1249365521953
1250921451781
1255290811921
1256964581953
1258106428153
1259477327881
1260201159253
1260810862741
1261344474253
1262106972253
1262488307653
1262907843121
1264434014161
1266304829653
1270165363561
1270509656653
1272652973101
1275143016241
1279362479401
1279746412561
1280284015753
1280514451681
1283396650381
1284319638253
1285897176721
1286243595253
1288361611153
1289748892321
1290481369453
1290866967253
1291059787753
1291098353581
1294726113253
1295112344653
1297276304941
1300138594453
1300951440361
1301919445261
1303817779153
1305988997041
1306726070653
1309093870321
1309831819453
1310997425653
1311969160153
1312202430001
1312552373653
1314691931953
1319015256301
1319794988221
1323658054153
1323892360801
1324282917961
1325064205081
1325454935041
1329717627253
1329756766201
1332458744653
1339166771641
1340934841261
1341721024381
1342802402371
1343294081821
1345852265761
1346797441153
1347033786841
1347782351653
1347821755561
1348235531371
1349161831153
1350739243153
1351173193021
1353936325141
1354331288701
1357849001953
1358046761653
1361252475001
1361410879753
1364422321081
1367357710753
1369382585581
1369978422121
1373556162961
1374152906701
1375306978753
1376899597153
1381084605253
1381483508653
1383678506953
1384077784753
1388113719301
1389273637753
1390514086261
1391715047341
1393517460961
1394278830253
1394920144621
1397085669253
1399293022753
1399493777653
1399694546953
1400136290101
1402506829153
1403552109961
1404557554861
1404959833621
1405321933753
1406368262881
1406529271153
1408381528681
1411404127381
1411807385341
1413219241801
1413420993181
1417257005401
1417661098561
1423283958253
1423486426753
1424336951701
1426322497753
1426727881153
1428187738321
1432653038281
1434685024081
1437288067153
1437328758421
1440341510653
1441400794021
1443805996753
1445274563041
1449112672153
1449766474201
1452833136901
1456681262653
1460575496953
1460842134571
1464721384141
1466323843753
1466529350653
1466775977941
1466981516521
1468215050401
1468996556653
1471671703153
1477854406153
1478060719453
1478721018781
1479030584851
1479505315753
1482396625153
1484670348253
1485745805701
1491916513753
1498806321841
1500011591653
1500468889681
1501508462581
1512132669361
1512717043753
1513760850253
1513969654753
1514387306953
1514637925921
1518148768753
1519445463661
1525476078253
1530300772153
1532442857221
1533073167361
1533661573753
1535806008901
1537446881953
1540436361661
1542079705753
1543976960653
1548661843081
1551619922401
1553903797753
1556866876753
1559663222041
1562801501953
1563013661653
1563862444453
1567047431953
1568322334153
1568534868253
1575812202121
1576877551021
1579649142961
1580886484453
1582167002653
1582380472753
1584772321681
1587123217261
1589219119153
1589475855241
1591830235621
1592472641761
1593972093421
1596758661361
1598860913653
1598925290131
1599118427341
1599547662901
1604659987153
1605993108301
1607455877653
1610469558253
1611374212801
1614779712253
1615211044453
1617195914461
1617843418201
1619138814481
1619570728441
1621731162241
1622336341753
1625407204501
1626878786653
1628026216831
1629260696953
1629953943481
1630170613261
1632338103061
1633162126753
1636199797753
1642501094653
1643632262821
1643806323253
1644132711403
1645112070253
1646461886761
1646636096953
1648596596653
1650819906361
1653612061753
1653764825791
1654485094153
1656712369621
1657542521953
1658241758881
1660165420753
1660427824681
1662352753753
1662724743571
1665855481753
1672696404361
1672871996953
1673091500653
1678803651253
1679727296521
1679947249501
1680167216881
1684085045653
1684966084453
1687169689453
1688492543653
1689595318153
1689815916253
1690521926941
1691801947153
1693347444253
1693833317641
1695379742101
1697369038921
1698695884801
1701306860653
1701351131761
1701970987753
1702856692153
1703964146653
1706224470121
1706446151101
1709107446061
1709773093801
1710660825721
1711104778081
1711570990051
1714658470561
1717103772541
1717504078753
1722222307081
1723959887653
1728463848121
1728865476253
1729088623153
1729579597021
1735834443661
1736236927153
1737802584253
1738026307153
1740756886021
1740980799001
1744520535253
1744744690153
1753542908281
1758490377841
1760809088503
1761822596953
1762994125441
1763399745253
1764752148253
1766172729331
1767954900601
1768135423753
1770212102401
1770889543741
1771115386321
1771747822153
1772877452653
1774459540153
1774956913381
1775861406901
1777218579181
1778123648701
1784919014101
1787368518253
1790137571041
1790773393753
1791681907753
1792408884841
1792636095421
1793499626953
1795545662653
1796500878481
1800825266701
1801690768153
1802191942981
1802647616941
1802875475521
1805838947461
1806021394453
1807618198753
1809215708653
1810631235241
1813144015621
1815201222841
1815612804253
1816985079253
1818403641361
1819776970441
1821792124153
1825802845903
1829175260221
1830506728753
1830736341253
1832619706921
1833263029153
1833722614153
1833998392801
1835101714753
1836941321953
1836987323941
1837447375501
1838091544453
1838781850753
1840162852153
1840393069453
1841083807753
1841129861581
1842972487021
1845922604653
1846383773653
1846891126081
1851044809321
1852846187653
1855203158161
1855434314341
1855665484921
1856081628253
1858672012861
1858903385041
1860176189431
1862792590753
1862908403203
1863997216201
1865341296253
1868170080241
1874391655753
1875553542253
1876064886361
1878343538653
1882578990601
1883510498521
1885141191781
1885560626953
1888748692831
1890457484653
1891390939453
1891437618241
1892091181753
1893959128153
1894706564761
1898913643201
1899615276541
1903827798181
1906591871953
1907107429501
1908466960753
1909639359253
1912032168481
1912501522441
1912970934001
1924913299753
1925855221753
1927080064801
1927739756953
1927975388653
1928493829081
1928729506861
1931747454253
1933398892153
1934342887753
1940957308153
1941832201051
1944978714253
1946919939121
1948056715153
1948293585253
1948577848381
1950141666241
1954979250841
1955643700753
1955691165781
1955881031653
1958777628121
1959157668601
1960868306953
1960915835341
1961343616753
1961581293253
1964006416081
1964957853601
1965195748981
1965861932653
1969194544453
1969242173641
1969909042753
1969956680581
1970194878361
1970861908753
1972100979001
1972291639753
1972768331953
1974246443821
1975438872721
1976345359453
1978540872661
1981358641153
1982601006121
1983556936441
1983795955021
1984704356953
1985015173771
1985660794153
1987143727141
1987382961721
1990973208421
1992649765681
1998883155961
1999075106953
2000995123753
2003396440753
2003444481781
2006520305653
2008203394753
2009165476753
2010897804961
2014220187253
2016918629461
2018967759991
2022900179653
2027537139781
2027972126953
2029712542201
2032856849341
2033824818061
2034502533253
2035761446701
2038183528501
2038619656153
2038861969453
2039831366653
2041528366153
2042255867653
2043226071253
2046672154801
2046866386753
2048031972001
2048129119081
2050072544521
2050266937753
2051482104253
2051773797781
2052503122321
2054886485653
2056638409381
2056881791161
2057612022901
2059316400961
2061703715653
2061947396953
2062727273881
2064433768741
2066628870361
2067116829121
2067312028753
2067556041253
2068336978021
2074638667753
2075616532153
2077572952153
2080998904753
2082027240901
2083202793253
2084231673721
2086633382653
2087172731881
2088398784781
2090361218221
2091784558753
2092570057441
2094534449281
2099818318951
2101367876653
2102105962153
2109986938153
2114475821461
2115166842253
2115907346953
2118870661753
2119364749153
2122083259453
2123566817653
2123616278521
2125100372401
2127079970641
2129060490481
2129258593153
2132974724653
2133767918701
2133966240253
2135751548941
2138728722301
2145683524141
2146379625253
2148916376881
2149413954841
2149613002153
2150907034321
2152400632201
2156286412801
2159377610041
2160075928753
2162321289253
2163619140301
2163868771681
2165616594541
2169564274153
2170864296721
2171314395253
2174066011153
2175067030753
2179574470153
2181579274153
2184136735861
2186344377253
2186645505661
2190109972753
2194456982851
2197399311253
2202937232653
2204247214261
2206767504061
2209491034453
2214337013461
2214791596153
2218379384341
2220098508253
2222678442601
2223184487761
2223386921953
2223437531941
2223690590521
2224146132253
2230984856953
2232252439453
2232303150241
2236564912753
2236869479881
2237630988421
2238646534741
2239662311461
2240678318581
2241897831253
2243219344381
2247237100153
2253856421953
2254111205653
2254366003753
2255181454441
2259975205153
2263854724561
2265795731881
2271470279653
2275103666881
2280226038481
2282994514153
2284328082961
2288690544421
2290744907461
2291258642221
2292825888991
2294342260381
2294599322161
2295062069653
2296399157821
2296604898253
2296656334801
2301236494453
2302523876953
2304404101891
2306388184453
2307470771161
2309224069153
2311029630253
2313145613521
2313352102753
2313919995661
2315159276653
2316321403903
2317535492581
2319292609453
2321102101753
2324205730153
2327104320841
2330471021581
2335344093253
2335603441753
2340066489841
2340326100421
2341832125753
2342351557153
2344741683481
2347081029901
2348901327961
2355616519453
2356658492653
2358274006441
2358743130253
2364480635653
2366568729253
2366882022781
2370799941481
2376028873081
2380242347731
2380504177351
2381525450461
2381996881153
2384354734453
2385717581341
2386451583253
2387552797801
2388549353653
2389126402081
2398789181953
2401470904141
2404838322253
2407260111301
2407734082153
2407786748461
2416484577601
2416959455653
2420707351681
2422503146953
2422555974541
2422820121121
2426202469153
2428370525701
2433397792321
2434721621221
2440232613253
2442672154621
2442937395601
2443998503521
2444741416153
2448988796953
2454356380141
2457547825501
2458026721153
2461007564641
2463404194261
2465215754653
2465748693253
2469480876253
2470814482753
2472735508561
2474603888221
2485775470753
2486845840753
2490593950153
2490647515021
2493326492821
2493594469801
2495417095153
2500030237321
2503466038153
2504808788653
2506689244153
2510452271953
2510721167653
2512603840753
2514271940461
2515025457253
2516102105653
2520141589153
2521542699721
2525262919453
2526018081301
2532009431953
2533629934153
2539630299781
2543093195653
2544229972441
2545258703653
2546341803253
2546395964281
2551814975881
2555069147641
2557456858153
2559139778341
2561583711961
2563974463753
2564246210653
2564300561761
2566746957781
2570282700121
2571860970253
2572677506953
2573004157921
2573820876061
2575400231953
2580359286781
2580850001953
2582486056153
2584395441253
2587943314153
2589090070141
2591766821953
2593460991421
2597015079361
2603801935153
2608185251953
2609555794453
2612078533261
2615096451241
2615316004153
2615590458253
2617841525041
2618116111621
2623281019453
2624380592653
2632084056253
2633791349881
2635444096561
2635940021653
2639302521481
2640129694021
2642556814453
2645647489621
2646144373753
2647524852253
2649237145561
2650894730641
2652221171953
2655455762611
2658913699861
2660851127521
2665503832753
2671325429653
2671935678721
2672490511081
2673877843981
2676375950401
2681597980153
2684155296241
2686380040081
2688327446941
2691945931681
2693282602753
2696625731953
2697183121753
2698075065241
2699469022141
2700528670153
2701700101981
2708063735653
2708957476261
2714826308041
2718126819253
2718406615753
2723445415153
2725742415061
2731376961631
2731909881421
2735557569361
2739432393253
2739488570281
2742888352051
2743422393601
2752424588161
2759129532253
2759693344453
2761103126953
2761385126653
2763923771953
2765108872261
2766520037161
2767084603921
2767931562061
2768722173253
2773242117253
2774146548421
2779180138153
2782066611061
2784331559701
2784614743081
2792833325101
2795102651341
2796237660061
2800212004981
2801632097881
2804984944453
2807884783441
2808965498653
2809591270921
2810672314453
2814713843761
2821494186253
2824402544281
2824630714153
2830395057661
2832908094253
2835822327481
2837480108653
2838909619153
2840682712141
2842685256601
2844402284881
2845318245265
2849842961101
2855862388081
2858444086501
2858673627253
2860969541653
2866196180161
2870737459453
2871312561253
2873325871153
2875627660753
2876778901153
2877066747253
2884555800253
2885766483601
2886631412941
2894999078161
2895518849653
2899909891621
2904535635301
2907081365653
2909686106953
2909975594653
2917971138565
2918956855753
2920174736221
2921856988753
2927138926141
2927661574753
2930798446201
2932658125561
2934402110641
2936728230481
2939055271921
2941325024653
2942198239753
2942838679861
2943653886253
2947498522741
2948664059461
2953561829653
2957412928861
2959689757753
2963778571153
2966993190253
2974305622753
2974598307253
2983737297061
2990424654253
2990483348401
2996943221161
2998706214241
2999823044653
2999881830961
3001292875153
3008411942581
3015126878653
3015185814721
3015716265253
3017484770653
3023472057931
3023737641541
3031415092621
3031710573601
3036085375753
3036972544453
3037623217201
3037919000581
3041765494921
3044133777961
3044281826251
3050295626953
3052370727253
3055544029891
3057769290241
3058659621181
3062519219521
3069056391481
3069353701261
3075243400153
3075600533041
3081496219453
3082687952653
3082985921953
3083939520481
3084833653021
3085727915161
3086801200801
3086920466281
3093782106421
3100890431953
3106182164491
3107827406881
3110700146401
3117348439453
3117947733253
3119955787171
3121604672761
3123343969453
3133008874801
3138418122841
3138658642153
3145276534753
3146239717921
3151057845601
3154071047401
3154372446781
3155819364253
3156120847153
3157326922753
3162515673241
3164930497081
3172724582653
3173026871953
3173933826253
3174296644261
3175808609161
3179075681953
3179438793721
3182707732753
3185796606301
3188220300541
3191251214341
3196346391253
