16662752692923280775761
29812217599308836305729
36344391228138741890689
37026137439085108991041
39487221539046397717201
39525920796606216628321
42153782312570288683681
54438269752096111215361
54769688981307220435201
56496323019363667876801
66061322124126871349809
71382536227273393769401
72433178970161610110329
98165468508550109765281
103854479051000334357361
111232314349609033387801
204629960707729440792481
271547700101833221565489
285937537122136941010201
287192889219323320206481
445125732749003175948289
499437265082344626343681
611704285690881982304161
706894995894046524536401
1034034027327514817852041
1197886430178500426676001
