46397
51997
56573
111757
128573
149765
264517
314717
475157
617437
667573
683537
701005
718333
834197
864497
902957
904397
929005
945277
1030237
1096205
1139653
1188317
1347917
1748285
1773277
1799357
1813757
1846877
2208437
2351437
2533517
2808637
2913845
2973737
2991037
3118717
3316037
3651917
3703037
3799565
3913781
4384237
4772477
5716397
5942717
6109165
6426637
6995197
7126669
7430357
7469917
8147197
8555621
8888957
9054077
9171965
9407437
9492077
9574877
10325117
10470317
11795957
12044197
12878957
13559557
14190397
14778397

