66385
76609
79401
136081
180481
321937
436645
545905
547561
558145
628705
642505
649153
778261
884305
953281
957985
1011781
1033201
1150129
1193401
1457809
1503361
1548481
1770805
1843105
1845361
1911553
2029681
2116297
2433145
2510641
2639329
2880865
2949865
3039841
3117121
3153601
3506833
3519181
3522961
3548665
3600121
4404961
4523065
4658401
4740001
5917441
5955769
5982901
5987521
6149221
6637441
6667201
7842241
7941241
8704465
8813701
9118081
9216901
9299521
9533041
10532809
11502001
12274801
12437965
13101985
13591585
13708801
14275801
14321041
15085441
15205345
16084321
16464241
16477777
16542361
16636201
16994401
17618161
17688601
18357841
19298413
19558441
20046961
20941201
21054001
21066481
21165601
21570841
21716101
23051161
23814913
24264241
24600961
24882985
26364745
27257941

