1639605
7343133
7938133
25615893
282388773
296251293
346148733
895445173
1217200533
1584568533
2578055893
3604398933
4078150853
5181367893
5621460973
7591692693
8199401613
9393224533
9489314501
12671984033
12723857813
14057815893
14949266453
16158522893
29261134933
30679818693
33441803733
38600621033
50664619733
63857512033
73865986133
75840305493
81050004933
94145264733
111433652997
129667181093
142936728965
143960878805
165317973333
196457213333
244056865173
273433458133
285390577173
339449814629
344048887653
387388828533
400408984005
407735668405
465206848773
577520156373
647441730133
770537933013
791329030613
860132247333
988491954333
1003973021333
1006559750933
1190371893333
1344600715733
1507554268733
1507738663893
1615353045973
1694870551733
1757861432533
