308267
1420467
1445995
46874667
153810067
324218667
355724747
393253747
471957547
618729307
886489707
901990059
1062803467
1525582667
1735517355
4306362667
4815895467
6528285867
6634856107
11460166667
12364885867
13330858667
20628538667
28789239787
33397697667
34472932067
53499702667
57185593707
62161189963
74518771947
93146447147
99857601067
102230559947
135107789227
148677462267
206229824827
209049514667
220203453531
221684620267
319924282027
367290449067
380247560747
393295466667
440555602667
451221616907
508446022187
566140035067
571199562267
592380828587
597506897867
694334124587
855076650027
892709780907
1010126271147
1024384946347
1038539901707
1091260907147
1176839677347
1273347983787
1300618190667
1411442988267
1460212887467
1587231860907
1649110405547
1681089370987
1760021736107
1841973289035
1950119649067
