773227
13596427
26567147
140247467
525558107
1390082027
1847486667
2514565387
3699765755
4060724267
4520219947
6185512667
6480142667
8328046827
9951353867
10268992067
11720901387
14149448387
14913513067
21926400427
22367433387
24260249387
27034798267
42364400907
46560825407
47039666987
58555749707
59464189547
59828548267
60784309227
83900596967
88996403067
107677851307
108824390827
110112764667
123840809547
129848623667
169001193387
179084648587
224351323467
227342426667
235829408267
249267019027
277502310627
302856367147
399361277467
412497322347
488844106667
491928276747
504716477027
556243905467
702755229867
739185927187
767852390067
868876942267
898850296587
1001970622987
1004397818667
1033784071467
1054468748667
1088963224987
1106240856747
1144692851867
1168284158067
1194048329227
1221528150827
1233608409367
1296335721707
1327029916667
1520266263307
1531534485507
1538775939867
1774627351467
1797268255627
1809271082667
1905290241067
1929139517947
