260813
960323
4572113
5991098
18912713
37481945
68688458
214337813
1418459963
1488523838
1905782603
1906387718
2416383938
3866147051
6153859058
6927221438
10696723538
12000312419
24529142138
43004079563
43648495313
54750300413
57661761038
58162911923
59807014943
62221138718
63997086038
90796504838
98534413478
108885536078
110297607053
221614432358
235302151013
242906600138
254701325813
263454561923
345675667838
348206553338
350087891738
360281393258
395850447311
398295616163
416151752153
440161906658
445021433063
496163064443
634406084813
649816022363
742231025393
798791472518
857461867763
861289729538
1009318472663
1054916607938
1184448676163
1197675892463
1359697422038
1404134323603
1414984077263
1418631403613
1588277637293
1969418072363
