15314
33626
85034
130169
155363
166934
189727
214107
225029
243217
285934
381547
395219
415679
417989
455609
466193
544918
565409
637849
778918
842231
978329
1064999
1091467
1161074
1244917
1301069
1690678
2000738
2271659
2333981
2499157
2635547
2716318
2727659
2950597
2965919
2974439
3880019
4100969
4613167
4927198
5170394
5301434
5528639
6756718
6852178
6865229
6889918
6989818
7013998
7715279
8242559
8695034
8962957
9063038
9134338
9952355
10027199
10409474
11147755
12142919
12250717
12690119
12743047
12759043
13064609
13252438
13291229
13819918
16458959
16555502
16872547
17201263
17218858
17908259
18933899
19088818
19257073
19635493
19952158
21813298
22658773
23382695
25701511
29049337
30704818
30705298
30888118
31689929
31968643
33044249
33370105
33618163
33930058
34311305
36615367
37137418
38153083
38333893
39890017
40646518
41279383
42043409
45729778
46433443
46964938
47455978
49584958
50041514
50295299
51301393
55923745
57725737
59238659
59553418
62141609
66103679
66496333
69141703
69759703
70379933
73936138
74702186
82661159
86369503
87963517
90104593
91776058
93100843
95163673
96113309
97736893
103337818
104200393
108485818
108711823
112059013
130650959
130985069
137354458
139929067
140962619
149444279
150433049
150712618
154045651
161535118
162769409
162953143
166097218
166293238
166534798
170384017
174725365
174746893
179728573
179736538
179937418
181247593
187668085
188170093
198500998
203005199
204235285
206373541
210483767
218983018
221250478
231903343
232717558
234265978
234870043
237173233
237270001
240284443
241862213
243499738
251018113
252346018
261561658
261813073
262190218
263523367
265322893
278498218
280704163
298520381
307630543
308676973
318354734
321026638
321853078
335182979
379764929
379879318
382555913
388738318
396213478
405864359
413689799
420944338
422783518
435005365
438519118
438873718
444040663
458296483
477145273
496866118
501607559
504057613
522700258
539231143
540092369
540435493
550213723
558742961
567296987
590785259
591125527
621825898
621907618
624049933
625298278
634606859
639540058
648688918
650330819
671824498
671885923
672302053
679010143
681144718
687746713
729172993
752989738
755343193
771666043
780956743
781138963
783844393
788263229
793291618
809075263
810019213
836301973
840286558
845392243
853918033
858636434
884280673
891231358
897629953
903046709
910135213
931226323
949370593
951343957
983386781
1025063518
1028973298
1052082169
1075013599
1077353849
1102027993
1112015353
1120892143
1180005133
1218746893
1256421343
1290249701
1292308843
1296093415
1310459218
1317868109
1323973738
1335435223
1358350951
1378432639
1379958493
1390201769
1426813018
1430932214
1436322163
1436485963
1439084461
1448168998
1500283918
1512522463
1544668093
1571701918
1621590883
1622511418
1649014769
1672190741
1676949853
1711517998
1715022718
1750125118
1756629715
1757973179
1790481718
1799035843
1877411218
1932662729
1944835003
1946424503
1977908593
1988398093
2107567843
2116831993
2130237598
2136429389
2169673061
2190359818
2194633003
2200783819
2224129018
2285417218
2323539823
2323677478
2375785093
2425801918
2445780718
2516289835
2546655943
2563366333
2617676759
2627145643
2647948018
2717959303
2721941129
2726906878
2732623078
2733618793
2765219617
2771209318
2885969623
3001910609
3150502543
3183091109
3275951218
3300188143
3307212058
3338104754
3341894953
3354091618
3356796806
3408419983
3424719343
3443107153
3445236553
3517628998
3555550409
3558704593
3660924823
3685244818
3782755273
3831603718
3842604659
3845332559
3893547703
3920541418
3933108238
4014087838
4121177665
4123991218
4142949509
4179301618
4324268893
4336566223
4347280003
4385470078
4424111401
4431716383
4433779318
4530897535
4574114293
4609988923
4626046393
4640744713
4657951903
4715023918
4761875218
4775388313
4796236543
4823779318
4868285593
4908553618
5023276093
5148506443
5168431093
5258225983
5265590699
5303118943
5351326123
5377126261
5436776218
5503025503
5505203893
5508206518
5551963258
5552224618
5579276818
5581106518
5617402213
5621776303
5644260238
5724852343
5785423859
5836855243
5966112686
6053066759
6076766459
6180711583
6186042119
6194982298
6354952049
6356155963
6473823961
6515767109
6582440938
6595386509
6599197573
6664356898
6740516218
6773509858
6956143409
7013138323
7026614563
7057328818
7230428593
7325183533
7374625586
7384105109
7456181938
7573524493
7583057617
7684262365
7739857117
7924393753
8030966143
8047336861
8104146403
8128897843
8136817735
8179627333
8194665401
8267629619
8366704483
8396208733
8518274458
8604292835
8738657203
8761371223
8761456871
8772719791
8956275689
8969366803
8990005349
9063922693
9084091138
9161670343
9162526783
9214066543
9495981943
9501466243
9533303219
9598218598
9693092617
9694281523
9710012009
9720821578
9809085793
10066557086
10142834593
10180418593
