4958
51653
55583
1251574
4909102
5430797
5785073
6096931
13892243
14058781
14809517
16699426
27391073
32426566
32673383
38669686
43459682
44762461
53638783
69836866
74975761
75226313
85607461
96973703
105139141
122864065
145358746
207045242
208645981
213211043
218255326
226784282
326906701
347595451
396809603
409798141
681202141
908814563
929790286
1031537446
1296852391
1362386041
1430255633
1732744645
1769158133
1869295741
2003059133
2063262391
2139656821
2211421103
2696826841
2942458234
2976282257
3676549321
3758708431
3943187341
4057456943
4200771481
4233151141
6407544383
7123305751
7371377341
7748763766
8089673146
8586420391
8776516471
8958774841
9017643227
10020360293
10377706982
10388740066
10674158251
11552629733
11776216741
12740091242
12922203541
13801942366
14466395806
14501804641
14528977171
17305490491
17574257033
19313795941
20628042262
21144675833
21370482331
22521594407
26005525891
26052707851
26600878831
27849482971
30521861402
31362757459
32550372887
32913220741
33329893591
34305489257
35649121447
36340154582
37390325393
