
3307428792777
6417040772577
12225241643385
14073988856097
14233655595765
14994528450945
15625320611385
16071368655189
17338664908545
17957261404545
19154793811245
21815698858689
26811625855785
27266330484849
33269934932697
48235759491585
54474114550857
58882044989769
60530090885265
65532028712529
71296828758849
81576016157217
81740655880185
82787343361185
84706624343265
86332443479745
87284229896865
89528186746545
103628963383485
108701385656865
126248527179105
165480313115937
168104218310337
176010232702305
179366459238177
185793738143745
200671120906257
250589945367609
260661212394465
286893347148465
294752835234705
302801088265365
355905630730497
391256297163645
407998160053485
415019827741065
429655236506385
430379326360545
466479005181729
468172775820597
499995975687405
536116923510897
619164448659345
625554808927665
659130950598429
661531082669997
665634698313285
672041729847489
700993920656877
861186162832689
866806463382105
869601392569365
900507996688665
944802205698639
967437582249909
1044960261860985
1047455103839145
1123922931088497
1152016052482065
1289605383476985
1297636838206017
1341524724785697
1368683816090709
1413109322328705
1448606065824105
1492581658423857
1530858785156709
1550894110581369
1603367842333665
1777842996107205
1811944472326185
1822840172170305
1842369258841665
1857581431711545
1864329698206977
1990277281904757
2024384360948769
2265134469719577
2405601990318297
2436291674418057
2492843909798145
2517333165569685
2520360151021077
2546952089868705
2731279651068585
2737171248845637
2824587797335305
2828924632415265
2848812868836705
2974248018910785
3138780027084549
3210050734832985
3372381019870017
3421066237156569
3542930922469485
3646002999583869
3675101236459797
3758262784870497
3842897364442137
3880867645034745
3958253619408705
3970646523347505
4081307810684385
4330831564889985
4635019765195905
4815929284855305
4946242247488257
4995494363123265
5113492529161305
5142933344273649
5166731673775905
5234129704342137
5400662870864577
5561657984387805
5773289769079905
5868191811647985
6192840721295229
6400338005513145
6579381407887905
6753995208514065
7060556228823105
7197364852716585
7291668527933505
7337493845049369
7387861966850289
7704297717033369
7875761991838665
8141344377887865
8244473191520385
8555670560825697
9038032017695409
9142498202883585
9448126609552905
9799668312373605
10049793956647017
10431649456985877
10533842179148289
10652803535666307
11179727888072745
11382311016152385
11432553298766265
11839807282355445
12220294356318777
12296226578299665
12643204457412537
12844394966354865
13021375974743049
13421734204096065
13668844217098305
14335928970139065
14371599434998665
15009668508144129
15362774153924289
15623999996835777
16034362741000605
16070900751252705
16447374902222265
16693945354134465
17121704021244705
17334308835735585
17964577137114609
18123569293847865
18382333439220297
18602594671184385
18729534452673045
19102195744092777
19612252060465065
19740596007796665
20805815876770185
21691739223690537
21965532069829965
22232253668227905
22440471409540185
23254303177449345
23685992100714945
23735359862972409
25635115313588145
26300095381429377
26549440625191485
27848780363886945
29532528043762017
30276622305959745
30281125241653665
31287993038346045
31840156929211905
31973792249963649
32374992024758307
33307614053810097
33558725684497665
34052568206440785
34488895614014337
36255233713350849
36559755013834977
36954187031394249
38063874536525265
38131881260922177
39457827095350665
39595850956899777
39656606394589185
39724318668867405
40516454475725097
40816452226307829
41351895401193105
41383830111019089
42097362131354685
42555287733896337
42561722510375685
43290586548561045
47027652960532245
49792758507869385
49949812061733585
54364032285319065
54858219485985777
54951638736010017
55758238140869265
58138265646965505
61812039319952637
66142641650947005
66930950200139565
67096628246598945
67405902892656945
68616197714438529
69231135789296385
70034987821035777
70117656531086865
70535003850599289
73129383262463529
74609155872839505
76105164805022445
78302521902148545
79711055972677065
82295289434172585
86250307192365009
86332249258359105
87392903688630849
89923546174037577
90410583400963365
91875902753362785
93048760515429489
93469577226896865
94474838000367105
95397608875097985
95674696893152565
96661365178064457
98578373766515985
99304130088951789
99532774103405469
99853550994927885
100688059930718877
104010037522422585
105307263993997209
105844180839922617
106548294025307289
109122689928425205
115253605206590397
116718619433838465
119090349668448705
120823284034917465
125533093391135697
126780661251494097
127670273004978705
131806154893188777
133616443072376265
134750788148564589
135778562895419445
137079980263430205
138935241307806945
140360644428002265
140570947977610305
144796944898275429
149338491828547737
157203417683408097
162643496628143649
163713947057886765
163919756445433185
164719780636371969
165240312003634785
165926803972231149
167682399043314765
171541821164368929
172617625488489105
176119587050270865
180853227497526585
181645367089530345
187076183278306785
187274742174455937
191665869900849345
191916798971505609
197821132283171937
200433488967876165
200942102500013505
203292481224896337
204068076537576945
206536062406258677
214257122235407505
221836854042771969
226512219121855185
228597357789111585
230090284195528065
231316623548271717
231898145179275345
233392129404277845
236868184636459377
238221653022857505
240982800030696417
243141879376480449
245999464834689105
246104887948817745
247204452940050369
255160721913441807
273107873703164865
273979805576824929
274088614806742737
276471087923340129
276891897823955805
279111539624655585
280315145647055289
282365683937298105
283105396428576009
283982999661025365
284339386333803945
289491697140127329
290307777127372005
296726764729496865
298987196216920905
303638526733846305
307860952858062465
316207013234608497
316391928780209745
323836490293042497
327179206237148805
332772435035392899
338795924464419465
341537209715716449
342895827276386385
345104016329456385
347139043957095105
353392926902009457
356604072024288705
356821956707661537
366491440211404929
368473523287262205
372616861423456365
374879808178139265
377381709600139245
380623460046192705
385194515757415365
393770611000362597
400479729068339229
402199581860620545
409404536712924369
418492286177806569
419298494577359937
420786929577398385
422082933512522745
427419679864521345
443079585681522945
443833270335891129
447499967581809885
454707136834596465
457841698574054565
466189203389137845
467959994285275857
469779027838298817
469837930751957769
476400259100007705
485428577582965017
488448985041753009
490244228154532545
491797458334966785
496585370912907585
500385473203370217
510788372761555617
512571920343891405
521020172537125185
524365614888785385
529764672714262077
554225774907214677
557666494719134529
568804108379309265
569858309778325569
571799562267821889
580191520569224565
585959772564997377
589266250319530785
592439788351226505
612511121403215805
621848908623278337
638671497506906865
639535962195594465
642135648154296297
647918023313633745
647986431907470657
653671536083862297
656223686067405765
664288197082367397
668300221782777585
669621920953897185
669941586111892557
698946695327338977
701383840065030585
712060654156991805
724959438176141169
729216676242286905
735172421558355705
748498486839115377
757513956566717169
758591748391220745
762433492479507465
764928037244835465
770926473474441285
774843602210894217
776500512968777169
796431372721048065
817412494225212705
818816607819898689
820900921596819729
821227440184459617
821530558198125777
839659779995048949
845789012215794417
854675342285636145
866005462068931185
869691239079696489
873185402131792905
879547118358030585
914833669604226945
925197234702949209
939629025874627089
957644140017962937
968976333490395777
970734621128583585
971446603033006185
973896662371065105
983848051077335445
985950265833524265
991271944269628737
1000644775642506765
1001609046965505045
1012416942690283677
1037195668309184385
1056212516899971705
1073882215239274365
1076959327180677249
1077838511892199905
1086179973678633945
1087509706703472207
1096726812072055977
1122058075828714305
1143315059042148609
1166264448830101545
1171184323757285685
1179219866553817089
1186113869923278297
1200406664175112785
1201664168624229465
1214348511673335585
1222373592222246465
1235575407907550865
1265931641752197729
1269775220700820737
1278464312101258437
1288772056986551985
1319847684613468557
1330736579742789465
1331460296423647545
1334166631382737965
1343590827787665885
1356510461466504345
1371168039274525185
1386166114645920609
1386716898318621717
1397767414844871669
1401205422601768785
1406564438818581057
1407711223437523005
1429839128412322629
1430164918086688785
1430402711131057665
1436186792710595685
1459995439171830177
1481916094272798465
1492579539539733345
1509221912737139745
1515282150509928165
1529050864097973945
1551057611973305745
1571509212651204465
1572919554029215965
1574460086963621145
1598993941131821697
1609263524271480897
1628149091575974969
1640180647472145717
1642407588226838049
1648034174866856505
1669287918653115069
1679327480025736269
1680299259324913569
1702077253826475345
1731819072137097945
1750898893449625089
1776661956174700365
1779868111375638285
1798124436142833345
1802267789417784417
1815078347720268177
1853164017550795965
1893322819439634129
1919844837709654857
1923914975430898605
1959796641305323185
1966474791518317809
2008409015497527105
2011598089995982665
2019546921298404345
2022827397993406005
2057005393438060605
2057847339322943169
2088219722244448209
2100858599393237685
2119543308263376465
2145849355639433445
2147456613663213945
2190839355578196357
2198982505467491745
2211247815647755809
2221194328689880545
2225281454474619729
2258160976552981809
2264200339810689645
2274442288499284905
2277230525560594605
2283216920600818665
2315545151415528705
2316015879991134465
2339515203581176545
2355917033385768945
2399386974708504705
2408811294231519465
2489747946219134745
2528944065036329865
2559687910778782785
2607335668283016945
2615514892142974977
2642411264968220565
2654804604773042877
2668673304205571937
2670202101055380585
2674376728478138685
2690054867176577265
2701443209721631365
2754424621138438977
2756734004875794945
2774967579919871337
2784015718109079477
2808093196489062945
2823465591066260505
2837077419481792257
2867534395737977505
2873499785698437897
2911207922504774817
2943345419361611265
2954184864946178865
2980111326327337665
3002141901777839745
3020761213250845065
3052236152409118305
3121444901256569889
3193394302740126057
3205685938227569889
3207055725533892849
3210516185308693185
3219331770388406289
3228307549355953065
3244520855187447837
3272016394564698705
3273998868756032145
3280450095437898657
3289389495513765645
3293843051833385745
3307877401375156065
3315059892856552065
3323308075896241749
3328280525696029905
3341998877292168909
3355686952893585465
3385943036457677697
3393647311921807305
3429496832593786809
3439773460339174785
3443909337247579377
3445389058599262545
3481255214186834085
3494514744090113745
3509109383668432545
3530955812134589049
3566421984833393505
3578404064326327965
3591111987684919545
3623100076813704369
3629754147820436637
3655755030513515385
3667749942315867717
3674111778675236865
3704501720664512769
3706339812882875169
3726395343626385585
3734527334157302145
3735920829564591585
3738017316082793745
3745199266045403937
3755299109629428705
3770035147057296657
3805567023271147905
3808311903757865505
3836115983083048545
3858355743429506145
3893237735648206485
3902156953634295357
3935233068716033085
3959277509901664497
4005190793418395505
4013430292370520165
4050425152965239049
4073192489391753729
4147913117273792385
4212171680943734817
4255323108636329445
4262340821965166865
4279017823005022917
4298379081701226369
4305206569318743705
4313973682969526577
4360758754283579649
4364065902351419265
4368392373709798305
4397947794650107545
4397957631464515665
4401449431881077577
4418463594233389665
4445715851912150817
4458852371381275869
4468357976950051185
4482770223553870557
4553899831282345545
4554535858965956865
4557498095936899569
4586985193573298517
4629509654947972257
4632525264704299509
4660709320416353205
4661221932494263137
4701209211891042369
4723536740471398977
4751233679070403617
4753786652796765585
4770479901780256665
4778196161228507865
4793693495534501097
4824113219402020545
4857477535502155257
4900656309340153209
4930072179860894529
4945815352318744905
4961196152578722057
4969739233132091265
4970043670909612065
4970644092191133777
4994542757198498505
5000554213065066657
5037626173853675865
5053598270099896497
5068876763788820817
5083819618595041689
5095351297179518145
5129181431732913297
5141535678876809697
5167494892811152329
5212444290065186637
5338872145597486497
5375030450481776085
5423783020534814937
5485116810154072785
5556707595396500817
5558913218465937177
5589094424719025949
5604134703254853585
5611636488178689585
5625948459437390085
5638558762500551889
5643772658185149489
5757658183509659265
5767575428564885937
5779976351773945245
5795737948446040365
5807607505823759637
5839631778058570857
5955618196251179457
5969603713728223185
6069576777352762389
6119475294262870905
6128610104313323265
6131536237587803505
6147861063930092865
6191837051389793805
6195015202569460737
6210258410298160065
6239316112712457945
6262895744872600989
6290359100940678765
6304746706087684317
6315886217320684005
6326353734648213729
6360520567667430165
6427366105875458745
6446477043984157665
6481095233512944045
6491093740566083265
6518181208424622465
6535282540886039865
6551602318332396417
6599299928818054305
6622631281879552545
6625631961496374465
6705770921327967105
6717655733935561185
6823681028969774817
6873058049490594105
6881196121356412857
6882076056066987777
6952211005485506685
6977058564072049545
6997118454264774837
6999983350492710705
7031255060522585985
7036309617921971745
7042567689598920249
7050872475539582145
7108991866564136385
7122727551944326785
7151000792891631369
7185473371518425985
7191179120550352929
7245556641689597169
7264619738938528737
7265971499535052305
7282241929011434529
7331846936611741545
7335385036129091985
7362955208023013145
7385524206740294385
7390111293729316965
7460843271413836305
7470732199737571689
7517885871574833945
7530916583605454337
7558781901278871957
7570553715907906305
7629440583605653905
7718395121592123585
7726815159039860577
7797741639596674305
7835744832996723105
7845069572794819905
7847741245490035905
7852617442929206949
7938422796741442305
7946829372414959265
7951276453216800705
7996157897489392065
8076952658628337485
8146871301341468697
8153311608935581089
8155785883715774529
8176603092580728345
8329946082455023797
8333402081405478897
8344973056919530305
8355292360591924749
8405472280664048745
8424691658295518145
8449136490530800065
8492225365716585585
8509413110647577745
8566167761462114805
8613267930938152329
8623846667949408897
8639518114229946945
8643892718487235089
8681689520232218337
8748079052855468145
8772241115159034969
8817494029658472705
8823823337747385969
8845838358954540945
9053271423822071265
9104928983219359137
9138306228426318945
9185245093543866117
9322546018674811665
9348195094867644465
9376594671191331585
9426601344286392729
9504578325921062385
9587100552598589637
9724143722380449909
9754425311565742809
9760888819410189189
9794323651544723649
9883608347484679809
9883616965453523865
10010058961784489889
10011096798835115985
10040797482427536945
10100147753061337665
10124700610715575977
10166938593240748047
10196317946753542605
10388760393349933557
10396578977816815785
10409254565058405057
10546249470559482765
10651538457246150465
10735863915599194065
10756689605220285105
10878571870949278497
10918298017489999137
10974771579010084665
11037231356753466537
11123916440700358065
11166487616001701985
11186193074248199697
11210459054305113345
11228429111418162645
11252481002815473345
11294318294598015489
11393305784924163465
11412245685001831377
11422985263719905877
11435948988976750785
11523224487486848865
11572048167246213585
11664100622674083585
11678656985005154145
11728405863465370689
11771630710380730905
11775611961160451769
11885616407296965477
11901080890564101237
12004857479368675329
12145965536253802569
12197678710263930885
12199307781579919365
12245311753794863745
12360076657811286405
12406327806100236009
12427814230216360977
12519631140391671297
12529532537384699649
12610963197132904605
12635461969222276185
12647237342221647705
12798938767130972457
12915173757891866385
13041037145651803905
13051542403617239985
13062317501123635137
13065604967365694745
13100350179392787585
13107183931841583585
13226619937188305649
13244932935855468849
13268861405391974817
13269271011674744445
13272985722549068517
13359240599738177145
13483911293350687905
13593868209881228985
13611865327661021565
13703317785152346957
13731295164580502697
13733094331451352705
13989512298348971385
14011152002955047865
14066550080117432745
14083116627593128389
14083280840756884065
14085216721870462785
14107710718074043617
14138688911143965897
14182775846544341037
14309977657073797245
14324968594724953089
14337846081789703617
14384002802133915105
14459690167517298705
14554141115476670709
14556678434735796129
14563618111521655905
14584375438884095937
14590356578015225505
14595378346410032865
14620532227571492769
14634007399750920105
14651839913940939165
14663296747649763357
14704650127322899017
14804495962348128609
14899817790975901785
14942467962920642145
14956021748614035909
14957297564223791085
14987676539962777197
15067297046354824545
15102385704295147329
15134565267506255565
15214593915370694937
15389625435167887905
15694110845484165249
15727120466459953377
15829223508966131265
15831944138436107529
15840990996632866065
15876136183952785665
15880010726219944305
15995441444596289985
16017933755070110865
16029538372312707705
16060194924956142657
16123634568673720089
16346613042515539785
16367827054969291749
16411029994187884329
16576362463258644645
16585303304711885745
16642557931211269905
16770766946307557457
16806773759586650337
16902559179964161705
16905166330040460165
16942795664260426689
17015736891162959769
17129782283139231105
17271005040773984865
17425903226201545377
17435338050359085117
17458266715696596945
17463986521623314817
17483029875508381185
17542719376896013665
17563698781149766785
17641044294631297905
18043837660949013057
18107346818468111205
18276238348499383449
18283769103334620705
