
1002231410069
1002958383281
1006738776101
1011596761001
1017955037597
1020438746471
1020513937349
1021511730929
1022623464221
1030041507329
1033745359109
1047187353521
1051872909209
1051928520737
1061539586711
1070797110989
1072960724177
1082730374681
1089247529189
1100698865261
1117162478849
1121563780019
1138121060777
1146450539417
1151718245939
1169581544249
1175311115177
1195482193391
1195750478651
1195858388981
1200540228401
1206356975669
1209331125521
1213903470257
1215371335361
1224243865541
1226146394171
1226991492581
1228615349501
1231722375461
1234417347341
1247030446061
1256949562541
1260280545341
1263884225057
1269193865801
1281341785937
1288902496391
1292959935149
1294832317661
1308514853069
1312124526857
1312780817471
1315138454057
1328492924201
1331159690351
1337528519387
1339963757441
1344704663441
1350413045921
1355790742697
1368361741709
1373370968351
1390447660031
1391477050979
1398413302001
1398926923241
1421636524991
1430966773601
1446815779361
1451280030701
1481151194009
1482738899897
1482749384549
1484789554601
1495901303717
1503016335257
1504177858301
1512255193649
1514314048187
1514913884117
1517124808937
1520287476089
1520419985921
1535885197661
1539635995241
1545563091977
1547786345447
1553537376821
1561826791001
1570207554371
1571949315089
1573188652601
1576529058059
1600836976181
1609882484597
1629469504277
1631643224999
1634505112187
1636362029831
1647382439291
1664339479601
1693308450329
1705353924821
1706201098421
1709126545337
1716558748979
1722839787257
1732440027221
1734869160041
1752620223467
1758686467001
1762168195727
1793781045521
1804804276817
1816515421001
1816855077857
1828915721417
1829179155101
1830498007361
1835644669751
1843312242311
1847810786207
1857117315197
1861280837417
1869580097729
1870504077749
1879530614831
1887202951061
1891153230761
1892290984121
1905466807301
1908202409357
1919777229581
1931935700801
1935967925321
1939182377609
1942953612701
1952340773081
1956424298789
1967804646557
1973360483441
1974021699677
1990592032769
1996505886497
2002413847961
2002711637501
2002982414861
2011811365589
2073172822001
2094559671989
2097533281901
2127142195289
2135941174529
2162632252019
2199475436129
2210761828571
2226926339177
2233005354131
2254345605401
2258043793769
2261560783541
2265309142361
2267593998251
2280213388571
2294470611281
2298820537301
2300140413161
2309705918801
2312535885221
2312734461701
2324049805697
2334197622527
2346047272001
2354899023569
2364026276201
2369449621001
2389153969469
2404629568841
2412311162801
2416099908569
2416776571091
2425524680321
2442796548089
2443523255279
2472340079177
2487349493201
2488587090371
2490264135641
2508442067141
2511129939299
2513875828151
2525556613889
2530512437777
2537604540881
2553054759161
2558848564271
2563193011919
2582721671069
2601420721901
2664068054561
2667110602829
2706637670459
2713702601261
2727423565511
2730582181421
2748152029169
2751439900301
2800098787721
2800992637697
2806489919921
2829509584001
2850170467271
2873155628069
2873890229387
2877792185897
2881975259549
2899555234991
2907610412801
2915118516389
2929304504081
2937478118681
2959920409757
2966925819941
2968181398421
2970173336789
2976184578977
2980597087217
3002129245601
3006214177457
3012300154649
3013000592177
3018632340851
3023328676061
3026444353211
3045361114769
3051226597589
3055622352329
3070571529629
3070786537001
3082252692641
3098290827689
3103335167729
3124947910241
3146294948651
3174530003261
3181168368149
3192993913649
3193818148457
3223433763257
3230347912607
3237652025537
3261743682341
3264463435421
3281628141089
3283029504371
3286425233447
3328275753221
3365332284581
3381473885057
3434630696657
3466706592329
3495073871801
3496449353651
3534726136211
3543021921557
3551308578401
3553010558189
3557146674509
3570009093437
3572109248177
3612290993501
3613618621901
3626272266401
3633329088341
3637382248961
3647938288457
3661555734449
3684839218061
3706906117001
3707366203841
3719589929771
3723494417561
3737044282649
3743301856031
3753748250597
3755138036129
3763451065601
3770149876637
3779040848201
3782903936351
3783909177857
3790373838707
3798378200189
3815281906151
3816124208009
3844230764681
3850379713637
3865803174689
3876693887177
3886558193057
3913739532977
3917722086461
3920098467281
3931237826429
3963966867017
3967893313721
3972274460111
3982200817601
3999074275769
4018683143021
4031008980701
4032162530309
4035704725469
4036002629297
4037986656797
4078283804951
4113788008901
4115941056299
4121005909121
4141241467637
4176038020937
4190612370881
4222680211751
4229678380097
4231952920229
4272910850627
4280907177557
4302778425557
4341440621759
4349215985729
4401891265619
4414567089521
4421440582721
4421916586847
4432126744301
4445037814001
4490914844369
4500980275541
4523600101457
4541153977511
4547922097109
4562221784297
4566089815421
4570978836449
4576284837071
4641970696091
4645030687481
4664422869341
4668241178057
4668697174151
4669970793611
4682282304881
4688953890197
4721703717779
4761230299409
4775444315657
4791280641437
4792994013989
4833336915401
4869626214989
4886413944281
4899271019021
4901752033901
4910984367479
4920493661201
4925536985909
4930317916721
4932176794637
4938382214501
4941674652461
4952551810979
4966116920309
4976583155057
5004127707569
5030132402417
5069211812141
5080524406031
5088738980651
5105667203711
5114931719921
5124092843501
5133591778421
5135476208501
5146464356177
5148423844901
5166165108317
5173239558257
5185628404391
5210075971937
5210316020801
5318060161961
5329934577941
5399336789081
5411588843201
5417759232581
5443587588407
5470105499057
5470727688497
5516941972301
5563296298841
5587288552271
5588695443347
5612858728289
5621981285231
5623698682529
5636919364001
5641066762211
5716682664881
5732754939341
5794762544321
5797980845021
5822673563801
5840272781771
5842667545331
5854053238469
5883521563097
5892921057029
5893249852001
5902389520721
5906123209001
5934956418317
5981644488977
6018261702377
6029442882101
6035050038749
6040543255001
6065780471477
6068896282151
6104104285049
6104108016401
6124437037331
6136089227621
6145526006561
6161165532881
6182234096609
6205517763017
6216885129701
6223256621597
6228394076081
6233977826927
6243433029329
6254764825217
6282981164111
6300038086817
6326949631157
6341577604001
6363091390781
6372509951411
6394891748417
6405555215711
6411069392801
6416431861451
6425869690241
6440657666999
6459227930501
6486214674941
6516372155861
6570684083321
6592948964351
6604690046597
6638223858701
6701876965031
6736780511651
6768912783641
6780027235451
6782784730079
6801489826697
6804610278209
6844139884409
6877349791421
6885753022721
6886364611001
6895335096911
6963373835441
6965836547699
6971525316641
6995574618497
7011877128071
7013331796241
7036599783371
7052001696191
7056462608801
7072789124801
7088092917161
7097905084001
7115338397591
7131161679251
7146630146441
7175914400561
7195094105081
7207145848781
7238607531401
7248022054919
7262172370181
7272952769501
7306916854661
7311329181977
7328124740771
7374727963457
7378493086301
7406304217061
7422329388839
7510017724301
7543151350547
7554761744351
7619439014261
7735200904061
7737695636549
7762034154659
7766901479969
7776173420201
7780006015757
7788110251421
7818659041181
7826634277001
7851789538001
7864454346389
7933358924591
7956267630137
7993886794139
8043438500171
8049145867001
8073719480441
8106718677929
8112205857101
8121563945681
8128320286277
8147761725401
8189535515069
8216548424741
8234323419851
8247755461037
8265726794651
8269199969801
8284890407249
8288929121321
8333690869529
8348195818421
8368151057657
8380428950657
8394952591901
8406384514601
8474666972201
8528797334789
8583904666481
8589528821561
8590594910801
8624656537241
8626208581061
8665368594401
8669595395777
8673497129441
8687224074101
8725442853857
8732016735521
8751001647389
8765579156951
8794911869801
8800689606881
8805270030881
8809618245941
8842782226121
8842943785799
8885677789409
8913897425819
8951611680311
8986299218177
9012951475277
9038094456161
9038426782529
9047315750789
9063681792017
9075923141429
9080539373441
9094105001081
9109082469281
9117646041401
9170913314279
9200805521669
9202159579601
9221678480801
9224503308521
9368880559859
9372497592041
9376591917617
9392357831081
9428604504929
9456381765641
9506495654261
9560051517461
9604888390241
9637992377441
9645900017561
9658716087677
9731929362017
9762741683117
9821149331561
9881305407689
9895187030231
9930012575849
9943468039961
9954600398021
10070541674981
10080793262147
10086440321777
10128794954321
10156835252741
10162873287689
10213058810417
10321257259349
10383124420829
10397005751201
10444540423409
10449942393521
10456228209701
10462333648901
10471967333741
10479272077541
10518244597589
10532546771237
10577797145609
10592250913217
10622370769277
10715700246551
10716789932747
10747511729021
10748310899801
10770712493501
10775536387001
10784199036911
10806441018977
10822686960089
10898183989961
10921583100689
10944315510701
10991778277001
11009461380581
11032038439517
11040372947297
11071973636081
11087543772761
11115822370571
11143925172491
11151570655409
11162912215001
11173302000689
11191245325751
11194184014721
11272947015857
11279512374941
11319769232531
11326291844297
11382005824349
11476764330641
11670064408157
11693169463097
11718910625549
11767843695779
11789386921577
11808331859381
11867326971761
11901450325601
11933023339241
11984778417539
12005774620811
12006418014977
12038163504821
12057902983001
12080154508001
12084337896731
12109928885237
12157201594409
12183978662561
12191426702087
12259169881991
12260958032819
12293651902349
12295878597809
12306461655617
12307466049449
12434749795079
12437781117497
12445336921109
12454953821309
12455289173009
12458558174651
12480941979017
12496274815721
12499390203737
12515056060721
12531356921177
12565781451521
12629415920129
12655340749349
12676276181159
12681801193001
12698216288297
12701261818631
12737629398929
12749634144449
12802844047571
12805459024409
12906077730431
12926553607001
12973102473629
12982205172161
13020646791197
13082079429827
13083966234041
13120056693641
13126023034511
13190637078401
13210765517237
13233509414819
13234952841107
13238447368961
13255000058099
13276522463201
13307585410001
13347441771119
13390846942721
13391378369189
13438608723077
13448695260659
13462540475201
13499688797657
13507872998441
13572660151361
13583807069801
13602738714419
13626713787521
13675175107901
13691300771801
13704751067561
13719555304001
13760542435361
13763422639721
13792891112057
13792943879681
13795305946577
13798666721897
13814800890881
13818446405441
13820458306859
13857357006221
13860586699301
13866828063161
13900913009957
13914905099099
13938086865341
13942093102961
13964233565921
13964615162411
14002770876641
14005071875939
14072993989961
14094353403341
14144450832641
14151527962001
14159935901141
14214659672261
14222760514577
14278964038061
14293233532397
14310223538909
14340151588001
14363847117161
14370488213351
14373816676001
14379802800689
14386610368721
14396469554321
14428105902569
14484911932481
14577792331799
14590616750417
14648780904941
14718841253117
14760427018817
14793846480869
14910345603401
14912251573361
14914433287001
14914695188801
14927641335641
14943448359857
14977158521321
15010569861377
15013359200561
15019894778657
15028102068101
15084570473681
15187782255647
15202913068001
15224641680161
15283687022501
15304101947681
15305312662181
15333046105541
15383862928001
15405213691841
15407020254257
15425147636081
15475674181601
15562953085697
15568526873897
15612857997101
15657734587769
15679756385441
15706221318659
15734757348017
15758333621801
15763899096761
15784104371489
15819974351609
15828682800701
15846982216829
15883534018529
15908249594381
15972421206977
15978108688481
15991223712257
15995207618261
16011783306689
16037054095079
16045758002177
16046831068481
16068962520641
16091612510117
16182502229009
16223584087307
16243180812041
16264029968321
16308001661639
16322502144257
16397449632071
16407077494319
16411631216177
16475536330529
16511570971457
16522343869049
16551031818701
16553262154001
16570069182701
16579299795629
16584150406331
16606249703441
16684252932929
16738206695801
16752576742721
16771231928777
16844553404801
16885418110721
16923049866521
16932397276061
16993407553277
17024751316541
17099884157381
17103497716229
17212671435977
17268522511829
17303786819831
17328168419801
17341292655521
17343680695301
17403929146001
17409563557121
17414753232521
17420438038961
17429850256001
17432878206101
17468841633977
17498263984301
17535763504421
17540121599057
17542677137441
17554866844481
17597868284201
17620864909649
17669938158449
17693244044501
17724355416881
17736297082349
17783305904321
17809656932621
17813765430737
17836161345641
17852677268597
17870349037241
17898955052177
17940641941529
17965802487209
17978675167181
17982414517937
18035869085951
18067108923989
18067253378987
18083934610757
18096341126867
18100014831641
18181760061977
18220256980841
18278434257929
18336821726651
18354533763281
18391916176481
18455993304389
18508658821589
18524833130801
18551835668801
18558416028881
18559395323801
18601803990401
18606360611999
18687242601281
18689758465121
18690016932581
18716799507737
18762935501801
18894949056089
18923573073719
18968122560941
18973673810561
18986907360149
19022982951617
19044515554481
19050907681121
19091577936677
19092943779857
19094018222231
19238440180961
19294393434929
19311248287361
19372515169199
19410399073229
19520357470517
19530160777121
19535655015827
19550066119931
19575194826881
19664008122851
19679813764619
19779042915701
19793891738321
19829537390651
19862360936309
19893266111021
19911993370937
19944978696959
19982733651161
20019889206599
20027022781121
20035645615241
20065863231101
20079250468817
20111158344047
20117038295201
20118883589897
20120209286501
20124444226097
20177084072531
20210674148669
20232479956097
20284227476657
20342605146821
20393441379131
20425062401129
20482426617041
20533425858089
20543015907101
20577570189749
20592406323737
20740123415201
20816010982001
20841638495441
20897486912639
20975886401621
21080969570207
21103263306401
21147516954929
21168977264471
21180254928431
21193598192621
21266421840401
21426298485047
21449483306681
21641932839269
21728554859117
21842821425881
21914195382509
21979107987449
21979824506669
22041092116961
22066557773261
22083917009381
22104042720761
22118544481937
22146980331407
22149305268161
22244113839527
22254743228141
22323308503259
22361919287831
22378697624471
22474796000021
22491715842371
22512159097121
22520527120031
22524555122789
22529716290881
22536624615161
22665708592001
22748460607601
22774085005517
22879592171801
22916870311061
22931195733497
22951519091201
22957165741931
23032352546681
23057155283441
23069796043841
23129681755727
23187344907521
23218479945077
23219584659041
23231173933661
23299568085041
23308537889489
23320514588351
23362488796121
23465900041217
23508660954089
23535463755029
23578809826001
23583772302929
23608394913377
23653945509461
23675499369761
23699223995201
23700474414761
23706195722861
23768522648369
23811885807821
23882283052361
23899173156767
23939990055851
24080722431977
24236875065017
24251218406537
24395084402081
24397077957407
24423383977007
24435058972367
24510203929709
24520612358117
24526898792579
24530250470681
24531399392501
24591664576181
24617145865061
24627355750817
24631727525441
24645224335217
24709390141001
24846285706397
24899320963001
24903724629809
24936224107061
24940747439651
25010062407137
25056188202377
25071582645101
25072848046241
25122563695277
25128638484401
25135444359041
25142152641029
25186978139621
25218095010137
25270935012977
25510623856301
25550573135201
25601501979041
25786292554541
25813929955871
25930730891489
26060241055241
26079957815297
26107798408829
26113547853401
26133063600689
26214113349881
26247533794241
26310215680337
26355973908161
26375431609001
26440767415721
26507821255889
26558414516537
26587623468251
26625059922737
26672746722077
26800532874809
26845141106447
26888880256349
27058649820329
27096747262031
27105888781481
27132719079857
27153775159001
27161316054449
27178731538001
27193696131401
27249742763741
27279510504929
27283813850021
27339642202991
27365378636861
27385181665241
27409659154481
27448503869249
27457225920011
27459146068901
27464688538877
27471492603521
27561940909751
27565730594657
27664763215937
27701466237017
27726634670351
27764009956481
27773205749921
27787591908101
27830981141057
27854011562327
27978772375397
28098326004029
28129248241889
28172923901429
28182563372477
28232148430361
28266225070091
28280362757081
28302681984221
28352483304641
28397896392377
28460149122989
28500453495131
28677081858881
28728550309169
28779261787541
28810259186801
28952703728801
29164662002561
29193477329381
29218326626309
29290308567851
29459991013049
29477765864801
29496727171361
29507999894297
29562798546401
29570013235001
29585587304519
29605766799281
29661192488201
29690844177149
29758106579321
29758296110369
29793804078611
29805101135057
29840948035469
29866609600361
29969134842461
30006344664017
30016617609521
30029377473377
30073255194881
30099944883401
30252429451301
30313000929641
30391431809801
30402125303117
30420280112237
30456111739901
30476838780587
30537989812901
30542204571839
30559394654081
30638526500891
30749061782909
30814262460281
30850942437281
30888820100321
30941803042937
30980029154621
30982099734197
31135591339841
31178811836537
31190289281141
31247022114221
31268091403529
31323078239657
31394901334871
31399181837921
31420729180661
31422163533797
31442831496551
31480982768201
31518130265981
31645080953261
31654138161251
31666044790949
31686048845837
31748263832741
31750954721261
31788645520481
31827895855961
31888763067899
31917804585677
31949331263489
32003090235449
32014783749761
32033838215681
32046161384021
32068274452211
32087738916641
32206917136241
32274369177341
32275477631651
32398064096441
32398354315889
32411065001801
32411616731201
32460448362761
32767105249601
32784128367371
32811281866091
32841628551887
32865735758201
32908423818461
33074783314721
33076945201301
33078527732069
33088876680191
33145615800137
33154077695237
33180660550577
33254633704571
33313253942249
33354159430721
33358198379897
33395903790761
33442638829601
33450344787551
33485098120457
33534741657491
33673097572577
33699093460607
33711495932561
33744178209281
33760787894549
33834222696401
33840623022851
33912349233209
33943590149501
33949000022477
33993787289069
34147897898369
34154669007617
34225478238197
34229721082649
34241837401487
34242854649977
34302164121521
34314345176009
34328622965489
34396366354241
34415841805001
34512301005977
34527996113201
34548382576469
34770572980151
34796927079149
34853057758241
34867946333411
34966138544549
35053339115537
35060744012477
35103112053101
35131495908011
35149014964031
35375340507761
35394028370177
35405168480441
35468493417431
35502354527501
35543699607749
35571960265001
35577239377241
35656444463201
35750782164521
35764006145927
35777341317797
35785636899041
35856802603421
35957265891581
35961165114401
35967793014161
36062734021289
36088305072401
36108205690241
36119381302601
36121118548001
36228065067041
36238884869897
36241059496457
36271736422067
36280506505457
36359608392221
36370438322501
36378507287921
36410151013601
36478272706961
36491330777441
36496649205017
36548754066401
36574120430009
36610126279691
36705339576641
36780557542481
36989401286081
37035157603889
37038388976681
37061700440381
37072438168481
37079492778791
37089059688011
37089470647001
37119451212521
37154377618619
37329816082841
37345521253217
37353322675001
37356361149557
37360502741801
37367409908537
37391128087601
37473242843681
37482937893941
37497045063857
37609292515349
37611213231041
37631657602001
37691175534797
37691421860177
37761812551121
37768439766389
37838819385821
38021887342601
38023137807929
38070554806901
38093680462769
38133161546237
38172722777477
38256200804249
38259994061921
38265327210881
38301957394709
38338714765121
38359637021777
38416731422129
38437027825577
38556259141121
38700182579921
38721683722877
38744914859639
38766438610397
38776561053281
38789875060637
38845893882881
38862905189567
38891858370509
38992415540801
39000807096791
39081014250797
39166554154991
39173459767709
39253428416309
39287162521109
39318383219207
39325850722241
39344178032741
39417807193601
39426507886637
39488271634241
39488730065009
39503176663061
39565581392429
39629186312801
39815627610371
39835000637477
39864269717021
39866101570751
39870969622721
39889151034881
39900911591729
39977945784041
40003212653429
40005862236257
40069604743097
40085247996641
40144767907217
40194269342681
40200769740977
40233940460771
40297791478961
40320961735001
40350847147001
40460765585897
40474345243349
40554035878721
40660030771517
40758690718901
40796774686529
40802925073901
41006134172921
41006587640399
41010366341561
41021985330881
41161195183529
41173869032369
41181759224909
41202750736337
41213790949481
41238285235841
41311727844641
41354533429457
41363130133331
41460147383201
41485652262137
41515161677651
41548703435009
41679001265441
41801074968179
41818777668461
41820216016541
41822363650817
41846766399857
41864131136537
41871486548501
41878482957761
41882212780649
41951754746777
42016656026249
42044800707857
42053119563017
42054282464501
42064452104861
42083545910429
42185969420867
42186527523377
42260812926401
42353477931041
42384189236201
42496402202981
42537932983331
42623432745209
42654296258657
42798083817371
42811131641699
42866011994501
43062645045221
43071468273737
43076585401721
43094974686479
43115660950001
43120972327841
43176107327081
43212204759221
43233236287361
43260647667197
43319376802241
43326546987929
43453798173101
43471216461161
43474259361677
43534143190721
43537325713751
43543659849377
43552062060629
43589635860497
43631105860871
43681070761661
43707102637949
43756430974721
43761449303501
43782844080977
43786661310641
44008829505761
44082769847537
44134027509041
44187551340551
44274234735041
44378812843241
44396790558401
44493370482497
44515163367737
44563843485617
44566777479197
44585795837831
44595519047507
44596506831521
44611829889551
44646030809141
44674269206561
44749764868427
44827687110641
44928388136321
45040544772269
45071231452517
45222876758417
45300295270931
45306185256401
45351396096581
45387698670329
45598155642119
45607005591941
45611297516801
45719793426269
45740870631887
45771603726557
45797792565449
45837104117741
45876413534597
45925927969637
45936131343041
45967005630041
46006838123801
46040071560521
46042423779269
46108574938301
46113237796361
46128406011041
46204174572641
46413176638481
46420343767337
46607706176417
46729907063897
46763356784561
46883965377881
47012126695769
47057323825361
47126747556461
47161302827081
47254421949281
47262536439917
47299798114001
47405699731391
47406667381121
47442653855417
47509556832377
47634313526381
47646893354117
47719342457201
47732652281087
47747855292299
47778557144081
47823863385761
47831990494241
47908857306701
47984573592509
48060098943581
48078069667889
48252495367409
48283229596001
48285594155429
48312458242691
48318173502761
48324079178381
48374988348299
48382514704721
48389892551681
48407798201249
48469446232481
48475174736321
48639942238007
48667294698161
48721084867841
48743861892221
48778610192441
48844384458869
48913061678387
48957749012129
49001622658601
49009039750217
49011434473019
49049119637057
49110472479041
49147948603331
49204892678111
49257211027361
49284290747609
49284625997441
49402667033651
49418759907497
49497459708089
49522738571021
49658580859241
49681991341709
49767387844901
49799288852321
49809556568801
49862433136727
49868901543401
49912647125501
49924039870721
49991586480179
50076182890469
50110749096101
50182316226941
50192149230161
50245467767039
50299117669109
50332825635137
50399760339419
50514675149177
50526230210219
50529283623989
50549439345089
50554255015841
50586370567169
50650634265521
50709859594241
50742288200501
50759746800281
50809323103841
50914613403737
50941815952457
50966072072819
50966575555001
51054614571029
51056827500251
51060231479447
51162204830741
51179794102289
51198415130897
51201047054951
51217266213569
51254576105741
51360956346569
51381272926769
51446641127681
51482724895841
51492810086609
51538336184549
51558197483537
51569258144321
51573305492297
51616253448521
51656590028471
51709491159791
51851630791577
51853643409011
52110331005881
52116688672001
52182225915101
52208501183261
52239397125317
52240086862541
52248404795441
52303214914721
52432464776369
52449609856001
52503957132617
52516580580641
52577151231149
52719734578337
52832370026981
52847599664861
52904745665501
52931310154241
52939926052301
53010573921761
53131538112689
53132334670601
53146905189041
53147259763721
53163967985129
53207523835889
53208114663281
53373323789501
53404316491661
53410512616301
53538455865731
53549861806421
53676822366749
53733657254399
53751633036641
53786022864029
53833646574401
53851948084481
53926922101859
53934405024077
53993455031561
54032934698051
54101664332057
54135134742977
54155088031001
54214346324321
54342004721201
54552610107041
54554622720641
54571615752557
54654946255337
54759244495181
54978329413151
54982868191241
55060262958341
55087640973569
55118935305227
55141755074561
55166614722521
55204224658151
55230708231161
55238433230501
55268831606411
55304504823521
55309861195091
55381485993851
55425163329047
55430480630801
55432770228107
55483868951681
55622883948629
55676657176451
55689531829751
55724248684721
55743240299501
55781278106501
55800835260017
55849215519281
55962493046189
56151518143001
56153723033951
56211031936151
56217104014241
56348594890337
56404266315041
56414437549649
56425953033809
56457947934149
56658384319841
56659029153341
56675472312929
56761629471191
56804616121541
56815707800441
56832964894001
56911240742777
56953114116671
56961490939601
57035078685941
57064871109401
57256579375991
57374679540641
57454972267841
57455336365247
57466804009049
57500499124961
57554301805001
57603480312617
57617464062071
57624604960649
57695310188099
57723846275141
57737414006381
57954343055759
58141878240401
58215919706141
58264403170247
58441435971047
58509645826997
58550607198581
58560364453529
58584415067417
58664088019421
58690849451537
58751238673121
58791843253529
58802156979281
58827084240359
58909659703649
59090714936177
59117972516261
59158745877617
59194492477697
59410508835017
59455908057281
59523984619061
59572682158217
59587224384689
59613071731361
59668072333169
59702215299341
59746220689481
59763018440861
59779527554441
59796685585001
59850441180401
60014889027881
60051118372577
60086649356861
60111924220721
60165638321669
60174840711917
60188781531761
60224991983801
60266340746681
60318847892801
60351256863041
60354453425969
60356321253311
60429142782401
60473954565989
60475143344921
60503014055381
60508689641681
60557175253121
60580865420861
60665199938897
60788606359601
60854726099861
60882648963989
60938623854749
60979999062557
61000399050047
61118192095241
61156055222747
61250148398321
61259358814361
61262894333801
61288943564801
61333591940321
61336906398167
61412383104101
61439868800069
61440949603667
61452414491591
61602334334069
61682683423649
61712321623661
61725144475037
61763252148641
61820880270761
61895519596481
61965372737711
61991985981017
62065310195309
62104504410497
62250652593761
62274207097931
62319207264161
62353782181541
62416427749649
62458064485937
62495763333137
62503111769297
62519672391191
62549304067541
62577084656531
62577636935081
62590021495541
62608183542761
62690506232201
62791344301121
62796923114801
62893767738869
62900946056801
62907604018811
62915050048481
62916505901369
62924089548557
62940383833361
62969281067981
62992915937657
63034309853789
63066644799161
63121256560781
63225500520197
63294128359211
63324420986597
63382204642247
63448758988049
63569797433069
63645046414841
63709078129841
63731564338007
63785358760397
63795218908667
63831826294931
63880338651977
63946563364289
63984883019201
64207409710529
64267863027881
64287385433441
64318799354681
64447802473601
64599086112497
64645072527317
64700754102401
64719167356661
64800018159521
64818808472321
64872266166137
64882665637001
65106092839481
65148107411729
65196258973661
65278518502271
65412149089121
65463371642171
65523936042137
65541651126401
65708354427041
65762604154241
65825473525937
65879803577897
65881124438429
66066653936069
66078172219361
66079818217601
66099247301669
66130004083937
66219389407469
66226457153741
66466149642257
66495859546901
66533112002171
66720335290001
66746333786477
66811034740181
66918978668741
66943416700217
67000142920481
67060558898327
67068212018081
67248762267521
67300004860817
67395330257501
67543574819057
67667540322929
67764660897161
67799484300629
67828153993601
67915637279177
67920325936997
67979019911741
68034095420657
68043816488561
68082014242841
68114255652587
68116064886761
68127020968637
68131497375761
68297774327171
68345503364009
68345769385769
68378517244181
68383810755989
68420011523777
68443487756321
68541394311389
68545650768701
68727440640821
69012999290957
69062177790029
69149792639729
69165364286801
69200016959189
69209204829377
69283334197001
69294104564777
69312046191389
69340233534161
69362165691197
69368991415697
69424043794601
69448669720709
69473197576049
69474135644321
69586010855201
69598683588821
69640848324389
69751641311447
69752524264937
69777440854181
69907691830937
69913129464641
70004913268721
70005274376549
70198642590161
70204371259289
70216296383501
70250996294669
70362222902561
70371637593347
70553036394317
70603375158401
70642935296501
70644690201299
70713732522581
70726910728037
70767317204459
70814331364631
70835672533181
70837387710821
70930606198811
70998272804321
71194978169801
71243644533377
71257767058397
71258872127951
71354270682041
71502237811421
71504078904101
71509300634507
71536936293257
71906710570001
71938063405181
71942046406037
72000140482271
72058184951111
72311180245151
72437758745201
72473291242421
72479167469087
72494112683849
72701912793401
72783798283841
72848118301631
72930000089801
72976972988429
72996748309577
73017214992749
73070716177601
73121408148377
73196761913309
73206433105121
73346317034621
73485800780081
73529668569689
73588003653887
73597659668639
73615042314521
73784705616317
73939990326281
73952829059801
74048668125827
74095194481001
74112085971017
74155570347041
74303386153721
74312428310177
74346958753097
74448313601201
74488276393757
74757494958401
74788382771909
74824526804591
74854490757749
74981168226581
74998579648901
75074936309537
75082319070179
75119827824161
75139650491681
75183131974007
75265447688237
75267971231237
75333252448577
75461525342561
75550988260001
75597949014449
75612425136641
75619210832621
75643473752057
75729947487041
75778343497037
75870043618049
75891853192541
75943410751001
76200455317949
76201162022987
76271404286951
76292043436001
76338834397961
76390763010281
76531540723901
76563187649381
76672838012129
76712391032369
76759635347597
76889708021897
76936381776251
76958872830821
77013827593559
77065326082109
77107043993801
77117806880141
77176909274681
77177057847761
77177804826257
77224888592897
77243065773569
77284278638321
77305191381809
77408585630861
77416940112989
77446295061257
77458828832507
77462453360657
77573768057501
77645866111367
77668300092869
77746219590581
77773726730057
77938386418271
77992012776101
78018127534817
78046020551687
78074854765337
78128297701037
78215321504321
78222991834451
78226999777541
78387681379751
78390722883281
78554401119041
78668656139651
78684645722981
78827594202701
78903029113691
78903516656849
78953976155081
78983117207261
79046769921527
79071612760421
79073622682361
79175406909881
79205182979441
79324922781617
79441523728001
79445247568397
79474280239901
79757312751197
79832871737249
79911381200897
79980186726521
80013607419929
80054373984677
80071925069789
80181166885577
80205153511421
80228198024729
80301063083531
80405190643889
80455142857979
80508242634509
80527942757681
80534494740701
80612027539721
80671075811561
80766772619801
80843951657657
80866361760269
80879499200501
80984252265479
81012407985581
81099445210337
81156393404969
81183876871301
81185270246651
81459575952107
81692672926349
81854093709359
81904682590721
81971042747441
82209710865239
82255334620001
82258796112641
82270582188497
82319591605049
82333811618129
82340326493519
82607530344641
82673214972239
82686501657377
82868429865761
82916008506629
82951701706721
83180699579849
83281069170641
83295590986649
83326563588701
83393458183751
83456619812801
83638919005391
83707464839681
83773097911301
83861215170881
83890763753009
83908385662817
84047205238541
84066259723289
84078100393877
84078730471451
84196574598161
84215441754989
84240597360977
84370501533401
84435329530301
84448607343629
84619000063781
84687615280181
84791748165701
84797473771889
84803191291391
84909619166789
84941230395221
84956026902671
85270423093967
85279961150141
85294601861057
85397955836801
85455636773201
85501821669191
85571792832761
85587834809681
85844082846869
85905123145001
86059826767301
86134311014249
86145986958011
86338780816961
86405013528641
86545281830801
86567623221731
86626247119121
86749765036601
86769805380821
86775334440131
86906183403581
87010756919297
87119455159811
87128995589651
87138197768351
87476133590177
87480731522729
87632770651817
87676221101771
87681606086621
87714749089577
87751466143769
87769224762941
87788800454021
88147478719241
88152076707857
88169908432481
88172499597881
88173320182721
88304596483889
88365088012637
88628523592001
88700487781049
88839872701301
88951836846797
89004991299017
89182583558351
89252755829177
89258742212501
89341914422261
89349575736329
89364795526439
89382017779991
89434804867337
89470962016151
89646063568049
89672467932209
89688301542401
89692486227101
89729642364161
89764958854097
89774564758091
89780379412049
89959148086007
90218183434241
90278942195261
90336500244299
90346338278939
90508804474001
90524840059361
90614605068437
90620007334781
90653574091541
90752075147099
90779500045697
90836321782949
90912611881337
91064875725281
91211355933881
91211883198437
91218660782549
91243942052477
91260955502501
91323624116057
91513439896979
91578919840841
91619045638121
91686255298751
91696273230101
91746372827777
91925689046951
91961310296309
91997721428999
92036536233461
92057211569537
92190522968681
92214924088709
92222096321939
92271441918881
92290830398801
92530656736937
92710725072437
92889931844711
93073361127809
93219306368189
93356331402881
93403461058151
93496619482241
93513617463491
93629678362739
93707777556779
93722925861161
93839331712001
93898056685577
93914738024801
93950440201097
93968234813441
94010571041729
94021393606337
94023293565917
94273281012737
94562162545649
94597486159457
94674022196657
94743465760001
94831061418671
94847491212377
94859322803879
94957253833241
95120770409081
95125540474301
95207366901989
95251112963777
95272275276641
95350661282801
95414767396901
95415768098081
95637437402261
96134020263821
96176048989721
96177554498561
96211855653761
96293043290501
96344649450191
96439733512541
96655067558237
96702396496817
96712127764841
96763588395389
96770712691577
96840309450761
97041847720121
97211044047461
97279865675351
97304060550341
97372703276531
97541453126657
97593233746907
97593709362509
97746554691521
97755730646531
97890019944641
97902093571769
97986438221981
98099034411017
98168898929921
98218837470581
98323413881921
98425605344369
98547256654001
98648908049177
98762862617717
98797780567361
98820249897329
98862664954901
98931447311549
99090630170897
99096918739961
99115109797001
99476950835417
99590615753441
99785628344657
99987113748497
100312632890021
100367638852301
100433826061949
100503161454257
100516512043949
100519590940721
100888173067109
101328181981781
101333170320311
101415733729829
101432650187681
101633546469491
101869605699401
101893147097897
101915063870687
101954104483661
102041144043401
102160515787061
102211622878061
102318822535337
102401252821841
102512207474867
102545910221939
102631080147749
102712431813491
102758547408029
102795060382601
102952318214201
103014588636101
103055706708737
103216337827751
103259506625591
103316334647081
103316755056419
103411871978081
103435825066001
103436769401681
103456516288241
103473483303401
103503523419521
103524355839587
103626484507421
103660247835257
103691486353001
103752084159881
103780614849389
103854222475037
104025864151841
104151297542657
104201744434649
104395341359471
104409430097501
104419515752441
104625361584701
104701501496861
104747007430397
104767369511729
104918252091701
104951048971451
105015220485269
105093366486221
105105793625801
105143739180197
105211271735627
105282857294651
105465056923451
105496005281321
105696630017441
106178002558811
106189470262319
106194798848951
106237756711649
106440356166047
106656328498259
106761308268161
106810864700849
106837482008441
106842952927889
106998152821169
107017031175629
107223758026421
107260698549551
107317019987717
107320056346751
107611072112057
107689834639421
107928903853481
107968502495141
108220903131617
108250820842397
108296317591001
108308203849211
108433751558177
108568178825861
108648911944577
108966823521581
108995079668201
109084200917297
109170280594481
109312622099381
109409112923501
109725213251831
109825674952001
109895411383319
110011260668849
110174783476001
110184212157881
110277000652937
110327473272089
110433903950129
110670223106321
110934385933961
111026802504857
111080697836261
111278060508401
111393969057617
111509662591001
111597469265957
111710510307689
111767871365831
111823795636961
111873175796801
111977291923421
112089460204961
112187768348471
112326343366661
112348162020761
112361858541017
112603280911661
112623058387841
112634106302801
112724891038889
112878760728401
112920837437801
112982442249821
113001277267847
113113146254861
113135365899401
113367659767937
113490571997189
113642236295681
113682676642151
113704199262629
113713704135011
113895181678169
113907429041561
114093600327491
114147593470331
114483958146377
114505300803041
114592451449841
114654660828401
114720327240989
114891918592457
114931442178281
114954659686421
115087130449019
115124519678027
115210102326509
115298030230637
115314704352431
115481240718341
115758657152321
115787730111041
115824254558429
115908981321281
115930262958401
116092966190741
116128378915361
116266692899129
116396564544569
116410211463281
116452478230421
116522475855941
116608374899351
116670311848037
116744097627161
116854597304141
116938953802061
117071003966561
117106538988161
117234333852341
117255942424529
117346255470137
117574107779501
117680727849077
117728598174881
117862186103327
118309338306041
118392684681701
118517450372777
118526184646787
118659446058401
118867301665241
118870222667681
118891298595101
119066367750017
119335398609149
119513450166221
119551027818641
119638854131189
119669029025597
119685107037497
119762209552481
119838895108769
119900154206489
120061583246441
120181713432101
120344384479661
120473045264177
120576196672697
120742221311561
120760924364081
120791570017841
120824892065417
120833057455349
120862386982331
120929613108641
120970513428437
121062536520557
121169539691201
121451710377761
121534979845841
121576723608341
121583763462281
121654230544001
121994525679461
122184478061507
122194852124801
122233454311361
122252560215281
122507060996321
122586119988221
122602653675209
122629478218241
122761035212201
122761318270571
122903734359617
122953399490729
122967492892961
123031008775121
123128224366109
123180103677821
123278723570939
123280023645281
123368667412871
123820361070671
123881636062337
123901825495421
123915149982341
123948504392357
123951004725929
124058598498479
124100011675361
124109028003137
124149503124011
124212080966021
124222013924009
124229487191141
124323322538537
124506757870301
124601756008577
124628863744001
124648934167181
124667464755809
124722087386009
125269720759217
125305492015601
125356175332937
125490740000471
125638935306161
126044327689781
126064244054561
126174972021881
126177172650677
126178965276641
126259667024081
126555590859881
126582175150061
126651091132001
126774711380897
126998849569841
127076057416001
127193747419439
127226459720741
127238232053369
127241631675857
127251461017997
127325334460031
127422458354897
127470334109099
127477989173081
127532590040129
127874152424411
127907462845859
127951187910851
128005201805387
128417842058837
128420827943981
128454289521977
128517394899701
128589682478069
128806951052081
128860763591561
128921489212589
128942724045101
128943906256481
128947311444641
128958179606801
128969444491577
129074316913361
129299043409661
129398144684297
129448391540729
129479152118777
129498539094401
129519733920581
129761816607557
129771286852481
129809760509501
129907793630231
130015916303969
130033356255377
130215532541711
130325375749781
130338243845519
130347535760597
130366436340449
130404088690331
130407271049441
130465690006037
130547623792301
130603036534169
130605683698751
130607016172181
130685142653069
130699348616141
130717402924109
130717902496001
130750879488989
130934983436141
131025697018217
131065161756689
131077433617451
131096584233401
131433560301737
131669516510561
131710327916201
131822199380321
131967585195881
131967870010901
131986909710881
132304108240961
132384068942561
132445840781801
132518062091141
132535240554749
132826239407219
133086231627821
133223413835747
133281158514701
133428688023821
133463668110137
133570666697681
133602461100851
133838330000537
133880513495681
133934119673537
133955363592359
134026142052989
134106566693441
134359058491841
134444687204129
134472613422377
135171381248411
135495013962197
135685341576611
135777762869171
135873353442509
136154631000149
136272632899631
136725525983789
136766426371061
137133126262001
137269780363361
137437803081809
137467128414617
137586609494441
137731111154561
137818584085097
137836079783201
138096319893137
138270239190761
138293714009837
138479085489761
138578610603401
138608257711841
138787436993921
138907769936909
139055619462509
139096956534161
139110837484769
139139768276321
139158374714039
139171642215041
139294272846821
139295583977447
139521434981921
139708523171249
139807429986401
139822785593327
139914800942009
140012483216477
140084857922489
140251996670561
140308098260441
140400603278027
140486698757441
140779946329487
140847354702401
140919619260881
141018419597177
141066497003489
141079093641641
141201877983041
141275038778777
141324073842701
141363493456277
141430249407089
141487583683601
141562545254981
141670957912541
141897306833801
141939333262721
142150221894227
142173829733849
142530836541881
142557516427061
142621595776001
142779856975409
142842183730241
142849247416661
143035942582241
143135166054449
143190013085771
143879367971201
143916410112611
143997066740801
144019817902349
144110923081241
144168278885591
144171368113931
144224767640801
144312623019041
144340569350609
144405088953857
144466214939201
144523308788321
144571840677881
144577193107001
144611153853797
144615395575757
144751644875261
144874868790137
144882599422877
144933804985817
145241319832001
145570297780001
145654709490581
145755838888997
145760844084101
145785703942979
145800702367361
145959507828569
146019269186039
146041988215481
146104276663361
146117264441849
146148360497351
146160902545841
146181936361541
146268389874881
146359779956567
146626368540857
146651980918349
146731654269617
146860113795011
146957650024877
147035936770361
147085864138181
147227490072497
147351833653151
147396795921041
147578202389801
147582501557921
147621700241441
147662487052151
147799953357281
147881225185877
147927992435957
147972924483971
148013448727691
148020855531707
148093084377317
148110789626801
148126461563081
148132332715571
148174338568811
148519315330751
148523471378741
148531620912641
148550531766071
148744173834257
148800522545921
148861080042041
148962559039841
148970895426209
149101870149497
149183719757591
149251206055421
149319097870337
149460934177829
149509095190001
149538977163731
149760521756561
149872016023661
149941343641277
150377951752601
150422933056049
150507095353259
150511430193149
150706256773337
150715007581601
150934187406731
151089470433281
151104139429121
151114040329997
151251443323529
151327901326337
151340082238487
151538307793841
151574706433151
151657773885971
151695598817897
151824716994017
151889950979801
151893610803041
152101091559377
152126468495717
152316268452809
152440235221121
152576099246897
152640465071201
152747405150981
152754531840917
152861956645289
152915132252081
153188848267337
153279850657121
153440718114911
153550337059841
153561827684261
153617308240481
153619439387597
153634229106737
153646223717801
153720755241881
153757429943057
153878716654697
154091632692119
154159428740621
154396274066561
154404341696021
154732394673137
154739087966651
154770736369001
154790615359817
154796048611649
154898576525057
154998824705561
155109762215741
155156497455521
155223050670089
155440742226017
155809603496801
155858574286949
155918297862461
156024007192301
156408099068201
156474271003361
156573294204161
156587713288541
156698212637777
156745400298257
156772225062377
157160464128377
157276008989051
157444647284051
157498598241989
157502907513101
157646676599651
157699278152789
157922387572247
158057713329881
158078052526241
158103623851169
158108015355611
158133632116517
158152139842577
158162295333701
158163778094561
158186101804721
158310733704467
158483562516401
158484330525821
158577594615509
158591897123717
158770131035429
158897315821217
159010864647881
159026138795681
159045324934121
159049359533177
159205180256501
159294137060741
159405733976087
159546497672801
159661451093717
159668433601601
159788956639577
159962022438401
160000864343729
160178221592117
160274215732199
160496012361497
160496298926261
160613492426657
160716510105629
160808434904021
160846503811841
160852094296169
160938094266641
160998393031361
161198203418561
161261543099201
161342456128961
161358296965601
161404943293001
161533151399141
161711693697401
161776380289721
161797288424501
161935439471261
161979676094321
162184622126381
162252851494961
162447010391717
162601581610889
162618379739831
162622203105671
162638013614537
162685584676157
162794621588561
162844700198657
162866637116369
162903389876921
162993131880701
163003781815001
163008570692171
163078933687001
163286303010737
163359424776437
163554848982449
163576403921129
163696712466629
163820072122457
163964017725437
163974699575681
163976213048369
164021600378327
164091768396641
164286738718019
164416427968841
164514488729609
164779475977601
164799071972849
164810768836001
164855103063809
164911631377217
164930730572609
165001226232257
165038545240757
165265120618109
165370023725297
165388875313601
165454623585401
165666894665801
165773856917351
165774409131761
165799677039329
165854165246057
165943905442529
165968871535301
166224901004801
166291642052801
166357433090141
166574445257117
166612900670549
166747078248431
167028963224969
167355697343297
167452448466101
167487590739941
167501369235719
167564932751561
167630349012689
167764170264011
167786576034617
167929104735641
167996822649989
168058375455911
168111753543401
168144920700857
168198870377891
168306621619361
168536651041391
168578437750577
168809733385817
169229900667557
169254002701577
169349269417217
169492986024161
169717112124401
169832890374401
169958490833009
170046076820201
170187675364781
170189249012819
170225757344789
170660847256481
170696817331517
170820498648857
170834615504801
170842931181761
170851098566969
170875823157761
170895666222641
170910922891127
170980055976929
171020741339561
171027648858221
171291185425487
171530078019821
171568187402501
171590584390241
171737815163609
171890049050747
172043383792001
172076662806161
172210339186241
172217360573441
172736831619221
173360871772001
173492169381101
173585632633997
173784660471731
173850531096479
173877536520641
174002457346901
174423227169281
174434349723041
174461493712481
174510667411121
174513449491991
174652008547451
174709486787177
174791846622317
174915490791401
175020844929179
175119565667801
175122813804137
175231295787437
175264354370561
175264719563501
175440079031051
175441540348337
175561708002761
176233067984471
176293378261001
176363970664001
176451711018101
176534044223357
176572334430311
176869186666439
176917126531889
177041168016257
177066484014461
177075395116721
177151953373271
177199661086961
177318879484361
177358503054881
177388002732761
177689450652977
177737635341041
177777127443101
177895382356721
177975446973059
178005628512119
178148925078497
178359489209381
178460754313997
178608323893007
178741186255361
179005581670691
179073815176481
179143726151249
179412317606789
179466884308379
179479789639697
179558164981049
179666178620321
179773678615901
179822241855329
179911554079559
180019603448621
180033116761361
180075470080661
180141095147777
180195288133841
180300309721949
180506140218881
180645462128321
180771339302861
180828468118409
180891855992801
180928159254641
181504286556881
181650644620691
181653016810721
181923418024961
181985969701517
182173875450401
182201888769377
182256750523709
182507553928937
182529241037837
182667970327889
182784551319101
182905380533789
182997077944157
183020028246329
183085299913001
183482511776801
183869420180321
183992239461521
184046478636191
184112443150721
184114549684001
184199686281731
184289805296741
184354848302549
184532594277851
184647165165821
184767976734041
185136754268201
185229475389941
185476835110601
185503464761177
185759151916361
186085539061361
186300596943737
186392551452641
186531422490869
186595902796781
186755604494441
186772097239379
186812278790141
186944306888021
187031484934661
187320352203209
187424343043121
187555734921251
187555755887501
187557052155041
187713290248061
187732609671029
187747308995249
187883277017561
188063536886921
188109858868961
188169727799201
188405449378511
188531179649777
188585790209669
188603919697601
188730584711957
188749470407681
188958317293481
188965295961971
189432251354501
189782107004249
189860721582017
189925013525477
189939822362021
189942151732481
190008075183401
190114251475121
190344423210197
190524095275361
190560290589257
190632452353157
190787881938629
190867437124781
190928529632129
191003365974401
191025279285569
191134070443289
191229283711577
191247558455141
191274736373057
191305932779501
191373963470801
191394366348641
191610971782001
191680540126511
191887707912161
191924965714241
192137237921897
192371872907309
192377213317061
192624234046721
192697250880317
192725685019577
192754301207969
192866592861581
193023989191217
193072681408001
193110428910851
193133935245401
193141623985631
193209243776369
193298064113681
193322491588409
193343098043201
193347337689089
193452433779221
193698170411201
193751813608289
193791326814401
193824724608041
193888696071911
193888868619881
193979443688801
194100159984221
194187546607781
194204725103201
194206166576801
194614896507767
195038263279757
195499955079881
195790780496291
195819864495191
195998879614721
196085179602857
196156632079409
196165263771857
196262288426837
196299977838329
196510314492617
196695562210529
196706445235457
197051321780321
197182135766897
197347474668401
197399062448297
197588652506891
197710675302401
197793759442709
197992404276311
198030468551681
198111847828001
198300998792417
198327807055841
198335527912721
198361079578481
198365092873697
198528395950067
198581677551641
198725108116151
198991845536441
199035043484087
199117304299097
199173809284859
199501730516591
199599679955279
200007439757129
200020444397069
200115870367001
200182143064907
200188701793097
200204630545901
200366911853657
200458015849781
200479154901761
200544850231601
200588084436329
200637478649369
200710970165021
200809877612891
201026417030501
201083534610401
201366759918869
201532521880691
201667339008209
201685549458191
201724889175497
201791039032601
201856744947281
201875718066401
202105469870201
202122283370801
202146126476009
202357836196097
202370123645069
202611035294951
202642274353817
202664750668661
202842117778301
203142653494481
203160975692861
203229740630351
203327656575941
204036345159929
204319903533761
204350543967641
204379853604989
204960187063601
204982240001741
205188657200801
205473837307157
205557775741709
205663986571721
205695561010241
205834448248001
205906635251087
206095037413541
206183926558721
206344114516541
206388958950857
206593093013891
207021921262907
207504754993817
207534367996229
207770476517111
207820069018319
207960468381401
208096136972417
208147578451121
208219053731669
208352277633977
208387387165889
208408169133977
208451402307989
208578772245761
208786694407451
208855088868911
209384748093137
209834278035857
210239835161621
210357338077697
210383759600801
210434419042721
210597902133401
210652524974081
210768889090841
210787466755601
210902349420491
210907619173241
211054070040197
211333762985801
211384442192057
211593091999181
211764645913157
211925093304161
212607145077161
212689783194701
212862271166201
213044349080741
213054758574809
213071125073999
213317541720401
213387518815277
213580016137001
213581968402421
213769420425497
213787265106599
213916835613617
213944039052461
214169491644881
214214965221797
214460550395801
214466198615021
214468612698731
214485223081277
214632198255509
214892652883001
214917156406151
214919946519791
215457586331681
215518070275241
215600921038049
215606956506857
216067400220701
216139077088481
216857679719501
216866868412529
216909795440801
217021361384801
217042161036317
217046801607521
217095539616869
217108898844377
217254796041977
217468775225417
217614128808047
217644713314121
217724326761857
218070645630401
218076955049741
218252040161921
218312943131441
218364311771321
218730223684331
219025316528729
219199622403401
219230792072561
219490538704571
219638893677989
219691182522611
219770297038001
219835216510421
219842405970881
219882870640721
219914722562081
219925871208941
220044741873917
220187781634157
220413516767201
220576903855001
220584791092229
220804325422451
220917378713849
220994843858681
221062184091041
221079776125001
221355809584289
221371025556449
221402104996157
221804202797057
221864099264501
221936051324957
222151942173911
222256606327241
222470346860261
222626102524547
222626241892601
222658976001689
222743007031859
222761234220101
222790198970081
222892008905009
222918801909077
222935433346397
223204853714441
223291374483521
223633949755217
223709513378381
223812649646291
223827800713457
223837741104671
224162495299649
224283294969101
224503543401881
224681742621617
224763462092801
224846606750429
224979460382981
225095678478857
225188131624409
225303486321761
225384608249921
225447061701401
225532036516481
225920834244401
226229179122101
226269287086097
226343540632301
226375545961001
226398837430097
226504407769487
226525607355977
226573290697001
226867982666489
227381007138167
227398067890577
227439807969557
227620341535001
227857188410177
227902840475501
228047240131589
228105613154777
228226493486681
228356209666001
228370502004341
228731333427629
228992222347781
229090660822871
229158774039071
229164376203281
229231109937761
229236152428961
229335168983441
229381687321469
229525288723361
229530755530301
229773287576249
229825494719969
230003845400297
230053392463031
230159911581959
230357771043401
230378060845661
230585533015601
230644884970691
230707795554881
230767837216307
230777825996609
230845410056537
230975607154001
231320657804321
231368008271051
231375345997181
231388518526589
231417341993897
231491554742969
231746856607727
231873740484401
231896651950097
232035489710249
232171083692417
232189985075777
232292589940709
232479507292649
232643365069901
232680853881701
233155653974561
233206837341347
233357996530121
233395685938901
233528466216401
233614429829531
233640320391869
233695755101579
233832092887667
233940003530351
234036029374001
234044860090469
234146613018761
234424881940001
234544143372311
234765240430001
234938005021271
235330927020641
235467337152797
235491717994061
235680343723301
235684002627569
235711979387501
236436065433497
236509141583051
236655428466269
236741552464049
236892193985441
236984858898041
237114339311669
237165038016341
237244217103041
237373762453697
237451920799019
237617158630337
237636121594577
238128459388481
238132801862069
238175439181541
238218118960361
238533125955977
238537136623169
239214498963161
239375560223351
239706597877601
240031017193067
240346285413539
240399757103171
240794608624769
240798174416801
240801926402201
240815801832911
240850161108911
241470843554201
241526782197161
241536091169717
241808101141601
241989129487841
242159043607601
242264940938309
242509143238097
242511154261709
242783790169649
242981027059649
243007943127377
243016768494671
243041725791041
243190333688669
243744647992721
243774922691609
243856382090861
244170830795321
244316061050921
244428152215607
244569728027201
244657419324341
244897557969401
244949496660941
244965323074721
245158334182631
245338864445021
245415487221449
245417070359807
245728437879497
246023362200701
246107035312337
246349124402921
246432395436041
246440123696537
246639975093401
246718402844801
246721814327111
246758820384161
246801919772801
246805326802469
246844369818881
246966975896369
247004647750589
247033852707209
247035111015701
247095879551201
247116568694249
247233120656321
247291357310141
247291842982577
247543517964161
247556768304161
247622986530527
247740371011619
247795928063477
247819853404727
248190400597457
248277289495889
248315063162471
248340271215977
248369338410311
248651289866921
248780643377681
248816176602671
248845880664371
248862628477751
248881096448849
248890018486649
249160532035757
249399380056709
249789999811421
250323120024641
250380448937921
250414534428701
250468092202121
250476767520737
250483979515337
250545568280081
250591792324931
250604979698789
250642649794001
250696653199301
250797201843401
