7549407588016801
8286695601618001
9745331890333801
12593076108996001
14018968860926401
14420440522714801
16543110008728801
17023516746841801
17811364236741001
17878093888301401
20174796773221801
20594076936701401
20796639210600001
21810319719131401
26453718331891801
27508517154591001
28958023980581401
39751337964551401
45593344161507001
45655729343254801
46535106254448001
46756700817640801
57181697122181401
59162153370408001
60056837052256801
69587305611941401
69918474996031801
72350929166838001
77739231679826401
82830333754480801
85741883434197001
87270957180069001
92066619456516001
93468367083238801
100479523218346801
109389927999508801
120353833142389801
150430543687481401
156168163135534801
171674109193860001
172581233891922001
188013506375583001
201807321544495801
252044857096926001
262719681899532001
275549596012451401
277000396558554001
285388473714498001
303992700769776001
309772287652606801
325927157288441401
326969565461298001
341916920248647001
342634143300196801
356698301808646801
369630204013114801
387267254194691401
397743976158731401
400126987296040801
431977445967487801
436741336979178001
446373935321988001
455279114434869001
542761303337568001
575925084195108001
615348437869086001
668039068075593001
692221414977109801
706852088824459801
802439660928041137
879817921387293001
931957841204751001
966404327624276401
1057985635052044801
1075840818481057801
1142849365014049801
1282790665622221801
1405325963817279001
1457450242679503801
1476373815055117801
1485260588644901401
1487806200682687801
1528284115376496001
1682977402349721001
1685052161366734801
1732538562760210801
1814135202639120001
1942032383963906401
1949647682825876401
1958047476232159801
1988795521881511801
2086156881580301401
2184176578231522801
2253998452508816401
2297107666836595801
2506462811070506401
2510070742463284801
2608798444355124001
2816875434761821801
2841308938311316801
2987840942187117001
3176133301184441401
3228144884437750801
3281800097798560801
3344781102484182001
3779824699674328801
3858614068097276401
3911743940819470801
3937272390364151401
3956797011889453801
4101536121636756001
4309003783212517801
4410710036260579801
4540747184177673001
4644693619454464801
4733665588038547801
4846119252642356401
4941888614316498001
5079228300837886801
5227914779874364801
5270711862206981401
5398999391642401801
5623071986467422001
5782139907592226401
5808939421495935001
5931362698853038801
6155052255322404001
6257354713738678801
6300590892081506401
6969667474528416001
7298269771668786001
7567147883068186801
7820391483640125001
7959813217634737801
7965658138208670001
8126529366352084801
8301565420705632001
8404147854564933001
8456768461515787801
8481128796104551801
8570850218379581401
8879375672594158801
8919242029818783001
8998275448332423001
9413516161026208801
9525046899113231401
10000376368935516001
10192093462990800001
10395551619687566401
10693925407846569001
10715283970462588801
10844032831064756401
11131389002600827801
11568123010985218801
11580623225621137801
11789444217663130801
12039217615146696001
12282087457115482801
12562495530307539001
12625971263533131001
12734902983230010001
12978913012822411801
13239687713991941401
13272528054103035001
13398919083891273001
13757638314125640001
14059993123908529801
14194191440699542801
14208517904390581801
14219986013638691401
14360971523544520801
14578565537042485801
14672070617195989801
15094808522938570801
15340841216712244801
15395203799550190801
16070046120213514801
16552398363444806401
16822000253813412001
17060492250108034801
17412591114860398801
18109345986249808801
18131255837775776401
18337733105980477801
18412583181210135001
18535503994087735801
18707133157955545801
19109385977119031401
19520906251786692001
19545712689259273801
19595388592590171001
19631633987833766017
19734215130061728001
19812816019468138801
21361192592698888801
21387534222326997001
21447824961046897801
21880679320566999001
22141625199484567801
22693214403894393001
23194231520589956401
23341571826793581001
23369517023979286801
23397484516794583801
24018428147511131401
24075416148695071801
24103943921682148801
24152901089552004001
24353497534548231001
24608901203594257801
24716535190908581401
24845277643962232801
24928574084526508801
25538047735297279801
25610147106207594001
25964110868639059801
26664345692079417001
27341568319687251001
27693381436537900801
28174681654576413001
28310619462058635001
28629506578567953001
28739388043616457001
28877134784310615001
29232697845824998801
29507108585000319001
29539779291818426401
30108333275528395801
30131982886084774801
30198267672996326401
30316875016981601401
30828023981103204001
30909759716956819801
30943457556047560801
31136486572842352801
31471345390808081401
31505450090398608001
31896969515879136001
32069274245977077001
32405809452486191401
32440585835976822001
32579940172363256401
32634795518582131801
32824769519517817801
32995369934021007001
33055722678341201401
33658209103621900801
33847017745714723801
34391835256104753001
35057481891222551401
35425113589732781401
35816537890161613801
36629566804408837801
37861016131053243001
38403474101022131401
38732541244709290801
38743728880088260801
38838910773864747001
38939861380125433801
39452901230854494001
40746493505823576001
41129532084535054801
41187776806392016801
42358310369926461001
43014754372304955001
43381688521890250801
43454117038117078801
44464330885909704001
47338869795911953801
47486080219956382801
47807155087827592801
48058595769701109001
48713857332116020801
49460584004169090001
50015659693392726001
50374677934030480801
50775597458391148801
51909476851406356801
52626652658669887801
53801748569999161801
54592440557125548001
55001274061135316401
55348254329850565801
55447658889349815001
58008216476819112001
58743465995305452001
59395602366473104801
60082523074386624001
60872956692932811001
62366923459674955801
62520729024313039801
63588884866810077001
64229311616460283801
64409712506378580001
64535407801093476001
65182163452123556401
66858160426058126401
67366503353507433001
67844901028681098001
70179406454816050801
70320821635463217001
71131355861517206401
71602116575675956801
71610541838237451001
71703263351213268001
71964999974253073801
75242729130915871801
75959058081362901001
76794619068826794001
77068595884584751801
77440828691233321801
77858793819017442001
78986710298762884801
79572807492416167801
81018696049300632001
81165156657153652801
83513917543722510001
85650972455576081401
86269548791154776401
86307711999200962801
86317254559463831401
86384072176621758001
88056068499608752801
89075394138570571801
91206866280810030001
91722634260680456401
93865685965907356801
94533298482654176401
95224444840265790001
97059873267100203001
98730747573686226001
99715097974006536001
99851744337422381401
100304617741263936001
101458729561938495001
101490618657347606401
103029165289914892801
103211818795996255801
104669972431046308801
104876289887644451401
105224384441306205001
108092335529497104001
108514187568200938801
108903705223757191801
110122744097475476401
110336163778541575801
110471097124420003801
111463971242815195801
112417247499353043001
115402281942543687001
115634063721795915001
115773281644836941401
116203240247452290001
116727595878826377001
116914412878144089001
117792774941336394001
117839744085342414001
118475050088411464801
119444133885640470001
121446048888995914801
122371019948642133001
122503540819596514801
124320202400039344801
124405415732495785801
124636905327368876401
124795458289881213001
125320860577522570801
125798661671804981401
126942931074566658001
127202271166940701801
127239348560253402001
127499092072234761001
127907974248449908801
131463032226092426401
132743033835536791801
133214016566474358001
134877652558464720001
135160554053451956401
135546965940104906401
135572752885765998001
136321997744166566401
136386716751958301401
137333948242833846001
138887450196608631001
141737101629188655001
143243299510541890801
143336953161441543001
146790112152556243801
149017444686689784001
152602736454547033801
153427425239635076401
153918048605044001401
154677060307871677801
154902430894257191401
157509946288764517801
157809390184834226401
159140061230588139001
159944922321098191801
161099424627625567801
161461342566179422801
163541935290036699001
163717338837014083801
165964739092226118001
167830908148339452001
171228181954956551401
171710748101208129001
171861735744846795001
172496850399921361801
173847855510364812001
174900104819604915001
175404851883236576401
175849218357868765801
178686145751799273001
181945348097483448001
182605053317873302801
183897641378100832801
184277110402978706401
184482873912671931001
185148695042143451401
185339223461659377001
187091828273204943001
188582166856350056401
189789801565846781401
190759612940057801401
192660236551990590001
192741739840531053001
192970071328054999801
194425825539573776401
195724129598314015801
196152680224750691401
197061289974624176401
197723856475261976401
199737158071148737801
200757289558626624001
201226707413291426401
203990856434506444801
205178342416756858801
207310299053941633801
208613719841059031401
208630906429389532801
209129728199620901401
210492619299494440801
210890520308646981001
214424195266654316401
215090026671885540001
219327146574010836001
224087894119039474801
226058455429308861001
228095251211499731401
230878991265979173001
234019111479852015001
234334680299325346801
236514234604452961801
237019120489786854001
237637178361965389801
238293867381826102801
239535484757961252001
246364726065807817801
259156932890311726801
261128102993247701401
262247521528691155801
266838183522803431801
267689632182452641801
270602191046155558801
274772972285947023001
278986390904217326401
279362059754302530001
279696270602459806801
281077707938021426401
281329366041605112001
282484721108915985001
282695124922216731001
282737218218184345801
283980851027012958001
284128642225888181401
284276484692187876001
284551185318401081401
285736534213491127801
288138412807443886801
290200198823849535001
290532280507649182801
292013653858456631401
292035159972143548801
295186396772919402001
295316382315187080001
296357640663467908801
297793363238894754001
299408618377548400801
305839321965614952001
308062601726789292001
309267640428652266001
309513495906678303001
310005597684345851401
314616190171365206401
327722112670056972001
328698524659027210801
331311767325416698801
332999001432182838001
334362320533705492801
335469804531038265001
335682154523254656001
337668410629951744801
338071341967028439001
338545789058819547001
339496014499036323001
339829012990630161001
340233660953733388801
340543314279030879001
342620446915872208801
344129838415453269001
344754051892472271001
345234729417304659001
347499899230939473001
349144694386989131401
353108478769226814001
353963492024617563001
354770910504017422801
355555033465747554001
359567096286845563801
360284046321752456401
362987311971301045801
366879680626879451401
371405334741524831401
372820868443662877801
373479301286533803001
373606011797154486001
376451843505273202801
380080680017387320801
380439710315142056401
385360515971770759801
393752072587299501001
395961030252038865001
399289933030452735001
399660958664062989001
400164860981189506801
403463892624647576401
404264760133767566401
409846607284418808001
415969482632199502801
416160096509542447801
417687104280864891001
417823625616919494001
422208031315822950001
424908566826454406401
426678382885185580801
430817760223415079001
432184858682699406001
433009300797929368801
433219071759158377801
435432775882554690001
436556508869825706001
436837743880575660001
437147241868210405801
439967567824176025801
442175823702863019001
447328550400698598001
452578752762463987801
455870046213427151401
456072661517579670001
457405627255940988001
462033052809506253001
479776056095219013001
484733777279577912001
486635697879022751401
486998531589911157001
490758379393862509801
491549180849601147001
492097156136494691401
496036234816497496801
496097470697619874801
499811624558722089001
500396517441893806801
502184802096485536801
503111446415452102801
503698910332010391001
504441623440366479001
505526054900936160001
505867196921141949001
506612039431461621001
507699578143262862001
518566073361741391801
519386464198508051401
520618672102143094801
520776788275711765801
521093116658732767801
524485852109921512801
525280663861821907801
531764287887696364801
532309659607108543801
541573186257459024001
542190215483808213001
549500033074016257801
551074922243736433801
556544607922866401401
557801774440380897001
562816065409474954801
564549771893553406801
566487717563725936801
569201573272497581401
570074521452363613801
573136868102120754001
573777639985121851801
580075700013174297001
582151183885962612001
586933296437044128001
592775265821582706001
601854475252430006401
606008671448371477801
612469525192514337001
613280345987095882801
626708720483330524801
631335887290719699001
634000482219704301001
634794102395515519801
639569735283582835801
643422006781458177001
643822654416428562001
655550779469366610001
656140894913558446801
656915958726471191401
659763081119072124001
661579162535763115801
663249925330612846801
664030576323539313001
665295785779234495801
667756366375972773001
674385132262498384801
675174494765207681401
679470355389877321801
683367338273094522001
691473356324668751401
692964465092115202801
695646188040662656801
702033341017632776401
704815784628873258001
705357667662337564801
707993622018873280801
713519273700131542801
722412125891669367001
722844923895288796801
727656642858540670801
732092715493045410001
738860433987275268001
741298980916485679801
747720650299982671801
755840292818293976401
757097783899647703801
757747356902190939001
767617504874713609801
768109151458809349801
771186699546498934801
779557809291380587801
782333925699622300801
789323899214141764801
793336800112115006401
803132959976408259001
806134005890162644801
808379089927405071001
810458438489547106801
820095060810105936001
821422825843442001001
823739128001997207001
827523165798690101401
829160758132517013001
836122946967987184801
839162101315564798801
841468067821859553001
841990759289718121801
849418824965078515801
860023877382738356401
877775035443460723801
878491909440171101401
878984986655951452801
884060921406671311801
885727189998687322801
900498949668611148001
903600733551530006401
904788589497597118801
907030069914015731401
912581005351386784801
913454691796686191401
920556736141423471801
921389239998054501001
927602550422025319801
940957094782907673001
941332479667833191401
942741062151675701401
945891968336126016001
949569022613260316401
953160947543076430801
956856803844997876801
958185848173597092001
960039067085938441801
963371348064692287801
967810436540718082801
970969016199792566401
973222492272284961001
975095042743289818801
977788031508143238001
981595493665619851801
983672057700846628801
985219306916960836801
1001661315933177022801
1004549991717227127001
1006855110399014906401
1011082111611268990801
1012805784277117963801
1020264659163444900001
1020413218538966831401
1022692935127070323801
1026566297138247553801
1040501056504819842001
1044972577550803557001
1063037660494683748801
1075452398535671517001
1077351145537889404801
1077967434980307304801
1084916893612202497801
1095059541988219785001
1099581818611187410801
1104168724029567390001
1112488741209093331801
1114693438051525665001
1122380043320073247801
1124175132786774117001
1125020542638387457801
1125284820112045588801
1130207928099063447001
1132329802372963551001
1138658078018350192801
1142765382570692307001
1151331602440367091001
1153748541043742214001
1161775431377567781001
1162909722527309832001
1163287983579711191401
1163558220259108826401
1170978998653733103001
1176361051413826252801
1195630767678571872001
1215109778581586726401
1220570311237947402001
1231933405274434891801
1236149367221743876801
1238514501859807050001
1244836272280838816401
1255268676891341182801
1263359500371469540801
1268448190411689881401
1287551264897759631001
1296418971756529316401
1298453238119922881401
1298627702759523420001
1304627138794065697801
1306903583706714776401
1310469484680816277801
1311522955771355527801
1326625815282396622801
1331468911097488524001
1332829453956167041801
1342379214156636612001
1343628187743253851001
1352153708339243476801
1358796225225957177001
1360115337889409131801
1365701019535819026001
1369373038567708713001
1370035905620388454801
1373836447339723827001
1376978692136962147801
1381155601181342226001
1383580860951212922001
1384187619180812796001
1392274380426086383801
1409831946826398144001
1435169322290262018001
1446825735971833901401
1449765314532988068001
1452395538418291042801
1457916795328186926001
1469380117838109736801
1470138045654055252801
1470833041737530949001
1472666353988448124801
1477541505183315663001
1478365642750061566801
1487451390864893383801
1489999504807313551801
1492805789422499199001
1501181721799019836801
1501566100808028356401
1502976051864401772001
1506825858360683208001
1510553581606196816401
1511068232300040498001
1512419746509220621801
1513256801876422668001
1513578828467774451001
1522355482713004443001
1527728458422060472801
1533828764532964856401
1543205373280441966801
1567077571849912782001
1569913790956267423801
1575596491461830121001
1580099485371717731401
1585341668723229934801
1591860726516160188001
1598731625625636251401
1604952406967448480001
1611659401075320420001
1613070239650255687801
1622699277297912744001
1643024420043241524001
1645270491570794381401
1659474677222481207001
1664547737252331633001
1682937825602745742801
1685150927794429102801
1700696992138479656401
1705783922911045845001
1706411780239481676001
1712069430580050831001
1712628888429779203801
1717459272084628376401
1721596796530142083801
1724897541754852768801
1726654974921299563801
1727287942963931876401
1731934435939222948801
1735389489500187281401
1739131757885774310001
1746136435924464675001
1750532767446478285801
1781729296830678208801
1794325384016278273801
1797140577405293816401
1799019007928348080801
1805748723343983919801
1807125672818662740001
1810825155841177333801
1839649147158378982801
1857827777731966999801
1858049303705555032801
1862631450652148446801
1869963712795068101401
1872857454633491872801
1874416859115485201401
1874639701821066348001
1885878949282037857801
1886028114130455523801
1904960966309486038801
1911049139497520651401
1912328548944717540001
1920167958510252952801
1926893672007785501401
1933407578608068217801
1938264652863360851401
1939328221058881879801
1940696237479962765001
1948003191477749613001
1950976872696058986001
1954411801974150033001
1956168988379819156401
1967424585053516475001
1976029197541184695801
1978415256427221326401
1983193134994351758001
2005643433429634632001
2006886978049277784001
2009842456375379698801
2034767421582522101401
2043724506840816349801
2044511467714555111801
2054997265992642150001
2056498157513965279801
2073612333370323531001
2081965909916303994001
2092419408242828103001
2110375059352073127001
2112224513605500626401
2120116907751451926001
2122617568291986667801
2139771583736605231801
2144724474303946182001
2147407089819586631401
2149034005576257131401
2155305302936330400001
2166984344426168951401
2183800507282979906401
2185363468949990461801
2192447254432577981401
