41395
42217
44011
44941
47055
47239
47671
49267
49567
50557
52507
53983
55423
55471
56661
57715
64741
64771
65683
68191
68619
69979
72535
72583
73891
74011
76741
77871
78403
80971
81651
81691
82411
83011
83293
83821
85695
86023
87123
88453
93805
93991
94051
95941
98005
98623
104923
106507
106951
110245
110677
112147
113611
116935
117895
118027
120289
121435
122461
122479
124015
124369
125341
125347
125677
126133
127909
128371
129031
130381
131047
132595
134539
134797
135931
140811
141523
141661
142519
143893
147259
148831
149443
150691
151887
154687
155149
156655
160891
161653
162871
163885
168103
172501
176011
176035
180115
180991
184891
187867
187939
189289
189943
190411
194047
194503
195315
196261
196611
199171
200887
203521
204051
205543
206371
209455
211191
211531
215611
216651
220405
221263
224995
227461
230971
232531
233491
235963
237007
237139
238111
239629
244531
244771
247111
247945
248005
248857
251131
252361
255067
261997
263245
265447
266645
272163
273091
275451
275569
276451
279031
279871
280999
281587
281611
282949
283897
283921
284791
286195
287695
289091
289765
289807
293845
294007
294847
297571
297631
298627
300409
301351
309171
309211
311389
311491
314587
317395
320359
325141
325471
325591
326311
327685
330379
330565
330673
332443
332815
332977
333915
335923
343315
344869
345151
345967
346179
348781
350227
353221
353899
354019
355699
360373
361231
364531
367423
367891
371581
371911
374503
375991
376831
377233
377881
385951
387961
390091
391783
392959
394447
397579
399703
401851
405631
406291
408967
414421
415735
419167
429871
430111
432565
436891
440251
442351
443479
445511
446431
446755
450571
452941
454693
457555
459781
462163
462379
468541
469591
475707
476191
476221
483295
484891
487411
489991
490141
492331
493879
494053
494211
496651
497071
499111
499291
499741
501145
511771
512635
517237
518053
520171
520591
521293
522151
522691
537421
538135
540471
540607
545491
545611
548611
549061
553519
554863
555667
556405
558811
561511
562981
564655
567511
568345
568429
568711
575719
576511
577435
580351
583771
584983
586747
588523
589183
592981
593971
594259
597255
597721
601051
601195
609061
613561
614107
617281
625291
625795
628603
640471
642811
644371
647389
649741
649831
656041
656635
658357
662767
666061
667147
669631
671587
676039
678001
679251
682021
682357
683365
685741
686035
686311
687511
690079
692455
695521
697531
697971
698971
699295
701779
712147
712471
714271
714883
720499
730471
730891
733231
734011
737191
741445
743461
744031
745549
747973
748231
750295
750577
752655
754171
755503
757861
761055
763981
769201
771715
771829
774817
776815
779527
782887
786331
786505
792485
793963
795481
796489
798019
802123
810559
811951
813271
814711
816051
817609
819571
821401
823531
824335
826255
828331
832711
834361
838491
838591
839515
841843
843115
845131
851089
853879
856581
859351
860693
861631
868981
872515
873691
877429
878047
879739
880663
881365
884221
884611
885691
891271
892039
894631
895363
897097
897541
900271
903355
906907
910267
910681
914005
917527
917995
931855
933451
937021
939301
940039
941773
944911
946191
947011
955981
960583
962143
964471
974011
974191
974221
976291
978631
979783
980455
983055
988165
989611
990661
996151
997291
997393
998323
1007251
1011415
1013251
1019131
1019815
1022671
1023841
1028245
1029691
1031953
1032199
1032379
1038919
1039391
1041457
1044565
1044667
1045591
1058583
1061971
1063411
1066603
1069231
1070191
1079143
1082731
1086339
1086397
1089673
1094197
1096585
1102081
1104271
1107211
1111171
1113217
1113463
1116151
1118299
1121971
1122211
1129981
1131571
1132651
1140547
1145005
1145911
1148335
1149655
1150261
1154203
1158829
1159831
1162531
1163983
1168597
1170331
1175551
1192003
1207273
1215085
1216117
1217371
1217791
1221883
1222663
1224091
1224595
1230853
1234371
1234795
1238959
1241935
1244671
1248091
1255531
1260805
1262455
1263061
1269619
1273603
1276231
1277281
1281661
1282099
1284571
1291555
1292521
1295365
1296241
1296991
1298761
1301071
1302031
1304791
1305651
1305751
1310071
1310491
1313401
1315573
1317661
1322491
1325023
1325311
1326795
1332031
1334131
1337491
1338961
1339231
1339501
1339741
1340331
1341001
1343935
1345609
1361785
1364341
1364595
1365631
1366135
1366981
1370341
1372561
1375291
1379077
1384591
1387051
1390261
1391671
1393171
1397851
1401421
1403077
1410871
1417267
1423501
1425931
1426387
1428919
1437115
1438801
1441987
1443481
1447693
1449301
1453471
1453933
1455133
1456579
1460851
1461031
1461643
1464061
1465045
1466185
1467871
1469671
1471373
1476097
1478959
1479877
1481605
1487245
1489657
1490587
1491091
1492855
1493701
1495441
1496131
1498771
1502851
1506271
1508239
1510195
1513471
1516195
1525771
1531615
1532635
1533085
1533511
1535701
1535821
1536151
1536319
1542835
1545061
1546411
1554037
1554991
1555321
1557703
1564171
1566805
1574455
1577311
1578235
1582567
1587811
1591279
1591285
1592227
1592599
1599211
1603141
1612171
1612195
1616101
1618219
1620235
1622551
1622911
1623541
1629511
1633801
1639771
1644411
1655851
1660541
1660543
1662817
1664719
1666645
1671271
1672021
1672231
1674031
1677403
1679401
1682227
1683559
1684879
1690981
1693771
1697209
1699291
1701883
1703131
1703611
1712131
1715701
1717531
1720335
1720981
1722091
1723399
1728079
1730311
1735615
1736035
1737571
1737781
1747843
1748887
1749805
1752247
1756015
1760011
1760647
1763827
1766527
1772659
1773535
1776211
1778711
1781011
1782295
1785631
1785829
1788001
1798939
1799365
1800931
1802251
1804451
1806043
1807321
1807951
1814665
1819597
1820491
1821631
1822879
1824043
1829689
1833979
1837849
1839799
1841611
1842715
1847611
1849561
1854931
1857031
1857307
1859341
1862095
1862671
1863109
1870609
1873579
1874815
1876903
1884631
1885555
1892323
1894861
1896973
1900515
1904671
1909831
1910821
1914367
1916941
1918951
1922623
1928785
1929421
1932463
1939015
1942093
1942759
1945111
1946821
1948531
1964071
1965379
1965691
1966993
1967281
1971109
1977151
1978459
1979701
1980643
1987279
1988071
1990261
1994017
2000911
2003107
2006971
2009197
2015311
2028451
2032771
2036431
2036515
2040589
2044435
2047591
2048047
2053173
2054941
2056915
2058811
2060863
2067403
2069107
2069731
2070061
2070853
2073511
2077069
2077213
2081443
2081551
2089011
2094655
2096731
2099245
2101489
2102863
2115859
2116051
2118481
2118571
2119993
2121691
2124409
2124979
2127703
2128731
2130793
2133391
2134231
2135455
2141581
2143327
2149159
2150617
2157001
2159571
2165251
2168611
2170345
2178745
2181691
2181865
2184091
2189971
2192287
2192311
2200171
2201551
2206261
2214031
2215711
2219371
2221765
2223511
2225671
2232559
2237555
2239171
2241811
2243173
2253733
2259931
2261629
2271061
2271451
2276281
2277499
2287561
2287831
2288455
2290621
2293795
2294341
2296507
2300881
2306941
2311783
2313955
2319511
2322439
2326387
2327101
2327235
2330683
2330839
2334883
2335081
2338141
2342473
2342761
2347303
2352571
2356285
2359243
2360821
2363011
2368255
2374387
2378971
2380351
2380831
2381593
2384515
2386351
2387461
2387863
2389843
2390371
2391571
2396527
2400871
2410591
2418505
2418627
2419171
2433811
2435371
2439271
2443207
2449105
2451589
2453311
2455135
2455531
2458141
2459815
2460757
2460811
2465701
2470831
2480131
2482591
2483971
2487271
2488741
2489893
2500861
2501005
2505307
2506771
2511031
2520913
2521135
2526567
2528197
2534071
2534221
2546011
2554105
2561143
2562061
2562541
2568391
2573341
2589223
2590699
2592415
2597341
2598451
2600779
2601871
2606611
2607199
2611423
2611531
2612611
2612919
2621311
2621521
2635261
2637691
2640631
2644591
2651011
2654381
2659261
2659411
2661235
2662261
2670823
2674015
2680021
2684671
2685571
2686087
2686765
2688937
2689519
2689639
2697487
2706439
2711491
2711911
2722915
2729389
2738407
2741323
2741401
2741845
2747785
2748343
2751211
2756953
2768233
2773771
2774059
2774521
2780341
2788861
2790031
2797579
2801683
2811001
2819923
2826871
2827147
2827451
2828983
2829001
2839417
2852071
2855281
2861431
2861791
2865721
2873791
2877961
2878657
2884223
2891771
2892055
2892877
2893591
2907877
2907931
2913721
2915581
2919511
2919631
2921461
2922931
2930731
2933141
2935111
2935591
2937097
2939053
2939197
2939335
2940211
2957521
2957813
2958613
2966551
2967307
2974171
2975821
2976031
2984605
2990641
3000811
3004579
3021589
3021835
3035383
3038971
3041101
3042301
3049021
3049171
3051523
3061411
3066073
3069079
3070189
3071407
3072049
3073039
3081841
3084771
3091621
3092053
3092111
3101377
3105991
3109891
3111901
3120307
3125851
3127831
3128461
3130645
3136519
3150301
3155023
3164431
3177911
3178627
3181165
3182851
3187551
3192711
3193531
3198805
3206671
3207499
3210439
3214111
3215941
3220591
3223285
3243901
3246541
3247933
3254173
3255721
3259531
3261751
3262771
3263611
3269773
3275455
3280693
3285331
3289891
3296899
3301621
3301791
3302521
3306751
3307333
3307711
3311791
3315481
3315961
3317041
3320981
3320989
3325981
3327559
3328297
3331021
3332005
3333547
3334111
3337867
3342387
3346195
3347691
3349255
3357091
3358351
3359761
3363301
3368989
3370471
3376921
3379567
3382681
3382951
3383731
3387319
3388501
3390829
3391531
3393421
3397651
3400881
3404047
3412591
3413383
3418871
3419221
3422185
3423421
3424141
3425071
3429031
3435979
3437491
3442531
3446971
3448447
3452191
3452281
3454851
3461731
3464131
3467071
3470785
3477667
3479191
3479887
3479983
3481621
3487531
3494743
3496171
3497341
3503143
3504187
3510079
3510907
3513139
3513661
3521251
3521941
3536221
3550093
3552223
3552991
3557581
3567991
3570085
3571231
3577015
3577321
3580285
3581341
3582397
3596491
3597595
3598645
3604901
3605551
3608647
3615511
3617923
3619267
3624151
3624631
3626185
3628021
3629191
3637915
3640231
3640939
3643711
3649051
3650611
3652987
3659251
3660631
3669973
3674281
3676603
3685591
3687895
3690661
3694531
3695917
3698731
3699421
3710911
3713311
3716791
3729643
3729871
3730111
3747901
3748345
3749923
3751951
3752167
3759493
3766531
3766945
3767479
3770515
3775795
3783187
3784261
3788335
3788863
3788951
3792229
3803971
3804931
3810451
3814591
3818599
3819271
3820831
3820909
3822091
3826087
3826551
3827317
3830821
3831697
3833011
3833155
3845167
3857827
3861061
3875059
3882151
3885571
3887269
3893611
3894835
3895081
3896551
3896581
3897091
3900997
3902671
3905317
3911839
3914131
3918487
3924991
3927561
3930577
3931207
3931291
3940759
3940867
3944437
3951031
3957187
3958651
3959581
3961105
3965845
3966601
3968431
3969511
3974991
3977611
3979645
3983971
3989107
3990931
3993781
3995293
3999961
4002277
4006549
4011745
4015315
4016809
4027405
4029235
4033695
4045879
4048465
4052035
4057215
4058041
4063501
4066855
4067851
4070599
4075387
4079065
4088773
4093753
4095049
4096051
4096639
4114111
4118335
4120357
4126279
4126691
4133389
4134043
4137061
4138117
4139059
4139611
4146181
4155421
4159651
4161067
4162831
4170151
4170271
4171651
4185871
4187695
4198405
4203997
4213195
4213861
4222393
4228051
4230991
4237651
4238221
4241271
4241755
4244251
4246411
4248895
4259011
4262881
4265045
4266241
4274011
4284781
4285471
4289455
4291003
4291741
4294927
4298251
4298749
4300381
4310131
4312645
4313101
4321759
4326595
4328701
4332511
4336735
4341691
4344181
4345471
4359277
4360111
4362115
4366411
4366999
4374391
4375111
4376131
4378231
4380565
4384171
4388449
4391491
4404723
4408999
4413421
4415551
4420361
4421473
4422229
4423111
4428535
4436371
4437349
4439161
4442245
4445111
4446961
4448851
4450693
4452181
4455511
4459351
4461565
4462507
4463095
4463755
4473547
4475431
4475581
4482661
4484017
4500661
4501651
4505971
4507351
4511035
4512055
4514671
4515979
4527205
4529281
4531723
4532983
4550521
4552951
4562521
4569331
4572371
4578109
4580083
4588531
4588555
4595515
4599511
4601653
4602631
4604227
4604557
4606999
4608955
4611865
4611949
4616281
4620211
4622191
4624087
4630171
4634917
4635373
4637839
4650031
4652761
4654933
4656499
4656967
4658551
4664245
4669699
4670407
4675801
4684861
4691491
4709011
4710955
4712095
4723027
4724881
4728283
4734415
4743421
4746281
4746979
4752799
4754581
4756099
4756861
4757365
4766291
4771645
4772581
4774147
4775317
4776499
4778899
4779391
4781491
4784599
4792351
4794859
4795363
4804999
4805893
4821151
4822063
4822357
4826095
4829287
4830433
4842241
4848739
4850671
4853977
4855159
4859245
4859845
4864411
4864621
4865719
4868539
4892251
4898569
4904029
4906111
4913251
4915471
4915681
4918921
4919851
4921969
4929961
4939231
4941061
4944031
4949971
4955707
4967431
4970071
4970407
4972561
4973341
4973731
4977943
4982731
4985029
4986661
4987489
4987621
4992905
4997365
5009701
5012731
5020429
5022601
5028061
5032951
5037457
5043763
5043871
5044579
5046709
5049703
5056759
5063671
5073391
5074501
5085271
5090701
5091433
5093179
5096455
5108311
5108467
5109811
5127739
5134441
5135923
5149051
5152267
5163835
5172427
5178853
5179483
5182405
5182783
5184235
5190115
5193241
5196139
5201371
5203123
5204101
5205841
5210161
5225479
5226871
5227531
5235811
5236351
5237239
5238115
5238583
5239459
5241691
5253391
5254039
5270911
5273203
5295301
5296741
5297611
5298559
5301517
5307211
5310681
5317215
5317831
5320711
5323891
5333911
5334127
5336341
5338981
5338999
5345905
5346871
5347531
5348941
5350153
5350549
5356831
5362891
5368201
5370103
5372731
5376031
5376799
5394043
5396377
5397771
5400187
5400571
5402803
5405737
5411731
5422741
5436321
5437705
5446141
5448583
5449741
5455909
5456341
5458831
5460253
5460421
5467111
5477941
5483605
5490061
5491429
5494567
5495389
5496541
5502595
5505031
5505535
5509309
5510149
5510713
5517061
5535811
5536651
5538961
5540809
5546401
5549401
5562271
5565427
5566471
5566891
5567431
5570645
5580031
5583055
5586133
5591131
5594491
5597551
5602093
5603557
5609539
5616007
5629339
5630791
5633251
5634871
5638543
5639947
5641951
5645461
5657821
5663659
5665705
5666593
5670001
5679661
5707507
5713189
5713951
5718031
5718361
5721301
5723263
5723419
5726071
5731621
5733451
5734177
5737111
5742691
5746951
5747071
5749261
5754739
5757571
5764921
5767711
5768269
5768431
5775541
5779159
5784241
5790961
5791351
5794813
5796235
5818147
5818351
5818737
5821285
5821291
5830045
5838061
5842291
5842321
5849131
5856061
5864341
5878663
5884147
5891431
5892901
5897503
5897893
5902519
5911009
5946973
5948215
5959261
5963893
5966521
5973331
5973745
5978435
5982061
5984743
5987479
5993911
5998637
5998861
5999215
6000151
6007981
6038215
6041107
6043159
6045411
6048883
6048991
6054061
6054217
6059803
6071941
6072403
6072655
6079039
6083311
6083851
6086791
6088321
6097771
6100537
6100621
6101341
6101761
6107341
6109591
6111007
6118933
6129721
6139711
6141109
6169045
6169555
6170011
6174301
6177631
6178537
6180931
6181123
6187399
6190873
6203611
6206551
6206599
6208231
6215011
6215071
6226015
6228391
6229291
6232381
6236035
6240235
6242251
6244111
6251983
6255151
6256909
6259749
6263545
6269605
6270109
6279679
6280735
6282787
6290935
6301417
6303763
6303991
6305503
6309151
6312601
6323485
6324541
6325411
6326563
6340405
6342151
6350071
6358731
6360271
6371251
6372961
6374371
6380851
6382537
6393311
6397405
6397501
6416821
6422689
6434731
6441811
6443599
6449341
6452527
6466699
6485161
6486151
6489391
6490237
6491563
6493621
6494851
6498031
6504271
6505837
6513295
6513781
6522985
6523351
6530395
6532471
6537001
6545581
6549991
6553741
6558757
6560383
6562579
6566131
6567211
6580003
6586771
6588331
6589561
6594721
6596531
6597631
6601171
6626131
6627943
6629741
6630151
6633991
6645661
6651931
6654261
6664255
6666871
6671407
6680761
6692533
6700441
6717481
6722197
6723367
6727981
6738811
6747385
6750871
6765331
6773521
6784261
6786091
6787681
6787963
6792259
6793021
6803671
6804811
6813211
6822301
6822781
6843565
6845917
6846163
6848113
6849655
6861343
6862561
6863701
6865723
6868291
6870121
6872811
6894469
6905251
6912115
6917155
6924661
6927811
6930271
6940165
6945877
6946897
6952765
6953743
6960331
6967303
6969427
6979441
6981037
6981751
6987487
6988891
6995671
7008511
7027261
7027783
7027891
7030921
7033741
7034821
7040551
7046341
7047055
7051291
7058955
7060039
7062011
7075471
7076251
7079191
7089103
7089811
7090819
7096531
7103365
7114471
7115557
7117783
7118461
7122151
7124785
7130761
7150231
7154365
7159447
7160101
7167427
7179739
7181395
7194331
7197205
7198321
7198951
7200391
7205269
7205947
7210351
7213991
7216451
7223671
7233205
7238221
7243231
7265035
7287241
7289407
7295431
7299643
7299811
7300471
7300813
7304781
7311445
7311955
7325383
7330411
7330681
7330765
7348471
7354831
7358911
7368361
7369381
7371091
7378099
7385191
7385599
7390411
7394821
7397755
7407511
7411561
7425289
7426015
7432819
7433881
7440343
7441765
7442821
7443877
7457461
7457941
7466221
7470121
7473973
7479247
7481215
7501957
7502569
7512211
7512391
7518505
7523161
7526311
7527103
7554001
7574407
7576201
7579339
7580461
7597831
7599747
7602181
7603531
7604311
7604779
7610905
7627711
7641211
7641661
7641895
7650601
7659379
7660591
7683031
7690495
7691251
7699957
7704691
7718617
7720495
7725211
7728541
7732231
7736191
7745071
7745557
7749835
7754461
7759951
7768261
7768531
7769191
7770373
7776231
7777783
7779421
7781971
7782391
7782421
7786411
7790941
7794823
7797151
7798477
7798903
7802227
7805581
7807423
7819381
7822207
7823191
7830631
7843949
7849471
7853797
7859383
7862611
7864081
7866991
7870891
7899487
7904551
7911547
7921615
7923931
7926451
7933135
7934361
7940101
7944211
7951021
7960771
7965991
7968271
7975177
7976941
7981051
7981489
7986031
7989235
7994335
8004481
8011939
8013721
8016691
8030521
8035231
8039731
8044411
8045191
8047885
8052067
8054119
8061051
8079421
8093701
8096845
8099311
8105701
8109685
8122885
8129353
8130637
8131981
8133991
8135335
8140021
8154151
8154985
8160051
8164393
8171815
8172541
8182711
8186101
8186731
8188141
8190091
8193151
8203231
8204251
8211307
8212711
8222341
8225365
8227831
8233573
8240791
8246751
8255611
8257543
8258341
8260351
8263321
8271061
8284831
8286763
8294581
8298421
8298991
8301895
8309005
8310301
8312151
8314411
8319811
8322889
8325877
8333611
8342797
8344231
8353885
8355891
8364769
8366091
8368591
8370031
8372101
8376121
8382955
8401867
8413615
8416057
8419471
8421421
8423689
8430547
8432701
8436919
8443171
8466577
8468251
8470891
8472511
8477911
8481071
8481271
8488831
8495467
8503405
8504149
8520799
8532349
8533591
8534527
8536255
8538811
8545927
8553181
8553751
8555707
8567791
8569903
8572981
8572999
8574385
8576011
8576341
8579431
8589835
8613781
8628451
8638141
8639167
8645077
8648653
8673613
8674219
8684971
8688499
8693545
8696623
8697571
8697751
8697931
8716813
8718781
8726623
8729941
8730631
8731061
8736091
8736715
8738731
8754211
8754661
8755831
8758621
8762755
8763133
8764021
8767891
8781097
8781211
8784691
8787031
8789419
8791003
8792485
8796061
8805421
8806471
8811853
8827351
8827897
8839537
8841427
8855599
8855731
8856991
8861251
8862211
8862721
8864701
8866273
8867167
8883811
8891311
8894581
8898877
8906311
8918455
8918779
8919631
8934619
8934871
8940967
8943271
8954251
8961511
8967355
8972503
8972671
8972941
8975467
8976561
8976871
8981701
8995771
8998171
8998341
8999221
9000211
9006565
9012901
9015865
9028771
9030541
9033949
9037741
9046261
9048199
9050245
9052381
9053095
9057061
9062989
9072691
9073051
9073261
9077287
9078691
9078937
9090835
9095431
9096031
9096865
9099085
9100911
9101359
9109021
9117127
9121801
9122947
9124561
9127721
9131935
9146521
9150061
9150331
9156463
9173965
9174421
9175651
9176185
9180991
9181627
9184057
9186171
9187243
9199771
9207661
9207709
9209461
9209641
9211651
9219855
9224881
9231961
9236929
9242611
9243241
9244117
9247155
9251245
9254461
9257911
9261877
9267649
9268771
9269611
9269701
9269835
9270871
9277591
9283471
9294871
9305311
9305611
9306277
9310513
9321391
9324421
9329871
9337357
9339331
9341977
9355831
9360163
9362487
9366469
9371791
9376507
9387007
9407545
9413251
9419263
9420931
9434971
9445521
9451303
9464911
9465685
9471991
9473311
9482551
9485731
9486781
9489481
9494899
9500305
9502411
9502865
9503935
9506485
9508531
9517795
9523231
9523571
9525901
9527551
9531985
9532171
9532495
9535483
9566431
9566869
9571171
9574537
9600151
9618421
9624091
9628621
9638581
9642271
9644611
9647155
9653491
9656221
9673171
9680329
9683535
9685741
9688651
9692143
9693271
9695911
9700891
9703879
9704461
9705451
9709981
9716631
9723649
9727705
9728797
9738751
9740065
9741271
9742051
9748565
9752443
9754771
9757501
9760741
9769033
9774031
9775891
9775921
9776251
9776611
9780421
9781465
9788059
9788791
9796165
9814351
9816511
9819691
9821323
9821539
9823501
9824011
9828295
9828739
9840181
9846955
9856393
9859381
9861961
9863821
9863833
9881041
9886471
9887923
9897091
9899071
9900811
9904567
9911791
9913261
9919741
9920869
9925651
9926521
9934341
9934351
9935131
9938293
9942871
9944053
9946615
9953371
9959521
9969961
9991291
9995189
10000111
10006711
10008019
10016035
10024933
10032295
10036027
10039191
10040251
10049941
10060051
10060843
10066771
10067131
10079371
10079455
10081387
10082359
10084069
10086973
10088911
10093321
10094821
10095769
10105411
10115641
10122091
10128061
10130377
10130797
10133461
10133851
10146043
10147951
10151161
10153781
10162771
10169581
10177531
10186261
10196053
10196719
10197685
10201101
10203817
10212973
10215451
10217737
10223629
10224565
10224745
10236031
10237591
10245019
10251559
10251901
10253647
10254091
10262551
10270141
10270873
10275871
10276591
10281211
10281301
10290631
10290799
10296841
10319491
10320229
10331179
10350211
10357795
10358437
10364101
10369423
10370581
10371235
10374247
10374961
10377031
10377841
10381813
10389751
10391491
10396963
10403887
10409455
10410715
10411441
10414405
10418719
10425781
10449363
10450951
10455621
10457569
10460671
10462711
10468087
10469113
10473127
10478167
10483291
10488391
10504411
10506739
10507399
10514641
10519951
10522561
10537267
10538681
10538815
10540861
10544791
10555831
10556101
10557673
10558939
10560901
10571695
10577365
10578891
10584211
10593661
10601683
10602021
10603461
10606651
10613191
10625455
10633399
10654495
10659589
10660981
10666711
10668709
10670419
10675351
10680217
10681651
10682545
10683871
10685221
10689463
10693765
10696639
10700131
10706329
10710421
10713631
10721305
10723447
10728445
10736671
10740379
10748851
10749907
10763803
10764361
10787701
10800031
10815151
10822981
10824451
10834441
10836631
10838461
10856451
10856455
10870609
10872265
10873927
10878259
10882261
10892155
10896301
10906099
10908751
10909339
10910731
10917517
10920127
10922107
10923331
10924159
10930151
10932871
10934881
10935811
10938691
10942111
10943959
10944451
10945309
10951381
10951711
10954741
10961821
10962841
10967635
10968451
10972243
10972861
10975771
10980061
11008051
11014837
11023747
11026555
11038111
11040451
11046761
11049367
11051671
11056591
11061667
11062411
11063515
11064331
11070961
11077171
11077711
11086771
11091661
11114677
11115133
11120821
11122231
11127901
11136581
11137831
11138995
11139151
11141221
11143951
11148481
11150287
11157541
11175661
11176081
11184811
11194477
11195605
11201527
11227021
11229751
11233531
11239381
11243581
11247181
11251321
11265871
11285365
11288651
11298211
11298871
11305165
11310355
11316271
11328817
11329081
11338591
11342695
11349751
11353693
11365507
11368435
11379511
11382271
11399191
11399623
11401291
11402131
11406031
11406577
11411191
11414791
11419171
11423371
11427871
11429671
11430631
11435815
11436607
11437141
11439671
11448619
11456491
11457745
11458507
11462413
11462971
11468227
11470111
11470735
11478301
11480771
11488711
11492347
11497543
11498011
11502591
11512411
11526541
11526901
11529181
11533951
11536111
11544481
11553571
11561131
11564743
11575561
11587891
11590111
11596951
11609263
11615071
11624431
11628949
11629927
11630683
11639719
11648779
11651113
11655721
11657659
11659741
11662261
11663785
11666515
11668033
11670541
11671231
11672281
11673991
11674921
11679211
11680123
11683165
11684041
11707471
11711641
11712691
11714311
11717491
11718121
11723551
11741911
11742031
11743615
11748241
11759119
11760991
11773951
11775589
11781763
11782005
11783941
11784913
11787091
11787559
11796907
11800669
11811787
11815861
11817091
11821291
11831029
11832211
11840869
11849521
11853283
11864671
11874061
11874171
11875111
11880463
11890105
11890357
11896591
11897365
11904031
11914111
11921131
11922511
11922961
11926981
11933041
11934091
11935771
11941111
11957191
11962951
11963911
11967283
11971921
11977435
11980291
11984659
11986531
11995501
11995711
11997811
12001141
12003193
12006691
12016705
12017671
12019561
12025801
12026791
12029455
12031771
12042727
12044233
12045391
12063793
12075661
12082291
12084931
12097639
12098731
12106861
12110491
12111639
12114115
12114235
12114571
12114631
12124345
12125371
12126787
12127231
12128341
12130231
12138349
12146251
12149161
12149431
12154045
12155221
12157051
12158659
12159121
12160351
12173041
12176431
12179011
12188551
12190669
12193831
12224023
12225403
12226621
12230905
12231151
12234901
12241411
12241681
12241963
12242959
12243049
12255571
12258181
12264511
12275749
12278581
12282721
12289663
12291955
12300163
12312931
12320149
12325699
12326281
12336771
12336829
12342571
12346789
12347191
12347551
12350521
12352471
12355211
12357871
12359491
12366991
12369721
12380341
12386311
12391009
12407173
12414781
12427141
12444061
12449851
12450901
12457381
12457771
12465979
12468541
12472549
12476065
12488421
12499861
12500803
12501553
12502171
12508783
12509791
12516007
12517015
12527131
12527971
12530071
12533431
12533845
12534661
12544351
12548911
12549961
12551371
12555031
12563731
12564241
12579931
12588631
12592573
12595021
12597781
12615445
12618031
12640339
12641161
12656971
12662611
12676011
12676819
12679441
12682363
12694189
12698851
12701635
12702523
12702655
12731461
12732181
12734569
12737179
12741637
12743179
12744373
12745915
12749287
12752881
12755821
12760153
12766111
12766447
12770963
12772201
12776911
12787513
12788491
12792165
12822721
12827641
12830083
12830845
12831859
12834823
12837391
12838435
12846145
12847801
12850555
12855181
12856351
12860941
12863131
12864943
12865579
12866491
12878593
12896071
12898495
12910395
12917731
12918841
12924241
12936595
12939091
12939277
12940207
12945451
12954361
12958399
12959857
12962797
12964783
12966109
12967501
12970951
12971839
12975301
12976951
12982201
12984541
12989401
12992011
12993031
12996691
13014241
13032991
13068991
13073569
13075309
13083091
13086541
13094263
13097491
13099813
13106941
13109091
13111501
13123705
13127281
13131769
13133071
13135081
13138189
13140931
13144471
13146211
13148395
13148779
13151461
13152271
13160863
13174627
13180531
13195081
13199737
13200805
13207871
13209631
13225861
13232791
13237411
13241761
13242439
13246261
13251631
13254211
13255561
13257601
13260391
13260451
13262635
13290193
13307827
13324165
13333651
13333801
13343743
13350211
13366501
13367341
13368511
13369741
13374271
13376203
13381771
13390171
13392031
13395991
13404469
13406641
13414921
13415623
13418329
13418587
13421221
13422151
13426141
13429591
13439161
13441351
13455193
13455211
13455271
13466731
13473691
13478011
13483141
13491031
13500127
13503631
13505947
13509301
13512451
13517635
13520695
13523101
13530793
13541281
13543621
13559431
13559533
13573021
13575781
13576993
13578081
13579345
13581067
13584451
13586305
13586881
13590151
13594651
13599535
13601281
13612495
13618021
13621747
13627615
13631281
13631401
13640383
13646959
13647313
13647781
13647985
13648531
13650091
13652431
13662823
13674271
13681291
13685071
13690447
13705553
13706581
13712881
13713181
13714891
13719547
13748491
13748497
13764661
13788751
13790941
13808323
13809067
13812721
13817091
13819543
13824343
13833121
13833481
13856611
13865839
13869703
13875121
13881211
13887511
13890121
13894057
13900741
13900981
13903141
13909585
13923295
13925143
13930021
13934599
13938523
13939861
13946311
13948891
13950031
13954507
13957621
13958119
13962823
13966141
13967647
13967701
13975711
13982431
13991881
13997851
13999789
14008519
14008963
14018215
14021749
14021911
14030185
14043499
14046691
14047681
14052655
14055361
14059471
14064379
14065171
14069641
14073451
14074741
14087455
14089231
14090455
14092981
14118259
14126491
14128357
14147911
14152411
14156521
14165431
14169091
14169217
14174977
14183443
14184391
14187511
14188111
14192641
14201701
14204971
14213095
14218021
14219011
14221911
14242951
14246737
14251081
14253211
14255605
14260963
14262907
14267569
14275955
14277379
14278663
14279491
14282521
14284123
14284831
14296831
14299363
14303329
14314171
14317213
14318011
14333011
14336071
14346445
14354557
14356651
14358415
14367961
14373433
14379127
14387011
14390251
14392789
14403397
14419147
14424565
14424601
14428051
14434465
14437771
14447791
14451571
14455267
14463391
14471821
14483677
14487091
14487241
14487621
14487931
14495971
14496151
14516191
14524771
14530309
14531713
14535871
14536663
14539483
14544401
14551831
14560573
14561419
14577811
14585623
14587861
14588731
14590621
14593063
14595835
14595997
14602621
14612851
14623141
14623921
14636623
14640991
14641081
14647291
14653999
14654047
14655751
14661181
14661361
14662585
14662891
14664751
14692873
14710423
14714791
14720461
14726053
14733391
14733691
14739601
14740615
14749285
14756587
14756767
14762851
14765413
14775787
14786071
14789011
14793451
14807281
14808883
14811013
14825371
14860651
14866189
14874853
14877019
14883451
14893921
14899963
14907847
14914411
14916391
14917687
14923735
14927173
14927731
14931031
14942227
14947471
14960221
14963971
14972665
14975731
14977171
14980741
14986021
14993251
14997061
15003811
15004639
15023845
15024991
15031621
15032641
15040411
15062737
15067011
15089641
15090643
15103633
15122311
15128371
15131779
15136381
15138061
15145117
15155311
15162841
15171601
15182731
15183421
15189637
15189721
15195181
15198541
15200101
15203929
15217741
15221701
15234649
15235951
15237211
15240301
15242683
15243481
15246421
15254317
15256621
15262261
15262851
15269581
15272971
15275191
15276703
15282235
15282499
15285397
15290215
15295057
15302041
15318991
15320533
15326311
15326569
15332911
15335437
15342781
15352195
15362257
15382221
15384103
15389641
15393583
15394021
15418201
15421561
15425911
15426007
15426871
15431701
15433003
15446971
15471985
15472171
15478321
15491971
15494101
15496429
15496531
15502831
15524281
15524587
15530131
15534091
15534571
15535279
15562441
15563221
15568345
15575791
15584881
15602581
15609811
15609871
15610021
15615265
15619591
15631855
15638383
15643615
15649705
15655831
15671461
15673903
15679501
15680341
15688261
15689851
15693781
15702211
15707671
15708561
15724891
15726691
15729451
15739431
15754495
15755311
15758821
15783613
15791365
15804991
15811261
15815731
15819481
15826405
15834061
15864901
15871801
15872677
15879469
15887401
15889861
15892171
15899533
15907351
15909841
15918379
15938833
15939331
15956371
15974815
15981031
15983617
15995017
15996949
15999511
16004605
16007269
16012333
16016281
16017001
16019185
16019893
16021123
16022665
16033501
16045723
16050973
16051281
16057765
16065127
16072813
16074391
16075549
16086301
16089565
16095703
16096471
16105801
16108027
16112779
16130335
16134735
16143031
16145155
16159291
16160101
16167355
16167481
16174327
16177453
16179241
16182391
16184731
16186681
16207171
16208215
16209661
16212691
16214311
16220821
16222351
16232821
16234231
16244617
16249991
16257319
16260391
16275091
16289287
16290181
16318861
16323451
16326241
16329151
16332811
16340131
16370761
16380091
16394851
16399231
16412341
16416283
16417381
16419481
16419793
16425121
16425361
16425931
16427971
16431541
16434031
16443673
16465567
16469311
16470061
16470181
16475891
16477891
16486141
16490221
16493995
16499671
16502941
16513909
16534111
16539923
16547941
16549171
16552135
16556911
16564381
16568141
16573387
16575307
16577785
16589011
16598641
16602439
16602979
16604653
16605961
16621081
16633855
16634239
16645441
16650511
16650613
16651591
16655191
16658551
16660321
16662127
16664005
16668751
16671151
16671229
16678333
16680379
16681711
16702687
16707615
16711935
16715041
16725409
16727551
16728181
16732597
16737061
16745935
16749391
16756657
16763071
16773211
16775191
16777171
16778539
16791181
16793365
16798291
16807435
16815163
16815511
16821421
16822339
16838611
16841791
16846483
16851577
16860883
16863511
16883461
16883803
16884751
16887991
16888039
16890811
16899037
16911583
16912951
16913941
16922941
16929535
16944643
16961911
16965235
16966831
16967581
16985221
16987651
16989211
16990891
16991041
17006941
17011897
17012371
17013451
17014831
17017687
17019311
17021353
17023231
17032639
17044843
17045071
17045911
17047171
17066071
17072131
17075395
17094871
17096371
17100031
17102371
17102449
17103061
17105791
17108911
17126449
17134351
17137261
17148571
17155261
17155447
17156311
17163231
17167515
17176171
17178271
17192803
17208811
17213911
17224285
17225299
17231371
17238379
17246761
17253991
17273341
17289931
17291401
17299465
17303791
17326849
17328781
17344867
17359771
17360641
17365321
17372251
17376181
17382841
17398471
17406841
17409631
17413513
17430217
17432581
17433013
17433291
17436607
17437531
17438851
17441431
17452411
17468221
17469061
17471155
17478541
17479891
17492917
17499703
17504071
17504917
17505181
17507521
17510731
17518315
17518411
17526643
17526901
17528941
17532487
17532931
17535721
17544811
17547811
17552941
17561131
17566021
17569141
17592427
17592841
17598061
17599351
17600645
17609671
17612035
17620177
17633941
17635135
17640199
17643571
17646391
17648411
17660887
17669191
17676481
17682421
17691301
17703205
17725033
17735411
17749291
17766229
17777111
17786041
17788711
17794261
17799331
17800945
17807731
17808571
17825053
17833741
17833879
17835511
17836651
17846005
17856031
17856733
17868961
17877833
17878561
17886661
17890951
17894041
17895511
17897461
17908111
17911621
17919877
17921681
17924035
17926903
17929651
17935309
17954371
17961385
17965039
17969935
17981041
17983471
17987641
17988565
17999515
18019555
18037981
18051391
18054709
18060127
18067309
18099031
18099985
18102331
18104365
18108493
18112579
18119179
18126265
18148501
18151843
18153841
18154561
18155491
18157711
18159661
18163411
18167227
18167821
18181171
18186091
18216691
18217831
18230083
18235351
18237871
18247771
18248311
18249911
18259291
18260971
18265951
18268771
18273151
18273433
18279961
18280717
18281495
18282901
18308173
18309331
18314605
18317041
18319081
18323581
18338131
18346651
18348421
18361033
18382411
18407761
18409861
18418429
18419815
18424471
18440185
18442501
18446233
18448561
18455371
18467527
18472213
18473411
18479761
18492871
18494581
18499261
18501855
18509041
18516613
18520411
18521779
18529351
18530611
18531871
18534091
18536071
18539269
18550435
18550741
18552031
18566521
18569761
18579463
18593257
18603355
18609031
18615877
18617359
18617701
18623515
18626461
18628645
18632041
18632581
18647641
18653251
18656233
18672511
18674041
18678121
18680677
18686251
18689707
18693115
18694001
18695629
18695887
18697771
18699031
18699577
18716149
18718105
18719947
18722821
18731797
18732571
18733771
18739261
18740401
18744883
18759181
18764431
18765331
18766261
18775135
18776731
18783781
18791851
18802609
18807355
18810013
18822559
18823471
18828943
18861871
18866191
18867355
18880891
18888331
18893239
18902227
18910651
18911251
18914965
18926491
18935071
18935527
18942451
18950467
18962731
18973501
18974431
18976273
18989011
18996571
18999331
19000951
19020391
19021171
19023049
19025041
19044751
19058887
19060405
19067581
19069597
19075981
19080997
19082071
19082857
19085815
19093957
19105411
19105723
19110067
19114747
19129039
19130821
19133551
19137769
19148971
19153891
19163011
19175311
19178941
19179391
19187071
19189261
19196101
19202149
19204151
19205461
19216885
19218079
19229323
19233091
19238401
19240111
19241221
19241509
19242861
19249531
19271869
19275565
19282165
19289119
19298863
19309795
19310071
19319587
19325629
19334185
19337473
19358131
19362211
19370221
19377631
19384021
19391149
19401727
19401823
19408909
19419691
19440733
19443061
19448221
19448851
19449481
19450093
19450891
19455751
19459453
19460281
19464811
19465837
19480981
19483651
19483681
19496995
19514011
19521241
19521295
19525231
19545621
19550641
19551799
19557021
19571989
19580821
19588591
19598371
19607107
19611571
19611781
19616779
19618171
19620601
19625341
19629541
19632535
19638841
19643911
19645249
19656463
19663645
19670281
19673071
19675573
19678099
19679479
19687531
19691911
19694767
19703503
19703611
19703923
19716301
19719991
19721065
19732471
19737031
19738371
19739461
19745641
19765691
19771711
19781671
19785091
19795411
19804261
19805191
19814371
19815331
19827127
19831741
19833601
19835431
19837741
19846735
19848319
19849795
19850611
19853731
19854601
19857241
19857391
19857711
19861051
19864741
19880071
19880941
19881961
19882291
19883671
19884697
19884841
19889365
19890001
19890871
19892671
19902031
19904971
19910995
19934971
19942495
19964077
19964113
19982509
19994381
20000071
20005651
20006089
20011111
20020897
20024461
20024971
20032441
20034631
20041267
20049415
20049637
20056855
20056981
20058943
20060473
20062441
20069491
20071129
20072581
20080621
20083171
20087971
20094151
20116537
20129401
20132191
20141311
20141971
20144761
20150203
20153167
20156341
20161177
20163949
20170381
20174023
20174041
20179171
20190691
20200155
20200861
20208091
20214445
20228137
20243221
20250061
20250139
20250547
20256965
20259037
20260201
20262651
20263051
20268391
20271811
20276371
20284351
20288041
20312671
20316361
20317135
20337271
20345095
20353165
20357191
20357743
20362681
20365441
20368465
20370571
20377501
20377861
20380711
20385499
20396311
20401837
20415787
20415823
20419653
20422831
20423767
20434327
20441701
20454487
20459245
20480785
20485351
20488195
20506867
20512927
20515261
20519851
20525581
20539681
20545981
20550517
20555851
20557291
20559661
20559679
20563591
20573371
20573995
20583151
20583901
20586985
20596381
20606431
20609151
20619523
20621005
20623711
20627431
20632051
20632501
20641543
20647891
20654401
20655277
20660761
20678477
20681011
20683231
20684131
20696011
20703787
20710261
20710801
20713111
20720371
20726161
20728951
20732101
20732731
20733961
20735155
20743681
20746381
20747221
20747761
20752711
20766571
20775907
20779221
20779237
20779681
20786221
20787631
20789743
20796811
20799031
20813071
20813395
20818471
20818711
20830297
20831791
20836531
20845591
20849167
20849311
20851381
20856661
20863063
20874391
20877403
20881015
20883451
20884021
20885173
20892235
20910631
20912521
20928103
20930911
20934487
20972491
20984797
20988331
21006271
21023611
21032053
21033181
21038929
21051031
21073231
21081661
21082921
21084277
21100111
21114391
21127695
21134751
21142651
21148231
21150811
21151123
21152845
21160051
21168451
21169291
21171613
21171907
21176989
21177211
21177661
21178921
21189211
21190291
21201481
21202231
21207241
21211087
21212401
21214579
21236485
21236881
21247681
21250081
21253723
21256441
21257971
21260905
21265231
21265411
21265465
21266287
21269011
21275641
21277285
21289321
21312661
21312841
21313891
21316261
21317449
21329815
21332611
21334321
21336679
21357661
21360661
21366151
21371581
21379285
21390811
21410551
21423571
21430141
21441871
21443305
21443647
21448681
21450685
21450871
21462511
21474199
21480811
21492719
21499621
21499849
21501481
21504211
21520171
21534871
21537679
21538729
21541549
21544831
21547879
21549235
21553351
21561151
21561673
21569029
21582217
21583081
21588667
21588771
21598951
21611851
21620897
21641347
21644371
21651361
21655231
21666385
21668101
21673015
21680695
21684265
21690241
21690691
21698821
21706477
21706531
21708961
21709639
21730063
21740881
21773515
21781201
21787261
21792751
21799351
21799771
21826995
21836491
21838831
21845419
21860917
21868951
21870991
21879361
21880417
21881431
21881971
21884941
21886267
21891181
21894181
21897811
21899671
21906823
21910021
21911041
21912661
21922291
21923815
21929857
21943141
21951271
21962641
21971911
21980011
21983143
21987511
21991681
21997291
22002541
22006153
22015435
22021399
22024213
22030681
22035091
22041265
22063717
22067431
22070595
22075711
22087351
22102921
22112371
22114009
22115677
22128271
22137991
22138261
22138537
22139221
22139611
22146631
22154551
22155211
22158709
22165441
22182181
22202881
22207471
22211791
22214401
22219693
22221127
22225645
22233541
22236061
22238851
22242991
22265461
22269739
22273681
22274161
22284031
22290331
22292167
22306621
22311421
22333381
22340941
22357699
22361401
22366861
22370335
22375831
22391551
22391941
22404187
22413331
22420471
22442161
22449085
22461349
22467463
22468177
22473481
22478281
22481731
22483645
22483921
22489621
22495981
22505731
22508221
22510501
22529473
22538101
22562995
22567147
22568455
22581397
22591801
22593733
22595959
22603939
22623211
22632181
22635211
22644601
22648627
22649101
22650151
22651831
22657621
22663201
22666291
22666441
22683193
22686721
22691101
22693609
22701757
22714759
22715491
22721061
22721959
22722541
22727737
22730161
22735531
22753735
22754341
22765261
22767031
22770265
22779211
22790521
22793317
22797997
22814947
22818121
22826791
22830595
22835671
22840159
22851817
22852921
22855711
22857605
22858421
22861159
22862263
22862461
22865911
22876855
22884415
22884877
22887151
22888411
22891231
22892761
22895341
22901707
22912501
22916391
22920031
22921237
22922155
22925527
22935451
22938631
22941241
22952791
22954777
22964851
22967935
22969261
22972335
22979121
22984939
22986691
22990885
23003149
23023981
23035201
23042041
23043799
23047291
23050681
23050741
23057497
23068249
23069971
23072611
23081941
23092861
23115631
23118061
23121781
23125789
23136241
23139061
23154415
23164765
23165041
23169199
23169835
23189881
23195161
23208361
23210569
23215777
23230597
23230819
23234701
23235151
23244013
23245885
23262961
23270371
23281111
23292721
23296183
23296879
23300821
23304709
23308951
23319979
23320771
23324035
23331043
23337661
23340031
23344021
23348641
23354611
23357503
23370643
23371741
23374639
23379301
23386207
23390731
23394967
23396311
23409421
23414461
23418691
23420731
23423365
23424061
23428483
23429071
23454559
23463727
23483671
23493691
23503591
23518327
23541847
23542579
23543107
23547151
23559889
23564191
23567545
23570041
23570515
23586871
23587291
23590645
23593531
23598961
23600281
23625721
23628331
23631751
23638447
23640079
23658271
23661751
23665621
23669101
23684431
23686405
23687581
23697427
23701987
23707351
23722813
23726011
23732941
23741971
23751001
23752387
23768431
23772739
23773009
23779999
23792461
23794441
23795551
23806651
23808901
23809951
23814463
23820631
23828491
23830321
23835979
23840191
23841727
23845231
23853271
23856691
23857801
23859109
23859601
23859991
23863261
23871121
23875531
23883267
23884915
23907601
23907871
23915311
23915893
23920981
23921005
23924509
23934895
23945461
23955295
23968231
23971921
23977471
23977639
23981017
23993029
23997847
23998159
23998711
24000901
24003343
24011065
24013681
24016291
24024145
24032611
24035491
24039709
24045001
24050665
24056485
24075793
24076291
24079081
24088471
24095695
24096031
24103465
24116149
24117667
24131245
24139129
24170731
24172951
24191971
24192091
24200491
24205927
24206641
24207235
24209143
24212641
24219721
24221071
24222507
24231985
24234577
24238039
24250651
24255661
24256891
24268339
24273355
24281137
24287011
24294541
24295495
24297505
24298681
24301711
24306745
24307321
24311101
24313081
24313411
24315853
24323251
24332191
24333151
24343669
24348301
24354451
24359209
24359881
24368821
24372595
24376261
24386755
24387361
24390271
24395791
24398557
24410821
24418549
24426691
24431581
24437561
24438835
24442447
24450427
24458449
24459331
24459499
24464149
24473761
24477643
24479017
24485461
24491611
24493855
24512911
24515101
24522379
24546721
24546985
24554131
24561811
24563827
24570091
24585451
24593101
24593521
24600199
24612511
24615397
24617341
24621259
24621451
24622681
24637591
24642829
24646741
24650161
24659911
24678985
24686437
24691759
24693631
24705061
24705511
24706711
24715201
24720091
24725191
24736291
24743491
24747541
24750121
24770191
24772129
24793249
24793561
24794449
24811501
24851761
24853291
24861439
24861901
24867085
24867805
24871441
24875047
24878911
24882001
24895927
24896131
24900181
24902983
24912871
24919273
24941281
24954799
24954811
24960097
24964381
24974371
24985797
24987121
24990595
24992353
24993231
24995101
24995887
24998611
25000249
25017421
25021621
25024765
25040191
25052119
25061995
25062901
25065061
25067251
25067419
25091263
25100881
25108861
25121971
25150735
25154917
25158211
25165687
25168151
25170481
25175437
25179781
25187863
25190005
25198591
25200589
25208611
25211401
25224343
25239631
25242601
25246255
25247209
25279681
25280431
25281397
25293535
25297981
25298491
25303191
25304011
25314721
25335223
25363651
25383295
25391821
25393411
25393681
25412521
25416931
25423021
25428651
25431571
25437061
25441879
25445245
25450519
25453891
25459981
25468261
25468741
25471561
25479805
25487821
25507951
25510321
25511221
25512649
25516051
25527151
25529461
25532923
25534765
25552531
25553137
25562143
25566571
25570909
25576783
25589845
25593841
25598551
25611061
25624417
25626601
25626721
25629631
25639261
25640473
25644349
25646881
25651249
25658551
25673641
25677169
25682053
25698751
25719751
25719967
25723891
25729111
25729411
25748359
25758211
25758853
25775191
25788631
25789171
25790011
25793335
25808989
25814041
25823851
25825261
25830511
25854739
25857427
25857961
25865191
25865671
25871161
25873915
25878541
25919791
25922053
25922221
25930957
25931641
25931851
25932301
25943611
25961141
25963801
25966027
25970041
25972591
25978051
25984231
25989811
25996321
25999315
26000011
26002261
26015821
26016271
26021101
26040391
26047651
26054491
26061259
26061511
26092951
26094055
26100355
26114635
26119561
26143621
26146231
26148991
26158231
26168731
26176735
26181607
26190871
26201671
26201911
26205751
26215531
26216221
26216671
26228893
26233981
26235331
26238415
26240215
26249431
26256001
26256421
26263357
26264791
26267071
26289721
26289781
26295487
26300821
26302771
26307229
26314411
26322041
26339131
26349439
26352061
26359081
26363641
26365483
26368771
26371423
26373403
26386405
26411701
26430691
26431945
26433991
26436751
26446071
26450611
26462059
26464801
26473021
26474151
26482261
26482309
26483443
26491339
26497591
26502631
26508361
26508511
26513059
26515435
26518811
26527657
26536591
26543221
26549071
26563621
26573527
26577661
26580541
26582731
26586211
26600785
26602741
26612521
26633101
26638591
26647993
26650351
26650861
26658463
26662681
26665111
26666305
26666431
26674633
26681461
26690035
26694109
26694781
26698801
26714395
26716831
26718511
26721061
26726701
26730193
26739895
26741221
26744341
26748127
26751397
26763811
26764123
26788651
26791219
26796751
26796841
26803855
26812321
26821879
26837821
26839681
26840281
26840671
26852131
26854711
26855311
26866801
26867485
26877319
26877831
26878021
26881471
26881933
26889331
26890111
26893747
26901967
26904571
26905831
26907991
26912173
26927551
26929621
26938411
26953681
26966149
26979541
26983411
26991001
27001897
27009541
27014017
27023701
27026005
27032251
27035185
27043507
27048781
27051571
27055081
27055603
27057451
27057691
27064969
27075907
27076897
27080005
27084421
27093661
27104341
27112741
27125413
27131791
27137101
27139971
27144871
27150181
27160291
27160477
27165307
27178801
27180151
27185791
27189361
27192061
27212035
27230515
27232291
27232669
27236485
27238861
27248131
27249037
27251155
27251995
27256903
27258001
27265801
27275071
27276421
27280903
27282031
27284989
27313939
27322441
27329641
27331681
27331711
27337219
27338719
27351181
27364051
27372061
27374701
27380251
27385141
27388531
27390571
27394711
27394837
27396061
27398371
27401677
27410851
27415789
27422941
27425641
27433465
27438679
27448093
27450061
27462163
27463891
27471511
27484831
27492961
27495931
27506167
27506683
27507349
27515713
27526621
27531439
27532411
27538009
27543643
27554821
27565021
27579331
27585313
27594511
27602833
27607441
27610309
27611497
27613609
27620077
27620389
27624727
27629401
27629743
27640561
27642211
27660139
27663223
27665161
27669709
27672241
27675001
27688921
27689047
27689653
27693961
27700309
27706081
27709891
27719497
27738271
27739207
27744751
27747961
27757885
27759031
27760405
27760915
27763441
27771349
27777331
27778297
27780061
27793711
27795991
27806311
27808837
27816391
27821521
27822271
27823771
27827731
27832471
27837727
27857515
27866101
27879061
27883681
27886351
27897871
27900031
27901447
27907321
27918541
27921531
27923749
27926041
27931531
27931651
27945841
27955291
27960481
27963211
27970489
27973111
27987895
28003165
28006669
28011103
28013701
28014481
28017859
28018495
28032511
28045843
28046641
28052401
28053481
28073611
28075711
28082215
28085071
28097551
28103251
28104781
28106491
28107205
28108861
28117561
28117663
28119361
28120141
28133227
28149301
28149655
28150495
28167751
28177213
28182529
28187951
28201045
28203211
28209091
28211051
28221271
28231111
28238959
28251931
28255921
28257655
28259491
28265521
28266673
28270747
28271221
28298557
28303045
28304731
28313007
28317451
28319083
28321153
28336771
28338745
28345681
28357771
28358611
28364245
28364953
28366867
28368471
28373761
28392703
28393261
28413379
28427059
28440739
28441465
28442711
28450885
28451071
28457611
28459201
28460221
28460881
28463065
28463191
28464241
28468231
28475611
28478671
28479859
28482931
28488181
28497781
28502965
28510615
28515679
28529641
28534801
28540261
28546519
28547431
28553455
28557673
28559287
28563601
28564705
28566595
28569631
28574365
28580791
28587691
28597531
28600159
28601035
28607083
28615171
28622791
28630057
28631149
28645261
28645981
28646437
28647151
28650271
28664347
28678951
28685131
28685881
28687165
28693705
28700047
28728931
28729591
28731715
28742533
28746559
28753341
28755721
28757821
28766743
28784611
28796395
28803727
28806535
28815151
28825091
28825201
28831861
28837051
28842499
28853821
28856191
28872151
28892179
28893151
28897063
28902805
28907851
28914061
28925491
28928191
28933627
28933723
28954651
28954831
28959721
28966819
28967641
