# A244626 (b-file from Jens Kruse Andersen)
1000112847949
1000245491101
1000372975477
1000373131301
1000592696197
1000651749589
1001186962693
1001370510901
1001427728053
1002003502501
1003350800341
1003724459077
1003776529117
1004228270821
1004357178917
1004765422861
1004881630061
1005020291221
1005180768901
1005374948117
1005397576061
1005790589101
1006365068693
1006560892829
1006894368373
1006901887501
1007088077029
1007914186621
1007983486357
1009276794397
1010076613789
1011339427597
1011610206301
1012624545061
1012640488501
1013192263301
1014513694037
1016966751277
1018570436101
1018666920101
1019106910013
1019705669069
1020158106269
1020186291469
1020427409101
1020809900581
1021921523773
1022289035293
1022447579077
1023159194861
1023614362189
1024918800533
1024939755181
1025101800301
1025372399221
1025937872917
1026537662837
1029544965373
1029866704813
1030698829117
1030747398613
1031087361277
1032569254037
1032708736981
1033090252853
1033290327317
1033378669229
1033677477229
1033731424181
1033881966781
1034626500301
1034885323141
1036612358293
1038053328757
1040027223397
1040555713037
1040678687093
1041047800981
1041778389709
1042482709973
1043029821461
1043904204757
1044241289101
1044276260437
1044349628341
1044454504789
1044832098997
1045341182341
1046087960413
1046241182221
1047024170317
1047926089933
1048594602749
1048912026901
1050121016701
1050301048501
1050881009861
1051717314421
1052535041797
1053630405589
1053886379549
1054302591781
1055750724901
1056536648341
1056769768237
1057898159501
1060139724317
1061336435941
1061511046469
1061650351637
1063791706493
1065809137501
1065898009597
1066139793181
1066409860933
1066704084637
1066920054901
1066937836061
1067924391277
1071569422477
1072054698901
1075259597941
1076339449109
1076406893501
1076675761429
1077187346341
1077420422773
1077789366229
1079042566141
1079900390053
1080999871901
1081550738533
1081646126773
1081728312829
1082875951301
1084052171893
1085035211173
1085094520621
1085432906933
1087727826901
1088225703181
1089186445661
1089903098213
1090155140341
1091475521581
1092378301253
1093061700901
1093750690397
1094043910381
1094908971157
1094915640781
1095465070181
1095878395621
1095900058333
1098023066893
1098559080181
1098926146501
1099143282829
1100101530877
1100631265813
1100835918701
1101448325909
1101685405573
1101964470709
1102617202501
1103067386221
1103898637333
1104768301261
1105132266533
1106608528813
1107536337893
1107648441901
1107731797589
1107811805437
1109687902597
1109967451741
1110629486333
1111532595517
1111845312469
1112651755909
1114686200917
1117235408101
1117704893341
1118037984061
1118366293573
1120315822261
1120726872469
1121379901573
1121589197101
1122464226077
1122472591813
1122712417093
1123585609301
1124105174221
1124293423021
1124333509157
1124635581637
1124915381077
1127162021101
1127535667501
1128641692333
1128993566861
1130010495541
1130085702341
1130497830541
1130500828309
1130753807389
1130976476941
1131439276829
1132326590501
1132347364453
1132354034701
1132526772253
1133304851797
1133521098013
1134520382293
1134529727941
1134729505381
1135216198957
1135916875741
1136501736941
1137281843941
1137861957109
1138742235013
1139442894253
1139799378469
1140985701301
1141767816901
1144202474029
1144257561637
1144526185573
1144787357677
1146230714053
1146472362197
1147576445101
1148090154061
1151145543781
1151214238901
1151362580029
1152457480477
1153261675021
1153711808173
1154412313429
1156013014181
1156855055501
1159598716061
1159758860629
1159880454197
1159978579541
1160330152381
1160805328061
1160823160429
1160927178013
1161368358109
1162301071933
1162483433317
1162579428181
1162644802309
1163652625981
1166251144741
1166443718917
1167435444661
1167714786109
1167735170893
1168079464117
1168084759333
1168681689181
1168721263741
1169356229533
1169359094389
1169930271061
1170382383421
1170440305381
1171257192613
1171479478237
1172233335157
1172753087437
1173085364317
1173232208861
1173376942237
1173545831893
1174111056757
1176207693949
1176360978341
1176879639157
1178241452389
1178772398893
1181311534397
1181605611421
1181723788981
1182906001597
1182955804733
1183215979613
1183331555293
1184162146789
1184456859701
1184573276573
1188197324317
1188270696037
1189589235301
1189885864213
1190920332421
1191138619861
1192065286141
1192293927061
1192299352637
1192406670677
1193099925781
1193155175581
1195452377893
1196262895213
1196972012773
1197842392781
1199736093197
1200740350141
1201248586261
1201333130317
1201482405901
1204991942701
1205619946021
1205874414109
1206298296149
1207426697077
1207909090621
1208094964981
1208143375909
1208963248261
1210695202621
1211716476517
1212296953981
1212824998093
1212995177701
1214001566821
1214031343141
1214205192061
1215543210701
1216241324141
1217459009917
1217877651869
1217950189949
1218200597701
1218412521397
1220518816501
1220779491517
1222123090189
1222124169757
1222438868293
1222524455309
1223008646357
1223197644901
1223588999597
1223601287341
1224373508821
1225444617493
1226479279957
1226977323149
1227881611661
1229383494461
1229626908901
1229879597021
1230203185597
1230481750093
1230842364517
1231929622309
1232461602877
1232527689373
1235112283021
1236825450829
1237667931277
1237711986853
1237994217037
1238233073221
1238566994389
1239592365901
1240197059333
1240392063341
1240420971541
1240591749541
1240958727901
1241584118821
1242000309509
1242179676301
1242536424373
1242779679109
1242871297669
1242971060581
1243143135541
1243747168093
1244175344933
1244534279941
1244637329261
1244872902661
1246599681181
1246814950021
1246912978837
1247127484909
1248429180461
1251503016157
1251698867053
1252342844101
1252631481301
1252997342269
1254011805229
1254277362997
1254814994317
1256718825701
1259296798141
1259601194437
1259658860197
1259723370277
1262985159229
1263043271533
1263907917637
1264140696277
1264213261477
1264495719061
1265591812717
1266474832373
1267574048101
1267641238837
1267789728421
1271087512021
1271154592093
1271336470669
1272157295341
1272280508101
1273230590453
1273754384893
1274079554389
1274788338757
1276762606253
1279484291677
1279561970917
1279965666701
1281665349661
1282007020141
1282423477501
1282681413421
1282862676877
1283160130589
1283326399909
1283625745741
1284123626381
1284404705893
1284461216557
1284562124917
1285193193029
1285794093277
1286105197301
1286552096701
1286793443101
1288206819901
1289205126301
1289297208853
1290093874213
1290406596517
1291082393773
1291196161621
1291857414277
1291872470101
1292201523037
1293579775181
1294036962109
1294373235877
1294872328501
1295109872893
1295950284701
1296023718221
1297911258949
1298063787301
1298677574869
1299213392941
1300591677461
1303702449677
1304392656901
1304570241757
1308061698877
1309159886317
1309668782893
1309747803877
1311624246277
1314396659893
1315037080549
1315503778733
1315656885397
1315913017141
1316327189981
1318010192549
1318305469301
1318949264989
1319097712501
1319660688781
1320423828013
1320461785501
1321098032101
1323124767277
1323267152117
1323699146701
1323988868413
1324023192277
1324127908693
1325324683453
1325471288077
1325981944981
1327390003213
1330318007581
1330867791061
1332269656061
1334476446997
1334757713941
1335194404909
1335567045853
1335717299269
1336310012501
1336382247413
1336428119293
1337339885461
1338195424421
1338577415101
1339066311493
1339124861341
1339177006757
1339768994149
1340539983637
1342111015213
1342153386773
1344211258501
1344808567397
1345217198389
1345655942821
1346155680013
1347548676421
1348920641797
1349280652661
1350267167981
1351207283149
1351266688741
1351581894557
1351886827253
1353190931341
1353296683021
1353541967621
1353713673709
1354181792797
1354621818421
1354805791501
1355293863757
1355615749013
1355652823589
1356056156317
1356377987077
1356939022237
1356981172381
1358078759813
1358495729797
1359856277173
1361003640413
1361228849677
1361742545437
1362958994101
1363147979117
1363302177821
1365861151621
1365976810021
1366275853741
1368800788141
1368984810421
1369166271637
1370333422981
1371577016701
1371955988677
1372405806757
1372528740997
1372785007549
1374235291301
1374510116717
1375652479141
1375905347581
1375995645901
1376086136053
1377453078541
1378741463797
1379329195781
1380763554421
1380998001181
1381792024757
1382193111181
1382563218637
1382844787477
1382911244933
1384437725101
1384684302877
1384969164541
1388151142981
1389035129557
1389382554997
1390537774741
1391540323573
1392088698421
1392179960917
1392376164341
1393897716901
1394049098989
1394188599157
1394400317941
1395557698237
1396695809909
1396927208197
1397377083061
1399852868597
1400016025013
1400453592949
1401347518117
1402279383317
1403055379237
1403645332213
1403945650141
1404169686541
1404196324301
1404418947781
1404521646421
1406164035277
1406332050677
1406968087477
1407636619021
1408023183613
1408898441413
1409740871797
1409824556821
1410305018501
1411810185941
1412412240221
1414329057373
1415475782741
1416045855517
1418649887701
1418957655301
1419017596237
1419517019597
1420297532317
1421589938941
1422078502813
1422881447989
1422932329981
1424351289037
1425557260349
1426919241637
1427961957157
1429803330341
1430483154437
1432070356069
1434249871501
1434826073077
1436321482669
1436384029429
1438322890549
1438355410813
1438808933773
1439286252301
1440458394901
1440751710413
1440830928133
1442194735621
1442258549821
1442415041341
1443262418989
1443552724277
1443652302493
1443826124941
1444420641413
1444672869301
1444807738333
1445630973301
1445845870837
1447072108813
1448021764421
1451007016477
1451925193237
1452097128421
1452401450677
1452418057421
1454467734781
1455090547661
1455268862197
1455289040141
1457556125021
1459352223533
1459428463693
1460959162237
1461600058133
1462099036861
1462488991541
1463984032429
1464764885429
1468438455301
1469552319973
1469884814077
1470108761893
1471079261797
1471232527997
1472373951469
1472410543301
1473340001461
1473457963709
1473595152301
1473742097221
1475051263093
1475054576461
1475762549077
1477408211501
1477670475629
1478338333421
1478791004989
1481345278141
1481909980237
1482273227933
1482870942037
1483815986101
1484298387757
1485040982501
1487429141941
1488344490517
1488943324909
1489926773677
1489963345477
1490537470501
1491687049549
1492220246221
1492847052181
1492982940781
1493039121437
1493213350861
1493671250077
1496112841981
1497493770301
1498192340581
1500846503549
1500876409381
1502005334909
1503596410501
1506472715701
1506889806661
1506959565877
1508281403581
1508590043101
1508893163989
1510638272173
1511882038789
1512014261101
1513112029661
1513559829517
1513788395381
1514426647453
1515476953541
1516405573621
1516910349781
1517531414101
1518436741741
1519497995077
1519838852941
1521077024501
1521292888517
1524441007517
1526061138253
1526560049389
1527101937661
1527141154501
1527251336293
1527718132021
1528964994517
1529354119781
1530277860277
1530502307101
1533152691181
1533698561869
1534624548053
1536935680333
1537524012421
1538018323069
1538683390861
1538754714421
1540910707309
1541012209813
1541785267381
1542442490741
1542564242837
1542615840221
1543662301501
1543863817981
1544726653933
1545618340141
1546046668501
1546285410757
1546325266117
1548545080237
1550216898101
1550459875301
1550489761501
1551948907549
1551975633133
1552706536541
1553194935181
1553815226701
1555460383261
1556394255397
1556468893013
1556952901093
1556965847893
1557517633813
1558123736053
1558125522157
1559154971509
1560217760861
1560720738757
1561360542541
1562883164629
1562972232397
1563637381549
1565028017389
1565721719101
1565964626789
1566643651637
1567594892917
1568267308477
1568844965797
1570239048109
1570985419613
1572734725501
1573122568357
1574901546277
1576028202101
1576035348157
1576186072301
1579121242453
1579702187981
1581120459829
1582181592517
1582507288253
1582522359773
1583370283141
1583426728813
1584035703301
1584559283701
1586224705501
1587868960757
1589120133701
1590004982581
1590085608901
1591703108101
1593800797877
1594854942853
1595385520189
1596920503261
1597168113181
1597667650597
1598832188677
1600193451781
1600228162501
1601415007981
1603022504077
1603336091293
1603626627277
1604104406101
1604564255197
1605331103221
1606509901301
1606733475541
1607271997213
1607585374501
1608353082701
1608359231653
1608583917781
1613691284717
1613803856741
1615396135141
1616905792477
1617439357717
1617672086893
1618162747709
1619470103117
1619850558701
1620193316509
1621720177213
1623220936573
1623244923301
1623547194749
1624025406901
1626923508677
1627141553341
1627173465997
1628316057637
1628615008981
1628813070821
1629418396261
1634184774773
1634587730101
1635892943869
1638472928093
1638956207197
1639043466901
1640162079277
1640803681717
1642100620477
1642156797997
1643072848477
1643261956669
1644690475261
1645207239061
1645278683341
1646742268621
1647786660589
1649292569461
1651280895421
1651312300093
1652256373501
1652698655821
1654239750997
1654634743301
1655744052997
1656331680781
1656763062517
1658595507589
1659148964621
1659554591941
1660083269893
1661934153349
1663450868773
1663752363157
1664704815133
1665264706597
1665524253397
1666295906221
1666939884373
1667287475813
1669471113181
1671238397029
1671364732181
1672664325229
1672702812229
1672960353821
1673626656061
1674218167477
1674653450341
1675332633781
1675412465317
1676779606477
1678893557701
1679127286373
1681299640021
1683708591589
1683792028381
1684208240749
1684477244341
1684579974013
1685267054173
1685912188861
1685959322389
1686191382877
1688461884397
1689341332901
1690353529093
1690668468469
1690788365317
1691214744181
1691386356301
1691776483261
1691797913101
1693374979141
1693478638237
1694156209181
1695179480821
1695721604501
1696546397197
1697408419957
1697612449261
1697742168541
1698532387693
1698909201389
1700909829901
1701827156573
1703463319069
1703566336981
1704409813261
1704417764029
1704820082341
1704870339589
1704972942949
1705037728861
1706022002917
1706382034501
1707175326781
1707644863261
1709538607549
1710045749341
1711084321213
1711478150461
1714063915573
1714251543877
1715171636221
1715955834773
1716094584517
1717378355117
1717719932501
1718463065261
1721332971541
1723166243261
1723730580133
1724286393061
1725512242477
1727356729597
1728008181637
1729503732221
1729525273501
1729676504749
1730195825389
1730212058821
1730240694901
1730554323301
1730634230917
1730885465189
1731223170109
1732615759909
1732666273301
1735029923621
1735082359237
1735331553757
1735608066557
1737189329461
1737246835501
1737467026429
1737675049109
1739372600629
1740155070109
1740543763237
1741026205333
1741445230501
1741758825181
1742063565661
1742959126333
1743403582957
1745846315501
1746158895781
1746437562421
1746542035517
1746648460021
1747418621077
1747671000349
1749046529413
1749617974549
1750174253221
1750282761421
1750616261773
1750627000693
1750962536941
1752316673941
1752361836613
1752496954237
1753061692069
1755283559893
1755471076669
1756532001709
1757665489813
1758281635501
1759017365701
1761082568821
1761611481853
1762040415917
1762465995109
1763562026669
1764714855653
1766139624901
1766714150093
1767634555237
1768035325909
1769174237741
1769331298957
1769488708501
1769733913069
1769806657477
1770031345837
1770620467789
1772756661509
1773526246693
1773744009493
1774823008141
1775905963837
1776433831421
1777068343909
1777697945461
1778478842461
1778519744173
1778614201333
1779696277549
1780733983477
1780773048101
1781397189037
1781521127101
1781559561421
1782279771581
1782558814261
1782585614741
1783058708597
1785368667853
1785415044869
1787912848741
1788829772501
1789355082701
1791075416677
1791972745021
1792542866557
1792712040589
1792840727749
1793865974941
1797687676349
1799173749829
1799461385317
1800036328117
1800269613733
1800905753557
1801495744117
1802249731981
1804485242221
1804487120101
1805484853597
1808020805501
1808167664101
1808439710989
1809802289989
1810995139669
1811138786749
1811178318973
1811395024069
1811990583397
1812094432381
1812717210349
1813215515389
1813593483157
1814613051877
1815019741693
1815454145069
1815510491293
1815769531549
1816604416981
1816622089813
1817164334021
1817388092797
1818203104189
1819152582781
1821683132917
1823691569701
1825916500301
1826347129949
1826578286821
1826883265621
1827965949101
1833195656221
1833556338517
1835608542181
1835787029581
1838365608997
1839095432173
1839983237773
1841002280629
1841517651301
1842222892021
1842271127549
1844358261901
1844432354389
1846155313501
1846722727501
1848340369901
1848969909757
1849299484541
1850078255149
1850472294061
1851993504421
1853534536669
1853724732557
1854338704709
1855192655581
1859763605981
1860372076309
1860753847261
1861634862973
1864495348957
1867397360797
1867500711253
1868384205829
1869384061213
1870451226421
1870661417701
1871235448741
1873025586517
1873481087701
1873736313301
1873967126461
1874832352621
1875243175613
1875507100429
1875654191797
1876124674117
1876203794477
1876794877501
1879086816949
1882186056493
1882383521549
1884095810101
1884868407181
1885244677021
1885264992997
1887090223789
1888429075501
1888492950541
1888879290637
1890656431117
1892966203501
1893076402381
1893205263661
1894993669117
1895455609093
1896007417621
1896104455741
1896605548501
1896724239901
1897096399421
1897415575061
1897609388221
1897628627101
1900952426101
1901142400301
1902752300557
1903068493093
1904602434349
1904668024453
1905668643493
1908120181741
1908694278893
1908986050021
1909222383781
1909728019189
1910283682429
1910447246437
1911374908301
1911443456701
1913340189421
1915501215701
1915654615813
1915852056301
1915917938677
1916823749941
1919459361373
1919524578997
1919908470229
1920392793853
1920845274877
1921503094061
1923568241533
1923899354173
1924221613861
1924701379421
1927277014997
1928016279901
1928075143933
1928844359213
1929121539221
1929338770301
1929552338981
1932481573837
1934630522269
1934919948421
1938646548997
1939420749709
1939962177037
1940697600133
1940957769997
1941007878421
1941405522349
1944669644821
1945314312397
1946837207221
1946908012717
1947707182661
1948999149901
1949242968157
1950271601701
1950315741389
1951128052789
1951345895357
1951949302909
1954570055861
1955236387981
1956106436909
1956629383021
1957319056109
1957868520277
1958031924421
1959759531941
1961349461861
1962397357597
1962437708261
1965928334501
1965934062709
1965977807821
1966350028501
1967453997517
1967473581701
1968370855981
1969355437237
1971930134357
1972704872029
1973603281813
1974353578429
1974881477501
1975096252621
1975165582837
1975673969677
1976196653317
1976232169117
1979293810453
1979496487021
1980262137229
1980882919549
1981103597101
1981432759093
1981753591501
1982441584813
1982977124101
1984179926581
1984314726421
1985527741861
1989873351181
1991625805693
1991768319157
1992913336261
1993286308301
1993562980501
1998474280597
1999856434501
2002080169181
2003301861661
2003869984141
2004599210389
2004674406157
2007644346989
2007737452733
2008108702261
2009158671053
2009343586589
2009416353661
2009796295141
2012862045349
2012906017261
2013113926693
2014880950213
2016401906509
2017054338157
2017485443621
2017619108941
2018329903477
2019214192573
2020938988069
2021018351437
2022811657021
2023277843501
2024978093797
2025117920597
2025797834677
2027406404629
2027630559293
2028209813029
2031118445413
2031816160277
2032434156461
2033605389661
2033690347261
2034158248981
2035236777997
2036337646781
2037060958381
2039154851053
2040933482501
2041625280157
2042751656573
2043082042093
2044585417421
2046880438901
2047887047389
2048060745589
2049740074813
2049999971221
2051019252173
2053508588077
2053796805757
2054372584309
2054868494101
2054904854437
2058723498037
2059502658253
2059805017981
2060351974069
2060957403397
2063379295069
2064484620109
2065585899301
2067612914701
2067887859181
2068445207501
2069793046861
2071606133213
2071679690461
2072233463021
2073076091101
2073350164741
2074419756181
2074646626981
2074870994701
2075428595501
2076665251501
2077378797421
2077794846637
2078606298037
2078959986461
2082557499829
2083453357597
2084781496901
2085048161701
2085510151661
2085738497317
2087499904981
2087737299541
2088348077597
2089164176581
2089761498397
2092095587557
2092192289701
2093462012269
2093520868381
2096069811949
2096986966357
2097817417261
2100538766773
2101126735501
2103078648221
2104781774917
2105829758101
2106094547461
2106817536917
2110096650533
2110278336037
2114049843517
2114479939261
2114803163701
2116452630997
2117205897661
2117355645901
2117409183821
2117769254317
2119476773501
2119588546021
2119732450301
2121734674621
2121873650557
2122175783701
2123997635581
2124495874957
2124859732741
2125210030501
2125838350357
2125866896749
2127463504069
2129952001493
2130552066661
2131025042101
2131821725437
2131842567037
2133011713669
2134760416301
2136640121773
2138177828989
2139722263781
2139722514557
2139923620213
2141914765933
2142405002629
2142463180789
2142648370861
2143248552229
2143281438037
2143551333733
2144034278917
2145853539853
2147425542901
2147482436221
2147567648437
2148380747941
2148770727877
2150044926709
2150107809253
2150684087861
2151335624813
2152055537381
2152666435261
2152926636877
2153644082549
2154244457557
2154588660013
2155155743557
2157664861981
2158576873597
2158879945237
2161050661909
2162091375253
2162324486197
2162385441373
2162588068213
2164420748981
2164642949701
2164739138677
2164953340301
2164967440021
2165327709949
2167175024701
2167241199269
2167758818941
2169165907693
2170608468013
2170792146797
2171677478437
2172206848501
2172359563117
2172757006549
2174976736661
2176885069981
2179423121461
2180142674557
2182613478469
2182948554541
2184093515077
2184581340317
2184877666901
2186016466069
2187255389437
2188523347861
2188987204949
2190052335437
2190250992493
2191256145829
2191477029901
2191705553077
2191863885581
2191969451029
2192280249989
2192439258101
2192641797149
2192938194877
2194180302581
2194656316189
2194905691301
2198042242421
2198300278021
2198602234453
2198825822069
2199398913869
2199562139701
2201546779309
2201829398557
2202843899101
2202917415733
2204470541573
2205187310173
2205553688341
2205587879701
2206066304749
2206907164477
2207522349397
2208348528541
2210483169541
2210719404037
2211308490253
2211760698757
2212515526789
2212535444269
2212592496421
2212620823333
2213171271349
2213764182941
2215101862261
2218891836877
2219357282101
2221176655501
2221651190461
2222427971557
2224100049557
2224620615029
2226983799613
2227855181989
2228825371501
2230251864541
2231695461637
2232602573749
2234038001477
2235288620021
2235918531757
2236517678501
2236988620877
2237614187821
2241683449237
2243152188853
2246120049109
2247106507357
2247255603773
2248502092373
2248545912757
2249267606293
2251941499429
2254223813773
2254234553317
2256205795021
2257583521981
2257880149981
2258238898829
2258848894741
2258952133549
2259318810197
2261099476693
2261537011301
2262437708821
2263098276181
2264442373117
2265681265021
2266607328877
2267196482701
2267947614061
2268454792501
2269616607733
2270334590533
2271124929421
2272413037357
2274497004349
2274864064357
2276312229397
2277470889349
2277620594677
2278293904741
2280527254781
2281476535381
2281714480189
2283290208821
2285049323213
2286333139501
2286481777693
2288201524309
2293289995501
2293417540789
2294521137901
2298824111533
2299281077333
2300170874509
2300823197509
2301442818781
2301729709597
2303160309517
2304998270821
2306432860117
2306884262101
2309287873861
2309691871021
2313639076501
2314153418309
2319668220941
2320023269461
2320323209621
2320405897141
2320586035693
2321269095757
2322114536741
2322356577997
2324861335837
2324982097829
2326713587741
2328163969093
2330782636333
2330963485381
2331872999461
2332630462381
2333679040837
2334952824517
2336683147517
2337233957269
2338608511669
2339722362517
2340305641381
2341056693013
2341417423589
2342034099421
2345069561557
2345878806613
2346003358693
2346297180397
2346841432477
2347091536117
2348225857261
2348545866853
2349428333533
2351783512021
2352546274501
2352625573717
2355041594221
2355050103997
2358411635269
2358870349981
2358931490413
2359161512269
2359373524813
2360425736989
2361904934101
2361966775477
2362857661309
2364534457741
2364887991181
2364950900293
2365353641821
2365816038517
2366337284117
2368032392701
2368412983477
2368771094101
2368833003349
2369290615837
2369954537989
2370049826453
2372121988669
2375317380421
2375396055661
2377458441221
2378352399589
2378703830101
2379279189421
2381188416421
2381991417901
2382534995077
2382656623229
2382764145301
2385051670501
2385720702829
2386305169861
2386842937837
2387129280461
2387210596717
2387902125709
2388017765701
2388212014501
2388445171781
2389497116077
2389584117397
2390697146501
2391049212061
2391362507717
2392288598701
2395532113717
2396926082869
2397491989573
2400844730213
2402203355653
2403395227069
2403682692181
2404106461381
2404124275477
2404661961157
2406313040821
2408748558133
2409625303933
2409674450749
2411428263109
2411946450757
2412237790909
2413419279613
2415240121901
2415669165829
2416458439501
2417486040397
2417723917909
2419582352221
2419895661229
2421387425101
2423274371461
2423466435781
2424794813029
2424917009533
2425126695773
2425421955133
2427578874541
2427987981469
2428401329461
2430265825373
2431233275701
2431608077389
2432942977501
2433071731861
2433676674661
2434022413213
2434781413501
2434962295837
2438510649829
2440141202981
2440296915061
2441201165861
2443139637901
2443523114917
2446345982389
2446888618621
2447017496741
2448477769501
2449573837901
2450952158261
2453420576413
2453589589741
2455155709021
2455521243701
2455592684261
2455691714461
2455735021741
2455840249909
2456008382341
2457418397501
2458935528397
2458995951253
2459145065021
2459305343197
2460012763573
2460962892613
2462182614277
2462291321509
2462507071309
2463185041741
2464555671661
2465593388413
2466869717701
2466989327557
2467874125669
2467921998181
2469610234261
2470739989261
2473320407581
2473564636181
2474189180797
2475958267261
2476440538573
2476819484197
2477110413637
2478469587661
2479093051541
2480369553061
2480647162501
2480749488541
2482373993221
2482411077613
2486011677157
2486101358501
2486478786877
2486711358037
2487757837381
2487775665989
2488499165741
2488726873517
2488749979717
2491572614077
2493018021157
2493088283797
2493528218941
2493591702733
2496247395949
2496986292061
2497520490557
2498617561261
2499666120037
2500768399277
2500917723581
2503125340237
2503993546949
2504015009029
2504035116493
2505008005501
2505109981109
2506770077197
2507157423341
2508155494501
2508877938997
2509802543701
2510383838621
2511253291213
2512480152421
2515080966301
2515975876597
2516512676941
2517610548461
2518746959917
2521208289373
2524501043189
2524953177349
2527633984093
2527661692117
2528033485429
2528955243037
2529168878237
2529908123293
2530463552933
2530825786693
2531039066893
2532175186069
2535931689061
2536632114829
2537032957421
2537095382821
2538219171349
2538624604141
2539096135957
2539530572461
2540171973061
2540662939517
2540714906341
2540890264477
2542528030597
2544216912661
2546405349821
2547385939573
2547526978517
2548865084989
2549327262301
2549376460541
2550597268069
2553772379933
2554486220581
2554513649381
2555837986381
2556534955181
2557987126301
2559110838397
2559115531757
2559781919381
2561614752589
2562293818157
2562536766197
2562796188061
2563319201741
2563335886021
2563993403941
2566278290357
2566538880781
2567360253277
2568182485093
2569032411061
2569641722077
2571064556941
2571128525269
2571555738949
2571658993261
2572425673861
2572503063901
2572577717821
2573732507741
2574437097277
2575138075453
2575811558381
2576319517141
2576461360909
2576492706061
2577433992349
2577446730101
2580642578141
2581625374381
2582738669869
2582813158741
2582999227981
2584960060453
2585968218541
2586401188253
2589186763661
2589312321413
2589799758157
2590606684469
2591717639101
2592502797821
2595602022821
2596114170469
2597582900053
2598064406341
2598189129829
2598421144021
2599753295621
2602286067053
2603143776509
2604163938797
2605937592637
2607557236829
2607792601669
2610571118213
2610721213157
2611227838501
2614518993061
2616970275877
2617273468717
2618840191397
2619144108253
2619594252997
2619594757693
2619703314821
2620315662541
2621308535509
2621650436221
2624752470133
2625172271509
2625306298837
2627241325333
2630915401501
2631697068901
2632990321261
2634009674077
2634626227381
2634812688341
2635604983309
2636260173373
2636904839053
2637686569261
2638058639341
2639043579349
2639179750981
2639861492221
2641359009589
2642415937669
2644455112157
2644932105901
2646241262741
2646614262013
2648051910421
2649680789653
2649890276701
2651395945213
2653335290629
2653736903021
2656040380141
2656062783221
2656252114501
