561
1105
1729
2465
2821
6601
8911
10585
15841
29341
41041
46657
52633
62745
63973
75361
101101
115921
126217
162401
172081
188461
252601
278545
314821
334153
340561
399001
410041
449065
488881
512461
530881
552721
656601
670033
748657
825265
838201
852841
997633
1033669
1050985
1082809
1152271
1193221
1461241
1569457
1615681
1857241
1909001
2113921
2433601
2455921
2508013
2531845
2628073
2704801
3057601
3224065
3581761
3664585
3828001
4335241
4463641
4903921
4909177
5031181
5049001
5444489
5481451
5632705
6049681
6054985
6313681
6733693
6840001
6868261
7207201
7519441
7995169
8134561
8341201
8719309
8719921
8830801
8927101
9439201
9494101
9582145
9613297
9890881
10024561
10267951
10402561
10877581
11119105
11205601
11921001
11972017
12261061
12945745
13187665
13696033
13992265
14469841
14676481
15247621
15403285
15829633
15888313
16046641
16778881
17316001
17812081
18307381
18900973
19384289
20964961
21584305
22665505
23382529
25603201
26280073
26719701
26932081
27062101
27336673
28787185
29020321
29111881
31405501
31692805
33302401
34196401
34657141
34901461
35571601
35703361
36121345
36765901
37167361
38637361
40280065
40430401
40622401
41298985
43331401
43620409
44238481
45318561
45890209
46483633
48321001
48628801
50201089
53245921
54767881
55462177
58489201
60112885
62756641
64377991
64774081
67371265
67994641
68154001
70561921
72108421
72286501
74165065
75151441
77826001
79624621
80927821
81926461
83966401
84311569
84350561
84417985
88689601
90698401
93614521
94536001
99861985
100427041
101649241
104569501
105869401
106041937
111291181
114910489
115039081
115542505
120981601
121247281
122785741
128697361
129762001
130032865
130497361
133800661
134857801
139952671
145124785
146843929
151530401
153589801
153927961
161242705
168659569
171454321
172430401
173085121
174352641
175997185
176659201
181154701
182356993
193708801
225745345
226509361
227752993
230996949
231194965
237597361
238244041
255160621
257495641
271481329
271794601
274569601
278152381
288120421
295643089
301704985
302751505
325546585
334783585
338740417
346808881
382536001
393122521
393716701
403043257
413058601
413138881
413631505
419520241
426821473
429553345
434330401
440707345
473847121
492559141
507726901
517937581
518706721
529782121
540066241
542497201
544101481
547652161
552894301
557795161
569332177
590754385
593234929
600892993
602074585
616463809
629692801
631071001
638959321
662086041
683032801
683379841
684106401
689880801
697906561
702683101
743404663
745864945
765245881
775368901
776176261
790623289
836515681
839275921
851703301
867800701
897880321
931694401
934784929
939947009
945959365
955134181
957044881
962500561
977737321
977892241
981567505
1027334881
1070659201
1074363265
1134044821
1162202581
1163659861
1194866101
1200778753
1210178305
1309440001
1332521065
1337805505
1349671681
1362132541
1419339691
1420379065
1441316269
1442761201
1521835381
1534274841
1615335085
1672719217
1678569121
1688214529
1746692641
1773486001
1776450565
1825568641
1828377001
1848112761
1950276565
1954174465
1955324449
1999004365
2111488561
2117725921
2140538401
2176838049
2199700321
2201169601
2230305949
2313774001
2339165521
2436691321
2438403661
2560104001
2574243721
2607162961
2642025673
2690867401
2709611521
2797002901
3022354401
3034203361
3102234751
3222053185
3249390145
3263564305
3284630713
3347570941
3441837421
3521441665
3575798785
3576804001
4077957961
4210922233
4212413569
4340265931
4351059901
4375257601
4382684065
4461725581
4521794641
4752717761
5165559169
5255104513
5442435649
5447713921
5599487881
5685601141
5860426881
6097778961
6155121421
6295079737
6295936465
6512378041
6693621481
6879465481
7281824001
7397902401
7558388641
7687547869
8270944801
8346731851
8355729313
8885251441
9216037441
9261585313
9439491061
10031651841
10550902321
10779325921
10967410945
11089049401
11542494601
12707942017
12760344961
12782849065
12801448801
13330320301
13402361281
13657063105
13799091241
14005499521
14483276281
14527315201
14983655041
15039215101
15297796801
15385904065
15906120889
16851015469
17535604465
17544679041
18152272801
18382122451
18500666251
18633869185
18660149641
18785465281
18929704561
19884155809
20403012421
23839510465
27160421569
27282539557
27968406181
28021044745
28173681537
29465082049
30189087001
30194397793
31956012001
33203881585
33300199505
34087042891
34138047673
34190968141
41135881645
41812581601
42646887361
42887804961
44378446561
44431570261
46652524465
51436355851
52364681461
53868563841
55086689841
56549585233
56699735521
58856010081
60246018673
63280622521
63734663077
66828386521
72042143041
75150127585
77111274241
77403893505
80414269057
83056054081
83946864769
88183003921
92429188345
94572608065
94706509885
97225715665
97887454669
99367251985
101536702401
106339394161
110765400481
111154590001
114919915021
116150434401
126394016001
144377609419
148689562561
152066684449
153033820381
155999871721
157596376201
180481509681
185602824001
199438988001
225593397919
235081952731
236359158267
238394136541
288572076001
304044043521
330794193633
330983586241
353670332401
371345426881
374811729601
392807075761
469593692569
482368435201
502565593321
534570793345
534919693681
550067193001
636788093761
650186321401
660950414671
663162938677
666676060161
718345813641
835085057941
891024624721
939161538561
959694999145
975648787041
1070730898161
1079942171239
1223461962241
1238761176445
1301203515361
1334060626449
1348209080065
1527864562081
1678722910593
1886616373665
1996385311921
2249558743641
2273595031401
2710945737501
2803378414477
2971847037601
3387719303201
3408049527865
3695285036521
4088711891265
4173049274241
4259100803101
4310730293521
4449488694321
5319173255761
5686932078001
6243651372801
7013994612801
7492890407905
9035899110701
11104398708481
12996454877121
17961771278977
19794508977127
39509680805445
46748811068961
55085381935585
60580578044001
62267183533185
97482954489537
158353658932305
222215555846145
227165699598321
268563532783521
294628486347105
480656935630257
607368553651905
655510549443465
675961912209921
765157656692001
836229561461841
881715504450705
1214896993439361
2220232577722881
3247889259130881
3776882591682201
5949649907586561
7357194781706001
8022231726890001
12832546007164521
26771806123726665
174470770903594881
435262925087145321
1457666333074319001
3399464645479365585
