55898473
56624329
66112261
66355291
66846751
67239919
75289033
76222261
93331321
97594157
110397013
115175383
147111617
157333573
158029141
159289241
163825601
181950817
187826449
207820831
235902721
236144653
236574761
240076117
289884451
291517507
310319231
313820069
321305609
363851269
379118941
379702171
380054989
387514571
405014329
406788497
407272361
409006207
423401161
426788209
444829381
465047929
468763301
472435471
476323651
480436477
536786177
559880443
566866177
567151309
582672281
599123513
599934991
630712987
652751257
656743093
714065203
727749313
751250977
766934227
771020017
781971607
785456051
786054169
791912281
793856351
794383409
797303833
874680589
884734049
894196129
904840961
930848221
1046845829
1079778871
1132434349
1134672169
1164308251
1245807391
1246230763
1252157971
1253216401
1262167693
1328019283
1403625649
1415851597
1471918033
1729448293
1742633257
1745651561
1796485921
1807179037
1824428341
1871510521
1905207301
1917126161
1924984717
1927116703
1952307169
1960275589
2040473863
2059525483
2069867791
2143352611
2160499069
2213702419
2235435361
2245414771
2253968551
2261096701
2264518213
2266799221
2267369473
2268509977
2285695297
2583383893
2602632031
2659153373
2731804693
2815208197
2834602481
2848966751
2919529513
2922588121
2996029471
2996557481
3003109601
3048090739
3060398641
3077585351
3085901501
3128591071
3144104497
3199694131
3210920929
3217044637
3257869357
3302322931
3307856947
3320179241
3328243381
3328934593
3336910531
3404138449
3473726197
3562794581
3607328773
3671753989
3817828537
3899875297
3905116981
3912605101
3953789761
4029822961
4064798233
4152000233
4279453753
4295753323
4304795221
4306629809
4328775907
4399800661
4438881409
4526699689
4630802419
4760585993
4776546241
4855162717
4880149969
4895239931
4914140201
4940816581
4948417729
4982937181
5196535373
5212552717
5273517397
5322429109
5324619379
5495404261
5555615071
5849188879
5870745241
5972122561
5985188327
6016947457
6028110481
6060257743
6088764061
6100169011
6124764521
6182826061
6278500873
6301310761
6325071061
6354775753
6373466467
6376179701
6575742181
6687134749
6913514137
7007192057
7171041043
7193902753
7197967057
7218881287
7222449649
7252394321
7367043919
7620735233
7659223993
7666735121
7671821257
7680236713
7711645631
7722175751
7770950833
7772336321
7782319477
7932039403
7934912257
8019179101
8234462927
8297388019
8358594451
8374431983
8466796031
8525906273
8580634063
8606086337
8617214777
8627804771
8648826001
8685492391
8790350713
8797381591
8877961249
8958486937
9079039927
9089327683
9103068019
9225408097
9242705557
9299210593
9337549261
9344568377
9515090149
9589684333
9722155601
9728852821
9731617457
9799181981
9932297497
10050978589
10117340929
10129817933
10142697421
10203178021
10226264329
10237150837
10248099553
10263809821
10310463043
10359352361
10373582143
10380630971
10396043921
10459356541
10478364751
10538421973
10751616019
10810176343
10861943941
10949886487
11102625137
11114544871
11207328529
11227976167
11262737377
11309972701
11340280181
11488554529
11496114239
11514321409
11558046697
11587230727
11623564429
11644744717
11707015501
11757045019
11771163869
11783102059
11937088913
11947582961
12044388133
12056130001
12075958981
12297700829
12299031401
12302357831
12331186891
12521095861
12576193633
12838195273
12943612819
13114228513
13188422881
13248928607
13275417637
13312742761
13417515547
13755201013
13882023563
13882966051
13887207247
13902059749
13965794113
14011033537
14117241631
14122231273
14152881931
14166710377
14241982681
14318274517
14358494053
14362822729
14371448977
14400225601
14437703353
14534761121
14694482441
14888147713
15023621141
15055445401
15070133521
15258508651
15274980943
15285102787
15294127351
15323166613
15503984549
15504233527
15673978391
15731098921
15756273847
15809038747
15881292041
15906492241
15916713517
15936732481
15955632631
15971649877
15983786293
16024561477
16199943517
16207581337
16296051311
16357642033
16426719373
16535126297
16537757251
16560830497
16579337521
16603151731
16691347349
16714284571
16744358479
16756000969
16811884951
16845058459
16979642611
17008204513
17033092231
17254299511
17341202371
17343523387
17366183561
17386247713
17511384661
17549323213
17601328819
17618845471
17887227541
17904282973
18031372561
18316094353
18420770887
18476078573
18670215997
18677593531
18703005037
18728073701
18807376999
18843322541
18964030411
19020993913
19269827713
19425947873
19508708161
19510749361
19586079901
19651787569
19687168621
19693899229
19762985161
19778148469
19820303329
19879029853
19912314221
19920216997
20180449183
20241005209
20330032381
20537480251
20851555069
20883428221
21367422751
21384535349
21490197991
21543190927
21587793503
21660504361
21846317989
22009775113
22041854929
22068585109
22099870789
22185208613
22212021593
22297573651
22431182509
22627305247
22839062251
22868092843
22916174761
22959720649
22988751241
23022983149
23056904009
23250454961
23285105201
23301717137
23485355797
23714767991
23724932057
24004821961
24023449829
24095361013
24238926367
24337947853
24388336657
24398125837
24413124973
24467496841
24492875923
24494440853
24520114777
24552061381
24557699017
24690669481
24695803577
24938336641
25010119291
25186205441
25202832467
25224106441
25230774403
25428378991
26103249209
26235623951
26285822179
26389976579
26424440321
26615578477
26629643371
27035191301
27331363603
27415411151
27435614473
27789338209
27835195277
27995982319
28332313609
28362553783
28387532171
28411119511
28447543807
28744063891
28796392829
29044575649
29437168801
29705928337
30395395213
30482269201
30554684317
30586098817
30600810661
30622825507
30630107341
30765861523
30976333123
30997077889
31128925033
31143772951
31151887397
31221036589
31272898483
31328994001
31404801787
31468631011
31476082189
31536401249
31640225833
31707842857
31712390977
31762580441
31822634537
31847612917
31849497893
31882563833
31891173161
31950455413
32211583597
32282578873
32367959821
32381261179
32400327601
32476003621
32487895567
32488616291
32673169621
32964654493
33381847813
33425696053
33524142191
33738300161
33824715037
33991543543
34384611661
34470006521
34540197301
34555791143
34665300853
34788544633
34874441813
35013894319
35022875647
35096971603
35162086231
36407836337
36474856927
36975379781
36976203463
37051158733
37075502059
37233506917
37280258161
37323901187
37403906801
37490640049
37904974423
38245402969
38497016179
38646447893
38655096577
38666890237
38684595847
38827517293
38880705403
39221821241
39494805169
39569563841
39597409981
39633212161
39825662647
39884439421
39912846683
39987598657
39990797393
40052373061
40091651657
40105066531
40226186729
40246061311
40348877741
40380902059
40868222077
40948198633
41021778197
41546538871
41867689231
41906581421
41931571543
41966816557
41968434283
42109912813
42201022057
42288027281
42335132797
42481942231
42492208753
42584783921
42751336567
42876742453
42930101191
43000243217
43057079563
43067981153
43071603233
43120765351
43739306311
43805218601
43847101673
44208846757
44212812661
44276964841
44344558763
44835517693
44853298771
45053024833
45294905651
45351807607
45397074131
45484511341
45486426551
45632995519
46231342081
46618541831
46722547747
46749219553
46783520941
46827629209
46857528931
46994981167
47036893999
47091296011
47177556007
47271451639
47700088811
47712100861
47929109881
47958809989
48440585789
48873302029
49091022329
49534699171
50035274893
50083935721
50187641107
50223947413
50291181313
50304628093
50366580049
50380046989
50435325961
50622745669
50652018121
50767135831
50768572237
50915660249
50922883321
51175940441
51286389169
51298160981
51335952751
51532006021
51986281933
52269111841
52402077029
52422163333
52505565481
52517177737
52525763201
52632090193
52707367961
52761630277
52790110721
52790382163
52940947777
52963748839
53056540681
53393934161
53400270169
53604013051
53704526233
53757204511
53765713751
53967978221
53972816641
54221905711
54303643663
54313226423
54326738161
54331397381
54964450969
55217949649
55578945511
55612764769
55687311049
55688447167
55741566833
55877755771
56111020561
56119649791
56139138833
56238255901
56437750153
56513410813
56587831763
56726845627
56739712801
56741141647
56754001261
56839732021
56851162789
56962891417
57025903201
57224772833
57236734483
57601601773
57984157501
58023589781
58279264837
58361379161
58432872577
58535930923
58583831281
58711565569
58793773351
58804306991
58846995967
58932416759
59102958221
59570868961
60280070399
60361583371
60402339857
60554562877
60646449649
60964333921
61103354381
61132994501
61200327733
61247562853
61279020091
61289415133
61780575193
61874561491
61908732829
61919354671
62306269513
62874057973
63122480563
63432955877
63542304151
63625464481
63882505501
63945505751
64136546263
64274728489
64865309401
64895501107
65197950721
65280741401
65485318201
65616796477
66150514501
66281014901
66296465297
66340217131
66425159461
66437638261
66477854593
66509830349
66679716601
66961208737
67052462849
67054603183
67107311701
67226323361
67316875711
67899330589
68249472491
68361308849
68428804777
68436652087
68584843801
68909925013
69447533777
69500237977
70022009557
70064492593
70140697691
70214906929
70347086461
70489971001
70513785091
70685261653
70691859761
71006260459
71336845381
71379257137
71469070273
71588887121
71626243261
71661102559
71814351883
71880713857
71907990397
72171537301
72538107937
72612464053
72649590271
72701551477
72706139281
72725527513
72796617697
72887579953
73038305311
73062540601
73095062221
73830656737
74264420869
74691249953
74861884817
74939587501
75065443961
75133446103
75157673417
75600801911
75919536029
76126879021
76345557349
77009898853
77405255443
77419722311
77774160577
77808077881
77828157313
77843232007
77861646073
77987228923
77995601113
78101244931
78156589081
78275119553
78284057251
78302515747
78464288233
78498560351
78588272671
78600368881
78678968803
78796506109
78997506001
79280650177
79336110533
79405856317
79679738951
79680303433
79778523301
79840616321
80029015067
80057868929
80069749931
80089633537
80201884801
80347424401
80401167101
80472836161
80474877361
80551422631
80602452811
80758840361
80963451697
81063036631
81082476721
81203324803
81444450781
81447949981
81602848513
81750178241
81854708261
82180011157
82185994861
82224988217
82578636169
82583074751
82590701971
82685504701
82855894733
82885828117
82979136241
83109531457
83264375923
83567816461
83642967073
83649362683
83944082743
84062298871
84283936153
84440791573
84546606737
84605909741
84803586421
84954177817
84992690273
85071388459
85080137929
85108136233
85129147057
85139649013
85255170529
85659820553
85853101853
86024986601
86272197049
86498328211
87581662603
87665626417
87937122043
88434995083
88569926413
88911276679
89152955569
89177903653
89183460271
89228253421
89451485873
89718220819
90000510001
90189699631
90234744781
90252485641
90336847121
90407718157
90516380921
90555854329
90571081901
90581135053
90631696501
90633510907
90683277473
90691322419
90749071291
90973485241
90989238169
91124892377
91709738803
91740298591
92267551511
92421471937
92695280917
92714768981
92806741603
92946475343
93016914673
93343023841
93390647677
93486119989
93508134781
93513638479
93746478649
94198455937
94279700819
94390886461
94656520669
94881864697
95314829461
95335203727
95385157849
95548041103
95552106241
95555616241
95568581683
95570012207
95592887161
95659339777
95659657297
95685623461
96010666207
96149304961
96308367871
96504021301
96836083489
97082427961
97927688347
98170371613
98221501561
98420237959
98501954269
98541901501
98842276303
98847931201
98878171297
98947989631
98980080421
98993295343
98996422169
99085799797
99268389497
99574956869
99632964097
99678583441
100172793001
100454112289
100509235663
100674578161
100743034801
101021555681
101059835801
101199228241
101519341241
101563945381
101611762531
101745637951
101788478101
102134563009
102170367281
102311026921
102370124737
102905633581
103238188213
103243329029
103365423409
103369279021
103450352713
103540387553
103619893801
103738102327
104011784251
104217513661
104254721929
104527410773
104800593059
104843825591
104955477787
105099986113
105583399871
105619141981
105663967879
105872777737
106107198937
106234275871
106314359621
106401657953
106414184263
106511602801
106792349581
106983726361
107086252177
107148849671
107564314339
107919468031
108191152609
108429928333
108617693383
108805492993
109308757241
109311563521
109488024823
109532361121
109937282657
109942638151
109992363301
110011757287
110105175641
110406450949
110767124513
110979349471
111009287161
111019551553
111279601171
111303609643
111759770611
112087044001
112236233539
112336917853
112936185721
113238979739
113607412033
113627629693
113670188311
113708560813
114022107361
114048718621
114994912117
115008478577
115280397461
115474471631
115748967637
115757132461
115793874169
115822451053
115865316379
115883687233
115910835283
115917777893
115968169081
116036265281
116161680049
116280860569
116866762277
117286404049
117471919363
117749863573
117949523959
118779629431
118973489851
119283315751
119543191501
119705472769
119742776077
119771828161
119799676693
119926908037
120106602127
120116307683
120135708211
120291633661
120597142541
120662441929
121042055821
121206396301
121654463659
122425767313
123260635609
123384270521
123429254329
123439792999
123507162871
124226141077
124313336687
124644341321
125155675951
125483752313
125631257989
126010090117
126014349649
126202391209
126259408819
126386613737
126614943661
126653815129
126820821041
127720141069
128554989091
128802705781
129338771753
129860231833
130181653621
130521815689
130672903789
130741548781
130906472131
131840214241
132297159349
132735620177
132764765857
133050393521
133098483893
133246118857
133488212329
133495642741
133651523171
133667014729
133835869597
133967712031
133988715449
134188764641
134838777607
135261392837
135309944009
135320979239
135629728561
135772936951
135774405761
136347606511
136587112273
136764612913
136826458201
137059155631
137159855101
137288768569
137550405761
137760479821
137762706247
137887451623
137974331377
138260183821
138576762757
138701124851
138712296881
139143090367
139217843839
139710681631
140360374573
140661747217
141082689169
141316591841
141605237729
142003832227
142544756701
142839613633
142895151869
143258879791
143409046411
143549115439
144025563013
144066538321
144130284409
144162217933
144184239431
144544720381
144857880883
145357910689
145999579237
146196407593
146541199213
146724238091
147090658567
147201901417
147203039341
147433727941
147530496193
148095661663
148166479847
148252640071
148279670141
148301238037
148764771401
149024701801
149249506429
149351808607
149398469041
149412379477
149777074861
149864408209
149945612857
151340446529
151389233857
151461802361
151499988139
151547373781
152065643911
152181900209
152290357927
152433242293
152562790801
152618039407
152645346197
152686343101
152908737281
153105445613
153132119857
153345162097
153457843313
153992178757
153998186453
154558272997
155011329829
155105497429
155315578601
156215867683
156785111921
156828672031
156918972139
157044888577
157121028781
157165272881
157186921909
157282834777
157593429163
157942319077
159144010661
160083800251
160260906251
160557284191
160932533287
161054929993
161057742319
161773143877
161810055079
162388849949
162493616689
163018088789
163603261117
163995841127
164390310901
164847035809
165675046423
165736093573
165907131433
165974869201
166146330421
166404056573
166709703001
166924004329
167473902443
167646674413
167652739711
167812981873
167887686937
168022926811
168087970051
168130381681
168345267637
168373985627
168601389721
168675221401
169711851121
169929303169
170201913121
170209054087
170243709211
171006212659
171060617909
171069898333
172222433857
172347031573
172379414371
172804196683
172835585869
172897956019
172952841751
173139952201
173146605061
173169889873
173426783617
173604893491
173834791309
174041711191
174125400571
174312572617
174320440933
174375209053
174478302211
174930836501
175005008671
175109588921
175120400467
175323739207
175606067911
175988651021
176034078331
176319877249
176344250749
176786610079
176808471971
176850409321
177140551771
177282842101
177308772961
177314261533
177326051801
177500873089
177660843001
177770110481
178093639153
178134604121
178173475211
178307693257
178429444901
178671062989
178696424329
179026303189
179876926157
180356178367
180457444831
180889558631
181099381069
181226449813
181284926551
181871772931
181880326549
182249629147
182283794071
182423787277
182474306341
182627774701
182850795221
183215673353
183249761113
183506853553
183558261673
183708857251
183927207817
183937472161
183959245009
184067202061
184445051743
184500300349
184639510513
184721476309
184778720677
184789032541
184873246097
185762717443
185799595213
186041954251
186587228089
186640416037
186655968073
186797664401
186862539551
186941218333
187143265201
187312350391
187537975873
188414949997
188802589669
188825880281
189769133569
190461539717
190637896741
190878979393
190965465991
191363374901
191394874973
191855386873
192033585553
192292576631
193891377461
194124833191
194243806261
194789877283
194838671611
195226111687
195363112157
195517846267
196106379437
196293302419
196347573277
196596464143
197038332019
197088938773
197760121441
198005182597
198526386293
198840044341
199113148441
199327248121
199589816581
199733909831
199852780177
199881709847
200121110377
200359543231
200419700893
200577683557
200866346617
200931506387
200986339189
201239267113
201580315553
201605448409
201817282481
202080035081
202495499989
202703400451
202800697867
202867921537
203152049647
203164803397
203243941651
203387262289
203576582401
203604000049
203690630641
203712299809
203870751041
203872693393
204196167761
204400725041
204500214833
204672966257
204720952921
205209546001
205672219021
205685659061
205716235121
205772918443
205944224113
206140516693
206611173091
206796652217
207348173909
207386427593
207554015161
207870974257
208133950513
208228008641
208495407433
209547503777
209801122081
209810003593
210162868921
210639543029
210910562059
210949140823
211301860951
211365455809
211366363069
211688328991
212102617891
212135776123
212166841771
212290581691
212492291383
212667181777
213794337877
213878364941
213938626189
213999680017
214277937031
214443954961
214755306673
214910982529
215115647293
215589388169
216398884453
217623179401
218033349881
218354229727
218471024419
218641643221
219144349789
219151296271
219189488033
219436702057
220080400849
220098907573
220731771641
221239458221
221601551491
221945262241
222076562419
222086929721
222087872203
222102009433
222200027561
222356479573
222890811431
222991712441
222995669573
223077478303
223143840613
223251172189
223500335917
223818878989
223892680873
224243147201
224676890401
224821982227
224975662231
225066745303
225167263369
225752213627
225881682193
225887702561
225971874761
225974582263
226051751537
226389445687
227935720937
228514330273
228947835689
229264761631
229270507243
229304023313
229411274737
229523314171
230044380793
230383622377
230510410309
230742684233
232730020841
233171460523
234162895861
235180277443
235375371109
235671935689
236313266801
236923813501
237043080397
238238631233
238470858781
238824670193
239111923909
239215874113
239404405781
239716819217
240988682611
242034599941
242182472897
243059846021
243078512779
243192956291
243265759291
243270900049
243315292459
243429599953
243459344831
244378956373
244926980201
245263644481
245293355341
245313486661
245418186313
246144613111
246816056657
246848412691
247198479211
247303034203
247476400459
247497250981
248123825041
248682661361
248742174097
248968067053
249339294037
249596163191
249920991841
250136905873
250154989429
250247983663
250544965249
250638588481
250865615729
251009029237
251125241767
251224495693
251412957797
251425223167
251508595031
251765076083
251832345097
251889554971
252141532913
252210043549
252362554153
252483111193
252783499151
253071023329
253258846501
253965781357
254025072017
254077488121
254162160289
254823409601
254845661251
254970460891
255016139701
255075410101
255371762689
256049140033
256292923291
256349814419
256384594691
256967833039
257195036687
257321814601
257450640791
257770454621
257798546377
257855761829
257898380153
258012186457
258246890791
258495826961
258553017001
258660086933
258694540471
259121723617
259633820881
259727661829
259791029873
260156102989
260666151989
260834816639
261206854327
261334618577
262052367821
262468240633
263165795273
263185416031
263190546041
263877414419
264423217241
264550754791
264601029001
264810808417
265838927191
265978463461
266062470409
266696846293
266975789233
268434863413
268998538141
269502186271
269617431133
270318749923
270618437539
271108583539
271320611689
271411513309
271596280057
271965571649
272065303357
272196968569
272669076481
272973170377
273562965553
273951548569
274087792987
274732035817
274875805693
275521049801
275591626741
277285437157
277613028419
277793153321
278674184791
278715359869
279307776991
279374249683
280316786941
280715199871
280732070243
280747707841
281143852459
281299761553
282187437001
282695227873
282858040327
282971863901
283029320009
283105928153
283166576267
283291064501
283431411971
283719700513
283860921571
284107120993
284126308309
284740302421
284823160177
284932175581
284958454189
285391007959
285442227703
285480676207
285567307489
285637827301
285785398777
285984287629
286317861373
287246583187
287470072501
287630888953
289218083659
289279395373
290080264381
290165757341
290194036133
290212769827
290234180627
290331991249
290979330049
291033274949
291162950191
291359548411
291716547403
291943685441
292126194253
292226734879
292265540431
292638294499
292788108757
293010890621
293244679841
293247003061
294029866357
294167942371
295431061927
295795663741
296601129221
296839711739
296840709661
296946090211
296947614017
297406622059
298248132241
298313652361
298330032391
298369397383
299100700201
299340216559
300502024369
301407588011
301467468469
301573409353
302119519547
302595014191
302806969741
303006203501
303203307997
303247130161
303418455913
303662650111
303703901887
303745270261
303884279473
304049649373
304174895041
304281167233
304550321329
305009808553
305280633451
306120954883
307832999893
307947025063
308119263589
308852497969
309085828069
309696668527
309755692313
310007508449
310652392483
310805133557
310846391071
311120759083
311481885821
311638596491
312209383753
312234613679
312792550249
312862568929
312988344509
313988760373
314071677641
314260026137
314351969341
314461828097
315663359629
316313252881
316542388741
316566020083
316779187271
316878818159
316998276451
317032145371
317780903441
318300186361
318410789357
318442390213
318492048701
318496563109
318553004009
318577412077
319817393351
320022100369
320700687169
320812857641
321652134301
321749291261
321854284729
322147053799
322215169519
322221943291
322378647247
322753442467
322935461677
322960136591
323551665641
323762075501
323790570451
324056947519
324446409163
325130424893
325859443681
326019301961
326381297477
326818935361
326910327521
327511264571
327927969139
327988709309
328353046841
328948843081
329151140393
329524216243
329648217739
329717124019
329748107833
329897534017
330671230081
330740350201
331071089977
331496603803
331585947029
331834752101
331863552151
331869312161
332461793701
332513685631
332865897913
332978229289
333064030393
333436034881
334102871257
334193816029
334971116033
335155311451
337585453889
338121316243
338152716757
338491236751
338658811567
339826038691
340466190349
341141131027
341359844377
342071736757
342147782987
342748171853
342771167737
342998803321
343370807797
344182805597
344423433751
344517345911
344944613479
345079545449
345572175547
345836909917
346252045417
346292722777
346793739703
347129283313
347212972657
347356809469
347634056009
347660083577
347843302771
348200305289
348851710553
348997235471
349550539703
349561090313
349582749403
349647516019
349649867183
350133727441
350762262583
350785864951
350896102027
351921832459
353655721381
353692670941
353703772819
353709720029
353735887753
353791734407
354142818037
354157101421
354228518341
354282068431
354299942461
354710721151
355245798689
355643913997
355798380181
355901377789
356352837553
356492474011
356639658481
356821018049
357573168811
357772526281
357998759659
358293222151
358567925297
358660298569
358762510081
359340598901
360745585241
360865705441
362703544501
363913940311
364715592229
364718158237
364756807901
365239928701
365406249001
365531174009
366147130201
366169936241
366393889009
366451571921
366473359909
366655163041
366691451101
367816380961
368407725131
369586179871
370012987933
370224784921
370351357289
370535150431
370552198259
370847982233
370905221233
371086524817
371324483767
372147088717
372330464381
372814017889
372857991241
373253595889
373290434749
373622470561
373876849789
374772922933
375087125713
376169499133
376376112109
376427641153
376832512213
377252667457
377439520771
378439050107
378978458431
379489846457
380080881013
380325020161
380779201513
380857687393
381228447673
381258082921
381356867081
381450737953
381653363561
381687958177
381725023837
382005193693
382340313793
382636121953
382739845321
383049237313
383078594497
383259542161
383363326009
384086343973
384607047373
384804182251
384814312681
385102133131
385589442877
385949136257
386044598809
386751632749
387003409957
387125353187
387504558127
388025201071
388522834631
389181338569
389332200121
389721771433
389776704641
390126279601
390654996607
391254051973
391532968027
391895524081
392306806327
392694627397
393076382077
393103949981
393285054401
393619458781
393730119217
393751229791
393831048409
393995947381
394335013921
394824776701
395430916289
395511427393
395722769041
396126736771
396209791063
396502091521
396918043231
398564140097
399578593009
399817156621
400314605671
400470009013
400710054889
400886520311
401160080183
401182494781
401871030433
402395271931
402975477761
403079503373
403517117557
403669612699
403829618209
404840784541
404981884729
406086285697
406231826881
406731439349
406834762871
406884514469
407144753597
407330926451
407359228109
408019247887
408536973697
408993499051
409093276087
409160636173
409172587331
409521923717
409613912021
410082700193
410791239619
410872524877
411022031659
411587684701
411703158481
412592639227
415503992191
417005387863
417164849653
417680423443
417711444547
417838432009
417924714637
418462171877
418875568411
418928836273
419664274189
420605417017
420636552169
421025741569
421228254841
421278548359
422236141193
422956991971
423347315431
423722885881
424028880589
424087485799
424093997489
424146091009
424242464021
424333443217
424904511373
424935799741
425079952243
425235713801
425289588253
425553929329
425784194347
425984651269
426565959041
426979897093
427230869497
427656506803
428537096989
430250709649
430320745579
430826827867
431472696931
432268103741
433366787611
433489237117
433924657531
434946830011
435053407813
435664680097
435766320251
435997320601
436768452577
437103587887
437206598431
437599948117
437779323301
438500850787
438793552831
438834700891
438874444951
438965856289
439054940251
439205044279
439792532737
439968126601
440589257137
440761706057
441537359173
441605436427
441729049093
442431538321
443236409521
443834568421
444516859441
444625410433
444780952237
444876985981
445089122059
445103732321
445503592129
446577431249
446579327731
447124914307
447903593311
448183994131
448325215141
449338286893
449358396523
449438588821
449461625957
449686853813
450314789797
450597943531
450913259021
450967313081
451098605281
451267193551
451743398641
452223583673
452592539101
452741809721
453036866201
453106831549
453332880199
453436553153
454755177511
455176112539
455241680431
456087078721
456177572047
458062671691
459016976137
460143402811
460282188881
460445005121
460659373441
460738212593
461156727169
461402371333
461815383811
462782224561
462974097643
463344321467
463536273509
463631365081
463680353881
463789486841
464034162401
464165222753
464225122681
464285517649
464375463637
464394543089
464398287097
464661655417
464750263451
464850643601
465017614003
465108646619
465541477411
465701144851
466146261521
467099212673
467542652669
468281981441
468846361457
469727939509
470419263073
470821026259
470875594411
471964822313
472155882271
472638374269
472778615497
472891546951
473367389153
473377020607
473550386779
473627438411
474025291573
474301640191
474997509097
475057868251
475110682327
475335622891
475996505609
476509995001
476564507849
476609155457
477244707097
479526854077
480366620089
481215518593
481409780633
481734516941
482173289893
482234889151
482394064891
482492765873
483051410357
483337955017
483448270651
483749478733
483807885289
484696910083
484834647001
485335508521
485569815331
485624828113
485842452607
486118306603
486210828193
486423890881
487185758533
488296044403
489605316241
489903365557
489924402691
490091000129
490141400201
490231025929
490327562947
490365450697
490483072369
490744005071
490806731551
491099603681
491143065631
491710697173
491946529177
491968977373
492707099861
494778569689
495992596591
496032676687
496126408751
496292426563
496510476169
496658467159
497261058361
498232692511
498300456127
498481159103
498740919631
498766461667
498773440777
499666610561
499699118587
500802214879
502058684321
502361421733
502455433681
503241265829
503732254681
503739097993
503922669751
505082481229
505294887281
505584992009
506012634691
506204507761
507721801891
507849969271
507999688981
508222871839
508239099397
508290571729
509219046883
510954764821
512267999137
512285175481
512446493149
512704548709
515302879691
515545013149
515857855033
516108616973
517039828111
517192529521
517272993233
517546338013
517599137269
517963771553
518409855373
518410045453
518503670543
518721168829
518798956153
519134113021
521043719827
521176140973
521197486129
521623300481
522101622331
522206132059
522390666731
522870097471
523489867051
524038219811
524189031937
525800458241
526196754799
526510998421
526627187381
527539289437
528363120353
528494053951
528850380137
528912662527
529039454701
529278945031
529742328307
529822383781
529984926017
530238256351
530275239919
530327669671
531013891813
531025551029
531525381977
532719845971
532800927073
533315713369
533351235337
533981109481
534429716173
535349738351
535898364101
537223926247
537429500191
537472106251
537671258521
537698090077
537882886969
537957685711
539444707337
539466860329
540380820211
540777720751
541217551351
542517441121
543016980673
543082037081
543152785337
543393058783
543591664591
545070460897
545905600109
546824678951
547048099093
547127751361
547214977079
547429812649
547918152589
548759907169
549126942061
549171402121
549805000097
550013407261
551129549017
551194334851
551728471477
551943276257
552292730887
552979577251
553573170349
553961460571
554176024459
554236277761
554564684581
554831401921
555378184873
555525734671
556046008183
556290310897
557077632031
557902744417
558570885151
558785539061
558977700097
559224145651
559275135373
559400772661
559952228611
560038192393
560186383711
560193868121
560792793721
562072581029
562320347761
562728847537
562996212661
563203028629
563521003361
563972461961
564450187397
564681586873
564908204017
564955172549
565036351937
565164015307
565615504151
565759132819
565868593273
567415576619
567634162189
568654744103
568737696313
568887010291
568968454279
569321543467
569329125121
569545600597
569960070553
570558107953
570638223611
570870913519
571692303211
575672686261
575718197521
576246128137
576501486553
576651016369
576862057273
577637255651
578758107913
579812188187
580156422319
580174702423
580657197403
580682100049
580864991809
580965582277
581230775329
581755527377
582203552071
582503241637
583284759461
584620159609
586107371477
587232546221
587238676309
587439993211
588738047041
589123791887
589151422163
589364793001
589466166253
590032536271
590285818201
590529234677
591545572879
591792774553
592339408471
592644344707
592869803737
592921559467
593009344141
593086780261
593106120907
593203411753
594085241551
594745578307
597831468373
598690547501
599216868181
599393381449
599458412653
599503033993
599751053071
599941644157
600000512393
600013234211
602990237533
603847104151
603917034241
603977665519
604546405051
605766439441
605788174447
606015725723
606507093571
606748745081
607363042189
607473678611
607606146181
607685729323
607727823457
608368912297
608715160723
609720475691
611647387517
611780284361
611794600633
611883772459
612390759667
612497168963
613127871841
613196731577
613617313069
613701457981
614820650449
614971194001
615121737553
615159373441
615568914283
616750870381
617071027717
617118202177
617667630077
617806949293
618277121411
618505131301
618788178061
618844968853
619973345713
620420414377
621264286193
621611433409
621651486493
622158112819
622574649187
622659432331
623403201037
623581889893
624037783931
624449228441
624971661151
625713222451
626010270337
626475325403
627281424041
627959566957
628273389433
628542939053
629608025971
630105097663
630589799393
630604330211
630705988819
630818356481
632001031889
632033550011
632058671113
632217174241
632257682453
632493965629
632764547729
633122682097
633146443889
633233965279
633282255607
633781461167
633800724229
633901000037
634635801281
635186583991
635387514623
635876452147
635982325081
636129060113
636603661849
637118076401
637697078621
638199157751
639161874551
639168270319
639801451351
639919433017
640267214893
640601103949
640641746401
641898858371
642115074641
642297366871
642827971561
643932165241
644908540123
646984523747
647565777613
649208890189
649658010187
650053575077
650097058571
650669688481
652278914263
652960963159
654758340293
654945435373
655769207591
655856819801
657161516029
658595538917
658658055161
659386518337
661214346301
661506918661
661541422543
661946356801
662014951291
662024692897
662613905621
662915650801
664903252831
665466001021
665578588459
665955511621
667381146667
667876307113
668148519109
668214650287
668590769747
668719092913
669803812841
669902686951
670025537101
670557308191
670689255517
670742981977
670787208031
671507928911
672012727541
672275365607
674241338443
674712744257
675132739997
676128732553
676133155147
676659445201
676696398529
677398133683
677640129577
677692814441
677717510471
678005630821
678215547101
678651840409
679072860937
679388608501
680057518111
680334607567
680361732931
680486347031
680586956893
681536104703
681640886431
682508606137
682732022551
682864196711
682913790371
683580046921
683738801929
683811564641
683823140527
683855908633
683983672789
684170417107
684244553581
685013860117
685966572461
686012779237
686748646333
686844446773
687000610349
687050340089
688154859101
688858275949
688896438889
690127282277
691358280733
692355802321
693607473661
694367224333
694637207377
694712928457
696912664267
697003783543
697569002411
697970018891
698235692309
699170234167
699781884271
700381390393
702485321887
702865933241
702907850791
703511463511
703592128807
703670990201
704014960111
704281813309
704304987257
704553157351
704719855351
704728246961
705264039919
706139112641
708586833551
709182936611
709281640381
709321466509
709346315173
709418392541
709485659821
710386006487
710424426559
710453109127
711669847561
711761486617
712527877987
712817154169
714017169517
714129783403
714422204549
714515177539
716340828979
717038058361
717078701137
717139664881
717149825533
717191401369
718025240969
718587315889
719061261901
719070188761
719086971979
719979486497
720148487983
720374864857
721261230541
721898323291
722824388381
722882746639
724263975353
724347377371
725409588859
725471248291
725599012441
725803435081
726546432961
726626674687
727607464949
728178584671
729483042601
729715739671
729815229391
731542600699
731977755913
732251584073
732354132353
732600487841
733242836591
733576664981
733909503391
735299915201
735541936141
735957918169
736124531953
736139479171
736901679259
736901880859
736951333397
737690309137
737937648433
737973736891
737999483257
738468672523
738619598861
738659417593
738673190921
738948260041
739113163273
739359740611
739792348943
739876240321
741087051349
741104043707
741260729929
741348552031
743079394441
743504379253
745094417581
745407959239
746579402017
747263094673
749549033929
752840793487
754147770377
754789113571
754849929641
756014213011
756238979261
756509368357
756977887381
757371612541
757429048447
760113342101
760657495001
760675275853
760966601627
761759623189
764250356461
765051107143
765142999051
765143825609
766510755811
766621071457
766684108969
766757652733
766834727381
766967838253
767377521601
768114526033
768261014449
769226621953
769732691521
772336841173
772363260883
773228209027
773745417943
774419360021
774964611457
776162761937
776222669461
777076926277
778359768973
778989820087
779899168157
781623938749
781759751137
782632005409
784941068897
785192878933
785388520633
787729007081
788012975401
788405478083
789135433637
789185136721
789469404673
789851677471
790224990691
790675178401
791532172861
791654994379
791863919897
793487225077
793540669297
793615503301
793719819899
793722401821
794859618617
795742495127
797459098021
797744789531
798193753717
798369055189
800233837129
801114502499
802151231657
802217583331
802527510077
802549014101
802602765761
803532930301
804022418753
804189023531
807061431931
807465784381
807508915309
807528683651
807584394433
807692221753
807762309511
808085931871
808138069289
808272646081
810055800061
810109800121
810127626193
810221175251
810862344961
812352487411
812555333717
813566305093
813677963377
813699613513
814338393613
814370880049
814435852921
814666867577
816005074739
816207394003
816235230133
816955668511
818735424079
819189634181
819490131073
820109548477
820336403521
821011507153
822404196949
823174617781
824232932641
824830846883
824870679727
825114256139
825497389477
825765094241
825988327597
826090120829
826815572507
827128404931
827140148899
828411248341
829146376349
829984768309
830034398689
830590597141
830601906907
830658015163
831596235493
832510307017
832950056821
833512385357
835662576457
835978962799
835997353777
836121647033
836205566701
837208527581
838559128097
839572703443
839842111897
840029073061
840166557211
840230635873
841413605771
841815374849
843055538761
843115615633
843908610091
843981661381
845892645209
847184875753
847938920671
848616574999
849624883501
849899609879
850001017669
850056331009
850830976969
851008062601
851063401861
851357390423
852240928577
852363874471
853035112477
853597395829
855057138473
855181057519
855264286729
856568211019
857109102631
857724172267
857783459531
857789767951
858124071499
858933672871
861486415549
861751136611
863444228993
863627727223
864734467021
864745625593
865364926339
867942413669
869431802467
870860371837
870994758541
876356225557
876462912781
876901143379
876974176297
877014128257
877339374367
877459865797
877575503659
877916527559
877918401433
879487596019
879897212377
884282077537
884749041221
884999129173
885528000449
885614302141
885925207471
886834426957
886873346101
887150939293
887403420041
888021136537
890703699541
890737676377
890901897751
891128409991
891258654529
891864727771
892698059893
892732073881
893002798777
893209782277
893405374429
893620300229
893853090901
893981930713
894138211201
894186325231
895097640991
895568830801
897489074557
897526969637
897574338487
897831815081
899221128581
899478566257
900503012137
900650348051
900667155217
900782324191
900911978401
901751247211
901768648189
901791439093
901844253311
902178884461
902349675841
902520748021
902582982043
902606372683
903330489673
903596601953
903735051619
904014363673
904014778393
904904353729
905023058813
905114381789
905460774637
905470239763
906273535967
906439184141
906601047607
906683504401
906953264681
907092034267
907400997751
907658140621
908069854333
908209906001
908663854957
908721734377
909383471231
909637907501
910036519129
910507140409
910719009631
911208285973
911506365137
912136110439
912310973419
912489180949
912766071001
913151631181
913354806391
913370135567
913451975173
913618632307
913716515071
913724679781
914622536557
915311102077
915416777549
916092474301
917009251211
917831061029
917964937009
919448445761
919826030509
920085238421
920881406617
920926202177
921008369401
921106610173
921861138271
921899543111
922094112521
922458000901
922799374561
923567124607
923945810441
923976568873
925720900441
926444241841
926911493561
926919010333
928519917601
928526797201
929683478401
929826275429
930319653061
930643778677
930746420543
930751113521
930926910691
931159811863
931574362361
931735567649
931935033199
932575181401
933650657311
934270707553
934560493453
934912267213
935245646161
935570625697
935593838521
935713370887
937231163413
937953748981
938379377401
938399063659
938428124329
939975259051
940120339201
940275091361
941154152261
941257018769
941305503617
941348192461
941503424621
942335857079
942832494157
943841159029
943940411131
944006543201
944970434113
945707625589
945909911237
946127780581
946417868881
946512978097
946804876477
948966210697
949005240497
949094863309
949468941133
949632600181
949671590383
949784707537
950303277029
950307557711
950467959871
951613906853
953565921013
953642972629
954134433601
954204590473
955229939197
955301376233
956251235761
956278640791
958151035657
958600508401
958638758201
958999104169
959019045433
959238053693
959363407441
960244647841
961707142141
961774407301
961921543951
962749698457
964364636041
965101484801
965406405101
966108881021
966322375633
966534660649
966817707337
967509707251
967548911281
968541268129
970037363413
970933556959
971188567357
971547315341
971647191451
973259196757
973406012107
973768272553
974444982281
974813776273
974869779061
974911365151
975630937481
976392983227
976772459323
976873277857
977051192917
977250757319
977460459331
977488377361
977620448533
977873764949
979012978901
980606934511
980616337009
980642579947
981764205949
982062181981
982467493429
982538894461
982895726821
983341956271
983800104193
983865609271
984556984501
988039918883
989017397633
989151579121
990664390801
990822340801
990883933267
991315380749
991669655653
992316792301
992332753277
992491266511
992723283109
993169993201
993721884511
994175594201
994282196513
994330058321
994401851033
995438893993
995442995851
997114085111
997921998001
998350680589
998884311283
999171965377
999173987173
999453776413
