100401438323521
107698430679841
112796730053281
113159501145603
115938008185105
121173387886081
139675161168001
142159958924185
162621381217691
174757248102529
176277619355905
181016354483641
186768834652801
190365376191121
200049771495169
207259376069089
207444227234401
236841449170681
238806627102145
250133770538209
270341566723801
271496753071925
281584124658001
282392209597681
293750101262593
294426416861569
323267878723325
331171841152801
351676771785361
354678140102401
360218924636401
364132569867121
378726099977521
417574415623681
433251818798401
447837558192001
449477096889601
475869337179841
519313623995953
529163034210721
535124592980641
541004430432961
561835976654161
612852829466401
629679490614721
630232447182003
632779309468801
651183078349441
657879126249601
736737336691201
759943123758001
764320736387521
779666758696801
789653860128001
810951485411881
821743669000801
848430582445441
864943336074241
895040560252801
902436548889601
906727138761601
910323684636481
910842205063681
931319550247691
943644923713441
945395342049601
1005892496640001
1037805799680001
1078789998424321
1087436244407041
1112080364184961
1131720014505601
1136411820748801
1141674468855841
1162367756550001
1213990050985921
1254092544787681
1261004573329201
1270405934787601
1273184810058241
1283178954564001
1300017896222761
1334353900276801
1334741956694641
1437221741101201
1459054456185601
1478195233349131
1514651930064001
1516044694512601
1543939078617001
1569719658499201
1596760155783001
1612300372562017
1649605153482001
1650197592693001
1707810511937401
1721318288667121
1857860382006725
1871055970094525
1940456365356601
1958536658192411
1963201002255361
1991912518342657
2091296737333441
2120132366250049
2125795140815041
2214771872976001
2273334173896321
2316756525501601
2317150980817921
2370364933940641
2407817589019201
2468289734208001
2482197484104001
2498914450339201
2517846184591201
2707673568059233
2767728470607361
2772485253388801
2803992632119009
2841974055002161
2906054306602201
2913538100499001
2997378282061801
3042534703057201
3072391909531201
3102227030185921
3234940062681601
3262770513763211
3307205733694801
3316295704799881
3341128594763521
3351274446312001
3449977865777665
3608616650558401
3719686585284017
3741376136400001
3771746017205401
3889734251170561
4008652676812801
4056199745495041
4163420443914721
4253686729099201
4269518819830801
4277481240272761
4296660511478401
4307140503227521
4429542562848001
4446677622988801
4574920100961601
4670064277505281
4672245724286401
4713955728636961
4745910560976001
4761005266684801
4818976745899681
4919434265257201
4937458866099121
5014879274156411
5398333981736401
5418235368172801
5458668142608001
5532194995591681
5546718919778401
5622804461098369
5649645358886401
5762762825356801
5764596840141985
5815942170981121
6045391413197281
6251518740519001
6319161831348001
6362946599518081
6493679227642465
6591209727181321
6595513884037801
6697704008235241
6743589658640657
6750349384456081
6943187912292731
7047135239500801
7091699320508401
7241050991865601
7273943076067201
7321943669360401
7379309887358761
7393372853733361
7411471422655681
7421540949014401
7429618924097761
7556608024290001
7667410082310001
7704640327302721
7984748100931057
7995050155872001
8149723471629721
8233803542743633
8236085540529601
8285351506990273
8298149523115537
8308109895161761
8333777873664001
8342682743669761
8432226306301393
8439902284942801
8467277700267361
8484009862138201
8487022845436201
8487337170222721
8705595516789611
8709283125662689
8744272040642401
8806272796301761
8811335787686641
8860399410304801
8916780869979851
9091021113510337
9151111216131841
9290268858026521
9292825944417601
9401828913809281
9565632095619601
9608268835376641
9723638120049361
9729053310834001
9958425718322881
9993184810817401
10276727243515217
11865293843832011
12188751738372011
13150706537601377
13726362087060491
16179707838340817
18927924633961211
23975384437703899
26649855827337611
29033812558642331
29991498587622011
33024457129847051
34796239048970657
41236427523704437
50535525789246971
55732975200864019
58359130486444817
59092476340827611
63059697073676171
68986276259472011
69031185495515111
70321688983105571
70774195404884411
79602753590079857
81076678934149117
90222365972138411
93571526618208019
97525658914200011
98656969931605811
101895345303111371
103430185557753617
104707978625352971
108054103056368051
149164338521577619
154977437449731619
158177167190078417
