641985
706905
779961
921705
946017
1025505
1118481
1179801
1192737
1234961
1708785
1744701
1758081
1777881
1782417
1783461
1791041
1802801
1856273
1896401
1908081
2009217
2103465
2175921
2267681
2293305
2357265
2637201
2757281
2864961
2972641
3022361
3079517
3123393
3150593
3273921
3453681
3460977
3493777
3988881
4068321
4100481
4178049
4237101
4243265
4394705
4500173
4597473
4612881
4655301
4664121
4681601
4803201
4809761
4953681
5012717
5332341
5442585
5635609
5808465
5938049
5987681
5996361
6222137
6289185
6381921
6402705
6500641
6506969
6630561
6819385
7055321
7364421
7614009
7618065
7715941
7936201
8001441
8046941
8199585
8315721
8406321
8834721
8976345
9046561
9377561
9447681
9459681
9647105
9756481
9844913
9878213
10044441
10677017
10739201
10782761
10864161
11034905
11106517
11244801
11363561
11377561
11434697
11438721
11654721
12066561
12150801
12418497
12501401
12698049
12740521
12743745
12764893
12816497
13052801
13223321
13313601
13358241
13554913
13607049
13720281
13747713
13769841
13924237
13965617
14044661
14071905
14210233
14282801
14579041
14633521
14827905
14855841
15045185
15050321
15218029
15297009
15368001
15370257
15518945
15690305
15693601
15882881
15959697
16109601
16200465
16633081
16643001
16908801
17043521
17319233
17574945
17779281
17808401
17813761
17975593
18178281
18446961
18632497
18674721
18703881
18707585
18891041
18905221
19384641
19385457
19438497
19507841
19560321
19604961
19866001
19883501
19958177
20334401
20372329
20435317
20447193
20451913
20465017
20785401
20890233
20957601
21031641
21442785
21458945
21624561
21648705
21763505
21936321
22114101
22292649
22307033
22311969
22340293
22344345
22521465
22538561
22778501
22962721
23248401
23428417
23725881
23990681
24040705
24477321
24478785
24628257
24758097
24813601
24853185
24980901
24982001
25199361
25230465
25297089
25305281
25662761
25845729
25927809
25931841
25946481
26140989
26206881
26330921
26415621
26438945
26590305
26953369
26980785
27201497
27363441
27478121
27525345
28158501
28479221
28593201
28661745
28691269
28742913
28823841
28952001
29195321
29388961
29401361
29515521
29610465
29666001
29668561
29839041
29977361
30159381
30223569
30239873
30269841
30384321
30614521
30698465
30880681
31064761
31109461
31146921
31232201
31337593
31400161
31761081
32140637
32170281
32306001
32332301
32454601
33100145
33139393
33309585
33389001
33713809
33733505
33886465
33962945
34317921
34366241
34434561
34498001
34731681
34845601
35060461
35259505
35442081
35586321
35616785
35643153
35707361
35785933
36233185
36436681
36519561
36955381
37114441
37207465
37261357
37273801
37306361
37437673
37462601
37748745
37762681
37765161
37803841
37814033
37864321
37933857
37940069
37955281
38085265
38443461
38576121
38766273
38950601
39065377
39230577
39258577
39274761
39332161
39360321
39735801
39780361
39874401
39957761
40079169
40343601
40421201
40470801
40908193
40964001
40976001
41048385
41176521
41201721
41527617
41546753
41713441
41815561
41836081
41845121
41931561
41972385
42173313
42379009
42506401
42608545
42723521
42804385
42820905
43033641
43073121
43320641
43609281
43789305
43825041
43862721
44126461
44268561
44278689
44431401
44492097
44598985
44789953
44933329
44961489
45030609
45850817
45870721
45912945
45928065
46030961
46037201
46077801
46211241
46252961
46286305
46411105
46476441
46643569
46678401
47257221
47301033
47379389
47461401
47510581
47827137
48229545
48524001
48787201
49215321
49272321
49276745
49372621
49379001
49803777
49949481
49996657
50055201
50170121
50272833
50348033
50397953
50456561
50594817
50609521
50628865
50674997
50911641
51074401
51135729
51265761
51338849
51401505
51682921
51781353
51943041
52038169
52189761
52236801
52470705
52808053
53257401
53341121
53370353
53584665
54163713
54332761
54353441
54413217
54459585
54484609
54765329
55030141
55791297
55947001
56020273
56316717
56523881
56583185
56654081
56673409
56933801
56975281
57028321
57150945
57374681
58040529
58163841
58175129
58368997
58381401
58582681
58623201
58737057
58839937
58939105
58939981
58945601
59078901
59103929
59259201
59318841
59362213
59369681
59380321
60211681
60259017
60269937
60450281
60608801
60643961
60765601
60811609
61001305
61241057
61291681
61457601
61657481
61781801
61907461
62191921
62412001
62476609
62860281
62867505
62914545
63104561
63127065
63328741
63419985
63515585
63538881
63948801
64124481
64221921
64374801
64607361
64919921
64950705
65336305
65593361
65749761
66121561
66354289
66438945
66501541
66513217
66869601
66936545
67223481
67280801
67486081
67536105
67694817
67813461
67872949
67944345
68191761
68259701
68308801
68440385
68564321
68995801
69108689
69241705
69365713
69380241
69470721
69615461
69750121
69820401
69995241
70154105
70229569
70267121
70757841
70781401
71022721
71113601
71629041
71698705
71714913
71924161
72227981
72244901
72544305
72742461
73585281
73754241
73863681
74033785
74106721
74151617
74441641
74469161
74480901
74526201
74775521
74885161
75268993
75365761
75620441
75691441
75825729
76340065
76809377
77105401
78209353
78464361
78498361
78945105
79013361
79093561
79503249
79523081
79684361
80098697
80103193
80184105
80416401
80545433
80738841
80817505
80860561
81561369
81811241
81908905
81920385
81948801
82097673
82149601
82731265
82818401
82991961
83048953
83385841
83586497
83624961
83807361
83865145
84256641
84518305
84620481
85011641
85093857
85300137
85434581
85652001
85680349
86046081
86085441
86196001
86478561
86575153
86884161
87052785
87217061
87372033
87379473
88650497
88914841
88994065
89188545
89314401
89456641
89459441
89476465
89558833
89937241
90095265
90861057
91111157
91148161
91944721
92016601
92219201
92401569
92487361
92633201
92896545
93034201
93628353
93629813
94263745
94869881
94872785
94935985
96097001
96537441
96692993
96770401
96788041
96830097
98204001
99388529
99410305
99456257
99540065
99747181
99865601
99969961
99990177
100013313
100714801
100719697
100743105
100901801
101426353
101580921
101890073
101992401
102399809
102500385
102552681
102571665
102627681
102724601
103092705
103149761
103630241
103675881
103762621
104020801
104152665
104663089
104793361
105195441
105348321
105494201
105579181
105768697
106276521
106313857
106409121
106582337
106854657
106905657
107463681
107555137
107667681
108346261
108485665
108764233
108797417
108957829
109434249
109750001
110049633
110191973
110575941
110583201
110652865
110679137
111175641
111427233
111568513
111645681
111798793
112119281
112213249
112753537
112870849
112895201
113123809
113193121
113212401
114009345
114059661
115191553
115310065
115626001
115695489
115811345
116156265
116715613
116955345
117149545
117248561
117570321
117734001
117820321
117940201
117989985
119004761
119246465
119600321
120185793
120218033
120292705
120961657
121125453
121145401
121176561
121230241
121431681
123078913
123300197
123387201
123665361
123709433
123813481
123875745
124075681
124122481
125002481
125230001
125866201
125990593
126243401
126353649
126534801
126717801
127398561
127661409
127844977
127863681
127889217
128003681
128027201
128598289
128648481
128770929
129120121
129244441
129399361
129475105
129507561
130788801
132885585
132939409
133082561
133345757
133379961
133499521
133845041
134410477
134474561
134512945
134531761
134998681
135172521
135449761
135694001
135775641
135917489
135954401
136002361
136093585
136149897
136998057
137021501
137623597
137632561
137876001
138183013
138283729
138356401
138949161
139207905
139283201
139672273
139796441
139923393
139996081
140269857
140933185
141199521
141519049
141558121
141659505
141698961
142056993
142064105
142081057
142226481
143130345
143778961
144010361
144873345
144874705
145895737
146466321
146525985
146806881
147654053
147727273
148433377
148975905
149129201
149319521
150322185
150354961
150372481
150417345
151283001
151553089
152540801
152942665
153116161
153191409
153457473
153657985
153791793
153825441
154009873
155303121
155547889
156304793
156900209
157097513
157101777
157208385
157669785
158462101
158772801
158784341
159110161
160061801
160078801
160086281
160111281
160120897
160187041
160370721
161025121
161382401
161428481
161818801
162376401
162879921
162949361
163120441
163134049
163190821
163918041
163982001
164094945
165772321
165981761
166200049
166413633
167326369
167366881
168034945
168251601
168302721
168780001
169241953
169492401
170543201
170559441
170924601
171535761
171908257
172032785
172480001
172594081
172895141
173192481
173200441
173330977
174363905
174900481
175156961
175868505
175993601
176029441
176214801
176454201
176517705
176529653
176698401
177040101
177115121
177469761
178245081
178294785
178348457
178494849
179039009
179855369
180071585
180218501
180252797
180426337
181021985
181507201
181590241
181807641
181889921
182176961
182644749
182704641
182850001
183525881
183576541
183871745
183940801
183982721
184061601
184277185
184380801
185326401
185377441
186010313
186737881
186793465
186893173
187208385
187253001
187442321
187819281
187902273
188563201
189109621
189138589
189451809
189546721
189657601
189734721
189925633
190251769
191228961
191292465
192067001
192543169
192608921
192867321
193305505
193462465
193552141
193865841
194944321
195100081
195991921
196244601
196419441
196467269
197221505
197446081
197650201
197781541
197788081
197789905
197926477
198458001
198630081
198669073
198705601
198888865
199040801
199160865
199301201
199710401
199983265
200033289
200532681
200669701
200832801
201052385
201192745
201257269
202266945
202375361
202602121
203622497
203783421
204491041
205405505
205807701
206498601
206807601
206843209
207090481
207277441
207290385
207422865
207468465
207503941
208237401
208269921
208287001
209448097
209472385
209498345
210168241
210354737
210361281
210445901
210453761
210500461
210649585
210984705
211079001
211428841
211515969
211609809
211889721
212629761
212813481
213099393
213214561
213317905
213539457
213633441
214701761
214768961
216089601
216587905
217649281
217806961
217982865
218210161
218794641
219143737
219174081
220144561
220235681
220378081
220392201
220436601
220638705
220966001
221455361
221563041
222041281
222106193
222113857
222347841
222367041
223948033
223989601
224344241
224553001
224597881
225130321
225140097
225238945
225296737
225405961
225547041
225722977
227050513
227398977
227525441
227951505
229590305
231200781
231371361
231500609
231779601
231800985
232361801
232393793
232556761
233165745
234163657
234927041
235011609
235368001
235390981
235475353
235524721
235604513
235661985
235738041
236381705
237589569
238134401
238573921
238643401
238959161
239377601
239531761
240532153
241406897
241663841
241763809
241831241
241868929
242118121
242172385
242799921
243216961
244117281
244150081
244191129
244582401
244861881
244893809
245095313
245588737
245850801
245854401
246405073
247307841
247927877
248084561
248768141
248865121
248983401
249027681
249369793
249882881
250177441
250334305
250529181
250539745
250852001
250867441
250955937
251141001
251361201
251608297
251716921
252156505
252411601
252518817
252619201
252853601
252953841
253046521
253336721
253443785
253527641
253535841
253862841
254701305
254765841
254766161
255033801
255504457
255518081
255522889
255645441
256622345
256730881
256885161
257379661
257502145
257850613
258283201
260180921
260842777
260881985
261296001
261631273
261887081
262476721
262555041
262924465
263278273
264031105
264717401
265043189
265619201
265738921
265794881
265814241
266162001
266261953
266273601
266344585
266370945
266839041
267092001
267456257
267826609
268121841
268311457
268522669
268591401
268758673
268942801
269221121
269508481
270119521
270167841
270268545
270435049
270681181
270704097
271168241
271398337
271472481
272413345
272654201
273051585
273073801
273469665
273566745
273761961
274244545
275569281
275642913
275799161
275980929
276074305
276851881
277143841
277223505
278086381
278842081
279348641
279796881
281026593
281797041
281823201
282082361
282308001
282343601
283181121
283566713
284040801
284650401
285639705
286014001
286261521
286342785
286385001
286873665
286913705
287081201
287650881
288251265
288563457
288622401
288767577
288861441
289778217
290198601
290557201
290568641
291745741
292231101
292840601
293414849
293816321
293829501
293972761
294052785
294079941
294172737
294285201
294353665
294492001
294560873
295141353
295711921
296024961
296396321
296689185
297078145
297173345
297582209
297625601
297674881
297786009
297910337
298114921
298488177
298500241
298859561
300564881
300768385
301054761
301116801
301423201
301682577
301825161
301921185
302068361
302126553
302843521
302969121
303664081
304004161
305933701
307036001
307049665
307643721
307675521
307974785
309184321
309419561
310135521
310420881
310508121
310614585
310693633
311014705
311182305
311221901
311552681
311657601
311689057
312177121
312442065
312655161
312833665
313317753
313678129
313773505
314273281
314552785
314760321
314761161
314939041
315140449
315393361
315704961
315843841
315950993
316283121
316558441
316625001
316872909
317002001
317245041
317542401
317688273
317801121
318045281
318679361
318909681
318914505
319004049
319139121
319430273
320239921
320456641
321241537
321868041
321924241
321982561
322006945
322310385
322601081
322624901
322664001
323734881
324060001
324093185
324516401
324660337
325270881
325910313
325933201
326393761
326658721
326912481
327793401
328489281
328553905
329177641
329759745
330310201
330470053
330515521
330689745
331826265
332258081
332285361
332387761
332565961
332867041
333492041
334599937
335418721
336006861
336666145
337131201
337380961
337802785
338311073
338540865
338863057
339289601
339630201
340594241
340666129
341078049
341108917
341733701
342164641
342181441
343091505
343289761
343640857
344531265
345007521
345037161
345168601
345462481
346343585
346420313
346844121
347312505
347480001
347547201
347590321
347729009
348003137
348314241
348547585
348699921
348859329
349056533
349315121
349581761
349980481
350723185
351037401
351141681
351848641
352614801
352814001
352820385
352850401
353313381
353465113
354244441
355193921
355631409
355737361
355891369
356075721
356265001
356695665
357069721
357236333
357495073
357759921
357810181
357913941
358898305
359416201
359489153
359595985
359859809
360048577
360595041
361402601
361738833
361899681
361957681
362307121
362333301
363073489
363933961
364049729
365012669
365112961
365223673
365237665
365244881
365532385
365839457
366546401
366905721
367045601
367109121
367289601
370294849
370357961
370951281
372481461
372610305
374648121
375006801
375225201
375827361
377174601
377361601
377904033
378215201
378986693
379723961
381050385
381160689
381825217
382515057
383295361
383514145
384752641
384773481
385146521
386034001
386752177
387846921
388359713
388425521
388861201
389238201
389495041
389839241
390141193
391431941
391858545
392484049
392660577
393153601
393968401
394156673
394810361
394823793
396898321
396911201
396952465
397111897
397141249
397316137
397728001
398835801
398959561
401067101
401215361
401224545
402030161
402416001
402621497
402698241
402703561
402757301
402896841
403727941
403921761
404392321
404750529
405578601
405932737
406847585
408266153
408453241
408576801
409303545
409444157
409687041
409764321
411113601
411712665
412554801
412949265
413104441
413272041
413685697
414083281
414195649
415213569
415724881
415904385
415916593
416045761
416707265
418577185
418920041
419571533
419864641
420169281
420320641
420714385
420756609
420855649
420890001
420977921
420986401
421962321
422475361
423349641
423422177
423463041
423563505
423765409
424422201
424724481
425692785
425944561
426627649
426627921
426847785
427156081
428520001
428797921
428807457
429714461
429868461
429884865
429901185
429962209
430109841
430753401
431275041
431298721
431448865
431614401
432055905
433150481
434189505
434282241
434355201
434455281
435087393
435099089
435479233
436664481
436754401
437002945
437027241
437089409
438406001
439064781
439363849
440072361
440576537
440637513
440819001
440882401
441316057
441546161
442414545
443201761
443421601
443755481
443897385
444270009
445110401
445548201
447025761
448022641
448158529
449118913
450005601
450452633
450630961
450971841
451222297
451933729
454168093
454314641
454692001
455477881
456964353
457285313
457346737
457825641
458557801
458729921
458739009
459866121
459902785
460125673
460661137
460927201
461305801
462020601
462361761
462410001
462596001
462605441
463521345
463818481
464061105
464310561
464680041
465077761
465472161
465774721
466392641
467409985
467458401
467913721
467965345
468750673
468877801
469006301
469183969
469550081
470055201
470672401
472105985
472673201
473021901
473942001
474215841
474670161
475370897
475413081
475646865
475647793
475651681
475680401
476219201
476859373
478348641
478898689
479014537
479275841
480015537
480200497
481062121
481782289
481884569
482771185
482798449
482949001
483690481
484207321
484691761
484968361
485139161
485800229
486927441
487213741
487456641
487487785
488068505
488212257
488708257
489577761
489637281
489935521
490079401
491829185
492101601
492729601
492927513
494891761
496093193
497277561
499391201
501152541
502417761
502590721
503292945
503578881
504447641
504448897
504760257
505305361
506428161
506436757
506458849
506574401
506678745
507092881
507347737
507840321
508482989
508683761
509727289
509870361
510546177
511138305
511739801
512073185
512445921
512667585
513074409
513320121
514187361
515235953
516431201
516666585
516682841
517227097
517300441
517720833
519364481
520020865
520877841
520881505
520977241
521132161
521281761
521690265
521769185
521775761
523020369
523795041
524943721
525215145
525315561
525440641
525513001
527413601
528515401
528563841
528584161
528775401
528852801
528937761
529605241
529757761
530207001
531257601
532055265
532278209
532320881
534890929
535365601
536282265
536556385
536677793
537534481
537575933
537916457
538809857
539906401
540070545
540421113
540839481
542092201
542995505
543543601
543834761
544130601
544380001
544544561
545015001
545591761
545809057
546511121
546651561
547381185
547869941
548194193
548550081
549315313
549556321
549806321
550028385
550095393
550232369
551670145
552722061
553080001
553581281
553648161
553728001
554796801
555111297
555434881
555767345
556608801
557008481
558373537
558467049
558599721
559639681
559792129
560209417
561206401
561264705
561333865
561570289
561913921
561954401
561970201
562110849
562310321
562407105
562921481
563211881
563498145
564133561
564597761
564959209
565632561
565705041
566048561
566166553
566417761
567569601
567569905
567852545
567854001
568405761
569652253
570743221
570903641
571104801
571453121
572138561
572396121
574585921
574799401
575212001
575394241
575518945
576268001
576341481
576604665
576757441
577039905
577620681
578302901
580485753
580676481
580978161
581420841
582768353
583090521
583498881
584843617
585834705
586158721
586204801
587141633
587529601
587687801
588568201
588826161
589004241
589237137
591015985
593320161
594239961
594249145
594360481
595634481
595919521
596229921
596261401
597062401
598292289
598989665
599196801
599396161
600034513
600251041
601092801
602814849
603381633
603943121
604438081
605184181
605647561
605792257
606285681
608380641
608632641
608823801
608863841
609039201
609491009
610162001
612817041
614535601
615265665
615622905
616659481
617969929
618033001
618314481
618489873
619077501
620266361
620928533
623812861
624081393
624244721
624954681
625275729
626284681
626546921
627159361
627778241
628252769
628351569
628571281
628790449
630810201
633791341
634289601
634662561
634755681
634942401
636847641
637285441
637554401
637563785
638942161
639912113
641308921
641959649
642134593
643136481
643826401
645532561
645566321
645811801
645925281
645976641
646041761
646128881
646503873
649100001
649379601
649860289
649917801
650471601
650518401
652618321
654541413
654543241
655157441
656300385
656439505
657812281
657873321
658092841
658238841
659400017
661199729
661710841
661770817
662133681
663223177
663777401
663997181
664136757
665637457
666728161
667005769
667889761
669616641
670055101
670755281
671407009
672118801
672794241
672847201
673467901
673554753
674656401
674927489
676386529
676925601
677470977
680527681
682285345
682922901
685109601
685846561
686183121
687024097
687143521
687331233
688396801
689560001
691182753
691254201
691280641
691357921
691941361
692318705
692813121
693567337
693752385
694111089
694731521
694973121
695376841
695391505
696778993
696781449
698162081
698320833
698452041
698716705
701189073
702569601
702812381
702966881
703601185
704626833
704750641
705692321
705694657
705867241
706577801
706601617
706628001
707262317
707350281
707552097
709145633
709239681
709253601
709623201
709712081
710324161
712305105
712425121
712620481
712984361
713077121
713676881
713846429
714038001
714459201
715561281
716158521
717270401
717484897
717643301
717777985
717804465
719220769
719232449
719293121
720772201
720845777
721543921
722522801
723244001
723278361
723505665
723636289
724070609
724513153
724847301
725221201
728068201
728320489
728825021
729008553
731986641
732351841
733076041
733199321
734241985
734611801
734847945
735342505
735805721
736145345
737350401
738211009
738251701
738387481
738455081
738863041
739572065
739750705
740341665
741498601
742116441
742272961
743302833
743969601
744333721
745431841
746748769
746840641
748765361
749152041
750712705
750837081
753609921
754067041
756765745
756820681
756967905
757055521
758827785
760643521
761647201
762057913
762350001
763402537
765265761
765494401
765836545
766472785
766665901
767179777
769060161
771246241
771453761
771662701
774402817
774775041
775429957
775917481
776183209
776365969
776663041
777657601
778154273
778440201
778467201
778578801
778701001
780572993
783034441
783109489
783582345
783623841
784198065
785387401
785989881
786996721
788208201
789238529
789249345
789858501
790004801
790409521
791138701
791749021
791834681
794085601
794398305
796096361
796336401
796495561
796633201
797252681
798590977
798680961
799163881
799285761
800745601
801058941
801256193
802588081
802712001
802803001
803693121
805301761
805384193
805491553
805627145
805707813
805883233
806053981
806289345
806407641
806874041
807172801
808148433
808533181
809304145
809404401
809448641
809637921
809676241
810429945
811382593
811449185
811461729
812033985
812146401
812696721
813110145
813505273
813751513
814457601
814695377
815469721
816103905
816208001
816898401
817048849
817120921
817383281
817520265
818950145
820386385
820876057
823179257
824135509
824178145
826481209
826654801
827609729
829024813
829427841
829786881
830799905
830879841
831010657
831477373
831505921
831933921
832733441
833432769
833765297
834445789
835526441
836582201
836853641
837923217
838155265
839315841
839725217
839932997
840239841
840722717
842141477
842559649
842623937
844195441
844967201
845006449
846548041
848030481
850592601
851940641
852271337
853155681
853644529
855850801
856702561
857533601
857766001
858318865
858691505
859176969
859185881
861770841
862913209
864105001
864691401
864893401
866376281
868305985
868312185
871635401
871644081
871763737
871823681
872711049
873456249
873471985
874202041
875348761
875540321
875624841
878000529
878921457
880198529
880706001
881114753
881278465
881779665
881825897
881851761
882494861
884919105
885040521
885077185
885296521
885587809
887416401
887924961
888382881
889119169
889635041
890259601
890705361
890963745
891310785
892011601
892970401
893255481
893332921
894727681
894927713
896057857
896680681
897459457
899270281
900181177
900429817
901728961
902511105
902922589
903173569
903384105
903406881
903463505
904169561
905080561
905554849
906107361
906479113
906559681
906572129
906994801
907833745
908098465
908652501
908653321
908932441
909487489
909944737
911036001
912521841
913411521
913429921
913649881
914291841
915279681
916604581
917283521
917566441
918399201
918411817
918632001
918649421
919592401
920013381
920166017
922059321
924144761
926276001
926403401
926585569
927502521
927700353
929938945
931322081
932317009
932642481
932653457
932801857
933256801
934473073
934962145
936724601
938296145
939005761
939133041
939757561
942356273
942731881
943342401
943848841
944732545
945635065
946690121
947475361
948688401
950196241
952933521
953992481
954045441
954693201
955241001
955268601
956500801
956741293
957438945
958672401
960100609
960126273
962971945
963114769
963130281
963397889
963983137
965063905
965375073
965797281
966089601
966914257
967285089
967726761
968151801
968897281
969532305
970071961
971907321
972288065
974210721
974733761
975656929
975697185
976400881
977088721
977678341
978079649
979838641
980910281
982761561
982827441
984205921
984254181
984569313
985381761
985393601
985401873
985946721
986046761
986380801
988543381
989918721
990386881
990810457
991542721
992160065
992725041
994425473
994755385
994920801
995786849
998555601
999551041
999977881
1000731473
1001933545
1004383601
1004866681
1006081441
1007436249
1007955985
1009911449
1012084657
1012348897
1012621545
1012913601
1013370121
1013897457
1013945521
1013981761
1014288961
1014793521
1014899201
1015616897
1016195265
1016887397
1017012801
1018492321
1019855201
1021473073
1022386513
1022443521
1024681801
1025100693
1025243345
1025732401
1026027801
1026106673
1028794861
1028894945
1029039881
1029694401
1029790273
1029906801
1031006033
1031364881
1031873921
1033266481
1034116321
1034268417
1034831841
1035737121
1035917137
1036274509
1036352241
1037206401
1038766381
1041236961
1042892201
1043238785
1044608181
1045512601
1046269561
1046306881
1046739057
1048565301
1048630465
1049593665
1049932521
1051997521
1054012961
1054320345
1054621345
1056121969
1056164033
1056313561
1057517601
1058153713
1058216801
1058839541
1059295681
1061494161
1062100481
1062222785
1064254401
1065623761
1067139801
1069536761
1070156001
1070856281
1071351281
1072648081
1074008065
1074840801
1075211381
1075427073
1076561185
1076649465
1076821361
1077410049
1077560069
1077782065
1078505649
1078720529
1079225841
1080007553
1080074145
1081269421
1081374721
1082797321
1083182857
1083483401
1084855465
1085314897
1085734161
1087264993
1087526497
1088955265
1089251761
1090904001
1091257545
1091321089
1091429921
1091500697
1091555329
1092035089
1092459105
1092689137
1094459913
1094795585
1095169881
1098832001
1099095361
1099163521
1099176761
1100610209
1100647801
1100877921
1101121561
1101123457
1101200409
1104291061
1105175729
1106036001
1106044801
1107214941
1107628941
1108612121
1108905701
1108929601
1111913441
1111928193
1112410377
1113096337
1113592889
1114954401
1115233281
1115576001
1115696961
1115944921
1116572081
1118399681
1119074921
1119298401
1119829601
1121264761
1121479801
1121839489
1122067233
1122688281
1122854097
1122929641
1123303169
1123371985
1123736041
1124704021
1125007521
1125130865
1125593505
1127158033
1128546497
1129249121
1130273145
1131559969
1132885601
1132958905
1135927057
1136698641
1136853601
1138190761
1140937513
1141983921
1142850913
1142856641
1145045265
1146058145
1146218801
1146304809
1147111161
1147157793
1147259961
1147623841
1148236001
1149032981
1152654121
1153138273
1153590529
1153699681
1155051673
1155217001
1155644073
1155870001
1156611641
1157352561
1157947681
1158439041
1158531585
1159152401
1162274401
1162706721
1162725201
1163725641
1164010401
1165459569
1166156481
1166602561
1167394801
1169817841
1169844369
1170302785
1170546313
1172349121
1174251009
1175027217
1175059601
1175345401
1175583241
1177843745
1178034201
1180213217
1180263281
1180285681
1180480833
1182992361
1184387841
1185421121
1185754945
1187052633
1187936121
1188322101
1190625381
1191234065
1193157441
1194005281
1194130561
1195230401
1195368329
1195695133
1197282801
1197514241
1197669985
1198158401
1198400841
1198788921
1199058081
1200643185
1202549921
1202804681
1204009521
1204205745
1205208081
1206497721
1206761241
1208293601
1208875585
1209167121
1211049841
1211479009
1211850081
1211997697
1212583681
1212983617
1213984993
1216713681
1217935313
1218557761
1219607201
1220137345
1220352585
1221178001
1221399361
1225220001
1225569185
1227529577
1228331105
1228708321
1230398121
1233331001
1235705601
1236806977
1238092021
1238671681
1239064281
1239806261
1240270361
1244443265
1244877921
1247720865
1248382081
1248703961
1248706785
1252399545
1254109681
1254763201
1255648801
1255864401
1255916981
1256020521
1256047781
1256459777
1257401601
1258234321
1258321233
1258946341
1259197401
1259688441
1259889145
1260570801
1261619801
1262499393
1263491593
1263571273
1267236321
1271736961
1272435181
1274458081
1274813681
1274814841
1275577953
1275972741
1277079833
1278299569
1279157521
1279343681
1280976857
1281305641
1283026481
1284474841
1284935121
1284989761
1285137305
1286009985
1286124001
1286592385
1287081357
1287960961
1289156353
1289850293
1290353601
1291287361
1291561401
1292684801
1292992001
1293167681
1294548321
1294650561
1294883745
1294983313
1295741721
1296357601
1296841001
1296998521
1297111861
1297254201
1298003201
1298958865
1301584961
1302112673
1302138817
1302507361
1303608705
1309740329
1312371081
1313244801
1313798641
1313919153
1314452833
1318694401
1319290441
1320196081
1321401313
1321793921
1322153449
1322732601
1322761041
1322860289
1325081237
1325857541
1326826705
1326923105
1327521921
1328667817
1329769441
1330740545
1332966241
1335021821
1335778665
1336220865
1338592921
1339956913
1341009265
1341331641
1342264501
1342488301
1342523281
1343439801
1343815729
1343939809
1344275073
1344353985
1345053073
1345800001
1347510289
1347716481
1348323505
1351767313
1352478401
1353054209
1355321089
1356308409
1356701841
1357910081
1357964641
1358095201
1359130241
1366693921
1367540945
1368463201
1368765321
1369274985
1371353089
1371397561
1372848361
1373893473
1375600161
1376331881
1376379265
1377532349
1377988789
1379609001
1380084641
1380406041
1382212441
1384450145
1384887529
1385503441
1386522921
1387589281
1388572801
1389923833
1390363793
1392228321
1392590785
1394169561
1394397081
1394660961
1396460241
1396462081
1396585321
1397632545
1397989201
1399779745
1400443265
1400819601
1401994881
1402877945
1403496601
1404038481
1404923793
1408261921
1409538257
1409578401
1410072801
1412730481
1415779729
1416201073
1417069473
1418866801
1419024289
1419320001
1419500545
1420761561
1421625569
1422122681
1422496545
1423485185
1424400661
1424768801
1425221381
1426137361
1426748961
1429840321
1430253497
1431850121
1432147345
1433928581
1434063761
1434237441
1435438201
1436611905
1436887881
1439333721
1439443265
1440954945
1441655761
1445189361
1446328665
1446469505
1448499361
1450180673
1450417801
1452678305
1452762641
1453088941
1455096321
1455297585
1456059241
1457313305
1458890049
1459435601
1459821661
1462028305
1462401161
1463109649
1463289689
1463961241
1464168321
1464352033
1465883041
1466492521
1467848341
1468493185
1468750361
1470327233
1471181361
1472112705
1473859905
1474643201
1475230121
1476478305
1476731201
1478248321
1478369161
1480342241
1480663441
1482206089
1482207441
1483673361
1483688669
1483695681
1483882945
1485625201
1485824049
1486072897
1486110385
1488073665
1491589177
1492559201
1493406993
1493609481
1493690265
1494058369
1495752201
1497293549
