30534805
5342216661145
929845918823185
36116918534792305
16648653385
6748244949134115505
1237707914764321
1387198666945
144331068898382107105
21083752607078161
75749848475665
3958035081
111501251335285833385
20376561218755105
1135341818898001
705095678001
15539169646
4646703061
55744585926989843029861
464245271254115352001
889464476798458561
74398297074465
2539184851126
216337302181
869591905
936906531749835474321681265
4210945972523092168052401
44811758718835142031361
78425138002874423761
15688885568657665
65749886703865
247803985
27265161
536374065688513140999457261
3705123571377612412629601
3550946679027258692545
749882491255354183441
718436793324456921
6294078508433716
152064312120721
1955141970145
20453498065
4005915445
16436339323398125468929351846801
706964843373727877829777601
2803489300662116176631521
97739352210460144751281
147472343950683873121
3678127608750041161
38220833313789841
438055299503185
869967459361
90772016545
615830865
78839761
8050710370567704449584129942501
224050001448666774073730401
16934918613518398379601
4309775649977154721
10963650080564545
44390862460945
252103558785
240672954573512354840692664493781921
11455092824790870882489210354721
1190768235553413229068442801
1628242149559500643128961
25008389790996786401305
600532533491463493921
703827003024145
2024834021228305
8367701254705
64157483993384988264818331738782694001
276428851755617074475022611906162521
10346336939801147690926746452305
271085836636481833174454961
5212391303839360484730601
34267887014121915320881
448139318112535116145
378958695265110961
755978446976545
8062111507681
1011093265
1107745381542363130441716533858881
17722346698856852087335799385601
5865875968987996424830081
46213544832482842596145
70997388848455490785
8715422928598564465
2865349138015
73809808345
149308705
