70357
74945
104437
110701
122305
175099
182629
197665
267331
294977
324961
325789
326393
419497
443105
466049
535537
598405
622703
649345
653221
800137
824297
860611
877001
918893
921505
971041
976249
1113661
1181801
1293667
1375169
1421263
1436293
1586131
1610521
1616293
2028889
2056249
2095129
2298523
2337277
2364233
2499677
2517497
2616337
2652001
2734537
2793649
2824009
2878471
2878951
2947081
3083977
3175637
3179671
3197521
3677185
3696751
3780769
3864169
3922777
3966019
4029985
4116199
4286129
4378153
4434301
4461137
4619401
4619921
4713919
4755997
4766587
5050351
5167969
5348785
5448251
5705641
5925487
6031081
6040651
6107789
6227519
6398197
6464701
6595613
6757273
7032301
7111571
7169377
7243841
7387351
7425745
7522561
7756183
8228537
8344397
8885969
9089291
9155059
9468361
9545809
9816577
9999103
10303021
10477909
10661869
10706249
10725341
11037961
11272409
11713591
11726401
11731633
11863585
12103015
12460897
12619729
12800803
12896377
13035841
13223561
13331917
13501951
13508735
13652065
13683203
14001043
14001877
14052901
14112883
14275067
14290729
14419729
14457961
14630201
14646517
14744191
14755513
14852017
15039505
15141641
15166585
15312481
15385969
15504457
15645097
15751681
16036561
16110577
16192351
16431265
16661593
16715851
16929757
16951747
17231041
17637985
17661403
17730871
18059315
18212881
18423791
18453821
18614401
18737057
18747937
18893089
18958831
19038097
19052947
19173505
19531513
19625321
19667569
19822621
19854829
19960585
19975429
20088181
20164465
20576513
20656441
20697673
20730497
20828839
20851561
20958751
21073501
21123415
21388291
21541141
21630901
21750961
22039849
22264357
22347001
22739941
22783033
22845277
22912261
23119021
23288167
23340661
23357911
23390831
23529361
23540801
23547841
23604865
23700313
24221737
24265369
24290351
24487333
24519709
24557009
24557833
24596641
24599653
24731521
24981865
25065937
25105249
25235281
25270561
25470481
25581997
25843801
25875361
25895233
26069581
26231521
26245765
26299585
26525689
26549281
26678941
26740241
27127423
27168841
27441577
27934177
28043137
28087093
28095985
28141345
28222039
28541651
28626385
28628561
28918513
29038693
29043757
29048977
29151247
29280061
29324065
29461153
29605069
29816345
29836969
29999971
30198785
30201241
30225961
30629021
30900451
31078529
31082521
31184461
31272751
31363681
31380385
31604401
31612945
31704857
31838929
31893481
31900753
31938985
31946689
32310641
32419817
32510921
32729521
32869585
32997889
33113473
33136153
33177953
33324841
33328153
33401953
33868913
33884761
34003333
34144201
34167961
34170661
34209281
34268257
34313449
34415041
34956307
35035361
35125741
35194483
35203961
35238721
35265277
35413429
35591077
35892121
35922961
35957041
35978281
36159361
36252361
36418201
36425341
36521941
36912421
37061221
37083781
37155097
37189505
37309441
