13925
21463
31507
35659
40015
40603
40805
40837
40979
41821
43501
44311
44329
45583
45797
46515
46871
47525
47573
48851
49063
49285
49399
49507
49967
50451
50611
50623
51077
51171
52319
52445
52477
52621
52931
53677
53741
54031
54475
54523
54613
54757
54991
55315
55427
56407
56645
57007
57023
57691
57769
57811
58565
58645
61083
61131
62063
62251
62551
64517
64687
64703
64909
65803
66307
66461
66565
66823
67871
67981
68237
68383
68645
69787
69967
70015
70331
70371
70601
70757
71101
71151
72887
72913
73151
73171
73333
73405
75091
75775
75923
75943
76357
76793
77285
77779
77947
78359
78445
78599
78751
79243
79291
79363
79441
79525
79807
80227
80411
81229
81251
81511
83021
84101
84473
84881
85375
85541
87287
87781
88687
88805
89479
91061
91205
91429
91507
92677
93071
94165
94891
95251
95677
96101
96251
96751
97791
98131
99271
99631
99947
100091
100171
100381
100807
101125
101201
101431
101443
102541
103247
103303
103363
103685
104981
105283
106075
106093
106603
107461
108589
108901
109135
109231
111223
111281
111511
111557
112085
112791
114151
114583
115867
116021
116623
116957
116965
117243
117491
118469
119367
119371
119717
119719
121051
122005
122747
122783
122899
123005
123175
124681
124963
125035
125317
125483
126251
126649
126831
126997
127177
127525
127639
128137
128165
128451
128611
129721
129991
130421
131045
131167
132031
132091
132715
133297
133591
133789
133957
134083
134323
134719
136591
136669
136901
137461
137599
139531
139763
140233
140251
140671
140751
142507
142739
142885
143983
145591
145925
146419
147733
149383
149869
150925
151711
151867
152101
152491
152731
154009
154909
155611
156073
156367
156547
157015
158971
159217
159301
159391
159461
159727
159823
159919
159953
159997
160759
160835
160931
161041
161203
161605
161893
162799
162811
163423
163967
165061
165085
165685
166087
166123
166167
167599
168101
168507
168511
168967
169191
170041
170983
171151
171397
171471
173125
173231
173881
174307
174641
174725
175015
175051
175193
177991
178085
178087
178291
178375
178477
178507
178579
179071
179131
179297
179959
180121
180139
180643
180661
180841
181051
181231
181285
181477
182311
182843
182845
183551
183775
184151
184471
184717
185033
185165
185251
185501
185911
186383
186661
186787
186973
187837
188357
188395
188921
189751
189871
190303
190435
190695
191483
192283
193691
194347
194473
194711
195331
195999
196031
196285
196309
197173
197509
198325
198703
198917
199069
199363
199369
200209
200633
200941
202051
202093
202195
202819
202951
203029
204181
205021
205459
205711
206117
206491
206513
207205
207829
207911
208339
208717
208921
209617
209765
210343
210409
210439
210649
212797
212899
212983
213445
213907
214171
214897
215431
215701
216271
216391
216535
216691
217279
217759
217831
217891
218219
218271
218615
219271
220093
220195
220487
221167
221771
222283
222421
223081
224203
225055
225913
225967
226351
226525
226781
226951
227723
227833
227891
228007
228067
228319
228485
229327
230051
230215
230623
230671
231147
231733
232325
232327
232447
232489
232807
233885
234715
235153
236197
236557
236683
238051
238753
240301
240391
240955
242125
242891
243451
244037
244111
244459
244817
245287
245363
246061
246541
247507
247537
247963
248503
249451
250135
251503
252005
252229
252613
252991
253373
254443
254629
254851
256037
256621
257027
257203
257887
258091
258341
258931
259591
259981
260101
260131
260149
260151
260271
260299
260503
260611
261079
261859
262891
263683
263773
264037
264115
264197
264629
265111
265421
266011
266773
267041
267767
268325
268395
268445
268903
269821
271291
271457
271963
272485
272827
273007
273619
275287
275847
276677
276751
276757
277611
277733
279005
280051
280471
280901
281165
281437
281779
283087
283529
285157
285401
285691
285853
286471
286525
287267
287371
287377
287431
288037
288379
288523
289445
289787
290731
290911
291601
292189
292435
293009
293765
294307
295501
296131
296917
297431
298111
298117
298291
298663
298811
299917
300469
300781
301009
301675
301951
302501
303277
304123
304261
304675
305149
305299
305851
306251
306311
306833
306917
307133
307513
308251
308671
308863
308883
308995
310807
311077
311239
311365
311413
311593
311923
312049
312067
312769
312805
312991
313045
313501
313541
314119
314287
314731
314749
315845
316151
316171
317941
318061
318091
318131
318371
318451
318565
318655
319423
319951
320357
321481
321499
321539
321581
321883
322141
322723
322841
323245
323587
324331
324347
324919
325087
325531
325851
325879
326287
326453
328351
328399
328567
328903
329477
329701
329971
331351
331981
332821
333229
334085
334663
335497
336013
336037
336781
337181
338143
338551
338591
338725
339337
339893
339961
340243
340663
340717
342031
342259
342367
342811
342919
342961
343397
344311
344851
345931
345991
346555
347593
348101
348691
348859
349259
349371
349487
350287
350473
350551
351317
351571
351791
351821
352141
353131
353431
354535
354853
355237
357007
357253
357589
357605
357751
357991
358609
358651
360031
360361
361453
362319
362405
362587
362731
363007
363223
363973
364211
365077
365575
365827
366061
366143
367237
367327
367843
367851
367921
368683
370271
370621
370999
371989
372101
372163
373071
374251
375039
375439
375701
376997
377533
377611
378103
378511
378851
378871
379247
380045
380473
380521
381307
381925
382009
382441
382543
383293
383461
384649
385051
385813
386885
386911
386983
387769
387889
388021
388061
388561
389281
389383
389851
390139
390511
390547
391531
391877
391981
392783
393511
393529
393751
394309
394399
395279
396901
396951
397531
397855
397861
397891
398651
399089
399337
400431
400843
401213
401323
402463
404053
404989
407045
407053
407611
407683
408547
408667
409067
409319
409403
409649
410699
410831
411269
411457
411523
411787
411853
412957
414091
414191
416033
416275
416509
416671
417073
417121
417397
417587
419413
419595
420283
421213
421549
422011
422473
422501
422647
422951
422965
423151
423161
424301
424621
424789
425611
427063
427285
427651
428371
430771
431033
432307
432379
432965
433411
433423
433603
435031
437095
437515
438245
438689
438907
439351
439579
440291
440851
441271
442261
442417
442597
442711
442771
442891
443279
443557
443845
444223
446059
446527
446581
446611
447343
447903
448231
448411
448901
449407
449551
450463
450631
450781
451111
452509
452621
453403
454285
456469
457549
457741
459685
459973
460241
461077
461551
461701
463021
463123
463751
464179
464443
465125
465311
465367
465391
465991
466093
466237
466471
466577
466981
467195
467251
467389
469339
469991
470371
471271
471565
472627
472843
474713
475253
475337
475411
475999
476503
476791
477373
477691
478291
478301
478759
478873
478921
479107
479557
479597
479741
479869
480229
480331
480439
480943
481637
481757
481993
482221
484661
485173
485331
485431
485491
485983
486097
486283
486301
486487
486983
487085
487205
487541
487903
488547
489661
489727
490171
490757
490831
491071
491101
491131
491563
492805
492811
492827
492983
493507
496553
496861
497575
497731
497821
498091
498437
498601
498809
499651
499837
500267
500291
500419
500707
500869
501611
502129
502603
503035
503991
504101
504331
504341
504811
506059
507035
507601
508153
508591
509083
509491
510511
511127
512911
513553
513647
513809
514759
514807
515525
516547
516571
516835
517807
518281
518369
518971
519751
519859
520489
520843
521285
521561
521701
521713
521863
521911
522007
522173
523609
523693
523831
525071
525271
525337
525403
525799
526339
526351
527077
527351
527677
527759
528271
528553
528749
529205
529477
529733
530479
530671
531149
531899
532271
532819
532837
532855
532901
533527
533891
534421
534731
534899
535171
535261
535543
535807
537283
537571
538231
538757
538837
539431
539491
539801
540967
541471
541591
542233
543151
543173
543205
543493
543571
543751
543907
544523
544645
544871
545383
545903
546769
547051
548563
548735
548857
549823
550565
550591
550897
551081
551563
551797
552679
553267
553307
554149
554219
554359
555571
555607
556141
556517
556649
557239
557263
558119
558163
558493
558699
559423
559477
560801
560921
561263
561577
561683
561751
562453
562829
563701
563791
564319
564535
564901
566141
566175
566711
567127
567379
567481
567491
567739
567763
567821
568517
569293
569339
569563
569911
569941
572981
574211
574399
574565
574791
575227
575323
575569
575933
576199
576277
577237
577321
577963
578761
578887
578969
579367
579475
579805
580645
580861
581851
582351
583451
584161
584263
584669
585527
585991
586757
588781
589611
591031
591151
591373
591685
592789
592901
593363
593671
594373
594559
595753
597805
598249
598699
599011
599077
599285
599483
599659
599851
600503
601789
602353
602447
602911
602923
603049
603109
603247
603721
604451
604507
604669
605263
605285
605359
606211
606391
606541
606787
607241
608341
608551
609029
611525
611623
611971
612253
612831
613771
613811
614057
615421
615619
616309
617047
617773
617797
618001
618517
618583
619039
619723
621215
621251
621449
621559
621853
622261
622427
622459
622611
622831
623311
623725
624101
624781
624991
625021
625967
626077
626123
626291
627043
627203
627421
627907
627931
627991
628165
628279
628741
629149
629245
629581
629749
629801
630437
630463
630697
630793
631191
631231
631321
631511
632359
632549
632711
633181
633211
633233
634297
634411
635391
636007
636067
636151
636805
637183
637433
637589
637969
638749
639241
640085
641323
643205
643933
644167
644249
645805
645871
646201
646351
646661
647281
647515
648495
648733
649591
649637
650021
650035
650053
650443
650683
650729
651421
651631
652693
653239
653371
653459
654043
654109
654461
655537
656081
656101
656911
657397
657427
657847
657977
658483
659731
661627
661783
661907
662597
662621
663373
663851
664553
664813
664885
666703
666949
667493
667927
668071
668317
669125
669251
669967
670213
671023
671491
671683
672061
672739
672997
673501
674143
674381
674863
675127
675217
675571
675685
675805
675991
676073
676393
676507
677139
677615
677731
677899
678991
679651
681171
681791
681803
682111
682651
682849
683155
683239
684511
684529
684839
685693
686953
687037
687349
687563
688731
688901
689053
689125
689731
690121
690733
690995
692231
692695
692891
693883
694565
694711
694723
694787
695461
695557
696389
696391
697645
697699
698179
698431
698837
699391
699403
700503
700771
701053
701407
702245
702325
702461
702521
703061
703909
704179
704827
704845
705811
706591
706915
707521
707701
707893
707971
708965
709717
709807
710551
710659
711511
711835
712811
713521
713899
714589
714661
714697
715177
715717
716125
717067
717469
717535
717763
717879
718459
718651
718885
719047
719461
719587
720411
721651
722251
722303
722501
724271
724541
724921
725413
726311
727111
727357
727519
727579
728071
729317
729667
729989
730171
730251
730357
730927
731089
731875
732637
732881
733027
733069
733279
734149
734761
734811
735127
735343
736165
736297
736301
736891
737011
737023
737777
739451
740091
740213
740489
740507
742183
742451
742795
743045
743417
743437
743503
743843
744091
744211
744227
744619
744871
745445
745551
745571
745867
745901
746179
746701
747337
748621
748679
748813
749269
749411
749957
750799
750823
751955
752551
752575
752983
754309
755011
755609
756031
756435
756901
757627
757771
758173
758611
759403
759511
760061
760207
760381
760651
761111
761405
761783
761791
762781
763399
763681
763709
764201
764473
765391
765811
766051
766423
767341
768439
769187
769215
769889
770071
770531
770885
771101
771733
771931
772039
772111
773051
773971
775165
775651
776053
777043
777271
777811
778087
778367
778807
778811
778891
779299
780013
780275
781027
781901
782315
783091
783523
784111
784633
784937
784997
785131
785251
785863
785935
787183
787571
788047
788371
789325
790309
791113
791941
791947
792319
792775
793021
793051
793639
794131
794251
794621
794683
795061
795455
795541
796027
796573
796897
797431
797971
798109
798127
799237
799261
800251
800671
800983
801049
801691
802489
802567
802627
802699
804907
805411
806405
806491
806851
807229
807271
808273
809191
809965
810317
810373
810701
811423
812753
812993
813359
813481
813605
814091
814411
814507
815531
815551
815893
816301
816659
817459
817571
817939
818083
818119
818263
818533
819175
819589
819931
821107
821197
821269
821339
821341
821533
821743
822031
823391
824587
824689
825091
825231
825323
825371
825787
826111
826141
826601
827191
827353
827597
827839
827971
829333
830391
830539
830651
831359
831451
832165
832885
833143
833579
833959
833989
834031
834043
834121
834471
834551
834901
835397
836155
836311
836371
836947
837299
837421
837487
839119
840071
841807
842119
842749
842773
843973
844313
845461
845551
845911
845947
846091
847891
848863
849163
849547
850085
850171
850771
851005
851441
851631
852283
852691
853771
853831
854393
854591
854911
855163
855637
855811
856223
857071
857477
857501
857639
857917
858151
858403
859429
859699
860141
861951
862335
863071
863173
863227
863971
865831
866419
868501
868621
868699
868933
869171
869383
870167
871237
871411
871423
872051
872357
872569
872971
873001
873379
874231
874765
874951
875083
875801
876091
876907
876989
877669
877847
878971
879451
879475
879845
880783
881161
881497
881821
881869
882311
882511
882523
882607
882757
883891
884249
884275
885051
885523
886231
886423
886733
887251
887365
887461
888307
888709
888999
889227
889651
889837
889981
890621
890971
892721
892853
893191
893273
893593
893735
893773
893971
895481
895885
896131
896551
898801
899731
900131
900469
900667
902131
902651
902899
903467
903551
903739
904009
904751
905017
905101
905981
907609
907731
907963
908245
908497
908515
909163
909781
909811
910117
910237
910477
910673
910811
911071
911431
912319
913093
913507
913597
914681
916579
916807
916895
917765
919783
919843
920861
922421
922541
923845
924991
925445
926407
927109
928909
929569
929701
930329
930391
930771
931635
931799
932191
932699
934123
934369
935191
935551
935611
935873
937093
937931
938275
938471
938821
938941
939163
939311
939331
940191
940729
940901
941053
942679
944371
944681
945643
946243
946451
946837
948373
948539
948677
948795
949217
949433
949751
950051
950129
951661
952309
952471
953485
953605
954179
954311
954589
954601
954781
955027
955507
955861
956089
956129
956413
956485
956845
957301
957307
957463
957727
958483
959011
959107
960571
960811
961075
962725
962851
964063
964147
964241
964325
964405
964685
965593
966205
967243
968045
968787
969733
970571
970621
970645
970681
970759
971983
973183
974071
974077
974471
974623
975773
975871
976603
977783
978317
978319
979723
980101
980389
980629
980663
981751
982477
982747
983111
984041
984319
984553
984803
985075
985663
985717
985831
987051
987325
988037
991237
991411
991525
992047
992291
992503
992543
993061
993331
994843
995089
995383
996005
996247
996775
997003
997603
998191
998431
999271
999283
999301
999811
999823
1000027
1000351
1000567
1000711
1001137
1001287
1004005
1005139
1005247
1005341
1005901
1006213
1006921
1007981
1008125
1008391
1008977
1009933
1010221
1010281
1010479
1011031
1011127
1011403
1011851
1012037
1012311
1012493
1012729
1012741
1012891
1013191
1013701
1013707
1015327
1015711
1015757
1016191
1016987
1017109
1017151
1018363
1018627
1019761
1021021
1021111
1021871
1022211
1022239
1022365
1022687
1022695
1022951
1023149
1023667
1025285
1025567
1025701
1025851
1026173
1026397
1026691
1026751
1026807
1026901
1027159
1027183
1028197
1028257
1028743
1029211
1029379
1029511
1029925
1030471
1030699
1031171
1031871
1032565
1033259
1034191
1034213
1034741
1035307
1036325
1036477
1036687
1036795
1037763
1037765
1038661
1039177
1039195
1039291
1040347
1041067
1041931
1043475
1043893
1043953
1044325
1044485
1044487
1045213
1045351
1046509
1046691
1046771
1046989
1047685
1047733
1048939
1048999
1051273
1051491
1051611
1051651
1052227
1052407
1052677
1053703
1053901
1054325
1054747
1055451
1056619
1056805
1056953
1059091
1059589
1060117
1060879
1060901
1060907
1061497
1062271
1062569
1063217
1064563
1064791
1064869
1065403
1067671
1067839
1068433
1069157
1069615
1069669
1070219
1070269
1070701
1071085
1072267
1072963
1073489
1073591
1073845
1074475
1074541
1074679
1074739
1074781
1076407
1076989
1077187
1077445
1078057
1078067
1078483
1081151
1081459
1081963
1082831
1082857
1082923
1083421
1084591
1085297
1085437
1085477
1085743
1085765
1087295
1087333
1088187
1088263
1088515
1088911
1088939
1089005
1090111
1091107
1091311
1091593
1092199
1092653
1092807
1092847
1092931
1092943
1093191
1093471
1094117
1094893
1095163
1095761
1095949
1097027
1098043
1098091
1098343
1098943
1099011
1100501
1100551
1100791
1101151
1101451
1101679
1101703
1101943
1102471
1102501
1102933
1103161
1103411
1103515
1103551
1103851
1104181
1105003
1105381
1105543
1106371
1106485
1106731
1107061
1107241
1108493
1108591
1108927
1109395
1109599
1110151
1110871
1110991
1111363
1112233
1113659
1113841
1113931
1114291
1114531
1114543
1114627
1116023
1116459
1116991
1117393
1118221
1118287
1118461
1118521
1119365
1119763
1121287
1121563
1121573
1121609
1121653
1121759
1121927
1122175
1122301
1122707
1122787
1122833
1122901
1123471
1124111
1124281
1125881
1126423
1126783
1127341
1127845
1128127
1128709
1128907
1129243
1129411
1130311
1130401
1130599
1130731
1132351
1132421
1132451
1132495
1133887
1134331
1134493
1135033
1135525
1135741
1136899
1138471
1139095
1139689
1140077
1142501
1142719
1143251
1143253
1144501
1144547
1145347
1145845
1145915
1145989
1148149
1148851
1148893
1148923
1149823
1149997
1150591
1151191
1151501
1151931
1152061
1152111
1152403
1153477
1155299
1155763
1156551
1157141
1157231
1159039
1159399
1159579
1160029
1160965
1160993
1161595
1162019
1162085
1163051
1163515
1163527
1163677
1164337
1164637
1164931
1165009
1165477
1166719
1167101
1167931
1168753
1169071
1170725
1170847
1170851
1171807
1172263
1173409
1173607
1174109
1174861
1174999
1175137
1177231
1177891
1178311
1178563
1178729
1179271
1179397
1179631
1179781
1180021
1180483
1180763
1181557
1182071
1182259
1183183
1183309
1185001
1185003
1185331
1186219
1186613
1187099
1187235
1187251
1188221
1190239
1190461
1190681
1191721
1191901
1191931
1192231
1192325
1193191
1193725
1194469
1194661
1195813
1195921
1196599
1197931
1197991
1198571
1198759
1198837
1199243
1199701
1200151
1200211
1200343
1200571
1201069
1201789
1202351
1202797
1202981
1203307
1203313
1203481
1203511
1204387
1204837
1205227
1205605
1206451
1207181
1207453
1207651
1207831
1207861
1208527
1208953
1209031
1209325
1209331
1210511
1210849
1210891
1211197
1211351
1211401
1211533
1212073
1212217
1212511
1212651
1212667
1212821
1213251
1213303
1213351
1213381
1213991
1214405
1214821
1215091
1215823
1216141
1216447
1216827
1217011
1217221
1217581
1218205
1218509
1219375
1219441
1220209
1220341
1220539
1220671
1221037
1221133
1221371
1221931
1222297
1222519
1223479
1223647
1224343
1224565
1225027
1225191
1225639
1226343
1227451
1229341
1229851
1229947
1230503
1230991
1231651
1232101
1232267
1233211
1233685
1234621
1235111
1235441
1235467
1235527
1235557
1236731
1237081
1237141
1238171
1238227
1238981
1239325
1239811
1239883
1240489
1240997
1244783
1246231
1246291
1249453
1249683
1249925
1249949
1250827
1251001
1251559
1251781
1252501
1252511
1253043
1253173
1253821
1254349
1254943
1255111
1257055
1257413
1257649
1257763
1257797
1257845
1258411
1258885
1259941
1260007
1260043
1261765
1261879
1262431
1262501
1262549
1264201
1264957
1265023
1265371
1266121
1266253
1267877
1269659
1269997
1270153
1270495
1270711
1270891
1271101
1271467
1272041
1272251
1272643
1273531
1274831
1275581
1275595
1276455
1276901
1277167
1278355
1279611
1280351
1280357
1280557
1282331
1282447
1282537
1283201
1284697
1284751
1285131
1285153
1285285
1285453
1285795
1285961
1286443
1287867
1287889
1287901
1289359
1289431
1289485
1289527
1289563
1289861
1290253
1290973
1291541
1292923
1293049
1293907
1294111
1294151
1294327
1295045
1296221
1296471
1297891
1298461
1300399
1301971
1302071
1303651
1303721
1304165
1305271
1305481
1306397
1307401
1308283
1309061
1309399
1310009
1310341
1310413
1310531
1311049
1311221
1311281
1311521
1312171
1312243
1312781
1313593
1313851
1313941
1314107
1314811
1315957
1316687
1316863
1318573
1318717
1318747
1319501
1320067
1320581
1320677
1322401
1322933
1323191
1324247
1325213
1325647
1326601
1327771
1327795
1328071
1328299
1328347
1329259
1329811
1331191
1331717
1332111
1332301
1332871
1333081
1333627
1334059
1334269
1334551
1334857
1334871
1335511
1335871
1337011
1337461
1337509
1337645
1339507
1339801
1339807
1339867
1340219
1340965
1341299
1341301
1341391
1341565
1341667
1341971
1342451
1342477
1342879
1343483
1343707
1343959
1344701
1344733
1345021
1345681
1345709
1347193
1348021
1348771
1348867
1349083
1349731
1350245
1350515
1351811
1351891
1354433
1354731
1355017
1355197
1355341
1355347
1355381
1357511
1357525
1357693
1358321
1358767
1358873
1359051
1359557
1360633
1361329
1361851
1363357
1363471
1363591
1364807
1365409
1365421
1365451
1365931
1367029
1367437
1367731
1368655
1368901
1369327
1369951
1370071
1370125
1370887
1370923
1372371
1372429
1372453
1373941
1375181
1375541
1375897
1378279
1378649
1381611
1382095
1382235
1382351
1382371
1382683
1383439
1383461
1383587
1383903
1384279
1384651
1384831
1384911
1385161
1385731
1386445
1386931
1387685
1387699
1387933
1388221
1388371
1388413
1388507
1388575
1388591
1388863
1388911
1389103
1389205
1390663
1391473
1392403
1393621
1394411
1395691
1396063
1396699
1396891
1396897
1397125
1397431
1397887
1398041
1398181
1399951
1401583
1402217
1402471
1402717
1402813
1402861
1403033
1403143
1405411
1405711
1406021
1406063
1406597
1406863
1408093
1408447
1408837
1409893
1410151
1410751
1410901
1411537
1412551
1412749
1412839
1412951
1413163
1413391
1413919
1414303
1414421
1414799
1415641
1415723
1415731
1415811
1415845
1416101
1416169
1416619
1417291
1417351
1417411
1418467
1419151
1419203
1419451
1419559
1420297
1421971
1422149
1422951
1425151
1425359
1425637
1426651
1426783
1426831
1427651
1428421
1429429
1429489
1429639
1429663
1429891
1430011
1430951
1431233
1431781
1431853
1431991
1432639
1434007
1434035
1434071
1434091
1434409
1434445
1434511
1434631
1434687
1435205
1436569
1438685
1439671
1439939
1440281
1440319
1440337
1441021
1441177
1441231
1441507
1441531
1441639
1443111
1443135
1443241
1443691
1444805
1446421
1447013
1448491
1448653
1449365
1449709
1451917
1452067
1452451
1452641
1453231
1453271
1453951
1454437
1454501
1454581
1454617
1454641
1455221
1455247
1455643
1456361
1457303
1457641
1457831
1458571
1459171
1461907
1462121
1462411
1462451
1462847
1462903
1463671
1466501
1467247
1467661
1467931
1468249
1468771
1469071
1470179
1470341
1470445
1470883
1470943
1471207
1472311
1472365
1472761
1473169
1473211
1473233
1473797
1474537
1475011
1476421
1477141
1477171
1477211
1478131
1478341
1478363
1478581
1478731
1478899
1480171
1480805
1480823
1481923
1482571
1482931
1483483
1483525
1483651
1484101
1484299
1484743
1484931
1485709
1485859
1485863
1486171
1486211
1486759
1487503
1487645
1487731
1487911
1488397
1488601
1489349
1490749
1490861
1491071
1491373
1491451
1492939
1493029
1493285
1493365
1493521
1493611
1494109
1494703
1495171
1496151
1496503
1496617
1497451
1497523
1498251
1498831
1499023
1499191
1499951
1500843
1501975
1502411
1502999
1503077
1503101
1503391
1504303
1504315
1504829
1506151
1506217
1506793
1507909
1507991
1509047
1509271
1509637
1509931
1510009
1510097
1510711
1510795
1511581
1511671
1511839
1512337
1512391
1512901
1514017
1515301
1515811
1515853
1516429
1516765
1517251
1517851
1518541
1519141
1520269
1521523
1521721
1522537
1522621
1522757
1522999
1524251
1524307
1525231
1525511
1526617
1527111
1527293
1528231
1528363
1529899
1531801
1531841
1532051
1532645
1533001
1533473
1533491
1533883
1534951
1536271
1536463
1536523
1536767
1537215
1537931
1537957
1538741
1540351
1540507
1540579
1540771
1541071
1541233
1541293
1541323
1541605
1541833
1542133
1542311
1542439
1542565
1543789
1543807
1544819
1545337
1545881
1545889
1546915
1547461
1548127
1548499
1548883
1549415
1549639
1549819
1550071
1550543
1550711
1550731
1551073
1551271
1551401
1552261
1552717
1553131
1553245
1553911
1554211
1555285
1555399
1555451
1556143
1556479
1556535
1557203
1558663
1559383
1560551
1561011
1561591
1561661
1562203
1562333
1563007
1563247
1563367
1563751
1563763
1564039
1564711
1565227
1565303
1565335
1566007
1566523
1566541
1566599
1566615
1566713
1567543
1567645
1567651
1569061
1569271
1569709
1570483
1571041
1571197
1571263
1571851
1572787
1573211
1573489
1573741
1574299
1575073
1575097
1575601
1575701
1575997
1576279
1576301
1576411
1576531
1576873
1576901
1577467
1577851
1577951
1578253
1578557
1579691
1579789
1579849
1580311
1581307
1581551
1581793
1582565
1582631
1582891
1583381
1583443
1584521
1588361
1588441
1588447
1588471
1588831
1588969
1589479
1589965
1590601
1591459
1591987
1592119
1592179
1592645
1592871
1593085
1593251
1593907
1594051
1594831
1594885
1595821
1595893
1597685
1598491
1598719
1598749
1600327
1600411
1600751
1601311
1601491
1602757
1603069
1604023
1605301
1605367
1605565
1605973
1606067
1606411
1606591
1607383
1607453
1608043
1608559
1608907
1609831
1609849
1611037
1611631
1612117
1612901
1613221
1613501
1613791
1614823
1615729
1616089
1616671
1617419
1617631
1618231
1618285
1618711
1619083
1619999
1620361
1620581
1620771
1620919
1621711
1622653
1623583
1623697
1625101
1625443
1625653
1625779
1625983
1626605
1627139
1627171
1627319
1627741
1628539
1629703
1630231
1630531
1632007
1632709
1633285
1633523
1634563
1634731
1635427
1636051
1636207
1637417
1637725
1637911
1638631
1639039
1640119
1640443
1640527
1640551
1641171
1641317
1641331
1641791
1642411
1642499
1643083
1643525
1644011
1644809
1644995
1645471
1645987
1646765
1646767
1647491
1647991
1649569
1650727
1650799
1651031
1652029
1652327
1652551
1652953
1653571
1653631
1653797
1654381
1655729
1656037
1656667
1656851
1657669
1658131
1658563
1658791
1659113
1660051
1660819
1661011
1661423
1661701
1661923
1662289
1662811
1663819
1664983
1665175
1665391
1665847
1665971
1666243
1667263
1667923
1668135
1668245
1668283
1668367
1668635
1668811
1669021
1669151
1669411
1669663
1669771
1670387
1670431
1670851
1671571
1671847
1672525
1672621
1672859
1673143
1673387
1673477
1673869
1674359
1675891
1675955
1676011
1676143
1676275
1676341
1676503
1676701
1677391
1677469
1677611
1677713
1677763
1677859
1677871
1677953
1678357
1678411
1678931
1679245
1679791
1681063
1681751
1681993
1682077
1682641
1683337
1683871
1683925
1684805
1685165
1685311
1685461
1685491
1686023
1686103
1686241
1686281
1686323
1686595
1686917
1687883
1688051
1688221
1688431
1688461
1688815
1689001
1689871
1690459
1691191
1691677
1693847
1693903
1694119
1694431
1694623
1694981
1695205
1695835
1696351
1696395
1696507
1697119
1697483
1698351
1698589
1699075
1700511
1700791
1700885
1700969
1702453
1702997
1703671
1703881
1704011
1704907
1705351
1705741
1706923
1707007
1707187
1707317
1707373
1707511
1707619
1708237
1708291
1709423
1709623
1710811
1711991
1712269
1713451
1713529
1713727
1715113
1715803
1716101
1716301
1716637
1716811
1717223
1717411
1717903
1718419
1718647
1719037
1719205
1719439
1720205
1720261
1720919
1721071
1721141
1721551
1722391
1723087
1724091
1724955
1725283
1726717
1726765
1727507
1727947
1728217
1728343
1729135
1729801
1730191
1730543
1730571
1732403
1732837
1733419
1733447
1733491
1734409
1734859
1736561
1736695
1737125
1737763
1739671
1740313
1740467
1740751
1742263
1742581
1742911
1743071
1743211
1743831
1744489
1744957
1745059
1745279
1745931
1747685
1747831
1749331
1749551
1749901
1750753
1750911
1751371
1751485
1751751
1752565
1752869
1754657
1755577
1755591
1756531
1756681
1756951
1757003
1757053
1757389
1757501
1757611
1757671
1758091
1758277
1758691
1759603
1760563
1761091
1761391
1762631
1762927
1763053
1763311
1764361
1765315
1766197
1766731
1766851
1767571
1767627
1768717
1768901
1769671
1770121
1770445
1770581
1771241
1771961
1772079
1772995
1773175
1773331
1773833
1774669
1775335
1775791
1776115
1776991
1777051
1778191
1778707
1778923
1779229
1779499
1779557
1780695
1780759
1780891
1781683
1781951
1782067
1784971
1785035
1785271
1785533
1785673
1785859
1786051
1786303
1786429
1786837
1787059
1787983
1788871
1788907
1789111
1789327
1789453
1790245
1791469
1791583
1791815
1791829
1792351
1792657
1792671
1793053
1793071
1793461
1793677
1795441
1796237
1796449
1798091
1799293
1799383
1799623
1800319
1800817
1800965
1801045
1801189
1801543
1802071
1802767
1803247
1804671
1805149
1805245
1806181
1806463
1807351
1807751
1808141
1808189
1810131
1810139
1810789
1811055
1811717
1812203
1812565
1812691
1812819
1813063
1813087
1813187
1814221
1815031
1816291
1817863
1818187
1818301
1819091
1819231
1819519
1819549
1820451
1820569
1820831
1821277
1821667
1821829
1822201
1822789
1823655
1823815
1823851
1824507
1824661
1824931
1825747
1825837
1826731
1827011
1827251
1827931
1828087
1829161
1829819
1830205
1830277
1830281
1830415
1830731
1831901
1831963
1832227
1832623
1832917
1833361
1834267
1835125
1836803
1836983
1836997
1837711
1838821
1838971
1840111
1842301
1842371
1843291
1843525
1844011
1844165
1844191
1844245
1844671
1844701
1845523
1845691
1845953
1846189
1847731
1848291
1848419
1848911
1849303
1849363
1850851
1850971
1851211
1851383
1851461
1852999
1853683
1853719
1853731
1853911
1854199
1854205
1854451
1855045
1855057
1856163
1856407
1856485
1856521
1857079
1859051
1859761
1860469
1860499
1861731
1862455
1863901
1864171
1864927
1865139
1865227
1866581
1866589
1867411
1868101
1869445
1869475
1869479
1870975
1871209
1871521
1872127
1874827
1875259
1875329
1875475
1875721
1876435
1876817
1876901
1877411
1877719
1877749
1877851
1878171
1878251
1878271
1879219
1879481
1879529
1879769
1880691
1880965
1881373
1881451
1881487
1882693
1882879
1883035
1885073
1885651
1885831
1885837
1886071
1886563
1886581
1886707
1887751
1889251
1889821
1889929
1891183
1891583
1894375
1894681
1895059
1895941
1896307
1896469
1897303
1897507
1898803
1898885
1899325
1899613
1899973
1900601
1901693
1902133
1903015
1903451
1904959
1905151
1905223
1905259
1905649
1905707
1905763
1906525
1907263
1907491
1908019
1908435
1909243
1909753
1909925
1910077
1910299
1910707
1911307
1911781
1911871
1912447
1913101
1913131
1913143
1915021
1915453
1915627
1915885
1916191
1916227
1916651
1918369
1919101
1919221
1919611
1919831
1919903
1920007
1920073
1920367
1920581
1920833
1920997
1921289
1921411
1921591
1921711
1921837
1922005
1922011
1922125
1922201
1922513
1924111
1924151
1924171
1924183
1924673
1925791
1927661
1928059
1928149
1928851
1929355
1930015
1930591
1930711
1931437
1931491
1931743
1931911
1931959
1932103
1932127
1933387
1934005
1934371
1934725
1934947
1936903
1937009
1937791
1938289
1938691
1938919
1939321
1940707
1940725
1941139
1943189
1943731
1944793
1945789
1946599
1947271
1947611
1948219
1949281
1949311
1949519
1950439
1950931
1951543
1951751
1953007
1953701
1954129
1954219
1954261
1954405
1954495
1954591
1954711
1954921
1955273
1955803
1956123
1956451
1957273
1958485
1959851
1960211
1960411
1960457
1961341
1961359
1961779
1962101
1962901
1963151
1964971
1965605
1966423
1966471
1966969
1967341
1967743
1967887
1968733
1968931
1969351
1969675
1969837
1971271
1971739
1971763
1971811
1973803
1974097
1974241
1974367
1974747
1974911
1976245
1977205
1977733
1978243
1978861
1979389
1980055
1980239
1980511
1981951
1982053
1982221
1982689
1982851
1983017
1983151
1983661
1983983
1984651
1985261
1985683
1985959
1986691
1987765
1988351
1988715
1989157
1989511
1989703
1989967
1993181
1993351
1993951
1995463
1996537
1996831
1997983
1998037
1998421
1998551
1998811
1999397
2000727
2001047
2001445
2002261
2002421
2003077
2003851
2004301
2004469
2004919
2005237
2006161
2006383
2006635
2007019
2007377
2007559
2007571
2008931
2008997
2010339
2010725
2010817
2010919
2011717
2011927
2012143
2012551
2013467
2013671
2014525
2015413
2015539
2016569
2017285
2017851
2018537
2019151
2019821
2019961
2021749
2021909
2021999
2022085
2022259
2023361
2023399
2024377
2024857
2024893
2025073
2025613
2025883
2026261
2027341
2027701
2029255
2029291
2029861
2030029
2030869
2031401
2031583
2031771
2032051
2032097
2033011
2033431
2033477
2033539
2033851
2034565
2034667
2035021
2035333
2036233
2036971
2037481
2038459
2038621
2039101
2039311
2039959
2040295
2041429
2041649
2041667
2041843
2041903
2042755
2043015
2043731
2045639
2046125
2046331
2047291
2048737
2048881
2049517
2051447
2051659
2051971
2052073
2053901
2054725
2054891
2054923
2055571
2055971
2055979
2056801
2057191
2058271
2058445
2058587
2059061
2059111
2059651
2059877
2059971
2060197
2060423
2060623
2060701
2060885
2061031
2062103
2062691
2063161
2063581
2064133
2065687
2065939
2066407
2067103
2067311
2067361
2067845
2068171
2068675
2069011
2071091
2071477
2071621
2071981
2072951
2073287
2073737
2073805
2073919
2074829
2075125
2075251
2075371
2075651
2075959
2076151
2076553
2078407
2079365
2080387
2080621
2081287
2081389
2081431
2081449
2082211
2082263
2082751
2084071
2084431
2085651
2086711
2086921
2087251
2087479
2087803
2088811
2089471
2089909
2090503
2090917
2091551
2091961
2092193
2092363
2092623
2093211
2093365
2094137
2094709
2095039
2095525
2095639
2097739
2098567
2098891
2099051
2099071
2099267
2099917
2099953
2100039
2100325
2100583
2100895
2101009
2101831
2101933
2102501
2103341
2103691
2104525
2105011
2105101
2105839
2106325
2106415
2107261
2107801
2108651
2109251
2109943
2110075
2110711
2110813
2111401
2111935
2112361
2112391
2112771
2113183
2113711
2113717
2114117
2114311
2114729
2115631
2115947
2116249
2116661
2117095
2118439
2118577
2119109
2119141
2119321
2119429
2119711
2119807
2120053
2121331
2121649
2121911
2122861
2123437
2124151
2124307
2124701
2124803
2124965
2125765
2125861
2126371
2126671
2126971
2126981
2126983
2127223
2128141
2129071
2129251
2129725
2129965
2130091
2130283
2131123
2131237
2132017
2132307
2132443
2132873
2133163
2135983
2136637
2137213
2137445
2137675
2141239
2141815
2141933
2141959
2142091
2143011
2143163
2144533
2148463
2148499
2148951
2149157
2149597
2150219
2150623
2151583
2151763
2152051
2152411
2152877
2153453
2153867
2154781
2155231
2155453
2156883
2157781
2157871
2158111
2158309
2158361
2158807
2158815
2159431
2160541
2160901
2161561
2162287
2162371
2162833
2163511
2163679
2164267
2164339
2164549
2165021
2165869
2166103
2166781
2166847
2168447
2168791
2169091
2169103
2170181
2170645
2171317
2172059
2172157
2172271
2172565
2172677
2173405
2173469
2173621
2173861
2175019
2175163
2175427
2175823
2175859
2175967
2176219
2177771
2178193
2178577
2179421
2179771
2181241
2181701
2182805
2184485
2185531
2185963
2186031
2186293
2186339
2186887
2187991
2188003
2189317
2189501
2189557
2189701
2189911
2190307
2191129
2191615
2192191
2194259
2194431
2194513
2194669
2194831
2194843
2196281
2196325
2196851
2197033
2197807
2198725
2199733
2199751
2201365
2202223
2202967
2203511
2203831
2204101
2205941
2206363
2206381
2206711
2206727
2206751
2206951
2207107
2207899
2208113
2208119
2208197
2208871
2209285
2209519
2209551
2210091
2210701
2210707
2211241
2211463
2211823
2211973
2212621
2212811
2213443
2213659
2213767
2213821
2213929
2214759
2215621
2215729
2215877
2216789
2218021
2218061
2218267
2218399
2219339
2219347
2220101
2220371
2220601
2220967
2221011
2221423
2221591
2222447
2223139
2223301
2224135
2224301
2224639
2224651
2224883
2225251
2226661
2226799
2226907
2227071
2227081
2227303
2228623
2228647
2228863
2229811
2230321
2230441
2232451
2232469
2232979
2233543
2233687
2234371
2234491
2234977
2235799
2236669
2236927
2237599
2237821
2239067
2239483
2239693
2239879
2240041
2240407
2240671
2241279
2241857
2242507
2242615
2242675
2242771
2244005
2245111
2246911
2247013
2247631
2248217
2248327
2249339
2249641
2250019
2250823
2251747
2251789
2253811
2253901
2254463
2254811
2255231
2255391
2255977
2256005
2256211
2257093
2257507
2258371
2258999
2259131
2259247
2259973
2260531
2261467
2263807
2263973
2264491
2264965
2265295
2265509
2266159
2267453
2267569
2268037
2268267
2268379
2269213
2269543
2270461
2270581
2270651
2271167
2271541
2271943
2271991
2272363
2272741
2272961
2273055
2273371
2273629
2274211
2276249
2276491
2276507
2276509
2276581
2276881
2278591
2278927
2279203
2279209
2279593
2279803
2279971
2280101
2280391
2280643
2281399
2281801
2281819
2282295
2282557
2282921
2283101
2283557
2283775
2284099
2285029
2285725
2286077
2286341
2287333
2287597
2287747
2287751
2288021
2288683
2288971
2289187
2289283
2290051
2290099
2291419
2291979
2292197
2293241
2293291
2293435
2293711
2293747
2294299
2294381
2295991
2296211
2296981
2297131
2298403
2298751
2299321
2300633
2301223
2301529
2302427
2302501
2302697
2304325
2304499
2304583
2304667
2304829
2304891
2305783
2305843
2306263
2306451
2306629
2308891
2309203
2309833
2310821
2311359
2311423
2311501
2313307
2313517
2314117
2314543
2314711
2314963
2315053
2315251
2315281
2316211
2316485
2316991
2317543
2317673
2318023
2318131
2318987
2319421
2319643
2319851
2319931
2320501
2321111
2321113
2321141
2322157
2322217
2323045
2323091
2323487
2323663
2324141
2324221
2324407
2326117
2326435
2326561
2326615
2328373
2328551
2328571
2328677
2328881
2328901
2333413
2333605
2334835
2335141
2335747
2335897
2336099
2336231
2336365
2336419
2336977
2337077
2338529
2338681
2338841
2339737
2340901
2341289
2342311
2342431
2342653
2342891
2343245
2343811
2344549
2345773
2345941
2346251
2346427
2347073
2347363
2347417
2347507
2347525
2347769
2350747
2351389
2351623
2351647
2351669
2351711
2352127
2352259
2352349
2353157
2355569
2355751
2356435
2356651
2358931
2359081
2359699
2360333
2360503
2361641
2362051
2362291
2362531
2362591
2363767
2364319
2364701
2364811
2365291
2365445
2365577
2365687
2365919
2366983
2367109
2369731
2370701
2370769
2373113
2373151
2374351
2374459
2375717
2375767
2375959
2376223
2376739
2376811
2377159
2377211
2377231
2377765
2378053
2378551
2379307
2380251
2380261
2380501
2381431
2381779
2381989
2382433
2382437
2383963
2384443
2384719
2384767
2384779
2385037
2387845
2388079
2388571
2388761
2388931
2389199
2390491
2390551
2390963
2391161
2391191
2392153
2392951
2393251
2394181
2394191
2394723
2395531
2395711
2395909
2396287
2396621
2397721
2397791
2399151
2399191
2399827
2400049
2400301
2401907
2401981
2402077
2402149
2402407
2402581
2403901
2404051
2404141
2404249
2405477
2406171
2406511
2406953
2408293
2409147
2409445
2410111
2410129
2410171
2410525
2410981
2411377
2411623
2411767
2411911
2412353
2412619
2412931
2413363
2413447
2413885
2414309
2414479
2415583
2415781
2416151
2416471
2416573
2417059
2417071
2417491
2418287
2419453
2420391
2420791
2422751
2423011
2423631
2424101
2424661
2425303
2425351
2425379
2425807
2427365
2427391
2427607
2428009
2428471
2428903
2429587
2430491
2430883
2431549
2431613
2433031
2433229
2434777
2434895
2435269
2435353
2436221
2436961
2437111
2437183
2439751
2439769
2439845
2442169
2443099
2443367
2443717
2443915
2444261
2444845
2445003
2445103
2446123
2446501
2446771
2446831
2448475
2448979
2449063
2449791
2450399
2450791
2450899
2451397
2451751
2452255
2452627
2453359
2454211
2454517
2455097
2455153
2455579
2458219
2458699
2458933
2459641
2460133
2461451
2461603
2461811
2463133
2463271
2463331
2464673
2465191
2465893
2466127
2466901
2469031
2469329
2470291
2470447
2473459
2473549
2473873
2474485
2475677
2475691
2475793
2475955
2476211
2476319
2476551
2477089
2477401
2477467
2477477
2477923
2478151
2478499
2478659
2478701
2478925
2479411
2479591
2479999
2480023
2480077
2480431
2480811
2481271
2481487
2482219
2482471
2482693
2483587
2483811
2483821
2484007
2486419
2488507
2488531
2488711
2488861
2489357
2489587
2489739
2490085
2490671
2490691
2490775
2491663
2493583
2494045
2494231
2494549
2494573
2495011
2495659
2496151
2496661
2496685
2496941
2498147
2498233
2498311
2498501
2498891
2499871
2500871
2500877
2501321
2501929
2502725
2502871
2502919
2503051
2503643
2504237
2504951
2505583
2505961
2506531
2507245
2507563
2507711
2508937
2509951
2510173
2510245
2510383
2510587
2510737
2511469
2511763
2512357
2515357
2515943
2516537
2516611
2516621
2516851
2516983
2517823
2518303
2518651
2518993
2519551
2520541
2520559
2521543
2522137
2522143
2523793
2524207
2524795
2525927
2526421
2526511
2527303
2527379
2527687
2527697
2528101
2529451
2530171
2530387
2531131
2532091
2532163
2532961
2533351
2533501
2534851
2535277
2535551
2535991
2536081
2536515
2537407
2537609
2537617
2537657
2537711
2538163
2538637
2538747
2538823
2539169
2539243
2540089
2540491
2540837
2541991
2542541
2543023
2543179
2543871
2544823
2544919
2545219
2545867
2546311
2546371
2546587
2547697
2549845
2551147
2551807
2551861
2551951
2552467
2552689
2552743
2553487
2553605
2554531
2554651
2555203
2555371
2556811
2557721
2558319
2559097
2560447
2560451
2560861
2561427
2562617
2562781
2563133
2563399
2563471
2564563
2564803
2565001
2565019
2565553
2565919
2566291
2566405
2566543
2568007
2570071
2570191
2570209
2570527
2571829
2571907
2572291
2572453
2573117
2573227
2573605
2574595
2575513
2576011
2576071
2576417
2576827
2577317
2577631
2577811
2578159
2578551
2578789
2579237
2579567
2580013
2582083
2583847
2584171
2584363
2584387
2584649
2584723
2585021
2585339
2585537
2586691
2587071
2588053
2588119
2588197
2589631
2590123
2590291
2590333
2590519
2590939
2591107
2591359
2591755
2592101
2592109
2593033
2593489
2593603
2593711
2594087
2594113
2594231
2595181
2595581
2595811
2595895
2596205
2596591
2597437
2597725
2597801
2598535
2598661
2598835
2599165
2599301
2599645
2599771
2600391
2600831
2602391
2603095
2603383
2603683
2604001
2604229
2604361
2604511
2605901
2606115
2606371
2607229
2607925
2607961
2608327
2608565
2608799
2609047
2610031
2610829
2612711
2613071
2613251
2613311
2613331
2613583
2613587
2615549
2616067
2616307
2616911
2616949
2617231
2617357
2617693
2617925
2619583
2620621
2621543
2621851
2622751
2623097
2623159
2625271
2625583
2625787
2626081
2626331
2626603
2626999
2628301
2628535
2629285
2629405
2629411
2630195
2630683
2630885
2631109
2631211
2632507
2632561
2632775
2633091
2633215
2634583
2635003
2635463
2636959
2637271
2638051
2639137
2639845
2640049
2640433
2640611
2640793
2641087
2641147
2641213
2641711
2641991
2642251
2642417
2642743
2643721
2643877
2645503
2645813
2646843
2647099
2647727
2648071
2648275
2648371
2648773
2649461
2651101
2651211
2651251
2651725
2652331
2653241
2653267
2654051
2654329
2654423
2655091
2655271
2656165
2656697
2656837
2656901
2656981
2657539
2657917
2658187
2658517
2658691
2659427
2659609
2659811
2661691
2662087
2662237
2662571
2662741
2663329
2663335
2663417
2663623
2663991
2664091
2664833
2665471
2665567
2667493
2667653
2668261
2668939
2669311
2669957
2670649
2671591
2671861
2671981
2673547
2673619
2675051
2675311
2676389
2676521
2676571
2676857
2677015
2677351
2677711
2677981
2678491
2678633
2679629
2680147
2680291
2680633
2680723
2680927
2681113
2681281
2681407
2681911
2682989
2683045
2683171
2683213
2683351
2684267
2684329
2684461
2684683
2685541
2685853
2686753
2687719
2688011
2688013
2688031
2688643
2689147
2689363
2689435
2689801
2689909
2690389
2690931
2690971
2690983
2692453
2692841
2693081
2693311
2694449
2694523
2695307
2695673
2695921
2696165
2696741
2697595
2698591
2699005
2699503
2701063
2701507
2701519
2701531
2701891
2702239
2702323
2703647
2703901
2704087
2704241
2705797
2706523
2706847
2706979
2707159
