56159
58463
62863
82679
163799
167579
170519
181859
187739
208919
236851
248399
287039
288959
290699
303403
347423
369599
373259
378839
404639
466031
479399
497699
585539
625151
639407
674519
712979
728999
767191
796747
867359
940799
949031
1010099
1078799
1095299
1145519
1249919
1431023
1474679
1496879
1514519
1670759
1711583
1773623
1894019
1896299
2016479
2140487
2163719
2226719
2313359
2407621
2486879
2616011
2616119
2635519
2688923
2803319
3160079
3184019
3266639
3337487
3373679
3374999
3413843
3657023
3704063
3890039
4192463
4310207
4433051
4525739
4541759
4646399
5006819
5082671
5152139
5194799
5203651
5292359
5397911
5401343
5470919
5654879
6159719
6262199
6286831
6404159
6576287
6597079
6609599
6665903
7146359
7254491
7265159
7297919
7348919
7476299
7559579
7576799
7587839
7711199
7829639
7845787
7850639
7869959
7889699
7922879
7973279
8060879
8132671
8135567
8386559
8452079
8587487
8643479
8728859
8776591
8976691
9406139
9448319
9960047
10012463
10295879
10295999
10882871
11093939
11105639
11119499
11322359
11374271
11411819
11528399
11977459
11981759
12188879
12322799
12451319
12480719
12662639
12756239
12945061
13113719
13285271
13550879
13587503
13649999
13956851
13971359
13978079
14054879
14106959
14408099
14460599
14572271
14695967
14716259
14843471
14919659
14926127
14949479
15072383
15379919
16598399
16691999
16895087
17278799
17287799
17448781
17785559
17833199
17871671
18022031
18481679
18649427
18725699
18801719
19570979
19712699
19806359
20005079
20177639
20180159
20327579
20445983
20588399
20789351
20875007
21002939
21058379
21342719
21383039
21731219
22832099
23039999
23515439
23528371
23584859
24080167
24089183
24287999
24436943
24461639
24813599
25060307
25334399
25367399
25373711
25725239
26072639
26262599
26323919
26502839
27168119
27629279
27828719
27983143
28236451
28320631
29118959
29624111
29789291
30256379
30401279
30656807
30746519
30857399
31176179
31338719
31417343
31535999
31708151
32064479
32351759
32641439
32712119
32845679
33096959
33393779
33433259
33595549
33780239
34569359
34586047
34978607
