226898280832609
386803456797817
391146202371601
438237657590881
439957806578401
668433393254401
2059262025625201
2963366970118777
4699981854314377
5634629152654321
6661466714110321
7285735566069001
7400893748290561
7422187104188281
8013717793069561
8015892067896481
8344658016414721
8372801801771401
8667648441195841
9332233815358081
9350065299560113
9567968158682641
9643653101577961
9855807951474241
10332313445613721
10397783552839201
10533768910876801
10556170774250113
10566906179823001
10729991600579161
10786524047708641
11025290150477233
11033750722600321
11240996280168001
11264945169778561
11322168880170241
11825910634639201
12112478293497121
12114287116491841
12594399511623481
12666552169002601
12697977671684761
12721174627890961
12757945546992001
12907763867032081
12998680595331601
13469204098613281
13812479782598401
14247861421341601
14265453458995201
14443408188986449
14561041211161681
14913393446572561
15114238935817561
15494790114721513
16584827932566937
16683726015549841
16851811272665041
16886484150116881
17022469218593281
17072854340702593
17853737690071681
17979923089160161
18042168579336721
18191971234303201
18798908404949521
19589437939733281
19602580029381649
19784715180859201
20105457909176641
20244863280904201
20535139488595201
21384446859408001
21428564909199001
21985935930438481
22059472619730001
22707655636151809
23039242995059761
23119743793120129
23229245469169153
23703340380995521
23815604639780977
24201113701250401
24930940266460801
25298252617731073
25312633558265881
25635568885655737
25839045455287681
26360305445578201
26566272110222209
26925625855598401
26935912583223841
27119365978359481
27131282805560257
27158327504959201
27512222501459281
27907857674099521
28311010885983073
28371821625219073
28538752924669441
28882192745901601
28940337250944481
28947628463431681
29205822962429569
29300877712856401
29525830357392601
29605199774510881
29853267142255201
30090400651311001
30762308595375001
31026445035542881
31812257185747201
32731197785583361
32938404215402617
33489564508659169
34004920922125801
35736734706536449
36683901984691729
36731921228418001
37242669331563697
37508958234201169
38430705897619201
39266840316911401
39654039263686657
39991458729136897
40000296874562641
40048515647761921
40552252713027361
41381855569152001
42972627286219009
43865143410102481
44455562246016529
44763997096728001
45355143807648001
46238133168837121
46248396550377601
46364284002074881
48928171731952921
49009660653481921
49477644270700801
50440590957550201
51902823760372801
53858769978283201
53968879457678401
54556314993652201
54674547210129601
54996582423870001
55551577859782201
56608303955769793
57550889864100001
58183437495691201
58312639345319137
58834870248277369
59039820792426241
60109832643402601
60361711737135121
60551409766872961
60988641732721201
62037789076755361
62126750564260801
62411762908817281
62426700223755649
62658180291080161
63064394021555281
63109629970560001
64989421994970433
66472010785877761
67134106754992369
67138972311122401
68150642618173441
70601647316604769
72442655909352961
72718286994469201
73446073573320961
75030166788200641
75150613776876721
76210437747848977
77490450685069633
78015308378010121
79016198694064129
79340846502900001
79892540198822737
82320607601400001
82493020575759361
83486423354551201
84459530460634561
84527261489518609
86392974193371121
86715198774198121
86772206217864961
92614163925940561
93800180035480081
94482427594747921
94658818681103041
94841928163828609
95679470653300801
96289049618361601
96470545352654881
98210244758797921
102026650533022801
102797956210955041
103283787842155201
104475422366271361
106201808823601081
107082292707976321
107699721964406881
107993064514104001
108385919450403841
108819281038881601
109585783596340801
111739845579122113
114467878153242241
115009186042733137
117121506960817633
117724542090427201
117760769427371761
119591493564728641
120526818138316801
122273140723465681
125113838885195161
125444527758758737
127802179220006881
128567586912519481
133534417182750937
134882513094232801
136891968385067281
138880213803982657
139840693774614361
140188369293333001
140634390529397953
142438915134442369
142828379011552753
144925970071360129
145153490740265089
146840457305956321
148942035842534929
149637867396560209
151282520035790641
151772601157594561
158037096435189889
158172790407004801
158495282397338641
158587255356582001
159335351281260001
160593810845762881
167219746336235521
168438020785452001
168584545090614241
170079069645652201
170218619340956929
170492979933897601
172016737534245601
174081240335761921
174527874170189401
179086038459391201
179129778139283401
186089596257834721
187231315941536641
187267525650631201
187381936163058961
188948111575321561
189456250051955041
194843601135928081
195329713036672129
197277506853035113
198293376532662601
201201420956408641
203642471270683201
204247254631868281
205757812167372961
208121520911640481
208489022541072001
212391985945691329
215438059892049961
215983338597617137
218049763481893201
221049253881502801
221639455066790881
222335601945175321
226517422704006481
229539664038743521
229540077193762369
229933998823895809
232985118430920241
233353517298480769
233546026144048801
234750660904334521
235044525361226881
235461685675856641
236395871885685601
236882833682365201
237203041144477249
238704643315404289
247175786078242561
247778388181327681
248907374501210497
254608592458698721
256089914059853953
256709599087660801
257242620487857409
257379507649793761
258939905527527841
259397575175429641
265257146105705161
265579515516737137
266211007501296001
267855442080695041
268368073196022721
272599252575836161
275024773814601721
275318767996533889
283597380855967249
284844384998654209
290230097780548609
290537163489223201
290945251704799201
292766492145932929
301908530855327761
308325569333429881
310672058884522561
314517033133269121
315768961286882497
317411362138860289
319138252664885809
320257810553205121
321610010794110481
323401999381234201
328625978788616881
328712736177686881
333396389719448449
337038238056741937
338734800760477441
340037272425400201
343401875371352449
344126120022984001
347200389466053841
348233994438968401
351464609589870169
353399537613565969
357484969340333281
358822160389374529
359983239732772801
364586005142971921
368959230214341121
372422612095803361
373035746651349601
373514473265916673
374189506534435201
375237409350955201
375616357512556681
380427259800277009
381710914741166977
384945355251874321
390687143060419969
395768593692927001
397681983169926841
400097070608822401
404614539847457281
406434466090855441
407393319348950401
409358922691183681
416335546592709889
419442140544945841
422066124072936001
422370620132722561
434468802126638161
435684445847528641
436986361144783297
439926087529942921
443654191995912577
445368043799827201
447310741798733401
449034199375998601
450016345955343361
451469918486346241
456251775401036161
462520899224337409
463466857319877121
465525922042084801
468908860177839121
477915428338711273
479661424983127081
485884765442229121
489278308810579201
489857759806556161
490567501042514281
496081122052485649
498616245559985281
500172616472559361
503816736202490881
523694076006114049
524229744421252609
527848632238034857
532525224976110721
549426857195998081
551041362335540737
551103019431252289
552397692056283217
553090254660936721
557189156885097601
561135872417526337
561146015561016601
567122258528829001
570258342388569169
575195499992793601
581032212070300537
589109223307447681
594687032768323969
594809444642058241
596772179936745697
604650578656159489
606229772452698241
615559388191802881
619504072170943489
624548905227761281
624966497372031361
626254523146844161
640141827687275041
644021833841305921
647428787761568737
648033595311211201
650184252195667201
651610366860987073
656505003608419681
661750936076359081
662282300917203121
667658393665620481
668778528301459969
682446031395947521
688860837148600201
690640914836623297
691659607371744481
692468213702166001
696393110115895681
707132237523293521
709141463119449361
716330341180718161
719531574663840121
722937856703610241
726368893597374721
740685416376921601
747116183652743521
760550682332410201
764678924424211201
767726592449916289
770865673359116161
782305113264575041
782546044555703641
783060549302304001
783866567373653017
792475517973895201
797884608890265601
814962966003259009
817569684189669601
818454182959673401
819220117193452801
821952954722200681
822645035456247361
830829657610772161
832623382433562241
833144334873473281
837479486450769121
840024445154587729
844159979507232961
849910612327531201
851375185054183441
853097657418105601
858130258067298049
858576617208159361
862032772910219041
862708351226051137
864932181155826841
866642954442337921
870413458704583201
874767172774894561
881190949100567401
889088804404288489
889313504510074561
890457175051257361
905269120188589441
907566234725616481
914148876103435633
914703703747392001
915069691621902097
915631243754766001
915903727138849081
920003466420982081
925619721362375041
929577397704706081
933827727449619361
934216077330841537
942533886562532353
946598754777416449
956310342145821217
958586079339705601
961316009132853697
964245660063883849
975817213239208321
976147346884380001
980060174485923841
984408801220713601
985833445967946577
994668007758551569
1001252172509283241
1001665077343868929
1002907934195673601
1017030760625995561
1019263701251940481
1029981495577066369
1042023115711782961
1044337658326485889
1047149377268557201
1052332742602227841
1052860849914855361
1053501426788000737
1055320028883267601
1056340750741996609
1071053106388997761
1078732654374486673
1082216437128694657
1092066046333920001
1109322645272851969
1109693997867270001
1113033580267835521
1116537138650033281
1117387046512654849
1127917638412030849
1130598943605452929
1132585979204505601
1133832759789344113
1137230990777784961
1139986265030081281
1145817551311464961
1160598259369339201
1166177620857532009
1173618043513392601
1180972496389678609
1184198408262874369
1188262168056251521
1192137054278801401
1201719887326682641
1207785495699559681
1218917915689763521
1236776483849293441
1237089673890056209
1238895164072002561
1243273623945550849
1244813217846941521
1249209586865620801
1251999471067980769
1258274602004549761
1258967723408603521
1263393321830212609
1263874989120860689
1263895164915909121
1265437150232673601
1271559550206246481
1273534061267574289
1285015974444805033
1299196241333337601
1303537395189926401
1321610020837850521
1326285124680344401
1330927467614296081
1331591536511169649
1332756740117000161
1336803769416192001
1351205643353247361
1371426829553589121
1379881792530243841
1382948696902523521
1391149317837340801
1421815235797673473
1427242157216100721
1428562271864669761
1434598267700328961
1434709566780628321
1437644674290660001
1440759911462213761
1447840165849091281
1448388646884339841
1449034356539847169
1459587169922706241
1472383981548624769
1475116643636695201
1480934104933208449
1486724110224101761
1490791924751199841
1492636831020353041
1505747535810100417
1509367549471220161
1509541280499252001
1514378449070567809
1517167187743210417
1519705163916444961
1520311840829824681
1523787242366007001
1529021627831302321
1531178308879873921
1536761437231857121
1538306283539769361
1540613886678757249
1541713555953191809
1546057727156646001
1554286793223790081
1555816901475347281
1565563906363036009
1566409333966405993
1576976542151896033
1580979829934085121
1582507991741983489
1596586331906800561
1600936038048815521
1604585453137505281
1610120526047121313
1646860843044901969
1654919684550543889
1661117020546157761
1670419860734982481
1673903257202668561
1674588628660776193
1686851058667291441
1688002112875938049
1696738030021338841
1726585450049862001
1733007695807475361
1742800894240715521
1777645174770082561
1783214515579630849
1791501649433174953
1802570801204638081
1803775651553163601
1808427665616835201
1809695849696832961
1814259620426399833
1822452342760719601
1823333846803068601
1823509914608329729
1833206572362905209
1849743751234942201
1852273280753058001
1868655963440304001
1876168411500015361
1883902902776114137
1889993476329918721
1903253327076440401
1909135715871708001
1910660145658341001
1924852905133551121
1928642477458942657
1935788358938821297
1940214216272640001
1965306429935506561
1966864090199275009
1971994765955550337
1975081805433317521
1977742328471817601
1980371017561853281
1993741666086051841
1994272225553502721
1996545188305166761
2007205870080846601
2024734004355036241
2059033456447672321
2061893602615843921
2063379463821859201
2064280432082783041
2071089460740456001
2076286342795603633
2076615502606014481
2079896459588176321
2090733438514181761
2094520850153379649
2096128485143472001
2105592135047013121
2121720430387098241
2122527916943611201
2138939168073165841
2139150093883113697
2161594627545924481
2169491184448497673
2172342259556616001
2183860867936240081
2204205730555164001
2216605471746892801
2228176671390655201
2231438784549122737
2232257425616453281
2236406199138955201
2258436222268496833
2271561282799184521
2277464607086053681
2283006413426340961
2305484136331830721
2318319635957729809
2339897441611376641
2344798098172665697
2363435667708330601
2364679458958152961
2364896505606362401
2366794770163824001
2375669360639594521
2395381165257871201
2420911490130426721
2426654436373918081
2434998674465881729
2454352800125493601
2458043911860157441
2458194029426461009
2459545362571756801
2464932434196834841
2474176052906148361
2478516058754266369
2506394155456988161
2509589121409236049
2521200447024929281
2523174320638866049
2534722527209595841
2535500838006405361
2537678124108154081
2542938017135587777
2577017521871722201
2602170018917119201
2625827315698544161
2627312774091410329
2629406475009848449
2637894276506741761
2647095977773375201
2651670482100494401
2655073741007316481
2679176225298063889
2702295639169022209
2705494923179929729
2747315672615666689
2752978084645240849
2787985070160454657
2814899967814998097
2820311669009337001
2831834844023724001
2840337713876604241
2844130848662653441
2845637066845043857
2850421036560192001
2854028191796137921
2857729727178693121
2865132385063798081
2871357044903603257
2879677212608524609
2891053500179800321
2903638643127636481
2911772958751003873
2922449347222922401
2923197342421917961
2963225048223242041
2969111095175467201
2971403872691100289
2983412160828119521
2999428612335816961
3005097809457078721
3013334869450952209
3016603042592818561
3034706620557146641
3036043056723613201
3036485486289500281
3054080145038274241
3062505193278811201
3069127309171363441
3090958397841445561
3091554382800891841
3094665088971409801
3112215656153743201
3116416946611146361
3150266060782810657
3154762169319394873
3161865494181833809
3168083880657965569
3176029164959439361
3220188686733026977
3221281337794055761
3225210116521810033
3225316159484287489
3228489497853627001
3243802097876329081
3260527791683566609
3277481279729460481
3331718023735514449
3334123889450827777
3334292654450568721
3344242378831956001
3351983005076014609
3379051930133913601
3379234914353918161
3390430343091640369
3394662259102411201
3447953417654024449
3460726277032673881
3461228829528454657
3472276128080658961
3507547045527159889
3508498470442791169
3510204849181430401
3511934745996291889
3532972581903642769
3535581695406369841
3542512650909719761
3547655192041912849
3560533095501934561
3581311273983915649
3589999965182845969
3595800226311616849
3601844724188865337
3627934867004612809
3639020582550614857
3659037329068242049
3667604210808744961
3679536261397867201
3682375967560146001
3691311919950822961
3700092798625140241
3705423063462741601
3711145232921372689
3722813548461838081
3746819945658186769
3769848410408942401
3773630138960850001
3780506141299209961
3781822342373275201
3787122609110976001
3792369553478204161
3797462193665868001
3888757638945973921
3935046449556887113
3947123935019907409
3952172315405695681
3952980586558773361
3958252399120926001
3965231515220601121
3977868601682599681
3989063497216327681
3993869256486906721
4002964614289190929
4018714789280060161
4019402199473197441
4020409031106507841
4029895752069041401
4051609961894510401
4060378237235171329
4073818232387020801
4077518452609723969
4103771724669801601
4108604943227892241
4116009310005600001
4129682728991774401
4141675794664758289
4151786159663321089
4163933295505355737
4165101355883661649
4187007806696455441
4207704461544679681
4219745434139363329
4236914504780924401
4256439057636488449
4324409141688237841
4325866471182603601
4346478476493406081
4363196439671166049
4363391929429922689
4389692409177633097
4392064806958627969
4397179460594375233
4404011907982270081
4413984359578482001
4416424357567033729
4417309976647969081
4449786844824592129
4463178743076213889
4464755237189477521
4465560319848717601
4490940182919982273
4522693444999551361
4528479072509600641
4539914972565189121
4541526280523232001
4562402132118804121
4571055495113989201
4591744330013803009
4617065379989197441
4642603248000531241
4649821283524110721
4670986666974195457
4703618447588796121
4709331853919739313
4711164823684086529
4720435820564103169
4747324746636234001
4752747093335642641
4753597118526375841
4760291945466824929
4773980176794565249
4826750838762808849
4837510007174319841
4840082762908211281
4855884648600345361
4859781370928233489
4864299669507033001
4870447475968550521
4876213280734635841
4948997662504159489
4954493923511350681
4960225216070649841
4995065907298837441
5020910101174819921
5023727533425837601
5103014377507200001
5107191558073977601
5138661881921717761
5139526849096027249
5172485711840798209
5174062260806643121
5187325109330771881
5197175584153607809
5219161809764031361
5233007392936323001
5244326634764293441
5292337047662144761
5306493856062899281
5310374952221696737
5338238114443733857
5350518101359242241
5350995327016349281
5359324962781082641
5367272587521051841
5367986750406303073
5381944179097591201
5382073787289376081
5425473731203613569
5430042258164582761
5430749438506640257
5434600347851115457
5435331145827306001
5444235584681217697
5501101913301516481
5539645114516978081
5544411421032570241
5636989854524121601
5644126524318130081
5662077529756490641
5663214754373484001
5685266462589684049
5711618365590054457
5726057455649536129
5776059572570379601
5788915875828057961
5828150530070519041
5848476592741166833
5884185408069098881
5908664566353687889
5923366043625165697
5925921280223130961
5933911345047813601
5934885703746241201
5938477890009551041
5946810706908492601
5968125213325923409
5970708613810086001
5980065010079054161
5981422811912000641
5997732468496588801
6041611870741345081
6044377588788855889
6045745107869127169
6053904547915224001
6055049708127538561
6068007213495997969
6114108766154499601
6121463975237145361
6132290689172592601
6154120233669655801
6186318228797411329
6228779746712796001
6239240565734890369
6308607266898414721
6311801446743313921
6320364696198245281
6338646647283041281
6377494591271407969
6379096547774573281
6415997400419337361
6433450828350021001
6439181792277548161
6467121974809062001
6489350453872840321
6505811943637617073
6512694368768110609
6516947388919365217
6545539062399876001
6587713178170045969
6607795712488008193
6618171791686338049
6650496632635265281
6655612252963857409
6659297262513177361
6699560528144274961
6746829003391327489
6751244186184806929
6798320306383628881
6854812719325416529
6857489784939573121
6893108516279863441
6906692921427206161
6924980605121694721
6934372292446751881
6947424731793654289
6970776790214608201
6975141611347264321
6976252596604646881
7010482712178013801
7010633486568199249
7162735250990519929
7180256242157991841
7182008973664842241
7224975994458365881
7228392405181432129
7233340329332736529
7235538513909929281
7257287344570692001
7324303210677551641
7463187764696104993
7482980039401734001
7550680968440488201
7576166789281688449
7620763981686905089
7630343236477248769
7638389849464710337
7642808264110490641
7655607002174411281
7657207848376824961
7674333073803441937
7680291551087038561
7690877190366377041
7749510789923710081
7752172888622249281
7760178350771061601
7762736892878906401
7764235085989582201
7779526236047005441
7792213361435924401
7799837521497590521
7889096761554534457
7896198931100258689
7931624497619265697
7972959372111024001
8007436513962784081
8110952784372460801
8146272132613016449
8178557129952738481
8185910894033103169
8186045095164752401
8193077263912793089
8203916025654436081
8290732503104940673
8291927460920201233
8318632461127762801
8361354723291427681
8369511982535700001
8383275498060922369
8523752977752355201
8548093973804279233
8558955335001284641
8598653451841219201
8707603650511276369
8732292870349524001
8750481592945700353
8758957655940824641
8762225630148738001
8769803693759475841
8781328507442874337
8820559245469727281
8842020989931319009
8854587780529499521
8975423318457480529
9021420335324547841
9088585941878199121
9149922750912530401
9260858257636413121
9281625575953920001
9344881503554663761
9352602106669189201
9361911494306704321
9392823997743513601
9449386305274082329
9512985646077593473
9522166601160253321
9527981017248906913
9556717466495112961
9660492247523603113
9670303718953313281
9689933432184944401
9696581714760018961
9704437540300446721
9708128176056617737
9778814622382311001
9844701939359679841
9869351662434297601
9991643040159174577
10070633374058683201
10080855164106996001
10083762644812212481
10093191131830942081
10101390737104764241
10114256998265615473
10134380851857030529
10136861776343376001
10180381501549081681
10215264207420514321
10240939454024790337
10248603723916311601
10261376771071341001
10311016633623190609
10328205916648065361
10347468864463500001
10353634115783616001
10377364284994190881
10387087291134435961
10408544228725319041
10440008426508827521
10479389065004604961
10531217053352178769
10539826954941413377
10542852134013278881
10547300924528790241
10561727583088821481
10597130536517804161
10603077454807367041
10605862081596252001
10645941287628484801
10736904557910313441
10740449365745200201
10742086657185636481
10762563733389530449
10784967657324400801
10815627531584695681
10852234267220168041
10916922131306254849
10929753276490479121
10940567833934298481
10991161285213269889
11019348036037701361
11115454720849995601
11221090231901277961
11223895205156652481
11326160600220984961
11374030230564368401
11416331422509631201
11427768862873902001
11474366147994881041
11485019063820099673
11554637159796901249
11567569074298383049
11599643259288510721
11608550958236449681
11671006136929933201
11712899556694558081
11718160803368555521
11732464203474413569
11747163482928520417
11856060543922063201
11876716472538677761
11970063895176565441
11970916242283013401
12009093295921244689
12123995646202672129
12129164211602943121
12137787139516000561
12149677034749013521
12208589649196174081
12226359971916475201
12283015232188022401
12297721250796432001
12307288385736340921
12433242743646800209
12471692055381510121
12511181902759008961
12531965144815116001
12585267343271985601
12588516427707941761
12671397245230771969
12705335121310031089
12720419041838400001
12829588436360033281
12830957486307452857
12839622956400564001
12846456401132815441
12856274732784450001
12857486004644360257
12860476080893071489
12907018161031561921
13017190566131965009
13061067739915970881
13101639999458492161
13154035256630154241
13245859168673080321
13248410595972336721
13504307936671701889
13511241463274818561
13576413685524336001
13581573894916027729
13631905594534389121
13649636701812265201
13652517263396024401
13663280286768781441
13668555257082559489
13677281448157837441
13713625073513389201
13750357061886152401
13751511107567321089
13807547836988240641
13816093973297707873
13828748782718469601
13868854679780966881
13910263068842485249
13930769928608205121
13936267705013720881
13944294771142070161
14164679971224921601
14189106279070386721
14224439401792531921
14359162129331124601
14436417545525656297
14492640642012034129
14519491414787310337
14550775141425926401
14561776648328245057
14576087219367007249
14591389873746370561
14721155604943314001
14730180051321718201
14797203625643163649
14840081023618767001
14870671908873850369
14900596322233235329
14969208053822880001
15036791552975018881
15113071170715540177
15182762250502862401
15242549939033659009
15252770910898144801
15265175643488631001
15270848307565235881
15295348914761238481
15444847593082692601
15460210254500933833
15487816601420247001
15502420290406570369
15609105450659740609
15622327481782912801
15627146808213300001
15690208152030493009
15759987317292355201
15832689513991809409
15848223079613916601
15850957000729084417
15921198865361747329
15942072421773859969
15946771484869842961
15963814804974775201
15985966258819964161
16049335794273093649
16154999726141480833
16182796582629696121
16199255898881476609
16285740646064685121
16370091188278953217
16419491325955682641
16445984589881336641
16469325303539000401
16517408565423812593
16540429775352448681
16583792624646312001
16727710266043909441
16735011445526873353
16780840488542792161
16809008740278870721
16817365700104699921
16856691340925712361
16873253192964067969
16876800649210597201
17014132307656249921
17054005382707480417
17161089912104227321
17175961416957601201
17213840684071174441
17233643146253334529
17393052238317963601
17489321870763471361
17509112836982029873
17628535780709997001
17698676692124375641
17703294485834184481
17818413025303488001
17850699957458160721
17951155273221142729
17966352673993152001
17990768682288724321
18004699657160492641
18011611151226092401
18068798643594342841
18140254351393334161
18147880468113477121
18179203171501938001
18227681843770469761
18382244469200868481
