5013069719001987826
5133266340887464066
5252931629341901506
5743747078662858526
10068106839329984446
11134849132667319346
18748787278050671986
21882604661703148546
34834766713799481586
40343318205470891326
40870013199500389906
41123656635610164526
58252125676197459826
90326094288307837246
122249309846746589326
122742970872160844206
174421178627026718206
175599847086439881106
253865833397452797886
261159670669207109086
269598281913902947006
283187214372344081086
401589649950476404366
466715803001267002366
501353006640424057666
502789985270355636946
563813255987959522546
870860122888196231506
1045064712896148199906
1138563405180357741586
1224261631256762183086
1226877416198575271326
1566417482701260081166
1568982264047049305026
1741998533932466929666
1795467663149776682626
2011188000570557293486
2066351497754597223886
2140008292807940714446
2410821269599839981886
2414507013652194314686
2676864565525078995886
2890508447916686063026
2976450960595557852226
3146796557670763018126
3338433268150275643726
3823767000308165670046
3858513440562415379746
3905296357198749798286
4487493169955391678226
4524636771174878797726
4543452888891166975726
4694196270909765178846
5067975048333921044686
5639511788125424963326
6131305038417500947006
6319047587402533703266
6512666983377690201886
6572857944592297234306
6767114935059834980626
7707763574562592125586
7905874205341045489726
7949012287656978322786
8792460198876744658126
9089245624593507203026
9198292884566433893506
9214639606883680494526
9507948665073018185026
9760813119383630469166
9845009534286368203906
