1 15709
2 65281
3 20770621
4 104484601
5 112037185
6 196049701
7 425967301
8 2593182901
9 16923897871
10 32548281361
11 45812984491
12 52035130951
13 55897227751
14 82907336737
15 90003640021
16 92010062101
17 138016057141
18 204082130071
19 310026150211
20 620006892121
21 622333751509
22 1099510579201
23 1276989169051
24 2371328837611
25 2395137098521
26 3508074039061
27 4238314040101
28 7029316512721
29 11035718397661
30 11844752395771
31 12226182878461
32 15540918336451
33 15708390932851
34 34012907123791
35 36496769986921
36 37579266314911
37 42997039888921
38 66822189953191
39 78213411014839
40 81401311263721
41 81961469124151
42 85914391124911
43 111593424346501
44 142271175025141
45 182786322779941
46 227511857194411
47 243132241486681
48 253869250735981
49 290571778522621
50 329439677094331
51 401939137517161
52 407763866185201
53 433118781410701
54 451242738520531
55 511827828162631
56 513626597903581
57 525614357490091
58 533385114590131
59 553032531947491
60 610028133678151
61 629004300298921
62 664477900648351
63 766194398511331
64 807863175915391
65 861962478201691
66 871816626033697
67 931484183091811
68 972257984115991
69 1199744243628811
70 1227672349763341
71 1260920801534491
72 1388946524350771
73 1408121950432441
74 1527013568861101
75 1659131017112281
76 1679929213800571
77 1730186695350331
78 1788770172814561
79 1808267851880041
80 1826753509129711
81 1875048087808321
82 1917305061916411
83 2093330941431211
84 2129354696757091
85 2148437400093151
86 2228650387401241
87 2237381897450251
88 2269150733944051
89 2273065246240291
90 2496889360386331
91 2550580989912481
92 2588782663997851
93 2611677665641141
94 2651627366302081
95 2704979038332481
96 2738147746853191
97 2743065917942671
98 2835071617807141
99 2857768484863081
100 2922508512668941
101 2972703106624231
102 3168297729889081
103 3326190613821601
104 3356163340730341
105 3357345873423331
106 3361017627375211
107 3400269080803531
108 3507748115160841
109 3565098774490441
110 3574725626737201
111 3596593051619371
112 3643899680345791
113 3768482771157061
114 3805639533325111
115 3931456529485351
116 4107577349789101
117 4129009313598721
118 4138272635072101
119 4557579499243651
120 4622144518672591
121 4630754119640881
122 4656928843126561
123 4699360776790681
124 4726931549683531
125 4828515966764041
126 4961190330030481
127 5164063286614021
128 5272223553975181
129 5390763917120371
130 5391148487043871
131 5539592864914681
132 5548736110321501
133 5845815620364721
134 6215823534964231
135 6279978245018281
136 6288345022509031
137 6347210825528791
138 6456636453262591
139 6471020761493791
140 6481441321334461
141 6537252217489111
142 6558346401949981
143 6662485918278511
144 6718779634941991
145 6747431878046791
146 7420122396211951
147 7600552964420011
148 7713806610424081
149 7805750748883891
150 7866599768395171
151 8286090565543771
152 8336736580475491
153 8410169861057581
154 8475813710311681
155 8513201663961541
156 8559656081510701
157 8636360927184901
158 8687871450996607
159 8789553818278351
160 8804365604171941
161 8834893975628701
162 8950948408805565
163 9019592225268241
164 10042103150918341
165 10206438958726921
166 10261549043595331
167 10297453333531321
168 10429531312057591
169 11164522825431361
170 11251769953478011
171 11285125506290161
172 11474723992377241
173 11503102039519411
174 11711171944254091
175 11792809359297331
176 11834552900539081
177 11841839252889031
178 11870445479266471
179 12085795143562141
180 12251746683080521
181 12444200878973641
182 12454107898872121
183 12459489767362441
184 12846901470878341
185 12890898572501881
186 13137800277186451
187 13224660440722051
188 13381470268584151
189 13711259636060281
190 13762753042852771
191 14023415243090371
192 14161472322058531
193 14468055272144707
194 14994520054494961
195 15252596678154361
196 15539120679592831
197 15598452423594181
198 16059434461304191
199 16083333243289621
200 16317594860667421
201 16346441258055481
202 16493057260825531
203 16793176290654931
204 16890496418482051
205 16956747024555841
206 17039743994428021
207 17447334106466881
208 17641206613658431
209 17910364153133761
210 18088073921142091
211 18905319565330771
212 19229320265184511
213 19383416079952021
214 19696818716053051
215 19704613773730411
216 20217461087782531
217 20305684902932911
218 20643571054266091
219 20799594629007151
220 21089926208825431
221 21102853055576041
222 21290613048889801
223 21531642524615341
224 21634973593396381
225 21760989814190341
226 21800799381254671
227 21836474199696451
228 22339984320593941
229 22429979356384081
230 22560066094004011
231 22709969537579941
232 22764063566258881
233 22910407402180801
234 23262395587518331
235 23427378648135211
236 23574734677945999
237 24112146699270181
238 24325564154984401
239 24615648673114981
240 25336146590258461
241 25530566348337961
242 25814114686734331
243 25852605772694581
244 26366276585992531
245 26547680159328901
246 27236680947791251
247 27960325241316271
248 28285008952281871
249 28379636583818071
250 28442914622631181
251 28991836476915061
252 29737027975421131
253 30145412129978011
254 30213612053135491
255 30428600330211301
256 30925620054639631
257 30974135136754291
258 31453279647693961
259 31742630132537491
260 31886917678320571
261 32058775278039061
262 32088211471942921
263 32187332070184171
264 32305528170677551
265 32390311019986471
266 32747175968101531
267 32835066884479411
268 32900180185066291
269 33118825075178191
270 33143143469897371
271 34050410264320771
272 34140477333765151
273 35597313510898621
274 35798368759591171
275 35886952903396531
276 36447527974451551
277 36816253367868841
278 36893063540943091
279 37129132531448761
280 37439169009341581
281 38343843634284901
282 38959113591504961
283 39421340861442091
284 39441564502028191
285 39452710356878491
286 40945607745878431
287 41217202636521661
288 41268445658940121
289 42235133777709991
290 42316523930608951
291 42459804295576471
292 42683026795176571
293 42806433069267601
294 43751425744572841
295 44516902368623551
296 45090941647030831
297 45155093104387561
298 45701435207711401
299 46008992651050591
300 46166717386920451
301 46198126746554971
302 46345399821800311
303 47053555692457939
304 47089249695245491
305 47206129162552501
306 47346270029284591
307 47749188633680701
308 47941853601619711
309 48506143816609711
310 48558395871309829
311 49087079818884841
312 49480622137752331
313 49541299454200651
314 49876896180620671
315 51179158049283811
316 52322992347943561
317 53189707958665081
318 53494426996063831
319 54857976785593771
320 54936186737017111
321 55223703467420221
322 55270006810597291
323 55967632815184021
324 56985181232722861
325 57251483672652751
326 57508397916825241
327 57544629792279181
328 57797443105656031
329 58268713251480481
330 58498977944121331
331 58962837872993221
332 59191778439932851
333 60748963366969681
334 61062012927890911
335 61662858303413611
336 61883411453341249
337 62722691445491881
338 63502830900121801
339 63591598562743231
340 64530776005335961
341 64876056047443621
342 65172115990757161
343 65550093650422261
344 66060236985039541
345 67034978214813181
346 67214050010377591
347 67521980314094671
348 67745004445313131
349 68021119659992071
350 68060046605461891
351 68136360528808321
352 68889860289626671
353 68937155041093051
354 69767495159392351
355 69973036355360851
356 70103785588385221
357 70811896098942571
358 70972216609122541
359 73777319455590661
360 75085999608281971
361 75899495505469021
362 76189984718441551
363 76227957436254721
364 76519637377892941
365 76887354665849461
366 76908115383163231
367 77316971308966621
368 77528836667239651
369 77916059293324561
370 78785944139948641
371 79103165560522321
372 79790297065343731
373 79878046636231801
374 80453113844127121
375 81086220755242999
376 81437858082189841
377 81705059742795061
378 86036256226479271
379 87495007569630541
380 87715121095420321
381 87935819319095551
382 88177580674939141
383 88453434458068681
384 89356892250506791
385 89922552248031691
386 90401973063780181
387 92717363631830671
388 92758125680487511
389 93036343984942861
390 93103442704352011
391 93468895624335211
392 93570593878239211
393 93980501291841781
394 94763483956665481
395 96221133412191031
396 96734504728090711
397 99726495507441991
398 100327844419561471
399 100567809139932091
400 101071021517654197
401 102723202503541171
402 103470304668357871
403 104123137720061011
404 104269598678953441
405 104461636418018041
406 104684567740353481
407 105611899196215201
408 106846698716543311
409 108964073834127157
410 111726667120499341
411 111938231162411611
412 112838134242312961
413 112923482409716551
414 113106479988977341
415 114397516518098911
416 114494676526624561
417 114562849550689021
418 115811427151846021
419 116181216756727747
420 118259756135655751
421 119989090547961571
422 120693543904503121
423 123519119199817321
424 123897798184463521
425 124020957047081191
426 124067148242738581
427 125750057402514481
428 126506829258552931
429 127403942278276621
430 128123911883192611
431 130151233657122481
432 130210027401343441
433 130686655872333541
434 132762380508550981
435 136776932772553261
436 137052860532526651
437 137365223533060711
438 138470714242634731
439 138731250455532601
440 138810932771542747
441 139054866254497411
442 139438164365950591
443 139995046990493311
444 140159688241860211
445 141437536075809091
446 143252814630462781
447 144572492210764351
448 149633541368405641
449 149982439554145771
450 151517499217054951
451 151610165340775891
452 154498565165883511
453 155658128809066981
454 156345066624926731
455 156558668372875441
456 157492653074232841
457 157619358148811791
458 158112786446604541
459 159368938876962751
460 160825481899805347
461 162454192869574201
462 163359468528732001
463 164251574429629051
464 165185709094810501
465 165282024610301101
466 165879485680608631
467 166439593346064541
468 167605098683307151
469 168527478251630401
470 168635944007524111
471 169372126970071621
472 169507219566097531
473 171628680534268201
474 171873138255835381
475 172531815695831941
476 173475876443271151
477 174669021169271341
478 175085339705001151
479 176029113523343011
480 176577963754212901
481 176868818770193101
482 178019811505822651
483 178779868932153061
484 179351559874638061
485 180335706935768077
486 180970253000311711
487 181083429292184581
488 182350885943170561
489 185060378595571711
490 186680937318955561
491 187763355284788471
492 187894171067918317
493 187934514320659471
494 188566422921895591
495 188913055190026411
496 189506773853070841
497 191035614988393111
498 191120109793074811
499 192794416803472441
500 193356451025115181
501 193656781001424061
502 194463816963245971
503 195123180507092641
504 196283007118365901
505 197752291460233651
506 198189513035580361
507 198442848344082091
508 198831375298152841
509 199153845723265621
510 200770284744377851
511 201559874256774151
512 202204437679854931
513 204260409471881881
514 204381699381232591
515 205438468887719311
516 208441943635308571
517 208602989266334851
518 210964270276044811
519 212919444541766311
520 212978795823517891
521 215908633112829901
522 217051012639927831
523 217097766064589731
524 217488316869426721
525 219427563849333391
526 220235413782888601
527 220934846668986451
528 223083972666670501
529 223817231953603021
530 224709092104711831
531 226993288376818081
532 228328529631869521
533 228907315994846161
534 229879381188641281
535 230136159873004321
536 232553658151617991
537 234144836670664471
538 234294292826197561
539 234690363752108881
540 235487099739514741
541 236522570231050291
542 238709763205072321
543 238805025957437941
544 239396953784843791
545 240227384887565011
546 240625888348954681
547 241017048680958031
548 241297839421043341
549 241418024103600511
550 242255428412797351
551 242547277873299631
552 243535259317573411
553 245769114592433221
554 246123101668589011
555 248495445189842761
556 251816596305970081
557 252660567266606731
558 253378189575598891
559 255065752607445331
560 255963704803287391
561 259917361962181141
562 261829069146545221
563 262575753935570011
564 264599844056219461
565 265449511835572021
566 266290073396481301
567 266600239162371211
568 268812337986962911
569 269048798691860041
570 270662555014226311
571 270851126269311337
572 271018319405098201
573 274185197360719261
574 275229928764809731
575 275546325062417761
576 275590521174751819
577 275747025607997131
578 278485298954864791
579 279008210064122251
580 284752873726189441
581 294065488095748531
582 294962308485662551
583 295669599781901731
584 300186162198834199
585 300593437619524531
586 301671135470896171
587 302219917043953621
588 302678991974017231
589 305410180519553341
590 305679457900694611
591 305868176701646791
592 305940737452016911
593 306611457676793821
594 308236345041244171
595 308390438565577171
596 308595579324785941
597 308752395788477521
598 310951985663838751
599 313498337927785891
600 315578604805920751
601 315616062660180631
602 315948610208365231
603 316642837677222421
604 318959747436495031
605 320522538833325331
606 320587261406080831
607 322089456138209761
608 322606700384778361
609 324618600736005871
610 324844942629573661
611 325896276057359281
612 326894743367610991
613 331439485496958511
614 332918197167409951
615 333637177042543471
616 334768449185218621
617 335107398051905191
618 337435145433249961
619 338429776621605241
620 340747862980660521
621 340948268477387551
622 341709395745267031
623 341884594498470241
624 343308454954155601
625 345467262788893111
626 345476303027300971
627 346079089348240051
628 347426400590733421
629 347559680283024691
630 348004498357200301
631 348283865390100121
632 350867599237217371
633 352402458797843551
634 352598345945863081
635 354226811137567171
636 355422449454345391
637 360323354462449951
638 361922448795192811
639 362094549562778341
640 362735359189628041
641 363820941409439611
642 363947674133141671
643 368031720216864871
644 369972190937316211
645 371175172729860001
646 371214681861409681
647 371263969917777301
648 372230637726171589
649 373039605016922941
650 376220899785364411
651 377156337173090341
652 380905699398385141
653 383356008278186131
654 383389494009351061
655 383922837385567801
656 384094680989553631
657 397640196960151081
658 400343931739475821
659 401905817290645471
660 401993482091648449
661 403060759617074131
662 403660086101329861
663 404171796854519791
664 404930797820202949
665 406125579922795081
666 406501047321878221
667 408566136793188331
668 409609862056193371
669 411761402175192301
670 412083531878215441
671 412380614285209711
672 414980199719491771
673 416176424103649441
674 416910327102218431
675 418510758224847091
676 420416509056694471
677 425301589131648781
678 426436739625993391
679 426672015692822131
680 427152461531812381
681 427619069525685841
682 427648590978197821
683 429202349299018231
684 429584519859489091
685 430035116504088031
686 430172680823374651
687 433436487836410771
688 434192159006427571
689 436615443748443511
690 440352799432210531
691 440535458344533301
692 442175935386873697
693 444118991940125251
694 450011790900805321
695 451868557126035601
696 453030599493185671
697 453954692359508341
698 455697322899207061
699 458020087264773991
700 460169563654060261
701 462157466282623021
702 465813838943678161
703 467010311470100971
704 467668748329264831
705 468107063291567701
706 469669803308079991
707 472325818548998191
708 473897553439089331
709 474428392055126221
710 475846465824009601
711 476196194512473301
712 478834904463316381
713 479719261660974721
714 482982126077845351
715 492699660934560631
716 494791787404178881
717 495162917477753461
718 499202837904324721
719 500580055730179951
720 501581733525098521
721 502625052114035761
722 503342778097107451
723 503608506320838421
724 504642787247284981
725 505489423141396471
726 505673663346786349
727 506229716418386941
728 507200317544990551
729 507425634829553371
730 509816124469830751
731 511482915663364261
732 512682281173232491
733 514555599766002661
734 516017601698005651
735 517069692000785881
736 521913227307524401
737 522709204157943991
738 522748725884095621
739 524454058981051681
740 527244829096771171
741 527388062312670061
742 528746045263866571
743 528995719747723801
744 530193700310398291
745 531322978545022621
746 533269328799716221
747 534767387714462251
748 536196774255879031
749 537637517356473631
750 538035021069630181
751 541054722152093701
752 541340500358712991
753 544306823162527291
754 544755781132553971
755 544951053988465291
756 545297592935409481
757 547288662210558001
758 547816040406273211
759 549534539236696201
760 550615924735879351
761 551010945377361631
762 552551192169109321
763 556061703614319211
764 556229415317700991
765 558083241823289491
766 558576181930394431
767 560891401051074871
768 561887952501450511
769 565043107553147341
770 568801513841889901
771 569760444996486841
772 571232370529100281
773 576858191179480531
774 577400920547296231
775 577725524243481781
776 578119119929108491
777 578507474671490461
778 579250406113253041
779 584467897770035761
780 585288614965664161
781 593039493188142001
782 595380760876875931
783 596313359180388331
784 599223937724790181
785 599516959219412191
786 600562668642274141
787 601211159884629391
788 601457081897763841
789 605307693016025551
790 607570797637556971
791 609582084038221009
792 613662283468543861
793 617265250148034991
794 618536353290260791
795 620537635477014121
796 622042693678734901
797 622167153705942781
798 622342258170768661
799 627155401599261151
800 630061643807820391
801 630735308387856421
802 634546714080383971
803 637775558766925741
804 637896901519392451
805 640760313953167141
806 643960708575841021
807 649805778795561121
808 660054745606963951
809 660136308458135221
810 660984151105142731
811 662090626993742311
812 662447489063368681
813 664691535794129941
814 670978368110813881
815 671346847331524321
816 674229849760619461
817 675162688755858421
818 675872515119871621
819 676379557156308601
820 677775467743482781
821 689450645940392701
822 690147152354520841
823 693084251116990921
824 693781793688687871
825 694004066055799981
826 698953212998725231
827 704056597158812701
828 705919042772952997
829 708978181207155091
830 711374489330752981
831 713486711144852581
832 715027587288342061
833 716457385868632141
834 717042143221776997
835 717553841762332441
836 717965854066208551
837 721129908626507701
838 721727843414428171
839 726577430546797831
840 728862588185400241
841 730470028480454611
842 734561127132878431
843 735454973223526921
844 750735061767062161
845 752233602271325131
846 756143234267664361
847 758127204410433661
848 758880418542047551
849 762533757741351121
850 762613836681433981
851 764794237001158681
852 766622052648793321
853 768729778911689461
854 768789188250172321
855 769705950150212011
856 770195636100001861
857 770620886380135771
858 771426282656541301
859 773406938563840561
860 774947687758503811
861 779176485888544459
862 782471294970820981
863 782528475004069891
864 785413496825986531
865 786969288025064311
866 787291991267271811
867 788224883204714341
868 788737221666693781
869 789413925818766961
870 791178131091908041
871 791664021115835671
872 792353450114104591
873 794919799683719191
874 797118710813550721
875 797901109459438921
876 799427400077076091
877 800166977947527511
878 800803182758790091
879 801444354535054309
880 807026206835323021
881 807868112736226891
882 808448651682826321
883 808923589255656811
884 814579879246528261
885 815290661081057911
886 817364997182087971
887 818639861938448101
888 820291679845893781
889 826071569095250281
890 827557016613442711
891 830187097112075821
892 836700835014415351
893 846148926315506911
894 851679310812176701
895 852342732187810081
896 853396679308889101
897 854372776876694011
898 855562740363903361
899 860147160520793671
900 862339870495126141
901 864400948038350071
902 865466226767407267
903 875873380067633191
904 878128568538141061
905 882020665492665271
906 887364544973647621
907 901324298518872031
908 904495097899853011
909 904819506604820101
910 905896541237928241
911 910447866361027861
912 912809593025236831
913 913412005686993121
914 914916314088176401
915 915175463056123501
916 919441408423100191
917 920778450030748861
918 921526314748249351
919 921875275832140951
920 922797483024000751
921 924221660961218941
922 926428704252226561
923 927032606501360911
924 933420540647749321
925 938271757203649441
926 941141032539797641
927 942638981026457581
928 943455870494007781
929 944762918429843701
930 947508964603004761
931 948544546728170701
932 953737802293418491
933 958427350001130241
934 958543581232233361
935 959929253179555231
936 969140056732026661
937 970180797701100511
938 978654062950882891
939 984439363489882441
940 984923881336704541
941 986384797022080051
942 986895561826934311
943 986900145682766701
944 991089482197294411
945 995807641994159161
946 998586797668918261
947 1001969338339333141
948 1005490396437190441
949 1006218274738795831
950 1007126500976612311
951 1012760950493487061
952 1018852060974645631
953 1020670083235531441
954 1021249299073783261
955 1026883885751314471
956 1028077866345533191
957 1045126118180483821
958 1050761332515347671
959 1058904241906361761
960 1064429320914873871
961 1068729090428694631
962 1071404174260376251
963 1071689682333588121
964 1076675257622043631
965 1076904955513680481
966 1079269829555828791
967 1079925065161416769
968 1092966244497016891
969 1093043210946095641
970 1093728683863876381
971 1093750377351039211
972 1094249734806017341
973 1094443725798173071
974 1100723011818016441
975 1101680950447034761
976 1106712328534973161
977 1107770258801827501
978 1110349575487800451
979 1115050637582209831
980 1122942065843121481
981 1126876967268368611
982 1129201084360874461
983 1133420188381458781
984 1134185760900315901
985 1142094868786853809
986 1145123342315392441
987 1147626410752775071
988 1148452627882958971
989 1151298334154911291
990 1156765174196460541
991 1161139825824927451
992 1165579908980495581
993 1166611276280954461
994 1168149567723552961
995 1169208725506111291
996 1170392751190617121
997 1173999319031925751
998 1174681560558504961
999 1177418868412541371
1000 1190940422340102601
1001 1195628193249353821
1002 1203263897885013511
1003 1205819418020327251
1004 1211799094440573211
1005 1213058282355399031
1006 1223325894820743811
1007 1224296850978015751
1008 1224919249019161291
1009 1227189834378472831
1010 1231865340664137661
1011 1233530126321060371
1012 1233858176065128781
1013 1234325970546291841
1014 1234627743930709129
1015 1237813159540741741
1016 1245895078683558577
1017 1246433145541723621
1018 1248385658746636411
1019 1254265914382414891
1020 1256466604362879391
1021 1258012384643349271
1022 1263700930480853731
1023 1263863555453775571
1024 1271918880958493011
1025 1274142222745026571
1026 1277554171727235151
1027 1278350883809368531
1028 1279101817412179081
1029 1288957688672339281
1030 1293734884557884341
1031 1295350773409427671
1032 1295363784070025221
1033 1296958865371450261
1034 1298513811435584701
1035 1300078125830857561
1036 1300945884136182451
1037 1302824371125092341
1038 1313175915665431621
1039 1314877016091629971
1040 1315656957760447651
1041 1315750413716788531
1042 1316015064660362431
1043 1316472472835657941
1044 1321726073150312971
1045 1323430438974586867
1046 1324082530659235591
1047 1329190004855547451
1048 1332453854076056461
1049 1332649636667690221
1050 1332981252245774041
1051 1343793697016815981
1052 1345978701913432831
1053 1346418858219566011
1054 1346563084625131591
1055 1347526100955662707
1056 1350478425868703881
1057 1350561586765838869
1058 1351666329961807411
1059 1352314256056292101
1060 1361066439405517711
1061 1364666247772481821
1062 1371319872413655121
1063 1376227930765358551
1064 1376687100862727821
1065 1378365002754038851
1066 1378531428869193271
1067 1381232498019795301
1068 1389297131017780921
1069 1392115150785299851
1070 1392246353695395001
1071 1395767399433611371
1072 1399582191344777371
1073 1401424563428222521
1074 1403196401584677181
1075 1405297632207101821
1076 1411500423895044601
1077 1413163081070169001
1078 1416473421841260901
1079 1420418987489890891
1080 1423348472868741091
1081 1431277384437835801
1082 1460868425501824051
1083 1465363168725576121
1084 1466945872043191681
1085 1467480612451137241
1086 1469002285399043821
1087 1474726561338784711
1088 1482207256812842881
1089 1487536340672901091
1090 1488900476055742891
1091 1492460005978785031
1092 1492610633845101091
1093 1499725290549705451
1094 1503768298731389671
1095 1505620761393352561
1096 1510211313451631701
1097 1512352571341869991
1098 1512469640442036571
1099 1525215751194118171
1100 1529090107646191411
1101 1531426957415328091
1102 1533802246541750611
1103 1538523181719877471
1104 1545317681179245931
1105 1555943476955181481
1106 1557709811098875391
1107 1561203673488539401
1108 1566395434657627741
1109 1567519975834826971
1110 1568167741869625261
1111 1569599026905788551
1112 1569827976432160831
1113 1573394836839389521
1114 1575328556673266821
1115 1579663313859966271
1116 1593096279123464641
1117 1596671865233865421
1118 1601657115375850651
1119 1605396872959368061
1120 1608876554617101001
1121 1610245685654952271
1122 1613956588614965461
1123 1618613048914407841
1124 1622356124583756871
1125 1626739210921485571
1126 1627367280581970661
1127 1628034667805273461
1128 1632368265604301161
1129 1635656667517406491
1130 1636776015077247001
1131 1640147907421769341
1132 1642644552987397891
1133 1650630406847467471
1134 1652968049697658861
1135 1658344722776882071
1136 1666259620192550461
1137 1666373111074399531
1138 1667162019730220131
1139 1687868788771710931
1140 1688505902482532251
1141 1691945776912325551
1142 1699597356151142251
1143 1707010110739734121
1144 1709552824110531721
1145 1710248868461707531
1146 1713467841851000101
1147 1714862155071606451
1148 1719330994908335971
1149 1719558023710051141
1150 1720589571825566191
1151 1724488813357710331
1152 1744103098585896721
1153 1745443420563195541
1154 1745947835577405781
1155 1747507567118725201
1156 1757437123324585921
1157 1760266936409160661
1158 1771338458138628091
1159 1781482977214846291
1160 1796318581094332231
1161 1797587271096803371
1162 1799881355473697791
1163 1811248821367029211
1164 1811899743441911311
1165 1816202997266969191
1166 1818773384216198731
1167 1825032523050290101
1168 1825803772653451501
1169 1826800374270075751
1170 1833104300978570101
1171 1836003435689668771
1172 1839886852699953301
1173 1840980329942757121
1174 1841746586943164971
1175 1844673087957421261
1176 1852286886024953881
1177 1866254943645081541
1178 1873348485831626761
1179 1875942130196552221
1180 1878110909697288631
1181 1885370475768310441
1182 1898250975683431081
1183 1902894400624368061
1184 1908982420319169061
1185 1911283997074867351
1186 1913752459745823061
1187 1919893290682707661
1188 1920084867737809081
1189 1920800630247288931
1190 1921335825466822381
1191 1924350823211084071
1192 1924997881424062831
1193 1943341047343434451
1194 1943560100955482491
1195 1945287753733673581
1196 1956177609496281151
1197 1956586704848914711
1198 1958044934538326731
1199 1960785657998292061
1200 1963435592497060327
1201 1965311887853542801
1202 1965614700131260681
1203 1967580633054900961
1204 1968541688333796001
1205 1968588930717402181
1206 1969377903968268961
1207 1971279531955741741
1208 1977602802926521651
1209 1977725565911009851
1210 1980138631601508181
1211 1989768313132065061
1212 1994001234969701761
1213 1994100203595399901
1214 1994925859637875261
1215 1997419357579207927
1216 1998707895475573591
1217 1999462910265045091
1218 2003533369005451471
1219 2012450610285057259
1220 2022498874138837051
1221 2027975023224320101
1222 2029494374051943511
1223 2032386506715213151
1224 2034351510943245451
1225 2035884161608897741
1226 2036454197479581361
1227 2041528062225920071
1228 2047486153117423591
1229 2047891599505480231
1230 2047894216954107871
1231 2056267651416408751
1232 2059538205371591041
1233 2059809953786959999
1234 2060712111604671391
1235 2064146788994726731
1236 2064922425693591631
1237 2065811068912546381
1238 2067072224863464391
1239 2069264103316836721
1240 2070768272622589021
1241 2072352277873994971
1242 2072447726426905561
1243 2073168025277439247
1244 2073323861295925951
1245 2078861871438155761
1246 2081956837027527391
1247 2087498549387745661
1248 2088599293024169311
1249 2097532120156948411
1250 2100359956854159001
1251 2114329709303625361
1252 2114564043307259641
1253 2131081505152385311
1254 2133101900713969051
1255 2137548305133361441
1256 2140638405903188101
1257 2153916387875172061
1258 2159616708807518281
1259 2160809384089634851
1260 2162819916025143241
1261 2164894930989050581
1262 2189958650899073671
1263 2202310950116053141
1264 2208629703853460131
1265 2210275836186233341
1266 2211097803341781451
1267 2213365664645505691
1268 2213848384362228781
1269 2218429262177878231
1270 2222776262538640381
1271 2223401568351869551
1272 2224781000665320901
1273 2227889386012894771
1274 2229153396542894461
1275 2229930631335620401
1276 2231972066106641431
1277 2243317545837707821
1278 2244108643676498311
1279 2248320276978936481
1280 2250327768597440881
1281 2254397804984061031
1282 2255723064560624371
1283 2260453911722017801
1284 2260599598107450151
1285 2260708912853883241
1286 2260840544066098861
1287 2268334643915540131
1288 2268928513646059861
1289 2270419948240423531
1290 2274104822837523271
1291 2281245070817301091
1292 2282359645658110591
1293 2283512496522473581
1294 2285232484116109261
1295 2286558917447072071
1296 2291673038752291291
1297 2294052672592258381
1298 2295233096592925201
1299 2299705981847312611
1300 2301053696907893731
1301 2307175265047131961
1302 2312675919854850691
1303 2315863120080839491
1304 2322295099213280101
1305 2329282209130206331
1306 2335241399346564871
1307 2335580312121864541
1308 2346420293841479281
1309 2368629952328718751
1310 2374688557599880831
1311 2379340759566848881
1312 2382167153794367941
1313 2382964011775154611
1314 2387677750606651621
1315 2389392565962147439
1316 2392211811979373161
1317 2399911825941770461
1318 2401597084235739391
1319 2406855293225366941
1320 2422901106534457051
1321 2426220329238084091
1322 2427881828940653611
1323 2429388071372518369
1324 2430363479941336171
1325 2430884214771147001
1326 2438224497688863661
1327 2438857407037409161
1328 2441251910336599681
1329 2448127074485710351
1330 2448379180842428791
1331 2451547877146250191
1332 2453523264856308511
1333 2456951092129677331
1334 2459224993084304311
1335 2460738837812047141
1336 2460854323532377891
1337 2461886381445228541
1338 2461951214295585361
1339 2469470824177722961
1340 2471459430425878201
1341 2471944354582202641
1342 2474248001611320871
1343 2475192676870591411
1344 2476546652892680971
1345 2478533051142929761
1346 2479737038011571071
1347 2480947864810887781
1348 2482249694071736821
1349 2484226992601384351
1350 2489986567607073151
1351 2494103301036445771
1352 2505218306455537861
1353 2513530526573461921
1354 2519242334989860031
1355 2520133198495516561
1356 2525125499364781501
1357 2525451166755276241
1358 2532024487067123761
1359 2533504066047783331
1360 2545623201909571741
1361 2552029124729318191
1362 2555391428121841861
1363 2567656991186278741
1364 2568789221982583741
1365 2570673650979552691
1366 2578226553025208611
1367 2583079680261107761
1368 2583082419467411611
1369 2588775687811637941
1370 2590741432880720671
1371 2591110114047505051
1372 2594911534206182071
1373 2607283212447141901
1374 2608575877090371901
1375 2609816749736344861
1376 2610482967581804701
1377 2612926874538971131
1378 2616075965137865161
1379 2623841272380543811
1380 2626282395761124421
1381 2626283810453241511
1382 2627824703694461251
1383 2630601405553998241
1384 2635145832929553901
1385 2640286659455808481
1386 2641268864591900761
1387 2642682033659993191
1388 2644122212917757881
1389 2646658974131063641
1390 2655739332458452561
1391 2662744442324273551
1392 2663016524673193261
1393 2664362556522474541
1394 2671873324925043721
1395 2677295984700315691
1396 2690567009615975041
1397 2698541098684019161
1398 2699196008261981941
1399 2703470167538699131
1400 2709844738350542911
1401 2722357544473471771
1402 2724840288909500551
1403 2726253948520762141
1404 2726295885573258571
1405 2728894346665919221
1406 2732322109722704071
1407 2734162205368894621
1408 2736173445628017331
1409 2737925762414361091
1410 2743499282770302421
1411 2745378264659229751
1412 2752945455842164771
1413 2758405197812609731
1414 2759521687869521191
1415 2763778435021858351
1416 2766673057765787101
1417 2772447411942498607
1418 2776321775392413751
1419 2786651336257624261
1420 2799618933255335941
1421 2800692182830853191
1422 2800748532550806571
1423 2807628496413115801
1424 2808643158021011221
1425 2821078598061399061
1426 2825213871653868241
1427 2825804662623536551
1428 2839821019300141171
1429 2849851777176624541
1430 2861818359475736641
1431 2880315060831059641
1432 2896756304849197111
1433 2900433369895904191
1434 2907282588693507571
1435 2925764773944429661
1436 2925912955717115461
1437 2935533233703512191
1438 2936532993576732871
1439 2940339207595703101
1440 2944771594656478819
1441 2947755978977999671
1442 2956458794871585121
1443 2956560362565554611
1444 2963910884628188431
1445 2964012222412714591
1446 2968324103715250519
1447 2974900722077328001
1448 2977684696291995241
1449 2984251693354986151
1450 2990386477515982411
1451 2991330036589983661
1452 3007759174087632061
1453 3012832571307120871
1454 3028638755391537091
1455 3033953220106142431
1456 3043194945732920551
1457 3046697484041673811
1458 3047568172152644281
1459 3056899712971398391
1460 3064418236958493031
1461 3074577178269296251
1462 3080846310802437421
1463 3084989925681002011
1464 3090198902269401547
1465 3094439452453854931
1466 3094901689630248301
1467 3096022434484247941
1468 3098206509579201931
1469 3099813508890597211
1470 3100931921808622651
1471 3103669883426376361
1472 3104459756680621891
1473 3111771563436296641
1474 3116678766232304461
1475 3117815631259469281
1476 3127942127773224511
1477 3135533476346831491
1478 3137492208198292111
1479 3140060187552449041
1480 3143147438634559651
1481 3147338847061639231
1482 3150536585903917531
1483 3150759787452508981
1484 3151402947263524141
1485 3153400548531002317
1486 3164120577583087471
1487 3169776728000671501
1488 3178147961201977861
1489 3179741830894189471
1490 3193687498588930531
1491 3200361217600209781
1492 3203022269835247861
1493 3204946374894378211
1494 3212034953198715811
1495 3212436898573311121
1496 3218906870345209231
1497 3222362745322024081
1498 3225657044279794081
1499 3226795243308276121
1500 3231598063043869231
1501 3232564810464924031
1502 3233842146120946681
1503 3243798735613226701
1504 3254427892096107091
1505 3266443093130208049
1506 3266452238049943291
1507 3280999103521334581
1508 3284844192222818611
1509 3289113248437050901
1510 3291993006285562081
1511 3298997451058964521
1512 3301728498054530641
1513 3315293278992397051
1514 3321053366336003101
1515 3329823289708150171
1516 3332742059131647511
1517 3337432823850066691
1518 3350774211493643101
1519 3365628001951523881
1520 3365978813655013081
1521 3372394567924297441
1522 3378982778913717571
1523 3404714230364755981
1524 3408712702396879681
1525 3409119478933339081
1526 3413161008575041891
1527 3415006638624255541
1528 3416891648480708971
1529 3421569732237427651
1530 3427832807034004921
1531 3428716398590040361
1532 3433631028531148381
1533 3434026963918909861
1534 3434823934048767031
1535 3436495912442248951
1536 3445730444745701461
1537 3446913464361207721
1538 3452730034254219391
1539 3463112114959267681
1540 3469427790118348771
1541 3469442578975893001
1542 3472513691659457311
1543 3477831153728105341
1544 3478310334980294911
1545 3478766211881988271
1546 3478894917230707591
1547 3482579457943435081
1548 3490797564960535831
1549 3515087646485452771
1550 3521652168061577551
1551 3524920648005165961
1552 3528886852583711851
1553 3531104230060540321
1554 3534485330735407621
1555 3534701030995468501
1556 3535707719232548341
1557 3537943579830319141
1558 3548242026068199781
1559 3550708808086111219
1560 3559269380910718021
1561 3561321264018146341
1562 3566150148245328811
1563 3572586075891424381
1564 3578374478148535591
1565 3601843643834048731
1566 3602314645914475471
1567 3604331940284364001
1568 3607300634346868171
1569 3619178457830114731
1570 3619348960325548771
1571 3634645645264649611
1572 3638804244665414761
1573 3639467585834622331
1574 3645324182707197901
1575 3650208793028417941
1576 3659851199720601481
1577 3665251743988288411
1578 3682666259080828501
1579 3690666513284740921
1580 3698318978789439871
1581 3698894262523637911
1582 3714359072921158411
1583 3714965968799273761
1584 3715674276972992881
1585 3716139842079215461
1586 3723990680311167499
1587 3724320030334904911
1588 3727300164461462161
1589 3729790393915040881
1590 3730713283872989191
1591 3733147788125037631
1592 3736978704058639201
1593 3740620235609880811
1594 3742375121404631461
1595 3743590636077726601
1596 3748815960202614211
1597 3755438915195366881
1598 3755985835239336931
1599 3764183123481048841
1600 3778099387936953631
1601 3784695421018816261
1602 3789257052886265281
1603 3789893909820647341
1604 3803639894510298961
1605 3803681971060452391
1606 3812595928427516371
1607 3817019947874086141
1608 3822210918103667251
1609 3827480641674551611
1610 3840654946954514401
1611 3841075728549229171
1612 3860651804652317611
1613 3863074819646677501
1614 3866361125923110361
1615 3873234650983260751
1616 3873631032746818561
1617 3881450727207982501
1618 3885652861279182181
1619 3894403315746727951
1620 3897002577119522191
1621 3903555116184033631
1622 3904190335742556091
1623 3905464051603307311
1624 3908962704679587421
1625 3911527356679669021
1626 3915830379837315871
1627 3918870113187691411
1628 3925661566249932991
1629 3925684215906296941
1630 3930541893402274471
1631 3937837629723250441
1632 3944075922341197831
1633 3951733659782129131
1634 3958422097884085621
1635 3959582537153400961
1636 3959833670984789401
1637 3963694656116659561
1638 3965486618721727261
1639 3972104329094564851
1640 3972654790483798651
1641 3981686007311216371
1642 3984183130371658171
1643 3989758104357344551
1644 3990586307839141891
1645 3993923657695537861
1646 3998639487288382231
1647 3999879465442169791
1648 4007132229718361701
1649 4013109116153006101
1650 4013601700297328371
1651 4014975932494325371
1652 4017116455190275681
1653 4027502766593611171
1654 4030709296480495861
1655 4037712288876920611
1656 4038515812201184029
1657 4041758214892273261
1658 4042014448485866161
1659 4062477365878385551
1660 4065278788131685291
1661 4071847938513789391
1662 4089955873760952061
1663 4097487130639777741
1664 4097830956185314921
1665 4112273443184460511
1666 4113691106120318911
1667 4118500721525629921
1668 4118554375262166841
1669 4119258823871565541
1670 4120456102854031921
1671 4121303246952309991
1672 4126644393507240541
1673 4127535244608282751
1674 4130245039528642201
1675 4130481083213005501
1676 4131218657584856641
1677 4134919435734486631
1678 4135286214914954581
1679 4140347128040424211
1680 4141865250916441567
1681 4154097992579414881
1682 4166788760901241861
1683 4183893850061926981
1684 4186303820827891267
1685 4188628189747196581
1686 4196470772825329501
1687 4202949366011840401
1688 4206119434698864871
1689 4208378958170937871
1690 4216137915784268431
1691 4221695165271779131
1692 4233646245584733781
1693 4239756210430528591
1694 4248325993804761541
1695 4280008572000309721
1696 4289213705815778881
1697 4299021177217555501
1698 4299168563306309881
1699 4303821573306493741
1700 4310371257105348301
1701 4329561042088607191
1702 4338088942012686001
1703 4338172579372451821
1704 4339304706796478971
1705 4341351916151940241
1706 4344330623724536971
1707 4348826043281714161
1708 4357642667075385421
1709 4359969865690486291
1710 4361265520499881951
1711 4362321127516855621
1712 4369685885940275041
1713 4373165871876021361
1714 4376756819094440761
1715 4384451968228186021
1716 4387295225111567341
1717 4389231883408667821
1718 4397520100372338421
1719 4404282431767248031
1720 4406905742630494291
1721 4409717336951100271
1722 4416917108690026081
1723 4426377989895929311
1724 4439530480496845831
1725 4440824674929220381
1726 4449767868269019661
1727 4457594398497636691
1728 4458646764857474671
1729 4459462148922141241
1730 4466196370406639371
1731 4469171547795359341
1732 4469571318559387951
1733 4471269466999064281
1734 4483788451614536161
1735 4503388261233120811
1736 4506630739404392311
1737 4513422546621978541
1738 4519904842240714291
1739 4547560324309200001
1740 4551332123936477881
1741 4552047292987325881
1742 4555703478915213241
1743 4563811646716479961
1744 4573346782161732961
1745 4591337266787870311
1746 4593689871952994161
1747 4596474954166674151
1748 4600144031597094961
1749 4601167526760178471
1750 4620634136109256201
1751 4624957286019182461
1752 4630122778361695231
1753 4631410106552782741
1754 4635537274789341901
1755 4640978756117905951
1756 4656354163672711051
1757 4671842960543026981
1758 4693516843932063391
1759 4698017747659394731
1760 4700519642432942131
1761 4720472434346873371
1762 4733061290577556231
1763 4733246686870967131
1764 4737390562895149711
1765 4737629969865596971
1766 4760295010350813121
1767 4761601124343712321
1768 4772554672328502541
1769 4782471496641096061
1770 4782486950869852321
1771 4791515211867554101
1772 4796526144599469211
1773 4807205230843329481
1774 4813071546659597971
1775 4827910771556711551
1776 4830449844947965741
1777 4831741333307797411
1778 4834788138763687201
1779 4837532904189448651
1780 4841114382508035421
1781 4844346851779309741
1782 4849118031288577411
1783 4856088344680857241
1784 4857756233061813061
1785 4858078282284366691
1786 4858581671640427711
1787 4867042218691680271
1788 4883534979869154841
1789 4889791084007328211
1790 4894599667234391281
1791 4910883011032497661
1792 4922784316738051861
1793 4923894749269751851
1794 4930402228124442301
1795 4933769163968663731
1796 4937177797556754751
1797 4939284424569759361
1798 4945475268926420941
1799 4953034478404068421
1800 4955652508413592411
1801 4962009624931022761
1802 4973929852738736821
1803 4985406881497548871
1804 4988823647109252931
1805 4998090800316249931
1806 5009587838774079541
1807 5014489862059197001
1808 5014595515439610031
1809 5019537333864316381
1810 5024318990303825521
1811 5029519260019971961
1812 5031396998484465841
1813 5068573328928538981
1814 5082454165807648771
1815 5091693494945572381
1816 5097154683308043721
1817 5102445835384343041
1818 5106826319452479931
1819 5137697989732078681
1820 5143444301360579839
1821 5144918998157264929
1822 5145946360848763021
1823 5148332387835937621
1824 5149658144944389931
1825 5160073367948737951
1826 5164007129101945741
1827 5179513172004536791
1828 5182805493052286581
1829 5183679394583945641
1830 5185846106023225831
1831 5191599348810305341
1832 5197210502398728001
1833 5204154406486540891
1834 5222353518274257301
1835 5226191583819869011
1836 5227741746655919401
1837 5228871416609059771
1838 5233516369188985681
1839 5240295679697938411
1840 5249618741334489871
1841 5273551525762971331
1842 5277707833120525921
1843 5294881349576992291
1844 5306550205152098251
1845 5311437989739957601
1846 5317377982336450171
1847 5317861109033122651
1848 5319822023478699031
1849 5348554315784801101
1850 5349396892680570661
1851 5363940538326450961
1852 5365138170774466951
1853 5373948181709342761
1854 5388808648222984921
1855 5389357832253943351
1856 5397209753734252621
1857 5397584850469402501
1858 5414359282215705229
1859 5415943214990067241
1860 5435473860043024531
1861 5445844820563077811
1862 5452109510684225101
1863 5455215875137222291
1864 5458781629835051251
1865 5466136859699080951
1866 5473935954398694901
1867 5475037544767628641
1868 5505453229198822381
1869 5507425989701665261
1870 5513400856176847801
1871 5529152806516408621
1872 5536526228056894951
1873 5537573840295507331
1874 5544697644111369577
1875 5548372167887160361
1876 5548471553300529631
1877 5554496068701678811
1878 5575379993377301911
1879 5585143643023680121
1880 5585989621037935591
1881 5594811805792425511
1882 5595995604866564701
1883 5606292726096647521
1884 5616204662604804841
1885 5624074169151247951
1886 5627262169458127771
1887 5652653801957875831
1888 5665567159566943201
1889 5667534355596270961
1890 5669660755959449731
1891 5673804843940948651
1892 5678266429365960751
1893 5683380739923186301
1894 5696132687042822191
1895 5697470136259466431
1896 5698439424969499531
1897 5703119812486960081
1898 5705184466222290601
1899 5721894826443943951
1900 5761912297292576041
1901 5763253354833473071
1902 5763277804462271281
1903 5786006913670013911
1904 5795596630604411611
1905 5802230231978805451
1906 5803267732305133021
1907 5807574055992482731
1908 5814380190139901701
1909 5817735972940329241
1910 5820842593786380481
1911 5849749351891434541
1912 5852679465229116661
1913 5860057870160182921
1914 5866083468121422841
1915 5874542179176560371
1916 5880369173894433931
1917 5906583963439778191
1918 5916612175336056151
1919 5916923608495687591
1920 5918289764406801571
1921 5936369604340978111
1922 5940967583735012401
1923 5949991130178035851
1924 5955619043668885471
1925 5956407914606471071
1926 5958600511594540291
1927 5959353352298357761
1928 5975969238396188011
1929 6004989246964322551
1930 6018815380738435141
1931 6023318768072521441
1932 6023841637305246691
1933 6063151701758017231
1934 6083348749833694051
1935 6094081617773294011
1936 6101611528308751321
1937 6102891526051237651
1938 6112079202888726871
1939 6118244387532081421
1940 6120801936193770211
1941 6128953952339914291
1942 6131855378439728671
1943 6136363161953559151
1944 6140419976346074971
1945 6143036245846362211
1946 6169097946975343381
1947 6172847357230835191
1948 6176923379254321339
1949 6202894412216371351
1950 6208609482669769561
1951 6235787152144916731
1952 6242809967178028201
1953 6250817170255107451
1954 6251737502880093841
1955 6268949012993798011
1956 6296030272036828441
1957 6305530200488559361
1958 6308556124880564491
1959 6308923753409721541
1960 6309992348833372681
1961 6316093553720621551
1962 6318528487215434041
1963 6335026009017163327
1964 6340584483854289241
1965 6343539759468158101
1966 6345093465769952011
1967 6358701202054226551
1968 6370479728169455611
1969 6381385151031294571
1970 6383671416571002511
1971 6389820634473915211
1972 6390157417317120301
1973 6394185943851784651
1974 6412745348418048121
1975 6426397366038269761
1976 6441589395645191521
1977 6442425435432150121
1978 6442443899820648271
1979 6446704077568505731
1980 6449654418668194831
1981 6458249719814461141
1982 6463782225951508261
1983 6471358287131117701
1984 6474606302183318011
1985 6483438683546475631
1986 6493849747204302601
1987 6503854541477719021
1988 6505793125380406591
1989 6506186496496546411
1990 6515198586041084941
1991 6527624621685066451
1992 6532946525291946241
1993 6541562470506908011
1994 6543698070412640941
1995 6562117484945575741
1996 6574495324451153581
1997 6576002546982202501
1998 6587886763492644931
1999 6596833525167954781
2000 6599670753053079451
2001 6600622291545216871
2002 6603705811493731081
2003 6620079131203871521
2004 6622574747064226831
2005 6624391747662507391
2006 6632020219378584031
2007 6647935649721184321
2008 6652963359544050121
2009 6681234241215309301
2010 6682956643664344231
2011 6688257305829304591
2012 6689301111856063681
2013 6689800090443235291
2014 6691361870688527341
2015 6712454213558824051
2016 6720085255045291681
2017 6727810231798424341
2018 6729750634619992531
2019 6741272540132847961
2020 6754833222126910801
2021 6770942656480447447
2022 6789089220212900119
2023 6801149217719305021
2024 6803676452753885641
2025 6828555861306798331
2026 6835408552537190221
2027 6837556368856478791
2028 6844540923614799271
2029 6850897312251440251
2030 6889108180739730541
2031 6893387483536973971
2032 6910197695457900061
2033 6913481224754309071
2034 6918595334658955681
2035 6919444826644340971
2036 6924497696745246421
2037 6930205486756634431
2038 6935253963683629681
2039 6942609256575126751
2040 6953074301478105121
2041 6956399357335471231
2042 6967075029304771291
2043 6968873064054583471
2044 6971542123792590511
2045 6982719967999522111
2046 6983585031910822861
2047 6997831958239297111
2048 6998951334531576421
2049 7012031208806724031
2050 7012075129315768261
2051 7014571999732806991
2052 7017734209739981461
2053 7028830534939011511
2054 7066482274446496651
2055 7069503192829633921
2056 7084652210921055091
2057 7090568518325098171
2058 7095993415645780171
2059 7101308615194807201
2060 7122395722316661151
2061 7124563194849259711
2062 7140359877776035891
2063 7145165852194463281
2064 7150318246512654331
2065 7154216477582514661
2066 7156105553406864151
2067 7160986013683946401
2068 7167448138711725031
2069 7183622051150209531
2070 7183801541812381081
2071 7184725658960704021
2072 7189507638619425601
2073 7196319049026985681
2074 7225033790550956521
2075 7228031410570244371
2076 7242016405562910721
2077 7251453885457081441
2078 7257031685099597311
2079 7273789610013570601
2080 7285257470003686291
2081 7291266477836891101
2082 7295102000862432121
2083 7295494299041726581
2084 7299719976285537121
2085 7317817292318617951
2086 7322568660917255131
2087 7324867407329930191
2088 7329238877891555491
2089 7333338104820799051
2090 7347864684701690701
2091 7388575711813746001
2092 7389546355110339421
2093 7397214869439638431
2094 7397917549180319701
2095 7409424193844338051
2096 7427751392622328501
2097 7429896737975685931
2098 7441487749550437771
2099 7444945060076713741
2100 7445935165751552791
2101 7446934072024176211
2102 7457483051742102931
2103 7459654825554627991
2104 7473559165151865211
2105 7482210781585282861
2106 7486481767422889141
2107 7497120742711193551
2108 7503772614592747681
2109 7517614956590572021
2110 7533671171989661371
2111 7536305451477662791
2112 7549766902556611081
2113 7555377357510012031
2114 7565564917540533091
2115 7585544912166811141
2116 7590318153264951271
2117 7600475766974983957
2118 7610042033069480941
2119 7657264357831152931
2120 7658968152393274081
2121 7661661986192713981
2122 7668191556134104381
2123 7670691288817252081
2124 7672452996589034611
2125 7698177289349482531
2126 7703349950724287341
2127 7715917678465410511
2128 7718122140413380291
2129 7736074288792048681
2130 7736281281082177777
2131 7743376823086428691
2132 7747862745503585641
2133 7748507367350067991
2134 7758253899568960591
2135 7768764520449271891
2136 7772138145917238871
2137 7803748809283528891
2138 7809889630403457841
2139 7816356016373646127
2140 7822090508502249211
2141 7850903631272531971
2142 7851677575648683379
2143 7857109582257015961
2144 7859030427696591361
2145 7860566433947271001
2146 7887846764261404261
2147 7892890052191960411
2148 7903400062810338451
2149 7918744083102197281
2150 7924122423062461141
2151 7944591412520753971
2152 7947991277855046991
2153 7960357158421970017
2154 7976926073698150141
2155 8004642737936025091
2156 8005798764623464741
2157 8016834085160719531
2158 8030942292338008231
2159 8040236665260562981
2160 8040847247672295421
2161 8045074221574064611
2162 8066188562989660291
2163 8081360730272466001
2164 8103321209201231971
2165 8103492910313785921
2166 8122170190285410811
2167 8131469181038997751
2168 8145546282182798161
2169 8195746989619547161
2170 8196252769757733661
2171 8207008752811641961
2172 8211419732003997991
2173 8222823971629547281
2174 8231130253052260651
2175 8235092609037408211
2176 8238505865843479591
2177 8252871717988831891
2178 8253096824849995621
2179 8284763530266802291
2180 8308636477704908731
2181 8312153027790380341
2182 8319917476407270691
2183 8326635698790326161
2184 8328073764005740291
2185 8330391932101053751
2186 8346049920149379241
2187 8348958189725888671
2188 8359608231020721541
2189 8360001974920539901
2190 8363630359850040871
2191 8370140826734470561
2192 8370900195411308101
2193 8373535522375810081
2194 8388972715973586031
2195 8391986115361292611
2196 8405750929469394601
2197 8413442677851005341
2198 8415582424491363031
2199 8416146195639697381
2200 8417926751116477981
2201 8420092398671015371
2202 8440247408798634001
2203 8444702499430856371
2204 8459015895494859241
2205 8464768279698318391
2206 8465669205314781601
2207 8500453529600685001
2208 8530439898883182601
2209 8564898860217958831
2210 8584520521364226151
2211 8588521957264805851
2212 8612317023697260061
2213 8625977749428755101
2214 8628315176874945901
2215 8643322345019851201
2216 8654205162192402931
2217 8658430010123833171
2218 8682991182424724761
2219 8690851413447376951
2220 8692649394905905981
2221 8703623181460246201
2222 8707095874932182461
2223 8707218659600358631
2224 8708667363253923451
2225 8717728357530907651
2226 8728804664548273171
2227 8729200745450002621
2228 8731723592516222101
2229 8731794714081603331
2230 8732329670544259921
2231 8736266495879650531
2232 8745827047026759241
2233 8746796286201151681
2234 8773055240319670621
2235 8776456290658064581
2236 8785024759952684431
2237 8791755615511723021
2238 8803802018073129871
2239 8804141923245095527
2240 8817419177811262591
2241 8828570102647224481
2242 8872956992555348041
2243 8882308689055894441
2244 8882920094681747071
2245 8887889056632225121
2246 8891002908867906121
2247 8905245612082670551
2248 8909432689347966301
2249 8915253670768288801
2250 8932432665571387267
2251 8952452419040554381
2252 8979217975525204651
2253 9010987196625843001
2254 9042700766439670651
2255 9053595570282252991
2256 9057697981948986301
2257 9065132725285635571
2258 9065394933395785081
2259 9078465835261666801
2260 9091601052588924421
2261 9092205330058459111
2262 9096688715742183151
2263 9101577772878451771
2264 9126456042067298101
2265 9139086168292118611
2266 9145412237654839441
2267 9155411387638637911
2268 9157945812975297529
2269 9160021934697883537
2270 9167706082826499781
2271 9194644544551651051
2272 9198840437436874771
2273 9199456463582850991
2274 9205606508315081731
2275 9213378022876216741
2276 9218085669165936751
2277 9220264174799304871
2278 9236522104538579761
2279 9236981214193204261
2280 9243952137569145361
2281 9253533452438880541
2282 9260239657350366301
2283 9278970921327025591
2284 9285189156806798101
2285 9286641590004633721
2286 9290177382905081851
2287 9297205611078821731
2288 9297505504079234191
2289 9300670646068652761
2290 9302647913025010321
2291 9319937658532829131
2292 9321243428726430181
2293 9323438024129517091
2294 9328489709860282711
2295 9340956697854020401
2296 9344105210502273961
2297 9355373174185125331
2298 9355625687685141031
2299 9356931412308504121
2300 9389741708003110411
2301 9394468072836870211
2302 9405685015510581601
2303 9413539747810039591
2304 9417792430565117311
2305 9444815673005797951
2306 9454342133184579541
2307 9462069590648010631
2308 9479885631896655361
2309 9481558524897247501
2310 9486077353534591291
2311 9487870000506998101
2312 9498276355495410601
2313 9523441517548577191
2314 9535109213326986841
2315 9537421272024359671
2316 9542775987786545281
2317 9550773174044380081
2318 9558215424251669041
2319 9561085422268094581
2320 9569417796754194931
2321 9576020858976264811
2322 9585596898984555931
2323 9585687762007250671
2324 9609432296502332461
2325 9620010809932486921
2326 9627814692694086391
2327 9633833380012434781
2328 9635254233678320431
2329 9657339796629083131
2330 9662478807029102011
2331 9703668847804690471
2332 9710876234731482721
2333 9716499177576882571
2334 9721447692200633941
2335 9730141914161116891
2336 9735115942579435981
2337 9737885250161428681
2338 9738832093472696311
2339 9751062558061902811
2340 9765609729442300831
2341 9781219216170501331
2342 9804568828511525641
2343 9813812679001079251
2344 9836428006906494181
2345 9841817618777235841
2346 9863227637822513821
2347 9888255176431119991
2348 9888666938916484291
2349 9906513504679036771
2350 9911908669785601711
2351 9916193919379227031
2352 9924028738526877841
2353 9926403060729538501
2354 9937576531536731881
2355 9941853431984442541
2356 9957593512339222231
2357 9959043698058730141
2358 9969025885608657601
2359 9970937103694782811
2360 9987701740235002741
2361 10037080536107002951
2362 10040468724912293401
2363 10042986035303891221
2364 10063247305913921671
2365 10070392415832809971
2366 10075945626757995601
2367 10080580169040736951
2368 10097078061800164051
2369 10100453373758476441
2370 10105815058404744391
2371 10107572690867891791
2372 10108516325026457911
2373 10112387271861774451
2374 10113622625459773741
2375 10121250439847250871
2376 10125657421217903431
2377 10135000297392639901
2378 10147373813687492131
2379 10149405877455298621
2380 10151313646724901631
2381 10160264874690075571
2382 10162476330821214541
2383 10163392044017745721
2384 10178240037302961721
2385 10203369864590261911
2386 10223512410108345151
2387 10223812665872090221
2388 10233349774143139741
2389 10249995447502704991
2390 10251081862964225929
2391 10255578516961627081
2392 10257714581079818971
2393 10260156450013354051
2394 10265362568526251551
2395 10289984314260443599
2396 10310068581090853441
2397 10321103844037861741
2398 10341965774956619971
2399 10352259989246817991
2400 10360537341782866741
2401 10380004517935737301
2402 10383122724515225551
2403 10389498952735055341
2404 10455193309529680501
2405 10457428699838157841
2406 10459347723655433791
2407 10484186012841074491
2408 10511509053785003221
2409 10512298706362968451
2410 10525112769107455231
2411 10526997396185584411
2412 10536464216943058561
2413 10536920296616737801
2414 10539842004410514391
2415 10548194672840780551
2416 10551979974149603221
2417 10582015027747388161
2418 10594444338677729851
2419 10596975488358898351
2420 10599779374340656501
2421 10604663614524084631
2422 10609724324142452671
2423 10626709263254290501
2424 10647528362026295221
2425 10649517654423025951
2426 10656534089081719411
2427 10666892266563329161
2428 10678748888917783771
2429 10680259634233183861
2430 10708195254001174861
2431 10715747528935744681
2432 10726087072600158811
2433 10726825520200719931
2434 10741140003237664021
2435 10759379739882477871
2436 10769890368579717241
2437 10770213822429885991
2438 10771602641942796751
2439 10809789128006568841
2440 10810614781092510931
2441 10816093546294862827
2442 10834462426233249901
2443 10838885848578197551
2444 10849419484217829451
2445 10855549005038736571
2446 10881546103395071971
2447 10882957029980450941
2448 10883101158352153051
2449 10891829491237294921
2450 10928079559830882919
2451 10937935589823836761
2452 10941000096347610451
2453 10961257606406594731
2454 10982863216480477111
2455 10995350211383447911
2456 11013301590631113871
2457 11019697184658183811
2458 11025372872743809061
2459 11032084835659827421
2460 11034060069344625601
2461 11036949731054405731
2462 11057460186511466461
2463 11062307721972894631
2464 11102827255371910561
2465 11107995061725529771
2466 11132088555154791391
2467 11148473743046631781
2468 11152374275345347981
2469 11152520037995320081
2470 11165815374063759121
2471 11180752765751822371
2472 11194184663321889781
2473 11213861455651524811
2474 11216343448215549421
2475 11229269448217660981
2476 11234821333892805811
2477 11235052489043018161
2478 11262518338473555931
2479 11269943317858234561
2480 11277364462089438901
2481 11279359249952147311
2482 11291881481806014571
2483 11298886458469900291
2484 11305184268716610061
2485 11306122836672021931
2486 11313848807559848101
2487 11341449942991962751
2488 11354384077156535281
2489 11358071791715622931
2490 11366163080356146841
2491 11376117649994035651
2492 11377258120238545471
2493 11382058985306691991
2494 11385242030699405581
2495 11394539855946083131
2496 11396332517292493681
2497 11420524980255094801
2498 11426236351936245391
2499 11459203054429375111
2500 11463840879120581701
2501 11468602820388488641
2502 11470260652762468801
2503 11474648517550667161
2504 11475338509738143361
2505 11501219169368298301
2506 11506619730803853181
2507 11521879948647598081
2508 11525757055528398031
2509 11545827531946708141
2510 11547433444042455511
2511 11590474684368265981
2512 11593830402431486761
2513 11605170830290471531
2514 11613110062500394951
2515 11630948314775195701
2516 11632888496207244631
2517 11643502456881579241
2518 11650501425893015071
2519 11686133171410226101
2520 11689843809746539681
2521 11700570453072860071
2522 11711686824612990151
2523 11744038341411019741
2524 11744979994128581521
2525 11756041896440769661
2526 11759552071059229681
2527 11760355354095381151
2528 11783835016457628991
2529 11847958200436787911
2530 11854814243649643561
2531 11894673425372712841
2532 11914581756179471851
2533 11916984416511507451
2534 11924567500012723081
2535 11926333907462032771
2536 12001384222915887031
2537 12001992089668581001
2538 12002138262244960831
2539 12016830480220690081
2540 12077247203695785091
2541 12077315957102307661
2542 12086901410203815721
2543 12098962338173460301
2544 12112078990033607521
2545 12118700180230562491
2546 12119470052043336331
2547 12123540359663423011
2548 12125341128708147661
2549 12129756263641143931
2550 12190121303981811331
2551 12203664678767611981
2552 12229681058330271061
2553 12235105472389679041
2554 12257811493161238621
2555 12260132216747459911
2556 12280889816995730659
2557 12302477168456254261
2558 12317293081977589231
2559 12388108104937098631
2560 12389267493442084111
2561 12395657393735915011
2562 12396970083723068941
2563 12398550848480591341
2564 12399270276179716411
2565 12400011828180684511
2566 12400879732736828521
2567 12478648797458597161
2568 12494896375533156451
2569 12497350383633617851
2570 12503998576071977071
2571 12510700144628737801
2572 12527076220569199771
2573 12531672052753047151
2574 12578153806197567391
2575 12583330539928370011
2576 12595478738512624051
2577 12610752828961466341
2578 12615679357373570281
2579 12627177839502517201
2580 12630439452724822231
2581 12632818085624580031
2582 12633058916222790571
2583 12655646610622750351
2584 12658282145195246881
2585 12669167334400736641
2586 12676491107568318031
2587 12679397170882165891
2588 12682829252903053021
2589 12704731047087959431
2590 12741811191945704581
2591 12791407046047568611
2592 12814582811558891551
2593 12817234694023097911
2594 12825372119537191171
2595 12843364885298126731
2596 12847327161684738841
2597 12867858984900575251
2598 12896047836465037411
2599 12902443763300916691
2600 12919832898178995361
2601 12921404813932555921
2602 12925965853227866011
2603 12927423056797395511
2604 12928861509361825831
2605 12950894442842917441
2606 12981477174183740587
2607 13028342506289690131
2608 13030964493887985511
2609 13033087305671386171
2610 13049387811694478341
2611 13063503174531045601
2612 13070147878693823161
2613 13079758188600147001
2614 13099606114260566119
2615 13129505075981463721
2616 13129579785913457161
2617 13140857849436515911
2618 13163633918144865751
2619 13169865795755933221
2620 13180203872397074701
2621 13194120263637883711
2622 13196318839998344191
2623 13199558902913614981
2624 13236832861359482971
2625 13240300087699623667
2626 13252036748175623971
2627 13267700423886387961
2628 13283738631529051981
2629 13319149634762900641
2630 13322545847598833371
2631 13332715074796680751
2632 13334954216436739801
2633 13347259512513125431
2634 13352907534230341141
2635 13355310520111683241
2636 13360124968473788371
2637 13361826770284229971
2638 13369050757580515801
2639 13380881582072817931
2640 13393894062762191551
2641 13397452096677659011
2642 13400879581568583061
2643 13404237496243019791
2644 13410241397065868881
2645 13420344895482403591
2646 13426783465220163541
2647 13437006104161247341
2648 13439467126394132041
2649 13451091834337567411
2650 13473568041140773567
2651 13482737105153005621
2652 13483775822527733911
2653 13496278065158827651
2654 13521631323374184331
2655 13529214723861952051
2656 13532935195316552401
2657 13540290024851613211
2658 13543868979213299971
2659 13548597332177791981
2660 13569839576548234531
2661 13575034230554395171
2662 13579270784006462401
2663 13590588757108659661
2664 13600054151818828651
2665 13645417364251932421
2666 13689890343917916841
2667 13693636379187410941
2668 13699667966451402361
2669 13715356216305480031
2670 13725115822551021391
2671 13729099405546513561
2672 13746576087004595701
2673 13759540320270158581
2674 13794596009631892981
2675 13794655296437789941
2676 13814256255910113121
2677 13841128032621373441
2678 13863370766954322781
2679 13869159100345503121
2680 13885636625652010381
2681 13887195749939104711
2682 13894056626724996511
2683 13912572122661356101
2684 13927030540283703151
2685 13947662187076442761
2686 13951360410302286721
2687 13955213635676287591
2688 13960918907766336871
2689 13980313524371597521
2690 13994114928024849421
2691 14008338858317592361
2692 14030144668845748561
2693 14048777701189185571
2694 14048980408775530021
2695 14063950531949597761
2696 14088136747756323601
2697 14111675539339402891
2698 14123718584917198501
2699 14130384491168657461
2700 14134817945669785321
2701 14145094762740562531
2702 14150231209778423761
2703 14217079840065997831
2704 14250208663169798551
2705 14263675709029894951
2706 14289818973912916531
2707 14313164338089142051
2708 14339572328290607971
2709 14342154958513932031
2710 14346719916040583821
2711 14398975977218181901
2712 14409779934721494541
2713 14469616464262659631
2714 14474880289716444331
2715 14489212458233599381
2716 14509159023988145761
2717 14510089924813758871
2718 14526473850742887991
2719 14542299667031625721
2720 14578660111943907211
2721 14607114161286875941
2722 14617350805546692391
2723 14618285329572686551
2724 14645429587382032921
2725 14650087262481219121
2726 14657293990071883291
2727 14662204089694564591
2728 14680054649840605621
2729 14680141452463732111
2730 14696816135613796351
2731 14712107663007273091
2732 14736320482276004401
2733 14751045164394726991
2734 14779592393332361461
2735 14784219405629455531
2736 14795972787771743371
2737 14808725294413207621
2738 14830796700863646691
2739 14831306580044318461
2740 14832652158866091871
2741 14841536271470138551
2742 14847370258424073691
2743 14852858385065144611
2744 14854989192018999211
2745 14855002650232807411
2746 14861264745429454141
2747 14867499950193625351
2748 14869759883669228341
2749 14889201535128812641
2750 14899116620111721241
2751 14904146493490410451
2752 14922533891687134021
2753 14928255767326825111
2754 14941010233597560421
2755 14981954768340389761
2756 15007707038219724739
2757 15010821251955140401
2758 15034791359115675841
2759 15036827581544202211
2760 15053277938033665261
2761 15083811937307584381
2762 15098979568607484031
2763 15099023097513744391
2764 15110820379221691741
2765 15111156489381702301
2766 15113376849437306581
2767 15115582827163103881
2768 15132786084411116911
2769 15142714800513669601
2770 15145953428263987561
2771 15170654089820437921
2772 15178599250345249291
2773 15190475283577804531
2774 15196820487419686051
2775 15205281469450301461
2776 15208257675725158981
2777 15209522165232494581
2778 15217104530633450311
2779 15253451992263284941
2780 15257256933707427211
2781 15265384714987145311
2782 15269149560986060221
2783 15275094443974094731
2784 15283488616199252611
2785 15330444027889176481
2786 15335124728429295721
2787 15338919328677493051
2788 15344452937653549711
2789 15352538756898803011
2790 15358795368716912461
2791 15360469487911632181
2792 15363029880704835811
2793 15366901423831376131
2794 15373099026204702901
2795 15375258025891963681
2796 15394684574839267381
2797 15397737997468865611
2798 15398015135204917081
2799 15405052072035996511
2800 15408348165756069481
2801 15433817680814785561
2802 15435352981361895331
2803 15447858863885163241
2804 15473545284287083951
2805 15477766637641947211
2806 15484309777188086701
2807 15499462356886086811
2808 15500711072294957671
2809 15516974167001773831
2810 15531231847552933861
2811 15550422097917386821
2812 15562779515697122281
2813 15569209379303584171
2814 15569619439879129171
2815 15571365702293430511
2816 15573877171875567931
2817 15585460274751286921
2818 15588102094062153259
2819 15604023870818632801
2820 15608802643894920601
2821 15618711485886639451
2822 15639700189182530371
2823 15647313217261585411
2824 15649792980995327251
2825 15653879757714428551
2826 15658105239895645771
2827 15731997729466923001
2828 15736475156506884781
2829 15768953656339934371
2830 15778901635726058761
2831 15801212983733736271
2832 15817051969297361131
2833 15825775475292503041
2834 15835266769243661221
2835 15839593425003612361
2836 15842822341580076961
2837 15863326753713220531
2838 15869693373531107431
2839 15881245963652196931
2840 15908834304166152061
2841 15913889194545460831
2842 15924122311989226861
2843 15932425795104053761
2844 15956442582360936181
2845 15989040958446539941
2846 16005619041941423761
2847 16014077654503196071
2848 16027896668245308211
2849 16044667214045333821
2850 16051569080403291961
2851 16056095249550479311
2852 16059444942201485761
2853 16064118171315548431
2854 16069428294987239521
2855 16070647269565161391
2856 16072358744564372251
2857 16072487067199657711
2858 16085312748090934921
2859 16088806713454219681
2860 16104130886797713241
2861 16104683222885415871
2862 16111699599535944181
2863 16128438795283218571
2864 16146290766519878581
2865 16165258180528998421
2866 16173035664744548911
2867 16177909977656207101
2868 16188586543990982911
2869 16195780934717393491
2870 16228416612559621021
2871 16239578873622578431
2872 16240124146491299221
2873 16254187306820793331
2874 16334038202437870081
2875 16353277591487861641
2876 16353280953538818001
2877 16361954514206625421
2878 16380674641281968821
2879 16381389683081995321
2880 16393071469288237681
2881 16420027810317591601
2882 16421616119149826131
2883 16434690031386796651
2884 16435796386804829581
2885 16461829480959771481
2886 16473777972385815871
2887 16486718018864588431
2888 16502923693858734481
2889 16505575227075065011
2890 16506384188915330191
2891 16535086441664954941
2892 16539059833979167351
2893 16546563332924548111
2894 16554755214195286591
2895 16559043907503020701
2896 16559705993892725761
2897 16559756911150902931
2898 16570810007534424391
2899 16571952072078615001
2900 16582742792614702801
2901 16584664828646762581
2902 16645117580132313061
2903 16653796932547673401
2904 16658137287444679321
2905 16672000893595071961
2906 16673429055812842501
2907 16677786567625364161
2908 16683006581537271691
2909 16688198012032527121
2910 16697608119822844381
2911 16704811940656080991
2912 16714401607264525261
2913 16720847354749036981
2914 16798439260958943391
2915 16818242690298306991
2916 16821154539230136031
2917 16821554511938573251
2918 16821936417001630531
2919 16825343747604510691
2920 16831586925569705521
2921 16856956251285358921
2922 16891159973746601731
2923 16896726553853355691
2924 16911558840063861931
2925 16941394698152104321
2926 16961998834785713941
2927 16969992198973006381
2928 17012813646851544871
2929 17013560529859422031
2930 17080245835269446311
2931 17106952867898114101
2932 17114364824744903311
2933 17131107428902488811
2934 17135424533866826431
2935 17139891047198375821
2936 17154346886449552261
2937 17225120035378469311
2938 17268663423555729121
2939 17277513623896397929
2940 17278386958045049131
2941 17285250762418257121
2942 17289954721674739201
2943 17314604964067465921
2944 17324894749772163511
2945 17328791649774589921
2946 17347041150591296101
2947 17351090319187353961
2948 17364107095887445081
2949 17402498954077086781
2950 17426500600711789831
2951 17441344127660213671
2952 17443243416381853951
2953 17451039569298219751
2954 17461401076689146821
2955 17464419325181034571
2956 17467675851803385781
2957 17473963917834837601
2958 17488006251773952511
2959 17506188232746727681
2960 17534077437003972781
2961 17534802428352563311
2962 17538276850600701061
2963 17575878797632905301
2964 17576494858492297531
2965 17598057687109384351
2966 17626374225865979671
2967 17637651978239086891
2968 17643209967140907631
2969 17649254667062213791
2970 17654957883093646501
2971 17672751792210518191
2972 17690338211635321021
2973 17713433320749099121
2974 17731009157761980991
2975 17731838684490643021
2976 17732687836084006171
2977 17734850454969222511
2978 17739203751115691011
2979 17751830210075615821
2980 17756019884104422061
2981 17775843461025269941
2982 17789137791794893621
2983 17831621239444651351
2984 17874070118864734711
2985 17878990445726867701
2986 17887044229323233131
2987 17899325542073480371
2988 17900851241349731521
2989 17907641611476024211
2990 17935460470114571341
2991 17940264228656555311
2992 17940679757145172831
2993 17947909138202596741
2994 17953207734914762311
2995 17956292676165153451
2996 17965375186599280441
2997 17982115886508523231
2998 17983898782378458931
2999 17987804574514099921
3000 17989891363332963241
3001 18000083563951943551
3002 18002577432631782871
3003 18013937831466782071
3004 18027194688221059321
3005 18028593449619626971
3006 18028773659923556461
3007 18036192716649111871
3008 18100724861584116541
3009 18130195283273181681
3010 18138620868912415621
3011 18143984724303596731
3012 18149949724285824061
3013 18152627519685939421
3014 18173889704161525501
3015 18187682866186618651
3016 18195393604886628271
3017 18210604452816444241
3018 18221714434342247401
3019 18222285992749829131
3020 18250353059359397341
3021 18270919877288638111
3022 18311421550349593051
3023 18325018733453945701
3024 18330991168242967381
3025 18338233783652752201
3026 18370518095300655241
3027 18371765300700501241
3028 18396841502126821831
3029 18405478320164718901
3030 18435735014396698711
3031 18445126492560291301
