10592103458825281
10919847341680201
11839965839043841
22586765414330881
27039247963459201
28761298927930801
31803146685114841
38903160230023321
47789080422854401
63843954712727281
69159080432193601
75716154590509441
87345770573061001
90256390764228001
115664031487202689
136430613956866321
156922160709748897
270750259279925569
284936209136132401
492361000845559561
523066190243701441
800281054193902849
1155603777495556033
1265536827994975537
1472607789032724121
1541082348029340481
1563052960797295969
2117544011620274161
2751695972942031361
2927372698244620081
3841551458408563201
3889327617726962401
5430326045072334121
6101077780960039681
7382893855392558721
8005519274743488961
9682126246522873729
10555538806782758881
12391114483493222401
17840962958027424769
