# Computed by Robert Israel using Maple, May 28 2018
69185
95095
140455
141905
242905
438295
455470
468235
509545
626705
650065
873145
976165
1176145
1289665
1357945
1600345
1922635
1999745
2347745
2458465
2757805
2891845
2974385
3336670
3411745
3518515
3575905
3649465
3811885
3959705
4115245
4540705
4731265
4891585
4913686
5000005
5050505
5181905
5223505
5472685
5733190
6063745
6387745
6387865
7114945
8135765
8593585
9009185
9309070
9474305
9866185
10247965
10346545
11890165
11904565
12110645
12527515
12763465
13013345
13319585
13518505
13910905
14144545
14466865
14624065
14952865
15500485
16035265
16552385
17475265
17622385
17732065
17962945
17970613
17989609
18059701
18351685
18444721
18585431
18792523
18913361
19028545
19211921
19220587
19328065
19383617
19465909
19490305
19766713
19805485
19936693
19965037
20120815
20168461
20288269
20826851
21085499
21271105
21396061
21422401
21694993
21719971
21774101
21796705
21992245
22012201
22227745
22443265
22549577
22756385
22907521
23034565
23080915
23161681
23187277
23212321
23572810
23630465
23832161
23945545
24214465
24279289
24422305
24645313
24769265
25111321
25169509
25183589
25235221
25270705
25645711
25702601
25723301
25792105
25944865
26653121
26691281
26710561
27086281
27100271
27107897
27155161
27449527
27504061
27539569
27801181
27922609
27930721
27955285
27955969
28040545
28296001
28349185
28492849
28565185
28802971
28826029
29222785
29269405
29292929
29319181
29455261
29558893
29676661
29694301
29747941
29855905
29877541
29910049
30120805
30193471
30212941
30244753
30363697
30528121
30746801
30766945
30809665
30947995
31021705
31064065
31414591
31472461
31553977
31636177
31732705
31768861
31917313
32040385
32222671
32306365
32614721
32938165
32951089
33235969
33372241
33389497
33520261
33533851
33849451
33948001
34263001
34344101
34352065
34566103
34604401
34699601
34758241
34788541
35230273
35310913
35355581
35512849
35534689
35879233
36010657
36452809
36453211
36535213
36735973
36963037
37100833
37259839
37373737
37564705
37577611
37675351
37803997
37853785
37884701
37965505
38138045
38281121
38777089
39090913
39214771
39707401
39798337
39799585
39824785
39930733
40014001
40100401
40190095
40208617
40269061
40524793
40583401
40603366
40795861
41000041
41590781
41594101
41855123
41888161
41986081
42505345
42874561
43081585
43119685
43201261
43351321
43696201
43821505
44274385
44347585
44414371
44803045
44958433
44963501
45025981
45112841
45144385
45304021
45613601
45629641
45975623
46023517
46523569
46584037
46984897
47178265
47494201
47706283
47781097
47948681
48009949
48018685
48023741
48308401
48583001
48687745
49122865
49209665
49554505
49660993
49813705
50095045
50163157
50183365
50434726
50464141
51059005
51292417
51459673
51494011
51798601
51807713
51898861
51942785
52094113
52280371
52844545
53124401
53263057
53292421
53389153
53433217
53523901
53535353
53550937
53553985
53606801
53849521
54242273
54316801
54422929
54548989
54571969
54771193
54945055
55029241
55055495
55332145
55370785
55376569
55433401
55547137
55782805
55802557
55850341
55857901
55994401
56199151
56302345
56410453
56734051
56759641
56800513
57140545
57156737
57185089
57193291
57295729
57312053
57454981
57638302
57815329
58354201
58589737
58767031
58788301
59268001
59326849
59430085
59464231
59469023
60016001
60161101
60245065
60298657
60423721
60740533
60745465
60847249
60868393
61021345
61121201
61331341
61394113
62115823
62521201
62816281
62929711
63024001
63317215
63423745
63450577
63452545
63739585
63882091
64028101
64100641
64115857
64545461
64624681
64747969
64762441
65000065
65084665
65191561
65355697
65356501
65456545
65583505
65705881
65740267
66054805
66521783
66860929
67868251
67918861
67990741
68084605
68190851
68482051
68729161
68883529
68951201
68972086
69164801
69217273
69254185
69276001
69440833
69594361
69638881
69734233
69752545
70428865
70473481
70647985
70703041
70735249
70898185
71687305
71986915
72168097
72408001
72419845
72560521
72798121
72892183
72927073
73018961
73080469
73146151
73509013
73770061
73995481
74114305
74165455
74235505
74652845
74678209
74820145
75100751
75362665
75824155
76029263
76077001
76337633
76373491
76777129
76954021
77000077
77032801
77121451
77372417
77529817
77533093
77701051
77743897
77781241
78605605
78640951
78877981
79038817
79341991
79390465
79511341
79754341
79865171
80007709
80092753
80101411
80106481
80318305
80505217
80506945
80535481
80639713
80663401
81065359
81356311
81362149
81428971
81523585
81655777
81778177
82281937
82315297
82673305
82686871
82836073
82996985
83076901
83178301
83351741
83463601
83473369
83625793
83737201
84025001
84101477
84385441
84773845
85426081
86098915
86180173
86383837
86566393
86680585
87040927
87115105
87324601
87617665
87808435
87905377
87939190
88033177
88051681
88115686
88495111
88586695
88609357
88727473
89118193
89162689
89179465
89187385
89237149
89259541
89305505
89433661
89453377
89712961
89736830
89854601
89946001
89950258
90020593
90196381
90770461
91012385
91601641
91722241
91864045
92184001
92282905
93282751
93596281
93755971
93962611
94418857
94759105
95129035
95391409
96124039
96159241
96298753
96961261
97244251
97481665
97552609
97598161
97603021
97733761
97741171
98148457
98269633
98324101
98498269
98615353
98661277
98819881
99019921
99186529
99445159
99514745
99599137
99790381
100247401
100437121
100475551
100687561
100892545
101010101
101180755
101340877
101646805
102054637
102167065
102913501
103037473
103075687
103348141
104143021
104445649
105056017
105312421
106550431
106837951
106873306
106923895
106998265
107311933
107632441
107645131
107887891
108096451
108347041
108409213
108837313
108891109
108980897
109953841
110377345
110436481
110721835
110806465
110933686
111598579
111610333
112497217
112693181
112756501
112839937
113646593
113859001
114407245
114421441
114693481
114729637
114883333
114930145
115473601
115563745
115648741
115670881
115714957
115786501
116031169
116163433
116176033
116388865
116430601
116777809
116825185
116912785
117010261
117301729
117336583
117871405
118049701
118403209
118646641
118676591
118982593
119006785
120101201
120283021
120497377
120890167
121361741
121770451
121850501
121993081
122167969
122342935
122487649
122524501
122529385
122811283
123001285
123456790
123503101
123568141
123631441
123807161
123994585
124082497
124566307
124593031
124755905
125079281
125439805
126620033
126625423
127056631
127101271
127277521
127442305
127951069
128047901
128203381
128290861
129036601
129078145
129126421
129195991
129310651
129701095
130444951
130528201
130808081
131362141
131860795
131959873
132229301
132337261
132352753
132368545
132649549
132804253
133227451
133623361
134153149
134343433
134544001
134859649
135219961
135555901
136034389
136116601
136518569
136820761
136900513
137000137
137082337
138230191
138425881
138436129
138743605
139819933
140548721
141039745
141111097
141137071
141248381
141745951
141850201
141961729
143106913
143251937
143450671
143611357
144005417
144147745
144819961
144855145
145326181
145554601
145593217
145949509
146267473
146364361
146472865
146777281
147066601
147304729
147482881
147619697
147856033
148035745
148050181
148328701
148539217
148550861
149727967
149737861
149852431
150283321
150312601
150506665
150601165
151077061
151232653
151454633
151480099
151525537
152165053
152242441
152712505
152789761
153335573
153855937
154445881
154799569
155871145
155980771
155986117
156001951
156579655
156863201
157210921
157676201
158463187
158574721
158585857
160026001
160101601
160114781
160611265
160733485
160895995
161307601
161568541
162307873
162557065
162855121
162917833
163085455
164562355
164740465
165151681
165440986
165559705
165783745
165789985
165893377
166386781
166598609
166724701
167013001
167159809
167584649
168097105
168318217
168738241
169372561
170009281
170550289
170816185
170829505
171142021
171432571
171502726
171922183
172202101
172435741
172462753
173182681
173719183
173746561
173780971
174134857
174239791
174311617
174865441
175085993
175526065
175646185
175867021
176007145
176150635
176640361
177033493
177142273
177275821
177611545
177874313
178436641
178443265
178493221
178583941
179437501
179451649
179738161
180273521
180403201
180602305
180819181
180919921
181628161
181934759
182083621
182605309
182652361
182892901
183368357
183450241
184242331
184348801
184827469
184962151
185000185
185140051
185659111
185787031
185802589
185832829
186283681
186553961
186658801
187518721
188017841
188028709
188682241
188964655
189708401
190056571
190078501
190109101
190635985
190678741
191147221
191437951
191490145
191653657
191763265
191919481
192384577
192831761
192854467
193564757
193589761
194140481
194438401
194707801
194742769
195188305
195337451
195616201
195755953
195780781
195909931
196460441
196741501
197108065
197229721
197601041
197687485
197871301
197962753
197991841
198040771
198258145
199022593
199304209
199425190
199765981
199813321
200001829
200393809
201459745
201634273
201961891
202477921
202750273
203631073
204172801
204299041
205233841
206142245
206153233
206618017
207060841
207174521
207382873
208030801
209146015
209937841
210031001
210206501
210453451
211376449
211529249
211998241
212431241
212589013
212962945
213163201
213387469
213625051
214031401
214288165
214327747
214346749
215033545
215051005
215316871
215445931
215786321
216095257
216421843
216741745
216829405
217272749
217353313
218186785
218429569
218479261
219257221
219322051
219408433
219786721
220904971
221223781
221324545
221325121
221474251
222267241
223101061
223392337
223506991
223633411
223638673
223968745
224014021
224193151
224698123
224765905
224834401
225427345
225853069
225998605
226202741
226265521
226305505
226586771
226971745
227738641
228676933
229179061
230078101
230148745
230247841
230348917
230440961
231237505
231322513
231355873
232353793
232534969
232796617
233296063
233390431
234444421
234567901
234680761
234692185
234881251
234900361
235138849
235484833
236336815
236385217
236630131
236786521
236981641
237306811
237758977
237984481
237997873
238412251
238734145
239238337
239344841
239553953
239587601
239668471
239752513
239799601
240302161
240337681
240697051
240976981
241099405
241374797
242098585
242152501
243566785
243910105
244168561
244174645
244472353
244803833
245466145
246099205
246132901
246136801
246239071
246493741
247569521
247686209
247840267
248196481
248829761
248905345
250102501
250204801
250541005
251689985
251912449
252155761
252225109
252552301
253786351
254687761
254980453
255624601
255803185
255825361
256035601
256302145
257765977
257865421
258058981
258100159
258567361
258574783
258620561
259448497
259788673
260065261
260204551
260461501
260540929
260608993
261567097
262010665
262249681
262630369
262659265
263157895
263347201
263567305
264119581
264328351
264418561
264460651
265295185
265347901
265464865
266534191
266647951
267028345
267721387
267952705
268138687
268449181
269708401
270729271
271549105
271550881
271762921
272048161
272200801
273774865
273879217
274248241
274664413
275018653
276581305
277078801
277317109
279495451
279606889
279637961
279774145
279956821
280216651
281194733
281387701
281688511
281713153
282273901
282282001
282288865
282760465
282931489
282950305
283375561
284184979
284688001
285521665
285838147
286092301
286291489
286521637
289648351
290232865
291102911
291400033
292327786
292393801
292757521
293170781
293570509
293862353
294477541
294946561
296168461
296703217
296979161
296997481
297567985
297694921
298078177
299257441
299772577
300412477
300511981
301265101
302412529
302504021
302964931
303857537
304300321
305491177
305578921
305585761
306046133
306617311
307119151
308591461
308752291
308827729
309039139
309062221
310539439
310770739
311464705
311490301
311713051
312225061
312231905
312720745
313300889
313826305
314354977
315256705
315620767
316798021
317665705
317899141
318048445
319533397
319641961
319645249
320588905
322545203
323412265
323732431
324028705
324718181
324727651
324907201
324914401
324958573
325094785
325364491
326432029
327568171
327626017
327881551
328679065
329167585
329662711
330320719
330387409
331654501
333183565
333486833
334104817
334275841
335795905
336722387
336965101
337015753
337070185
337091221
338753227
338915281
339883741
340954741
341000341
341399311
342231661
343065185
343758241
345039949
345166933
345241177
345563317
346154977
346691489
347010553
347720065
348682015
349282297
349671631
349918733
350813233
351751489
352188865
353000353
353528561
354103541
354386821
354638971
354666817
356048521
356535361
356663371
357565531
358454771
358550401
358630385
358791707
360964945
361117261
362124577
362259151
362533669
362847257
362851489
362879549
363424501
365420611
365723281
365854705
366460021
366620905
368250961
368409385
369095497
370340741
371061601
372285541
373103731
373641521
373673641
374925277
375785131
375942385
376204447
376536577
376792201
376932721
377116741
377466409
378034141
380601901
380898673
381123181
381794161
382691485
382822165
384212101
384376609
384377995
384752741
385351681
385725565
385842601
386161721
386171353
386240401
386952421
386953013
387309001
387491041
387656281
387777481
388168705
388722841
389324545
389381377
389592721
391244095
391396291
391539457
392476315
393630151
393827347
395186801
395285689
395552461
395615585
396409345
397163845
397230973
397290817
398264581
398311393
398599489
398686417
398866513
398976841
399981673
400050001
400104001
400162501
400447411
401466703
402024437
402184705
404802385
405293449
405490861
405503237
406346941
406877185
410790121
411054661
