1 31417
2 130561
3 41541241
4 208969201
5 224074369
6 392099401
7 851934601
8 5186365801
9 33847795741
10 65096562721
11 91625968981
12 104070261901
13 111794455501
14 165814673473
15 180007280041
16 184020124201
17 276032114281
18 408164260141
19 620052300421
20 1240013784241
21 1244667503017
22 2199021158401
23 2553978338101
24 4742657675221
25 4790274197041
26 7016148078121
27 8476628080201
28 14058633025441
29 22071436795321
30 23689504791541
31 24452365756921
32 31081836672901
33 31416781865701
34 68025814247581
35 72993539973841
36 75158532629821
37 85994079777841
38 133644379906381
39 156426822029677
40 162802622527441
41 163922938248301
42 171828782249821
43 223186848693001
44 284542350050281
45 365572645559881
46 455023714388821
47 486264482973361
48 507738501471961
49 581143557045241
50 658879354188661
51 803878275034321
52 815527732370401
53 866237562821401
54 902485477041061
55 1023655656325261
56 1027253195807161
57 1051228714980181
58 1066770229180261
59 1106065063894981
60 1220056267356301
61 1258008600597841
62 1328955801296701
63 1532388797022661
64 1615726351830781
65 1723924956403381
66 1743633252067393
67 1862968366183621
68 1944515968231981
69 2399488487257621
70 2455344699526681
71 2521841603068981
72 2777893048701541
73 2816243900864881
74 3054027137722201
75 3318262034224561
76 3359858427601141
77 3460373390700661
78 3577540345629121
79 3616535703760081
80 3653507018259421
81 3750096175616641
82 3834610123832821
83 4186661882862421
84 4258709393514181
85 4296874800186301
86 4457300774802481
87 4474763794900501
88 4538301467888101
89 4546130492480581
90 4993778720772661
91 5101161979824961
92 5177565327995701
93 5223355331282281
94 5303254732604161
95 5409958076664961
96 5476295493706381
97 5486131835885341
98 5670143235614281
99 5715536969726161
100 5845017025337881
101 5945406213248461
102 6336595459778161
103 6652381227643201
104 6712326681460681
105 6714691746846661
106 6722035254750421
107 6800538161607061
108 7015496230321681
109 7130197548980881
110 7149451253474401
111 7193186103238741
112 7287799360691581
113 7536965542314121
114 7611279066650221
115 7862913058970701
116 8215154699578201
117 8258018627197441
118 8276545270144201
119 9115158998487301
120 9244289037345181
121 9261508239281761
122 9313857686253121
123 9398721553581361
124 9453863099367061
125 9657031933528081
126 9922380660060961
127 10328126573228041
128 10544447107950361
129 10781527834240741
130 10782296974087741
131 11079185729829361
132 11097472220643001
133 11691631240729441
134 12431647069928461
135 12559956490036561
136 12576690045018061
137 12694421651057581
138 12913272906525181
139 12942041522987581
140 12962882642668921
141 13074504434978221
142 13116692803899961
143 13324971836557021
144 13437559269883981
145 13494863756093581
146 14840244792423901
147 15201105928840021
148 15427613220848161
149 15611501497767781
150 15733199536790341
151 16572181131087541
152 16673473160950981
153 16820339722115161
154 16951627420623361
155 17026403327923081
156 17119312163021401
157 17272721854369801
158 17375742901993213
159 17579107636556701
160 17608731208343881
161 17669787951257401
162 17901896817611129
163 18039184450536481
164 20084206301836681
165 20412877917453841
166 20523098087190661
167 20594906667062641
168 20859062624115181
169 22329045650862721
170 22503539906956021
171 22570251012580321
172 22949447984754481
173 23006204079038821
174 23422343888508181
175 23585618718594661
176 23669105801078161
177 23683678505778061
178 23740890958532941
179 24171590287124281
180 24503493366161041
181 24888401757947281
182 24908215797744241
183 24918979534724881
184 25693802941756681
185 25781797145003761
186 26275600554372901
187 26449320881444101
188 26762940537168301
189 27422519272120561
190 27525506085705541
191 28046830486180741
192 28322944644117061
193 28936110544289413
194 29989040108989921
195 30505193356308721
196 31078241359185661
197 31196904847188361
198 32118868922608381
199 32166666486579241
200 32635189721334841
201 32692882516110961
202 32986114521651061
203 33586352581309861
204 33780992836964101
205 33913494049111681
206 34079487988856041
207 34894668212933761
208 35282413227316861
209 35820728306267521
210 36176147842284181
211 37810639130661541
212 38458640530369021
213 38766832159904041
214 39393637432106101
215 39409227547460821
216 40434922175565061
217 40611369805865821
218 41287142108532181
219 41599189258014301
220 42179852417650861
221 42205706111152081
222 42581226097779601
223 43063285049230681
224 43269947186792761
225 43521979628380681
226 43601598762509341
227 43672948399392901
228 44679968641187881
229 44859958712768161
230 45120132188008021
231 45419939075159881
232 45528127132517761
233 45820814804361601
234 46524791175036661
235 46854757296270421
236 47149469355891997
237 48224293398540361
238 48651128309968801
239 49231297346229961
240 50672293180516921
241 51061132696675921
242 51628229373468661
243 51705211545389161
244 52732553171985061
245 53095360318657801
246 54473361895582501
247 55920650482632541
248 56570017904563741
249 56759273167636141
250 56885829245262361
251 57983672953830121
252 59474055950842261
253 60290824259956021
254 60427224106270981
255 60857200660422601
256 61851240109279261
257 61948270273508581
258 62906559295387921
259 63485260265074981
260 63773835356641141
261 64117550556078121
262 64176422943885841
263 64374664140368341
264 64611056341355101
265 64780622039972941
266 65494351936203061
267 65670133768958821
268 65800360370132581
269 66237650150356381
270 66286286939794741
271 68100820528641541
272 68280954667530301
273 71194627021797241
274 71596737519182341
275 71773905806793061
276 72895055948903101
277 73632506735737681
278 73786127081886181
279 74258265062897521
280 74878338018683161
281 76687687268569801
282 77918227183009921
283 78842681722884181
284 78883129004056381
285 78905420713756981
286 81891215491756861
287 82434405273043321
288 82536891317880241
289 84470267555419981
290 84633047861217901
291 84919608591152941
292 85366053590353141
293 85612866138535201
294 87502851489145681
295 89033804737247101
296 90181883294061661
297 90310186208775121
298 91402870415422801
299 92017985302101181
300 92333434773840901
301 92396253493109941
302 92690799643600621
303 94107111384915877
304 94178499390490981
305 94412258325105001
306 94692540058569181
307 95498377267361401
308 95883707203239421
309 97012287633219421
310 97116791742619657
311 98174159637769681
312 98961244275504661
313 99082598908401301
314 99753792361241341
315 102358316098567621
316 104645984695887121
317 106379415917330161
318 106988853992127661
319 109715953571187541
320 109872373474034221
321 110447406934840441
322 110540013621194581
323 111935265630368041
324 113970362465445721
325 114502967345305501
326 115016795833650481
327 115089259584558361
328 115594886211312061
329 116537426502960961
330 116997955888242661
331 117925675745986441
332 118383556879865701
333 121497926733939361
334 122124025855781821
335 123325716606827221
336 123766822906682497
337 125445382890983761
338 127005661800243601
339 127183197125486461
340 129061552010671921
341 129752112094887241
342 130344231981514321
343 131100187300844521
344 132120473970079081
345 134069956429626361
346 134428100020755181
347 135043960628189341
348 135490008890626261
349 136042239319984141
350 136120093210923781
351 136272721057616641
352 137779720579253341
353 137874310082186101
354 139534990318784701
355 139946072710721701
356 140207571176770441
357 141623792197885141
358 141944433218245081
359 147554638911181321
360 150171999216563941
361 151798991010938041
362 152379969436883101
363 152455914872509441
364 153039274755785881
365 153774709331698921
366 153816230766326461
367 154633942617933241
368 155057673334479301
369 155832118586649121
370 157571888279897281
371 158206331121044641
372 159580594130687461
373 159756093272463601
374 160906227688254241
375 162172441510485997
376 162875716164379681
377 163410119485590121
378 172072512452958541
379 174990015139261081
380 175430242190840641
381 175871638638191101
382 176355161349878281
383 176906868916137361
384 178713784501013581
385 179845104496063381
386 180803946127560361
387 185434727263661341
388 185516251360975021
389 186072687969885721
390 186206885408704021
391 186937791248670421
392 187141187756478421
393 187961002583683561
394 189526967913330961
395 192442266824382061
396 193469009456181421
397 199452991014883981
398 200655688839122941
399 201135618279864181
400 202142043035308393
401 205446405007082341
402 206940609336715741
403 208246275440122021
404 208539197357906881
405 208923272836036081
406 209369135480706961
407 211223798392430401
408 213693397433086621
409 217928147668254313
410 223453334240998681
411 223876462324823221
412 225676268484625921
413 225846964819433101
414 226212959977954681
415 228795033036197821
416 228989353053249121
417 229125699101378041
418 231622854303692041
419 232362433513455493
420 236519512271311501
421 239978181095923141
422 241387087809006241
423 247038238399634641
424 247795596368927041
425 248041914094162381
426 248134296485477161
427 251500114805028961
428 253013658517105861
429 254807884556553241
430 256247823766385221
431 260302467314244961
432 260420054802686881
433 261373311744667081
434 265524761017101961
435 273553865545106521
436 274105721065053301
437 274730447066121421
438 276941428485269461
439 277462500911065201
440 277621865543085493
441 278109732508994821
442 278876328731901181
443 279990093980986621
444 280319376483720421
445 282875072151618181
446 286505629260925561
447 289144984421528701
448 299267082736811281
449 299964879108291541
450 303034998434109901
451 303220330681551781
452 308997130331767021
453 311316257618133961
454 312690133249853461
455 313117336745750881
456 314985306148465681
457 315238716297623581
458 316225572893209081
459 318737877753925501
460 321650963799610693
461 324908385739148401
462 326718937057464001
463 328503148859258101
464 330371418189621001
465 330564049220602201
466 331758971361217261
467 332879186692129081
468 335210197366614301
469 337054956503260801
470 337271888015048221
471 338744253940143241
472 339014439132195061
473 343257361068536401
474 343746276511670761
475 345063631391663881
476 346951752886542301
477 349338042338542681
478 350170679410002301
479 352058227046686021
480 353155927508425801
481 353737637540386201
482 356039623011645301
483 357559737864306121
484 358703119749276121
485 360671413871536153
486 361940506000623421
487 362166858584369161
488 364701771886341121
489 370120757191143421
490 373361874637911121
491 375526710569576941
492 375788342135836633
493 375869028641318941
494 377132845843791181
495 377826110380052821
496 379013547706141681
497 382071229976786221
498 382240219586149621
499 385588833606944881
500 386712902050230361
501 387313562002848121
502 388927633926491941
503 390246361014185281
504 392566014236731801
505 395504582920467301
506 396379026071160721
507 396885696688164181
508 397662750596305681
509 398307691446531241
510 401540569488755701
511 403119748513548301
512 404408875359709861
513 408520818943763761
514 408763398762465181
515 410876937775438621
516 416883887270617141
517 417205978532669701
518 421928540552089621
519 425838889083532621
520 425957591647035781
521 431817266225659801
522 434102025279855661
523 434195532129179461
524 434976633738853441
525 438855127698666781
526 440470827565777201
527 441869693337972901
528 446167945333341001
529 447634463907206041
530 449418184209423661
531 453986576753636161
532 456657059263739041
533 457814631989692321
534 459758762377282561
535 460272319746008641
536 465107316303235981
537 468289673341328941
538 468588585652395121
539 469380727504217761
540 470974199479029481
541 473045140462100581
542 477419526410144641
543 477610051914875881
544 478793907569687581
545 480454769775130021
546 481251776697909361
547 482034097361916061
548 482595678842086681
549 482836048207201021
550 484510856825594701
551 485094555746599261
552 487070518635146821
553 491538229184866441
554 492246203337178021
555 496990890379685521
556 503633192611940161
557 505321134533213461
558 506756379151197781
559 510131505214890661
560 511927409606574781
561 519834723924362281
562 523658138293090441
563 525151507871140021
564 529199688112438921
565 530899023671144041
566 532580146792962601
567 533200478324742421
568 537624675973925821
569 538097597383720081
570 541325110028452621
571 541702252538622673
572 542036638810196401
573 548370394721438521
574 550459857529619461
575 551092650124835521
576 551181042349503637
577 551494051215994261
578 556970597909729581
579 558016420128244501
580 569505747452378881
581 588130976191497061
582 589924616971325101
583 591339199563803461
584 600372324397668397
585 601186875239049061
586 603342270941792341
587 604439834087907241
588 605357983948034461
589 610820361039106681
590 611358915801389221
591 611736353403293581
592 611881474904033821
593 613222915353587641
594 616472690082488341
595 616780877131154341
596 617191158649571881
597 617504791576955041
598 621903971327677501
599 626996675855571781
600 631157209611841501
601 631232125320361261
602 631897220416730461
603 633285675354444841
604 637919494872990061
605 641045077666650661
606 641174522812161661
607 644178912276419521
608 645213400769556721
609 649237201472011741
610 649689885259147321
611 651792552114718561
612 653789486735221981
613 662878970993917021
614 665836394334819901
615 667274354085086941
616 669536898370437241
617 670214796103810381
618 674870290866499921
619 676859553243210481
620 681495725961321041
621 681896536954775101
622 683418791490534061
623 683769188996940481
624 686616909908311201
625 690934525577786221
626 690952606054601941
627 692158178696480101
628 694852801181466841
629 695119360566049381
630 696008996714400601
631 696567730780200241
632 701735198474434741
633 704804917595687101
634 705196691891726161
635 708453622275134341
636 710844898908690781
637 720646708924899901
638 723844897590385621
639 724189099125556681
640 725470718379256081
641 727641882818879221
642 727895348266283341
643 736063440433729741
644 739944381874632421
645 742350345459720001
646 742429363722819361
647 742527939835554601
648 744461275452343177
649 746079210033845881
650 752441799570728821
651 754312674346180681
652 761811398796770281
653 766712016556372261
654 766778988018702121
655 767845674771135601
656 768189361979107261
657 795280393920302161
658 800687863478951641
659 803811634581290941
660 803986964183296897
661 806121519234148261
662 807320172202659721
663 808343593709039581
664 809861595640405897
665 812251159845590161
666 813002094643756441
667 817132273586376661
668 819219724112386741
669 823522804350384601
670 824167063756430881
671 824761228570419421
672 829960399438983541
673 832352848207298881
674 833820654204436861
675 837021516449694181
676 840833018113388941
677 850603178263297561
678 852873479251986781
679 853344031385644261
680 854304923063624761
681 855238139051371681
682 855297181956395641
683 858404698598036461
684 859169039718978181
685 860070233008176061
686 860345361646749301
687 866872975672821541
688 868384318012855141
689 873230887496887021
690 880705598864421061
691 881070916689066601
692 884351870773747393
693 888237983880250501
694 900023581801610641
695 903737114252071201
696 906061198986371341
697 907909384719016681
698 911394645798414121
699 916040174529547981
700 920339127308120521
701 924314932565246041
702 931627677887356321
703 934020622940201941
704 935337496658529661
705 936214126583135401
706 939339606616159981
707 944651637097996381
708 947795106878178661
709 948856784110252441
710 951692931648019201
711 952392389024946601
712 957669808926632761
713 959438523321949441
714 965964252155690701
715 985399321869121261
716 989583574808357761
717 990325834955506921
718 998405675808649441
719 1001160111460359901
720 1003163467050197041
721 1005250104228071521
722 1006685556194214901
723 1007217012641676841
724 1009285574494569961
725 1010978846282792941
726 1011347326693572697
727 1012459432836773881
728 1014400635089981101
729 1014851269659106741
730 1019632248939661501
731 1022965831326728521
732 1025364562346464981
733 1029111199532005321
734 1032035203396011301
735 1034139384001571761
736 1043826454615048801
737 1045418408315887981
738 1045497451768191241
739 1048908117962103361
740 1054489658193542341
741 1054776124625340121
742 1057492090527733141
743 1057991439495447601
744 1060387400620796581
745 1062645957090045241
746 1066538657599432441
747 1069534775428924501
748 1072393548511758061
749 1075275034712947261
750 1076070042139260361
751 1082109444304187401
752 1082681000717425981
753 1088613646325054581
754 1089511562265107941
755 1089902107976930581
756 1090595185870818961
757 1094577324421116001
758 1095632080812546421
759 1099069078473392401
760 1101231849471758701
761 1102021890754723261
762 1105102384338218641
763 1112123407228638421
764 1112458830635401981
765 1116166483646578981
766 1117152363860788861
767 1121782802102149741
768 1123775905002901021
769 1130086215106294681
770 1137603027683779801
771 1139520889992973681
772 1142464741058200561
773 1153716382358961061
774 1154801841094592461
775 1155451048486963561
776 1156238239858216981
777 1157014949342980921
778 1158500812226506081
779 1168935795540071521
780 1170577229931328321
781 1186078986376284001
782 1190761521753751861
783 1192626718360776661
784 1198447875449580361
785 1199033918438824381
786 1201125337284548281
787 1202422319769258781
788 1202914163795527681
789 1210615386032051101
790 1215141595275113941
791 1219164168076442017
792 1227324566937087721
793 1234530500296069981
794 1237072706580521581
795 1241075270954028241
796 1244085387357469801
797 1244334307411885561
798 1244684516341537321
799 1254310803198522301
800 1260123287615640781
801 1261470616775712841
802 1269093428160767941
803 1275551117533851481
804 1275793803038784901
805 1281520627906334281
806 1287921417151682041
807 1299611557591122241
808 1320109491213927901
809 1320272616916270441
810 1321968302210285461
811 1324181253987484621
812 1324894978126737361
813 1329383071588259881
814 1341956736221627761
815 1342693694663048641
816 1348459699521238921
817 1350325377511716841
818 1351745030239743241
819 1352759114312617201
820 1355550935486965561
821 1378901291880785401
822 1380294304709041681
823 1386168502233981841
824 1387563587377375741
825 1388008132111599961
826 1397906425997450461
827 1408113194317625401
828 1411838085545905993
829 1417956362414310181
830 1422748978661505961
831 1426973422289705161
832 1430055174576684121
833 1432914771737264281
834 1434084286443553993
835 1435107683524664881
836 1435931708132417101
837 1442259817253015401
838 1443455686828856341
839 1453154861093595661
840 1457725176370800481
841 1460940056960909221
842 1469122254265756861
843 1470909946447053841
844 1501470123534124321
845 1504467204542650261
846 1512286468535328721
847 1516254408820867321
848 1517760837084095101
849 1525067515482702241
850 1525227673362867961
851 1529588474002317361
852 1533244105297586641
853 1537459557823378921
854 1537578376500344641
855 1539411900300424021
856 1540391272200003721
857 1541241772760271541
858 1542852565313082601
859 1546813877127681121
860 1549895375517007621
861 1558352971777088917
862 1564942589941641961
863 1565056950008139781
864 1570826993651973061
865 1573938576050128621
866 1574583982534543621
867 1576449766409428681
868 1577474443333387561
869 1578827851637533921
870 1582356262183816081
871 1583328042231671341
872 1584706900228209181
873 1589839599367438381
874 1594237421627101441
875 1595802218918877841
876 1598854800154152181
877 1600333955895055021
878 1601606365517580181
879 1602888709070108617
880 1614052413670646041
881 1615736225472453781
882 1616897303365652641
883 1617847178511313621
884 1629159758493056521
885 1630581322162115821
886 1634729994364175941
887 1637279723876896201
888 1640583359691787561
889 1652143138190500561
890 1655114033226885421
891 1660374194224151641
892 1673401670028830701
893 1692297852631013821
894 1703358621624353401
895 1704685464375620161
896 1706793358617778201
897 1708745553753388021
898 1711125480727806721
899 1720294321041587341
900 1724679740990252281
901 1728801896076700141
902 1730932453534814533
903 1751746760135266381
904 1756257137076282121
905 1764041330985330541
906 1774729089947295241
907 1802648597037744061
908 1808990195799706021
909 1809639013209640201
910 1811793082475856481
911 1820895732722055721
912 1825619186050473661
913 1826824011373986241
914 1829832628176352801
915 1830350926112247001
916 1838882816846200381
917 1841556900061497721
918 1843052629496498701
919 1843750551664281901
920 1845594966048001501
921 1848443321922437881
922 1852857408504453121
923 1854065213002721821
924 1866841081295498641
925 1876543514407298881
926 1882282065079595281
927 1885277962052915161
928 1886911740988015561
929 1889525836859687401
930 1895017929206009521
931 1897089093456341401
932 1907475604586836981
933 1916854700002260481
934 1917087162464466721
935 1919858506359110461
936 1938280113464053321
937 1940361595402201021
938 1957308125901765781
939 1968878726979764881
940 1969847762673409081
941 1972769594044160101
942 1973791123653868621
943 1973800291365533401
944 1982178964394588821
945 1991615283988318321
946 1997173595337836521
947 2003938676678666281
948 2010980792874380881
949 2012436549477591661
950 2014253001953224621
951 2025521900986974121
952 2037704121949291261
953 2041340166471062881
954 2042498598147566521
955 2053767771502628941
956 2056155732691066381
957 2090252236360967641
958 2101522665030695341
959 2117808483812723521
960 2128858641829747741
961 2137458180857389261
962 2142808348520752501
963 2143379364667176241
964 2153350515244087261
965 2153809911027360961
966 2158539659111657581
967 2159850130322833537
968 2185932488994033781
969 2186086421892191281
970 2187457367727752761
971 2187500754702078421
972 2188499469612034681
973 2188887451596346141
974 2201446023636032881
975 2203361900894069521
976 2213424657069946321
977 2215540517603655001
978 2220699150975600901
979 2230101275164419661
980 2245884131686242961
981 2253753934536737221
982 2258402168721748921
983 2266840376762917561
984 2268371521800631801
985 2284189737573707617
986 2290246684630784881
987 2295252821505550141
988 2296905255765917941
989 2302596668309822581
990 2313530348392921081
991 2322279651649854901
992 2331159817960991161
993 2333222552561908921
994 2336299135447105921
995 2338417451012222581
996 2340785502381234241
997 2347998638063851501
998 2349363121117009921
999 2354837736825082741
1000 2381880844680205201
1001 2391256386498707641
1002 2406527795770027021
1003 2411638836040654501
1004 2423598188881146421
1005 2426116564710798061
1006 2446651789641487621
1007 2448593701956031501
1008 2449838498038322581
1009 2454379668756945661
1010 2463730681328275321
1011 2467060252642120741
1012 2467716352130257561
1013 2468651941092583681
1014 2469255487861418257
1015 2475626319081483481
1016 2491790157367117153
1017 2492866291083447241
1018 2496771317493272821
1019 2508531828764829781
1020 2512933208725758781
1021 2516024769286698541
1022 2527401860961707461
1023 2527727110907551141
1024 2543837761916986021
1025 2548284445490053141
1026 2555108343454470301
1027 2556701767618737061
1028 2558203634824358161
1029 2577915377344678561
1030 2587469769115768681
1031 2590701546818855341
1032 2590727568140050441
1033 2593917730742900521
1034 2597027622871169401
1035 2600156251661715121
1036 2601891768272364901
1037 2605648742250184681
1038 2626351831330863241
1039 2629754032183259941
1040 2631313915520895301
1041 2631500827433577061
1042 2632030129320724861
1043 2632944945671315881
1044 2643452146300625941
1045 2646860877949173733
1046 2648165061318471181
1047 2658380009711094901
1048 2664907708152112921
1049 2665299273335380441
1050 2665962504491548081
1051 2687587394033631961
1052 2691957403826865661
1053 2692837716439132021
1054 2693126169250263181
1055 2695052201911325413
1056 2700956851737407761
1057 2701123173531677737
1058 2703332659923614821
1059 2704628512112584201
1060 2722132878811035421
1061 2729332495544963641
1062 2742639744827310241
1063 2752455861530717101
1064 2753374201725455641
1065 2756730005508077701
1066 2757062857738386541
1067 2762464996039590601
1068 2778594262035561841
1069 2784230301570599701
1070 2784492707390790001
1071 2791534798867222741
1072 2799164382689554741
1073 2802849126856445041
1074 2806392803169354361
1075 2810595264414203641
1076 2823000847790089201
1077 2826326162140338001
1078 2832946843682521801
1079 2840837974979781781
1080 2846696945737482181
1081 2862554768875671601
1082 2921736851003648101
1083 2930726337451152241
1084 2933891744086383361
1085 2934961224902274481
1086 2938004570798087641
1087 2949453122677569421
1088 2964414513625685761
1089 2975072681345802181
1090 2977800952111485781
1091 2984920011957570061
1092 2985221267690202181
1093 2999450581099410901
1094 3007536597462779341
1095 3011241522786705121
1096 3020422626903263401
1097 3024705142683739981
1098 3024939280884073141
1099 3050431502388236341
1100 3058180215292382821
1101 3062853914830656181
1102 3067604493083501221
1103 3077046363439754941
1104 3090635362358491861
1105 3111886953910362961
1106 3115419622197750781
1107 3122407346977078801
1108 3132790869315255481
1109 3135039951669653941
1110 3136335483739250521
1111 3139198053811577101
1112 3139655952864321661
1113 3146789673678779041
1114 3150657113346533641
1115 3159326627719932541
1116 3186192558246929281
1117 3193343730467730841
1118 3203314230751701301
1119 3210793745918736121
1120 3217753109234202001
1121 3220491371309904541
1122 3227913177229930921
1123 3237226097828815681
1124 3244712249167513741
1125 3253478421842971141
1126 3254734561163941321
1127 3256069335610546921
1128 3264736531208602321
1129 3271313335034812981
1130 3273552030154494001
1131 3280295814843538681
1132 3285289105974795781
1133 3301260813694934941
1134 3305936099395317721
1135 3316689445553764141
1136 3332519240385100921
1137 3332746222148799061
1138 3334324039460440261
1139 3375737577543421861
1140 3377011804965064501
1141 3383891553824651101
1142 3399194712302284501
1143 3414020221479468241
1144 3419105648221063441
1145 3420497736923415061
1146 3426935683702000201
1147 3429724310143212901
1148 3438661989816671941
1149 3439116047420102281
1150 3441179143651132381
1151 3448977626715420661
1152 3488206197171793441
1153 3490886841126391081
1154 3491895671154811561
1155 3495015134237450401
1156 3514874246649171841
1157 3520533872818321321
1158 3542676916277256181
1159 3562965954429692581
1160 3592637162188664461
1161 3595174542193606741
1162 3599762710947395581
1163 3622497642734058421
1164 3623799486883822621
1165 3632405994533938381
1166 3637546768432397461
1167 3650065046100580201
1168 3651607545306903001
1169 3653600748540151501
1170 3666208601957140201
1171 3672006871379337541
1172 3679773705399906601
1173 3681960659885514241
1174 3683493173886329941
1175 3689346175914842521
1176 3704573772049907761
1177 3732509887290163081
1178 3746696971663253521
1179 3751884260393104441
1180 3756221819394577261
1181 3770740951536620881
1182 3796501951366862161
1183 3805788801248736121
1184 3817964840638338121
1185 3822567994149734701
1186 3827504919491646121
1187 3839786581365415321
1188 3840169735475618161
1189 3841601260494577861
1190 3842671650933644761
1191 3848701646422168141
1192 3849995762848125661
1193 3886682094686868901
1194 3887120201910964981
1195 3890575507467347161
1196 3912355218992562301
1197 3913173409697829421
1198 3916089869076653461
1199 3921571315996584121
1200 3926871184994120653
1201 3930623775707085601
1202 3931229400262521361
1203 3935161266109801921
1204 3937083376667592001
1205 3937177861434804361
1206 3938755807936537921
1207 3942559063911483481
1208 3955205605853043301
1209 3955451131822019701
1210 3960277263203016361
1211 3979536626264130121
1212 3988002469939403521
1213 3988200407190799801
1214 3989851719275750521
1215 3994838715158415853
1216 3997415790951147181
1217 3998925820530090181
1218 4007066738010902941
1219 4024901220570114517
1220 4044997748277674101
1221 4055950046448640201
1222 4058988748103887021
1223 4064773013430426301
1224 4068703021886490901
1225 4071768323217795481
1226 4072908394959162721
1227 4083056124451840141
1228 4094972306234847181
1229 4095783199010960461
1230 4095788433908215741
1231 4112535302832817501
1232 4119076410743182081
1233 4119619907573919997
1234 4121424223209342781
1235 4128293577989453461
1236 4129844851387183261
1237 4131622137825092761
1238 4134144449726928781
1239 4138528206633673441
1240 4141536545245178041
1241 4144704555747989941
1242 4144895452853811121
1243 4146336050554878493
1244 4146647722591851901
1245 4157723742876311521
1246 4163913674055054781
1247 4174997098775491321
1248 4177198586048338621
1249 4195064240313896821
1250 4200719913708318001
1251 4228659418607250721
1252 4229128086614519281
1253 4262163010304770621
1254 4266203801427938101
1255 4275096610266722881
1256 4281276811806376201
1257 4307832775750344121
1258 4319233417615036561
1259 4321618768179269701
1260 4325639832050286481
1261 4329789861978101161
1262 4379917301798147341
1263 4404621900232106281
1264 4417259407706920261
1265 4420551672372466681
1266 4422195606683562901
1267 4426731329291011381
1268 4427696768724457561
1269 4436858524355756461
1270 4445552525077280761
1271 4446803136703739101
1272 4449562001330641801
1273 4455778772025789541
1274 4458306793085788921
1275 4459861262671240801
1276 4463944132213282861
1277 4486635091675415641
1278 4488217287352996621
1279 4496640553957872961
1280 4500655537194881761
1281 4508795609968122061
1282 4511446129121248741
1283 4520907823444035601
1284 4521199196214900301
1285 4521417825707766481
1286 4521681088132197721
1287 4536669287831080261
1288 4537857027292119721
1289 4540839896480847061
1290 4548209645675046541
1291 4562490141634602181
1292 4564719291316221181
1293 4567024993044947161
1294 4570464968232218521
1295 4573117834894144141
1296 4583346077504582581
1297 4588105345184516761
1298 4590466193185850401
1299 4599411963694625221
1300 4602107393815787461
1301 4614350530094263921
1302 4625351839709701381
1303 4631726240161678981
1304 4644590198426560201
1305 4658564418260412661
1306 4670482798693129741
1307 4671160624243729081
1308 4692840587682958561
1309 4737259904657437501
1310 4749377115199761661
1311 4758681519133697761
1312 4764334307588735881
1313 4765928023550309221
1314 4775355501213303241
1315 4778785131924294877
1316 4784423623958746321
1317 4799823651883540921
1318 4803194168471478781
1319 4813710586450733881
1320 4845802213068914101
1321 4852440658476168181
1322 4855763657881307221
1323 4858776142745036737
1324 4860726959882672341
1325 4861768429542294001
1326 4876448995377727321
1327 4877714814074818321
1328 4882503820673199361
1329 4896254148971420701
1330 4896758361684857581
1331 4903095754292500381
1332 4907046529712617021
1333 4913902184259354661
1334 4918449986168608621
1335 4921477675624094281
1336 4921708647064755781
1337 4923772762890457081
1338 4923902428591170721
1339 4938941648355445921
1340 4942918860851756401
1341 4943888709164405281
1342 4948496003222641741
1343 4950385353741182821
1344 4953093305785361941
1345 4957066102285859521
1346 4959474076023142141
1347 4961895729621775561
1348 4964499388143473641
1349 4968453985202768701
1350 4979973135214146301
1351 4988206602072891541
1352 5010436612911075721
1353 5027061053146923841
1354 5038484669979720061
1355 5040266396991033121
1356 5050250998729563001
1357 5050902333510552481
1358 5064048974134247521
1359 5067008132095566661
1360 5091246403819143481
1361 5104058249458636381
1362 5110782856243683721
1363 5135313982372557481
1364 5137578443965167481
1365 5141347301959105381
1366 5156453106050417221
1367 5166159360522215521
1368 5166164838934823221
1369 5177551375623275881
1370 5181482865761441341
1371 5182220228095010101
1372 5189823068412364141
1373 5214566424894283801
1374 5217151754180743801
1375 5219633499472689721
1376 5220965935163609401
1377 5225853749077942261
1378 5232151930275730321
1379 5247682544761087621
1380 5252564791522248841
1381 5252567620906483021
1382 5255649407388922501
1383 5261202811107996481
1384 5270291665859107801
1385 5280573318911616961
1386 5282537729183801521
1387 5285364067319986381
1388 5288244425835515761
1389 5293317948262127281
1390 5311478664916905121
1391 5325488884648547101
1392 5326033049346386521
1393 5328725113044949081
1394 5343746649850087441
1395 5354591969400631381
1396 5381134019231950081
1397 5397082197368038321
1398 5398392016523963881
1399 5406940335077398261
1400 5419689476701085821
1401 5444715088946943541
1402 5449680577819001101
1403 5452507897041524281
1404 5452591771146517141
1405 5457788693331838441
1406 5464644219445408141
1407 5468324410737789241
1408 5472346891256034661
1409 5475851524828722181
1410 5486998565540604841
1411 5490756529318459501
1412 5505890911684329541
1413 5516810395625219461
1414 5519043375739042381
1415 5527556870043716701
1416 5533346115531574201
1417 5544894823884997213
1418 5552643550784827501
1419 5573302672515248521
1420 5599237866510671881
1421 5601384365661706381
1422 5601497065101613141
1423 5615256992826231601
1424 5617286316042022441
1425 5642157196122798121
1426 5650427743307736481
1427 5651609325247073101
1428 5679642038600282341
1429 5699703554353249081
1430 5723636718951473281
1431 5760630121662119281
1432 5793512609698394221
1433 5800866739791808381
1434 5814565177387015141
1435 5851529547888859321
1436 5851825911434230921
1437 5871066467407024381
1438 5873065987153465741
1439 5880678415191406201
1440 5889543189312957637
1441 5895511957955999341
1442 5912917589743170241
1443 5913120725131109221
1444 5927821769256376861
1445 5928024444825429181
1446 5936648207430501037
1447 5949801444154656001
1448 5955369392583990481
1449 5968503386709972301
1450 5980772955031964821
1451 5982660073179967321
1452 6015518348175264121
1453 6025665142614241741
1454 6057277510783074181
1455 6067906440212284861
1456 6086389891465841101
1457 6093394968083347621
1458 6095136344305288561
1459 6113799425942796781
1460 6128836473916986061
1461 6149154356538592501
1462 6161692621604874841
1463 6169979851362004021
1464 6180397804538803093
1465 6188878904907709861
1466 6189803379260496601
1467 6192044868968495881
1468 6196413019158403861
1469 6199627017781194421
1470 6201863843617245301
1471 6207339766852752721
1472 6208919513361243781
1473 6223543126872593281
1474 6233357532464608921
1475 6235631262518938561
1476 6255884255546449021
1477 6271066952693662981
1478 6274984416396584221
1479 6280120375104898081
1480 6286294877269119301
1481 6294677694123278461
1482 6301073171807835061
1483 6301519574905017961
1484 6302805894527048281
1485 6306801097062004633
1486 6328241155166174941
1487 6339553456001343001
1488 6356295922403955721
1489 6359483661788378941
1490 6387374997177861061
1491 6400722435200419561
1492 6406044539670495721
1493 6409892749788756421
1494 6424069906397431621
1495 6424873797146622241
1496 6437813740690418461
1497 6444725490644048161
1498 6451314088559588161
1499 6453590486616552241
1500 6463196126087738461
1501 6465129620929848061
1502 6467684292241893361
1503 6487597471226453401
1504 6508855784192214181
1505 6532886186260416097
1506 6532904476099886581
1507 6561998207042669161
1508 6569688384445637221
1509 6578226496874101801
1510 6583986012571124161
1511 6597994902117929041
1512 6603456996109061281
1513 6630586557984794101
1514 6642106732672006201
1515 6659646579416300341
1516 6665484118263295021
1517 6674865647700133381
1518 6701548422987286201
1519 6731256003903047761
1520 6731957627310026161
1521 6744789135848594881
1522 6757965557827435141
1523 6809428460729511961
1524 6817425404793759361
1525 6818238957866678161
1526 6826322017150083781
1527 6830013277248511081
1528 6833783296961417941
1529 6843139464474855301
1530 6855665614068009841
1531 6857432797180080721
1532 6867262057062296761
1533 6868053927837819721
1534 6869647868097534061
1535 6872991824884497901
1536 6891460889491402921
1537 6893826928722415441
1538 6905460068508438781
1539 6926224229918535361
1540 6938855580236697541
1541 6938885157951786001
1542 6945027383318914621
1543 6955662307456210681
1544 6956620669960589821
1545 6957532423763976541
1546 6957789834461415181
1547 6965158915886870161
1548 6981595129921071661
1549 7030175292970905541
1550 7043304336123155101
1551 7049841296010331921
1552 7057773705167423701
1553 7062208460121080641
1554 7068970661470815241
1555 7069402061990937001
1556 7071415438465096681
1557 7075887159660638281
1558 7096484052136399561
1559 7101417616172222437
1560 7118538761821436041
1561 7122642528036292681
1562 7132300296490657621
1563 7145172151782848761
1564 7156748956297071181
1565 7203687287668097461
1566 7204629291828950941
1567 7208663880568728001
1568 7214601268693736341
1569 7238356915660229461
1570 7238697920651097541
1571 7269291290529299221
1572 7277608489330829521
1573 7278935171669244661
1574 7290648365414395801
1575 7300417586056835881
1576 7319702399441202961
1577 7330503487976576821
1578 7365332518161657001
1579 7381333026569481841
1580 7396637957578879741
1581 7397788525047275821
1582 7428718145842316821
1583 7429931937598547521
1584 7431348553945985761
1585 7432279684158430921
1586 7447981360622334997
1587 7448640060669809821
1588 7454600328922924321
1589 7459580787830081761
1590 7461426567745978381
1591 7466295576250075261
1592 7473957408117278401
1593 7481240471219761621
1594 7484750242809262921
1595 7487181272155453201
1596 7497631920405228421
1597 7510877830390733761
1598 7511971670478673861
1599 7528366246962097681
1600 7556198775873907261
1601 7569390842037632521
1602 7578514105772530561
1603 7579787819641294681
1604 7607279789020597921
1605 7607363942120904781
1606 7625191856855032741
1607 7634039895748172281
1608 7644421836207334501
1609 7654961283349103221
1610 7681309893909028801
1611 7682151457098458341
1612 7721303609304635221
1613 7726149639293355001
1614 7732722251846220721
1615 7746469301966521501
1616 7747262065493637121
1617 7762901454415965001
1618 7771305722558364361
1619 7788806631493455901
1620 7794005154239044381
1621 7807110232368067261
1622 7808380671485112181
1623 7810928103206614621
1624 7817925409359174841
1625 7823054713359338041
1626 7831660759674631741
1627 7837740226375382821
1628 7851323132499865981
1629 7851368431812593881
1630 7861083786804548941
1631 7875675259446500881
1632 7888151844682395661
1633 7903467319564258261
1634 7916844195768171241
1635 7919165074306801921
1636 7919667341969578801
1637 7927389312233319121
1638 7930973237443454521
1639 7944208658189129701
1640 7945309580967597301
1641 7963372014622432741
1642 7968366260743316341
1643 7979516208714689101
1644 7981172615678283781
1645 7987847315391075721
1646 7997278974576764461
1647 7999758930884339581
1648 8014264459436723401
1649 8026218232306012201
1650 8027203400594656741
1651 8029951864988650741
1652 8034232910380551361
1653 8055005533187222341
1654 8061418592960991721
1655 8075424577753841221
1656 8077031624402368057
1657 8083516429784546521
1658 8084028896971732321
1659 8124954731756771101
1660 8130557576263370581
1661 8143695877027578781
1662 8179911747521904121
1663 8194974261279555481
1664 8195661912370629841
1665 8224546886368921021
1666 8227382212240637821
1667 8237001443051259841
1668 8237108750524333681
1669 8238517647743131081
1670 8240912205708063841
1671 8242606493904619981
1672 8253288787014481081
1673 8255070489216565501
1674 8260490079057284401
1675 8260962166426011001
1676 8262437315169713281
1677 8269838871468973261
1678 8270572429829909161
1679 8280694256080848421
1680 8283730501832883133
1681 8308195985158829761
1682 8333577521802483721
1683 8367787700123853961
1684 8372607641655782533
1685 8377256379494393161
1686 8392941545650659001
1687 8405898732023680801
1688 8412238869397729741
1689 8416757916341875741
1690 8432275831568536861
1691 8443390330543558261
1692 8467292491169467561
1693 8479512420861057181
1694 8496651987609523081
1695 8560017144000619441
1696 8578427411631557761
1697 8598042354435111001
1698 8598337126612619761
1699 8607643146612987481
1700 8620742514210696601
1701 8659122084177214381
1702 8676177884025372001
1703 8676345158744903641
1704 8678609413592957941
1705 8682703832303880481
1706 8688661247449073941
1707 8697652086563428321
1708 8715285334150770841
1709 8719939731380972581
1710 8722531040999763901
1711 8724642255033711241
1712 8739371771880550081
1713 8746331743752042721
1714 8753513638188881521
1715 8768903936456372041
1716 8774590450223134681
1717 8778463766817335641
1718 8795040200744676841
1719 8808564863534496061
1720 8813811485260988581
1721 8819434673902200541
1722 8833834217380052161
1723 8852755979791858621
1724 8879060960993691661
1725 8881649349858440761
1726 8899535736538039321
1727 8915188796995273381
1728 8917293529714949341
1729 8918924297844282481
1730 8932392740813278741
1731 8938343095590718681
1732 8939142637118775901
1733 8942538933998128561
1734 8967576903229072321
1735 9006776522466241621
1736 9013261478808784621
1737 9026845093243957081
1738 9039809684481428581
1739 9095120648618400001
1740 9102664247872955761
1741 9104094585974651761
1742 9111406957830426481
1743 9127623293432959921
1744 9146693564323465921
1745 9182674533575740621
1746 9187379743905988321
1747 9192949908333348301
1748 9200288063194189921
1749 9202335053520356941
1750 9241268272218512401
1751 9249914572038364921
1752 9260245556723390461
1753 9262820213105565481
1754 9271074549578683801
1755 9281957512235811901
1756 9312708327345422101
1757 9343685921086053961
1758 9387033687864126781
1759 9396035495318789461
1760 9401039284865884261
1761 9440944868693746741
1762 9466122581155112461
1763 9466493373741934261
1764 9474781125790299421
1765 9475259939731193941
1766 9520590020701626241
1767 9523202248687424641
1768 9545109344657005081
1769 9564942993282192121
1770 9564973901739704641
1771 9583030423735108201
1772 9593052289198938421
1773 9614410461686658961
1774 9626143093319195941
1775 9655821543113423101
1776 9660899689895931481
1777 9663482666615594821
1778 9669576277527374401
1779 9675065808378897301
1780 9682228765016070841
1781 9688693703558619481
1782 9698236062577154821
1783 9712176689361714481
1784 9715512466123626121
1785 9716156564568733381
1786 9717163343280855421
1787 9734084437383360541
1788 9767069959738309681
1789 9779582168014656421
1790 9789199334468782561
1791 9821766022064995321
1792 9845568633476103721
1793 9847789498539503701
1794 9860804456248884601
1795 9867538327937327461
1796 9874355595113509501
1797 9878568849139518721
1798 9890950537852841881
1799 9906068956808136841
1800 9911305016827184821
1801 9924019249862045521
1802 9947859705477473641
1803 9970813762995097741
1804 9977647294218505861
1805 9996181600632499861
1806 10019175677548159081
1807 10028979724118394001
1808 10029191030879220061
1809 10039074667728632761
1810 10048637980607651041
1811 10059038520039943921
1812 10062793996968931681
1813 10137146657857077961
1814 10164908331615297541
1815 10183386989891144761
1816 10194309366616087441
1817 10204891670768686081
1818 10213652638904959861
1819 10275395979464157361
1820 10286888602721159677
1821 10289837996314529857
1822 10291892721697526041
1823 10296664775671875241
1824 10299316289888779861
1825 10320146735897475901
1826 10328014258203891481
1827 10359026344009073581
1828 10365610986104573161
1829 10367358789167891281
1830 10371692212046451661
1831 10383198697620610681
1832 10394421004797456001
1833 10408308812973081781
1834 10444707036548514601
1835 10452383167639738021
1836 10455483493311838801
1837 10457742833218119541
1838 10467032738377971361
1839 10480591359395876821
1840 10499237482668979741
1841 10547103051525942661
1842 10555415666241051841
1843 10589762699153984581
1844 10613100410304196501
1845 10622875979479915201
1846 10634755964672900341
1847 10635722218066245301
1848 10639644046957398061
1849 10697108631569602201
1850 10698793785361141321
1851 10727881076652901921
1852 10730276341548933901
1853 10747896363418685521
1854 10777617296445969841
1855 10778715664507886701
1856 10794419507468505241
1857 10795169700938805001
1858 10828718564431410457
1859 10831886429980134481
1860 10870947720086049061
1861 10891689641126155621
1862 10904219021368450201
1863 10910431750274444581
1864 10917563259670102501
1865 10932273719398161901
1866 10947871908797389801
1867 10950075089535257281
1868 11010906458397644761
1869 11014851979403330521
1870 11026801712353695601
1871 11058305613032817241
1872 11073052456113789901
1873 11075147680591014661
1874 11089395288222739153
1875 11096744335774320721
1876 11096943106601059261
1877 11108992137403357621
1878 11150759986754603821
1879 11170287286047360241
1880 11171979242075871181
1881 11189623611584851021
1882 11191991209733129401
1883 11212585452193295041
1884 11232409325209609681
1885 11248148338302495901
1886 11254524338916255541
1887 11305307603915751661
1888 11331134319133886401
1889 11335068711192541921
1890 11339321511918899461
1891 11347609687881897301
1892 11356532858731921501
1893 11366761479846372601
1894 11392265374085644381
1895 11394940272518932861
1896 11396878849938999061
1897 11406239624973920161
1898 11410368932444581201
1899 11443789652887887901
1900 11523824594585152081
1901 11526506709666946141
1902 11526555608924542561
1903 11572013827340027821
1904 11591193261208823221
1905 11604460463957610901
1906 11606535464610266041
1907 11615148111984965461
1908 11628760380279803401
1909 11635471945880658481
1910 11641685187572760961
1911 11699498703782869081
1912 11705358930458233321
1913 11720115740320365841
1914 11732166936242845681
1915 11749084358353120741
1916 11760738347788867861
1917 11813167926879556381
1918 11833224350672112301
1919 11833847216991375181
1920 11836579528813603141
1921 11872739208681956221
1922 11881935167470024801
1923 11899982260356071701
1924 11911238087337770941
1925 11912815829212942141
1926 11917201023189080581
1927 11918706704596715521
1928 11951938476792376021
1929 12009978493928645101
1930 12037630761476870281
1931 12046637536145042881
1932 12047683274610493381
1933 12126303403516034461
1934 12166697499667388101
1935 12188163235546588021
1936 12203223056617502641
1937 12205783052102475301
1938 12224158405777453741
1939 12236488775064162841
1940 12241603872387540421
1941 12257907904679828581
1942 12263710756879457341
1943 12272726323907118301
1944 12280839952692149941
1945 12286072491692724421
1946 12338195893950686761
1947 12345694714461670381
1948 12353846758508642677
1949 12405788824432742701
1950 12417218965339539121
1951 12471574304289833461
1952 12485619934356056401
1953 12501634340510214901
1954 12503475005760187681
1955 12537898025987596021
1956 12592060544073656881
1957 12611060400977118721
1958 12617112249761128981
1959 12617847506819443081
1960 12619984697666745361
1961 12632187107441243101
1962 12637056974430868081
1963 12670052018034326653
1964 12681168967708578481
1965 12687079518936316201
1966 12690186931539904021
1967 12717402404108453101
1968 12740959456338911221
1969 12762770302062589141
1970 12767342833142005021
1971 12779641268947830421
1972 12780314834634240601
1973 12788371887703569301
1974 12825490696836096241
1975 12852794732076539521
1976 12883178791290383041
1977 12884850870864300241
1978 12884887799641296541
1979 12893408155137011461
1980 12899308837336389661
1981 12916499439628922281
1982 12927564451903016521
1983 12942716574262235401
1984 12949212604366636021
1985 12966877367092951261
1986 12987699494408605201
1987 13007709082955438041
1988 13011586250760813181
1989 13012372992993092821
1990 13030397172082169881
1991 13055249243370132901
1992 13065893050583892481
1993 13083124941013816021
1994 13087396140825281881
1995 13124234969891151481
1996 13148990648902307161
1997 13152005093964405001
1998 13175773526985289861
1999 13193667050335909561
2000 13199341506106158901
2001 13201244583090433741
2002 13207411622987462161
2003 13240158262407743041
2004 13245149494128453661
2005 13248783495325014781
2006 13264040438757168061
2007 13295871299442368641
2008 13305926719088100241
2009 13362468482430618601
2010 13365913287328688461
2011 13376514611658609181
2012 13378602223712127361
2013 13379600180886470581
2014 13382723741377054681
2015 13424908427117648101
2016 13440170510090583361
2017 13455620463596848681
2018 13459501269239985061
2019 13482545080265695921
2020 13509666444253821601
2021 13541885312960894893
2022 13578178440425800237
2023 13602298435438610041
2024 13607352905507771281
2025 13657111722613596661
2026 13670817105074380441
2027 13675112737712957581
2028 13689081847229598541
2029 13701794624502880501
2030 13778216361479461081
2031 13786774967073947941
2032 13820395390915800121
2033 13826962449508618141
2034 13837190669317911361
2035 13838889653288681941
2036 13848995393490492841
2037 13860410973513268861
2038 13870507927367259361
2039 13885218513150253501
2040 13906148602956210241
2041 13912798714670942461
2042 13934150058609542581
2043 13937746128109166941
2044 13943084247585181021
2045 13965439935999044221
2046 13967170063821645721
2047 13995663916478594221
2048 13997902669063152841
2049 14024062417613448061
2050 14024150258631536521
2051 14029143999465613981
2052 14035468419479962921
2053 14057661069878023021
2054 14132964548892993301
2055 14139006385659267841
2056 14169304421842110181
2057 14181137036650196341
2058 14191986831291560341
2059 14202617230389614401
2060 14244791444633322301
2061 14249126389698519421
2062 14280719755552071781
2063 14290331704388926561
2064 14300636493025308661
2065 14308432955165029321
2066 14312211106813728301
2067 14321972027367892801
2068 14334896277423450061
2069 14367244102300419061
2070 14367603083624762161
2071 14369451317921408041
2072 14379015277238851201
2073 14392638098053971361
2074 14450067581101913041
2075 14456062821140488741
2076 14484032811125821441
2077 14502907770914162881
2078 14514063370199194621
2079 14547579220027141201
2080 14570514940007372581
2081 14582532955673782201
2082 14590204001724864241
2083 14590988598083453161
2084 14599439952571074241
2085 14635634584637235901
2086 14645137321834510261
2087 14649734814659860381
2088 14658477755783110981
2089 14666676209641598101
2090 14695729369403381401
2091 14777151423627492001
2092 14779092710220678841
2093 14794429738879276861
2094 14795835098360639401
2095 14818848387688676101
2096 14855502785244657001
2097 14859793475951371861
2098 14882975499100875541
2099 14889890120153427481
2100 14891870331503105581
2101 14893868144048352421
2102 14914966103484205861
2103 14919309651109255981
2104 14947118330303730421
2105 14964421563170565721
2106 14972963534845778281
2107 14994241485422387101
2108 15007545229185495361
2109 15035229913181144041
2110 15067342343979322741
2111 15072610902955325581
2112 15099533805113222161
2113 15110754715020024061
2114 15131129835081066181
2115 15171089824333622281
2116 15180636306529902541
2117 15200951533949967913
2118 15220084066138961881
2119 15314528715662305861
2120 15317936304786548161
2121 15323323972385427961
2122 15336383112268208761
2123 15341382577634504161
2124 15344905993178069221
2125 15396354578698965061
2126 15406699901448574681
2127 15431835356930821021
2128 15436244280826760581
2129 15472148577584097361
2130 15472562562164355553
2131 15486753646172857381
2132 15495725491007171281
2133 15497014734700135981
2134 15516507799137921181
2135 15537529040898543781
2136 15544276291834477741
2137 15607497618567057781
2138 15619779260806915681
2139 15632712032747292253
2140 15644181017004498421
2141 15701807262545063941
2142 15703355151297366757
2143 15714219164514031921
2144 15718060855393182721
2145 15721132867894542001
2146 15775693528522808521
2147 15785780104383920821
2148 15806800125620676901
2149 15837488166204394561
2150 15848244846124922281
2151 15889182825041507941
2152 15895982555710093981
2153 15920714316843940033
2154 15953852147396300281
2155 16009285475872050181
2156 16011597529246929481
2157 16033668170321439061
2158 16061884584676016461
2159 16080473330521125961
2160 16081694495344590841
2161 16090148443148129221
2162 16132377125979320581
2163 16162721460544932001
2164 16206642418402463941
2165 16206985820627571841
2166 16244340380570821621
2167 16262938362077995501
2168 16291092564365596321
2169 16391493979239094321
2170 16392505539515467321
2171 16414017505623283921
2172 16422839464007995981
2173 16445647943259094561
2174 16462260506104521301
2175 16470185218074816421
2176 16477011731686959181
2177 16505743435977663781
2178 16506193649699991241
2179 16569527060533604581
2180 16617272955409817461
2181 16624306055580760681
2182 16639834952814541381
2183 16653271397580652321
2184 16656147528011480581
2185 16660783864202107501
2186 16692099840298758481
2187 16697916379451777341
2188 16719216462041443081
2189 16720003949841079801
2190 16727260719700081741
2191 16740281653468941121
2192 16741800390822616201
2193 16747071044751620161
2194 16777945431947172061
2195 16783972230722585221
2196 16811501858938789201
2197 16826885355702010681
2198 16831164848982726061
2199 16832292391279394761
2200 16835853502232955961
2201 16840184797342030741
2202 16880494817597268001
2203 16889404998861712741
2204 16918031790989718481
2205 16929536559396636781
2206 16931338410629563201
2207 17000907059201370001
2208 17060879797766365201
2209 17129797720435917661
2210 17169041042728452301
2211 17177043914529611701
2212 17224634047394520121
2213 17251955498857510201
2214 17256630353749891801
2215 17286644690039702401
2216 17308410324384805861
2217 17316860020247666341
2218 17365982364849449521
2219 17381702826894753901
2220 17385298789811811961
2221 17407246362920492401
2222 17414191749864364921
2223 17414437319200717261
2224 17417334726507846901
2225 17435456715061815301
2226 17457609329096546341
2227 17458401490900005241
2228 17463447185032444201
2229 17463589428163206661
2230 17464659341088519841
2231 17472532991759301061
2232 17491654094053518481
2233 17493592572402303361
2234 17546110480639341241
2235 17552912581316129161
2236 17570049519905368861
2237 17583511231023446041
2238 17607604036146259741
2239 17608283846490191053
2240 17634838355622525181
2241 17657140205294448961
2242 17745913985110696081
2243 17764617378111788881
2244 17765840189363494141
2245 17775778113264450241
2246 17782005817735812241
2247 17810491224165341101
2248 17818865378695932601
2249 17830507341536577601
2250 17864865331142774533
2251 17904904838081108761
2252 17958435951050409301
2253 18021974393251686001
2254 18085401532879341301
2255 18107191140564505981
2256 18115395963897972601
2257 18130265450571271141
2258 18130789866791570161
2259 18156931670523333601
2260 18183202105177848841
2261 18184410660116918221
2262 18193377431484366301
2263 18203155545756903541
2264 18252912084134596201
2265 18278172336584237221
2266 18290824475309678881
2267 18310822775277275821
2268 18315891625950595057
2269 18320043869395767073
2270 18335412165652999561
2271 18389289089103302101
2272 18397680874873749541
2273 18398912927165701981
2274 18411213016630163461
2275 18426756045752433481
2276 18436171338331873501
2277 18440528349598609741
2278 18473044209077159521
2279 18473962428386408521
2280 18487904275138290721
2281 18507066904877761081
2282 18520479314700732601
2283 18557941842654051181
2284 18570378313613596201
2285 18573283180009267441
2286 18580354765810163701
2287 18594411222157643461
2288 18595011008158468381
2289 18601341292137305521
2290 18605295826050020641
2291 18639875317065658261
2292 18642486857452860361
2293 18646876048259034181
2294 18656979419720565421
2295 18681913395708040801
2296 18688210421004547921
2297 18710746348370250661
2298 18711251375370282061
2299 18713862824617008241
2300 18779483416006220821
2301 18788936145673740421
2302 18811370031021163201
2303 18827079495620079181
2304 18835584861130234621
2305 18889631346011595901
2306 18908684266369159081
2307 18924139181296021261
2308 18959771263793310721
2309 18963117049794495001
2310 18972154707069182581
2311 18975740001013996201
2312 18996552710990821201
2313 19046883035097154381
2314 19070218426653973681
2315 19074842544048719341
2316 19085551975573090561
2317 19101546348088760161
2318 19116430848503338081
2319 19122170844536189161
2320 19138835593508389861
2321 19152041717952529621
2322 19171193797969111861
2323 19171375524014501341
2324 19218864593004664921
2325 19240021619864973841
2326 19255629385388172781
2327 19267666760024869561
2328 19270508467356640861
2329 19314679593258166261
2330 19324957614058204021
2331 19407337695609380941
2332 19421752469462965441
2333 19432998355153765141
2334 19442895384401267881
2335 19460283828322233781
2336 19470231885158871961
2337 19475770500322857361
2338 19477664186945392621
2339 19502125116123805621
2340 19531219458884601661
2341 19562438432341002661
2342 19609137657023051281
2343 19627625358002158501
2344 19672856013812988361
2345 19683635237554471681
2346 19726455275645027641
2347 19776510352862239981
2348 19777333877832968581
2349 19813027009358073541
2350 19823817339571203421
2351 19832387838758454061
2352 19848057477053755681
2353 19852806121459077001
2354 19875153063073463761
2355 19883706863968885081
2356 19915187024678444461
2357 19918087396117460281
2358 19938051771217315201
2359 19941874207389565621
2360 19975403480470005481
2361 20074161072214005901
2362 20080937449824586801
2363 20085972070607782441
2364 20126494611827843341
2365 20140784831665619941
2366 20151891253515991201
2367 20161160338081473901
2368 20194156123600328101
2369 20200906747516952881
2370 20211630116809488781
2371 20215145381735783581
2372 20217032650052915821
2373 20224774543723548901
2374 20227245250919547481
2375 20242500879694501741
2376 20251314842435806861
2377 20270000594785279801
2378 20294747627374984261
2379 20298811754910597241
2380 20302627293449803261
2381 20320529749380151141
2382 20324952661642429081
2383 20326784088035491441
2384 20356480074605923441
2385 20406739729180523821
2386 20447024820216690301
2387 20447625331744180441
2388 20466699548286279481
2389 20499990895005409981
2390 20502163725928451857
2391 20511157033923254161
2392 20515429162159637941
2393 20520312900026708101
2394 20530725137052503101
2395 20579968628520887197
2396 20620137162181706881
2397 20642207688075723481
2398 20683931549913239941
2399 20704519978493635981
2400 20721074683565733481
2401 20760009035871474601
2402 20766245449030451101
2403 20778997905470110681
2404 20910386619059361001
2405 20914857399676315681
2406 20918695447310867581
2407 20968372025682148981
2408 21023018107570006441
2409 21024597412725936901
2410 21050225538214910461
2411 21053994792371168821
2412 21072928433886117121
2413 21073840593233475601
2414 21079684008821028781
2415 21096389345681561101
2416 21103959948299206441
2417 21164030055494776321
2418 21188888677355459701
2419 21193950976717796701
2420 21199558748681313001
2421 21209327229048169261
2422 21219448648284905341
2423 21253418526508581001
2424 21295056724052590441
2425 21299035308846051901
2426 21313068178163438821
2427 21333784533126658321
2428 21357497777835567541
2429 21360519268466367721
2430 21416390508002349721
2431 21431495057871489361
2432 21452174145200317621
2433 21453651040401439861
2434 21482280006475328041
2435 21518759479764955741
2436 21539780737159434481
2437 21540427644859771981
2438 21543205283885593501
2439 21619578256013137681
2440 21621229562185021861
2441 21632187092589725653
2442 21668924852466499801
2443 21677771697156395101
2444 21698838968435658901
2445 21711098010077473141
2446 21763092206790143941
2447 21765914059960901881
2448 21766202316704306101
2449 21783658982474589841
2450 21856159119661765837
2451 21875871179647673521
2452 21882000192695220901
2453 21922515212813189461
2454 21965726432960954221
2455 21990700422766895821
2456 22026603181262227741
2457 22039394369316367621
2458 22050745745487618121
2459 22064169671319654841
2460 22068120138689251201
2461 22073899462108811461
2462 22114920373022932921
2463 22124615443945789261
2464 22205654510743821121
2465 22215990123451059541
2466 22264177110309582781
2467 22296947486093263561
2468 22304748550690695961
2469 22305040075990640161
2470 22331630748127518241
2471 22361505531503644741
2472 22388369326643779561
2473 22427722911303049621
2474 22432686896431098841
2475 22458538896435321961
2476 22469642667785611621
2477 22470104978086036321
2478 22525036676947111861
2479 22539886635716469121
2480 22554728924178877801
2481 22558718499904294621
2482 22583762963612029141
2483 22597772916939800581
2484 22610368537433220121
2485 22612245673344043861
2486 22627697615119696201
2487 22682899885983925501
2488 22708768154313070561
2489 22716143583431245861
2490 22732326160712293681
2491 22752235299988071301
2492 22754516240477090941
2493 22764117970613383981
2494 22770484061398811161
2495 22789079711892166261
2496 22792665034584987361
2497 22841049960510189601
2498 22852472703872490781
2499 22918406108858750221
2500 22927681758241163401
2501 22937205640776977281
2502 22940521305524937601
2503 22949297035101334321
2504 22950677019476286721
2505 23002438338736596601
2506 23013239461607706361
2507 23043759897295196161
2508 23051514111056796061
2509 23091655063893416281
2510 23094866888084911021
2511 23180949368736531961
2512 23187660804862973521
2513 23210341660580943061
2514 23226220125000789901
2515 23261896629550391401
2516 23265776992414489261
2517 23287004913763158481
2518 23301002851786030141
2519 23372266342820452201
2520 23379687619493079361
2521 23401140906145720141
2522 23423373649225980301
2523 23488076682822039481
2524 23489959988257163041
2525 23512083792881539321
2526 23519104142118459361
2527 23520710708190762301
2528 23567670032915257981
2529 23695916400873575821
2530 23709628487299287121
2531 23789346850745425681
2532 23829163512358943701
2533 23833968833023014901
2534 23849135000025446161
2535 23852667814924065541
2536 24002768445831774061
2537 24003984179337162001
2538 24004276524489921661
2539 24033660960441380161
2540 24154494407391570181
2541 24154631914204615321
2542 24173802820407631441
2543 24197924676346920601
2544 24224157980067215041
2545 24237400360461124981
2546 24238940104086672661
2547 24247080719326846021
2548 24250682257416295321
2549 24259512527282287861
2550 24380242607963622661
2551 24407329357535223961
2552 24459362116660542121
2553 24470210944779358081
2554 24515622986322477241
2555 24520264433494919821
2556 24561779633991461317
2557 24604954336912508521
2558 24634586163955178461
2559 24776216209874197261
2560 24778534986884168221
2561 24791314787471830021
2562 24793940167446137881
2563 24797101696961182681
2564 24798540552359432821
2565 24800023656361369021
2566 24801759465473657041
2567 24957297594917194321
2568 24989792751066312901
2569 24994700767267235701
2570 25007997152143954141
2571 25021400289257475601
2572 25054152441138399541
2573 25063344105506094301
2574 25156307612395134781
2575 25166661079856740021
2576 25190957477025248101
2577 25221505657922932681
2578 25231358714747140561
2579 25254355679005034401
2580 25260878905449644461
2581 25265636171249160061
2582 25266117832445581141
2583 25311293221245500701
2584 25316564290390493761
2585 25338334668801473281
2586 25352982215136636061
2587 25358794341764331781
2588 25365658505806106041
2589 25409462094175918861
2590 25483622383891409161
2591 25582814092095137221
2592 25629165623117783101
2593 25634469388046195821
2594 25650744239074382341
2595 25686729770596253461
2596 25694654323369477681
2597 25735717969801150501
2598 25792095672930074821
2599 25804887526601833381
2600 25839665796357990721
2601 25842809627865111841
2602 25851931706455732021
2603 25854846113594791021
2604 25857723018723651661
2605 25901788885685834881
2606 25962954348367481173
2607 26056685012579380261
2608 26061928987775971021
2609 26066174611342772341
2610 26098775623388956681
2611 26127006349062091201
2612 26140295757387646321
2613 26159516377200294001
2614 26199212228521132237
2615 26259010151962927441
2616 26259159571826914321
2617 26281715698873031821
2618 26327267836289731501
2619 26339731591511866441
2620 26360407744794149401
2621 26388240527275767421
2622 26392637679996688381
2623 26399117805827229961
2624 26473665722718965941
2625 26480600175399247333
2626 26504073496351247941
2627 26535400847772775921
2628 26567477263058103961
2629 26638299269525801281
2630 26645091695197666741
2631 26665430149593361501
2632 26669908432873479601
2633 26694519025026250861
2634 26705815068460682281
2635 26710621040223366481
2636 26720249936947576741
2637 26723653540568459941
2638 26738101515161031601
2639 26761763164145635861
2640 26787788125524383101
2641 26794904193355318021
2642 26801759163137166121
2643 26808474992486039581
2644 26820482794131737761
2645 26840689790964807181
2646 26853566930440327081
2647 26874012208322494681
2648 26878934252788264081
2649 26902183668675134821
2650 26947136082281547133
2651 26965474210306011241
2652 26967551645055467821
2653 26992556130317655301
2654 27043262646748368661
2655 27058429447723904101
2656 27065870390633104801
2657 27080580049703226421
2658 27087737958426599941
2659 27097194664355583961
2660 27139679153096469061
2661 27150068461108790341
2662 27158541568012924801
2663 27181177514217319321
2664 27200108303637657301
2665 27290834728503864841
2666 27379780687835833681
2667 27387272758374821881
2668 27399335932902804721
2669 27430712432610960061
2670 27450231645102042781
2671 27458198811093027121
2672 27493152174009191401
2673 27519080640540317161
2674 27589192019263785961
2675 27589310592875579881
2676 27628512511820226241
2677 27682256065242746881
2678 27726741533908645561
2679 27738318200691006241
2680 27771273251304020761
2681 27774391499878209421
2682 27788113253449993021
2683 27825144245322712201
2684 27854061080567406301
2685 27895324374152885521
2686 27902720820604573441
2687 27910427271352575181
2688 27921837815532673741
2689 27960627048743195041
2690 27988229856049698841
2691 28016677716635184721
2692 28060289337691497121
2693 28097555402378371141
2694 28097960817551060041
2695 28127901063899195521
2696 28176273495512647201
2697 28223351078678805781
2698 28247437169834397001
2699 28260768982337314921
2700 28269635891339570641
2701 28290189525481125061
2702 28300462419556847521
2703 28434159680131995661
2704 28500417326339597101
2705 28527351418059789901
2706 28579637947825833061
2707 28626328676178284101
2708 28679144656581215941
2709 28684309917027864061
2710 28693439832081167641
2711 28797951954436363801
2712 28819559869442989081
2713 28939232928525319261
2714 28949760579432888661
2715 28978424916467198761
2716 29018318047976291521
2717 29020179849627517741
2718 29052947701485775981
2719 29084599334063251441
2720 29157320223887814421
2721 29214228322573751881
2722 29234701611093384781
2723 29236570659145373101
2724 29290859174764065841
2725 29300174524962438241
2726 29314587980143766581
2727 29324408179389129181
2728 29360109299681211241
2729 29360282904927464221
2730 29393632271227592701
2731 29424215326014546181
2732 29472640964552008801
2733 29502090328789453981
2734 29559184786664722921
2735 29568438811258911061
2736 29591945575543486741
2737 29617450588826415241
2738 29661593401727293381
2739 29662613160088636921
2740 29665304317732183741
2741 29683072542940277101
2742 29694740516848147381
2743 29705716770130289221
2744 29709978384037998421
2745 29710005300465614821
2746 29722529490858908281
2747 29734999900387250701
2748 29739519767338456681
2749 29778403070257625281
2750 29798233240223442481
2751 29808292986980820901
2752 29845067783374268041
2753 29856511534653650221
2754 29882020467195120841
2755 29963909536680779521
2756 30015414076439449477
2757 30021642503910280801
2758 30069582718231351681
2759 30073655163088404421
2760 30106555876067330521
2761 30167623874615168761
2762 30197959137214968061
2763 30198046195027488781
2764 30221640758443383481
2765 30222312978763404601
2766 30226753698874613161
2767 30231165654326207761
2768 30265572168822233821
2769 30285429601027339201
2770 30291906856527975121
2771 30341308179640875841
2772 30357198500690498581
2773 30380950567155609061
2774 30393640974839372101
2775 30410562938900602921
2776 30416515351450317961
2777 30419044330464989161
2778 30434209061266900621
2779 30506903984526569881
2780 30514513867414854421
2781 30530769429974290621
2782 30538299121972120441
2783 30550188887948189461
2784 30566977232398505221
2785 30660888055778352961
2786 30670249456858591441
2787 30677838657354986101
2788 30688905875307099421
2789 30705077513797606021
2790 30717590737433824921
2791 30720938975823264361
2792 30726059761409671621
2793 30733802847662752261
2794 30746198052409405801
2795 30750516051783927361
2796 30789369149678534761
2797 30795475994937731221
2798 30796030270409834161
2799 30810104144071993021
2800 30816696331512138961
2801 30867635361629571121
2802 30870705962723790661
2803 30895717727770326481
2804 30947090568574167901
2805 30955533275283894421
2806 30968619554376173401
2807 30998924713772173621
2808 31001422144589915341
2809 31033948334003547661
2810 31062463695105867721
2811 31100844195834773641
2812 31125559031394244561
2813 31138418758607168341
2814 31139238879758258341
2815 31142731404586861021
2816 31147754343751135861
2817 31170920549502573841
2818 31176204188124306517
2819 31208047741637265601
2820 31217605287789841201
2821 31237422971773278901
2822 31279400378365060741
2823 31294626434523170821
2824 31299585961990654501
2825 31307759515428857101
2826 31316210479791291541
2827 31463995458933846001
2828 31472950313013769561
2829 31537907312679868741
2830 31557803271452117521
2831 31602425967467472541
2832 31634103938594722261
2833 31651550950585006081
2834 31670533538487322441
2835 31679186850007224721
2836 31685644683160153921
2837 31726653507426441061
2838 31739386747062214861
2839 31762491927304393861
2840 31817668608332304121
2841 31827778389090921661
2842 31848244623978453721
2843 31864851590208107521
2844 31912885164721872361
2845 31978081916893079881
2846 32011238083882847521
2847 32028155309006392141
2848 32055793336490616421
2849 32089334428090667641
2850 32103138160806583921
2851 32112190499100958621
2852 32118889884402971521
2853 32128236342631096861
2854 32138856589974479041
2855 32141294539130322781
2856 32144717489128744501
2857 32144974134399315421
2858 32170625496181869841
2859 32177613426908439361
2860 32208261773595426481
2861 32209366445770831741
2862 32223399199071888361
2863 32256877590566437141
2864 32292581533039757161
2865 32330516361057996841
2866 32346071329489097821
2867 32355819955312414201
2868 32377173087981965821
2869 32391561869434786981
2870 32456833225119242041
2871 32479157747245156861
2872 32480248292982598441
2873 32508374613641586661
2874 32668076404875740161
2875 32706555182975723281
2876 32706561907077636001
2877 32723909028413250841
2878 32761349282563937641
2879 32762779366163990641
2880 32786142938576475361
2881 32840055620635183201
2882 32843232238299652261
2883 32869380062773593301
2884 32871592773609659161
2885 32923658961919542961
2886 32947555944771631741
2887 32973436037729176861
2888 33005847387717468961
2889 33011150454150130021
2890 33012768377830660381
2891 33070172883329909881
2892 33078119667958334701
2893 33093126665849096221
2894 33109510428390573181
2895 33118087815006041401
2896 33119411987785451521
2897 33119513822301805861
2898 33141620015068848781
2899 33143904144157230001
2900 33165485585229405601
2901 33169329657293525161
2902 33290235160264626121
2903 33307593865095346801
2904 33316274574889358641
2905 33344001787190143921
2906 33346858111625685001
2907 33355573135250728321
2908 33366013163074543381
2909 33376396024065054241
2910 33395216239645688761
2911 33409623881312161981
2912 33428803214529050521
2913 33441694709498073961
2914 33596878521917886781
2915 33636485380596613981
2916 33642309078460272061
2917 33643109023877146501
2918 33643872834003261061
2919 33650687495209021381
2920 33663173851139411041
2921 33713912502570717841
2922 33782319947493203461
2923 33793453107706711381
2924 33823117680127723861
2925 33882789396304208641
2926 33923997669571427881
2927 33939984397946012761
2928 34025627293703089741
2929 34027121059718844061
2930 34160491670538892621
2931 34213905735796228201
2932 34228729649489806621
2933 34262214857804977621
2934 34270849067733652861
2935 34279782094396751641
2936 34308693772899104521
2937 34450240070756938621
2938 34537326847111458241
2939 34555027247792795857
2940 34556773916090098261
2941 34570501524836514241
2942 34579909443349478401
2943 34629209928134931841
2944 34649789499544327021
2945 34657583299549179841
2946 34694082301182592201
2947 34702180638374707921
2948 34728214191774890161
2949 34804997908154173561
2950 34853001201423579661
2951 34882688255320427341
2952 34886486832763707901
2953 34902079138596439501
2954 34922802153378293641
2955 34928838650362069141
2956 34935351703606771561
2957 34947927835669675201
2958 34976012503547905021
2959 35012376465493455361
2960 35068154874007945561
2961 35069604856705126621
2962 35076553701201402121
2963 35151757595265810601
2964 35152989716984595061
2965 35196115374218768701
2966 35252748451731959341
2967 35275303956478173781
2968 35286419934281815261
2969 35298509334124427581
2970 35309915766187293001
2971 35345503584421036381
2972 35380676423270642041
2973 35426866641498198241
2974 35462018315523961981
2975 35463677368981286041
2976 35465375672168012341
2977 35469700909938445021
2978 35478407502231382021
2979 35503660420151231641
2980 35512039768208844121
2981 35551686922050539881
2982 35578275583589787241
2983 35663242478889302701
2984 35748140237729469421
2985 35757980891453735401
2986 35774088458646466261
2987 35798651084146960741
2988 35801702482699463041
2989 35815283222952048421
2990 35870920940229142681
2991 35880528457313110621
2992 35881359514290345661
2993 35895818276405193481
2994 35906415469829524621
2995 35912585352330306901
2996 35930750373198560881
2997 35964231773017046461
2998 35967797564756917861
2999 35975609149028199841
3000 35979782726665926481
3001 36000167127903887101
3002 36005154865263565741
3003 36027875662933564141
3004 36054389376442118641
3005 36057186899239253941
3006 36057547319847112921
3007 36072385433298223741
3008 36201449723168233081
3009 36260390566546363361
3010 36277241737824831241
3011 36287969448607193461
3012 36299899448571648121
3013 36305255039371878841
3014 36347779408323051001
3015 36375365732373237301
3016 36390787209773256541
3017 36421208905632888481
3018 36443428868684494801
3019 36444571985499658261
3020 36500706118718794681
3021 36541839754577276221
3022 36622843100699186101
3023 36650037466907891401
3024 36661982336485934761
3025 36676467567305504401
3026 36741036190601310481
3027 36743530601401002481
3028 36793683004253643661
3029 36810956640329437801
3030 36871470028793397421
3031 36890252985120582601
