21555171
26693217
27694161
28212129
29534049
31266873
32677821
42094881
51096033
54530001
62558721
67707729
70404777
72615141
76362651
78582141
81320049
85817061
89850321
90000009
92246913
93344301
93768417
93956913
99068607
106581861
108219177
109999989
110850111
111987513
112990401
120303891
124821153
126304641
126416097
129817521
139421241
141614451
156288681
159884271
162398349
173263581
176668353
192813489
196387101
202401441
214722801
219270501
223042041
230535009
234263511
243495351
246739221
261118737
265922721
279933291
287020917
299210661
301130181
303705081
328442841
335915217
350167329
354573441
354674529
354714921
365750001
386536851
400910301
413681841
422041257
426436011
438212961
443602881
446442237
446603697
455017221
459924921
483297777
499860009
502715601
511743861
551612601
553894461
614168577
632417661
643015521
670230441
682283421
688429701
689030721
718289001
727868961
757641501
780232833
790817301
795986577
797209713
801724617
806836581
845175969
846836001
855330561
858062151
882037521
885500001
893765601
916407801
921575457
938023461
985158441
994251681
1004965281
1013262849
1032819129
1058380191
1069468929
1073077461
1075839129
1081047501
1084962321
1090992897
1092478689
1123350381
1152878509
1216668321
1397464209
1403885961
1404575649
1430675793
1435419513
1447749081
1464272577
1469115801
1547431677
1575606537
1586019051
1610752977
1616230701
1622388951
1653424641
1656975681
1675342449
1679481441
1701067761
1705230369
1760768757
1770252993
1771299531
1805614371
1807881921
1818746721
1844463313
1874288097
1895556321
2001219417
2037226257
2092886433
2096120961
2110506201
2127336849
2163380769
2172414861
2192498001
2252359341
2283668001
2303789697
2375696313
2410305921
2439029781
2444508081
2527243137
2545967061
2605227561
2610000261
2636126361
2649327201
2704790817
2711413377
2716694793
2765746881
2791440891
2799119961
2837265201
2860023969
2902432401
2906823393
2923340211
2956874481
2968128801
2976678441
2990236401
3003766641
3005980641
3027323601
3030669153
3120045921
3189999681
3214538721
3222217251
3243131361
3322255617
3353817681
3392200449
3415743801
3435127641
3477605121
3607766361
3664546281
3818008161
3848966001
3864705921
3864728097
3869372529
3874694517
3881190321
3960539649
4144986801
4155605091
4209379929
4317919551
4320522009
4381679061
4423900041
4457319777
4463826561
4474037601
4482686601
4504312521
4530181293
4557273183
4600101231
4645852641
4689339201
4698600093
4699999953
4742908353
4759946433
4856681313
4862231001
4946816601
5006602017
5088730329
5199729921
5275447857
5299334811
5380251129
5409602001
5524246701
5540818977
5555203713
5723344881
5760332397
5829792921
6032764449
6035868081
6067183617
6078282057
6092934849
6263586369
6311689281
6349482261
6359043681
6392672217
6475152321
6536336301
6717392001
6893219061
6928830711
6970961943
7011715491
7027616961
7065967329
7241467221
7252941249
7296036021
7332077061
7344935001
7418752641
7424174241
7543242081
7616155401
7702358841
7875701217
7887763521
7892197461
7945578369
7957137501
7957338741
8016319377
8026653681
8248012641
8285492097
8317836801
8330103657
8392630653
8415207009
8474560641
8654337441
8665130673
8766641601
8872057377
8906480001
8918187489
8935110801
8938418049
9178897113
9182467701
9395214849
9422705601
9436328721
9573165351
9665731251
9739705041
9821735361
9847602801
10003018689
10087494561
10131138081
10168325343
10202231601
10425519297
10435967361
10532215233
10591082433
10596657501
10611270801
10682890731
10700258661
11095393401
11162982321
11186997921
11433009537
11557014561
11640970881
11845195209
11907676341
12113982441
12445596801
12453439329
12597530121
12710958849
12909493521
13260788001
13399798401
13556114001
13566738501
13678311141
13724889201
13757362641
14045116437
14053761801
14081976351
14151737601
14383224801
14391802881
14428657881
14543931681
14554944801
14646958929
14707759401
14842697409
14924571201
14964057081
15148460097
15157116801
15472424241
15486773121
15697259631
15772426209
15840034263
15880862817
15908384241
15913315251
16102211841
16136560161
16146142497
16249957569
16296619977
16316374257
16323791121
16338799341
16361261001
16362467001
16469714889
16536661857
16841672541
17091357921
17093543661
17222367681
17302739553
17459454321
17850934341
18048773601
18107105841
18129024189
18233768961
18392040801
18442498609
18460398321
18652977981
18776998683
18789977601
18931325409
18951065001
18957717801
19043794017
19241276499
19268292681
19411089489
19504254771
19553947281
19663459821
19998428913
20399548401
20447695521
20479092957
20625937641
20645555841
20775678561
21035474433
21040838001
21130493121
21159363681
21328367841
21510002151
21511037601
21754804401
21787924257
21812552217
21966189561
21988336833
22015991817
22081581621
22352774193
22826736801
23117746311
23280180561
23417009001
23499146529
23656962321
23836968801
23899999761
24029711361
24114594141
24313794417
24678965781
24758110017
24845985153
24859577601
25011396369
25211689569
25290002529
25570018881
25841584161
25925738301
25926135201
25930701441
26133687441
26209067841
26229748581
26299028421
26310695841
26428825809
26481618801
27215568801
27755404101
27761104881
28016657901
28042562241
28043619561
28262407041
28700722233
28775907441
28895336541
29176888401
29251509921
29391500097
29450207601
29579484033
29593840221
29679453441
29840287401
29865375801
29996717301
30059495649
30081885471
30191988321
30246532317
30335963841
30539787741
30831200037
30909996909
31093116741
31579631721
31775633901
31800570561
31986886401
32039579601
32200603821
32988399921
33038816697
33041423241
33083081361
33164144001
33255684801
33898409721
33946975161
34106754033
34268740641
35010115713
35070397857
35137364481
35264610081
35359859601
35956440801
36126408033
36215937801
36315994401
36357284601
36553805289
36561678381
36594184761
36610655841
36925765857
36962935857
37156100157
37431060129
37444554081
37453525461
37610742753
37654658361
37660575681
37919124801
38225530701
38374665561
38813917761
38959514461
39206945097
39290060601
39297950721
39298739481
39405634101
39421944801
40050318681
40515147117
40567732353
40700823021
40973143401
41507693361
41714283591
41757531201
41839963551
41992701741
42102019233
42127247943
42366564801
42507745281
42825959541
43218280197
43243393761
43452514251
43902141921
43960312161
44170026561
44280519921
44450584641
44636500161
44946313497
45463616001
45981391401
46731259521
46885032513
46913118561
47131784001
47380895073
47487003201
47532563541
47793828501
47829669201
47867842881
47966564241
48128399001
48279250251
48327978609
48687066261
48802541139
49218022387
49299073857
49479433641
49894880751
49914662337
50082713703
50470786521
51540435801
52584412401
53074138041
53652631761
53757440001
53847332001
54190528029
54315982953
54320206347
54619291161
54865964953
55111809681
55264322961
55688855301
56314014849
56382191217
56578193001
56587985973
56749679361
56864471301
57631549041
58023225459
58304040201
58601717091
58633508781
58957311141
58959261297
59759075601
59840932581
59845877181
60284498301
60563154177
61066881621
61199334801
61346479041
61370411553
61392230901
61544555073
62326628001
62365752801
62547331023
62638354791
62730589041
63578868201
63660291921
63818945217
63885368961
64012624929
64506240801
64608039441
64695260421
65283794577
65310703281
65434355001
65700000657
65760547581
65887875801
65956022721
66013700481
66479084001
66902015493
66954363201
67161826881
67255426701
68011769673
68097791169
68631093441
68759212401
69566375061
69615299601
69802886817
70072645761
70279997481
70420401801
70788205377
70811750241
71030269971
71534119581
71662423041
71782102701
72426847041
72943967601
73008402741
73131320601
73459534401
73879356321
74138583681
75024658017
75607143921
75705279057
76298354721
77838992001
77954092623
78106404321
78226257537
78250797801
78366147201
78380883801
78664313601
78755034303
78987875121
79186697227
79324090497
79860663297
79892798481
80108622801
80471680641
80610443937
80909090901
81378858177
82134452961
82350249921
83020917393
84078195741
84355753581
84373583257
85095806841
85690008801
85744039041
86086805121
86279343921
87828021513
87844199553
87906674241
88082216433
89037952641
89040228201
89317620981
89703907011
90033322401
90057375981
90199680201
90485267841
91051654401
91383372081
92009456001
92428200801
93194213751
93773343609
93949379721
95042078721
95146553601
96699999033
96882503121
97193215449
98135677431
98437157001
99066519081
99262202391
99557473401
99674892801
99707039433
99788706369
100156300641
100845003897
100982388321
101444700033
102051584001
102227121621
103032144513
103082039901
103292352801
104317757181
105535430001
106287382881
107130229281
107490432897
108298086381
108370763073
108457843329
109014012801
111380242689
111457779201
111501685989
111583167201
112384776141
112821823521
113117418261
113141136681
113223195261
113330278881
113849811297
114132162897
115412000481
116221264281
116414256141
116938398501
117005851881
117176933889
117560573901
118897801569
118900564641
119531825001
119571231681
120201659649
120424673601
120564548001
120728081601
121593429441
121948041249
122034550977
122366988459
122497328097
122525682633
123300001233
123394765761
124070215041
124147146321
124666416081
124921667781
125425787301
125498161251
125837633601
125967688281
126214463899
127859839101
128453042961
128573986113
129280021641
129436388901
129776306661
130053656601
130154544153
130375962081
130657371417
131236233381
131527516401
131817493809
131958728001
132240613761
132400046241
132412794921
132453260577
132463203489
133287163137
133350701121
134005414401
134213102001
134787359169
135303950601
136011994497
136015661601
136149021009
136490341131
136673028801
137000052981
137590775001
138820929633
140521340961
141056806491
141304730841
141474095001
142317206721
142656931341
142970822721
143229512889
143422465761
144742875201
145606565889
146017295901
146808181953
146889931401
147714703281
147925707021
148024618281
148397781897
148798115901
148825944801
149334981741
149351382081
149589311481
149737908321
149808820617
150540593841
151313386401
151633571841
151860549501
152085903201
152208231561
152625467151
152738532801
153831922641
154365401961
155051832321
155269697841
156888824301
157460583681
157754292993
158177775393
158800782141
158845544001
159223193361
159707660751
160870517361
162749363841
162998233101
164564979921
164609316513
164697685713
165359771721
165477209301
165784976001
166026392001
166305091401
166682129301
167178374541
167327260101
168524154657
169937161857
170312679153
170630519697
171019792197
171856330353
