292974636318001
333024251893201
343691442910201
433817856544801
613518926979841
624983619744121
658486404484129
791223449894641
1164923328492001
1373894880312241
1778587683334561
1875927038469121
1877104997305201
1910705445492481
2225961768119761
2554104950475001
2632276148643001
3279846620494081
3943782314515681
4280544274805281
4929950397286321
5630597385385441
5918125418488801
6363349031597041
6573515682444481
6713398521593281
7892384489383681
8058255796348801
8300216460800881
8431990454160001
8512058000187001
9935413965734401
10288556286048001
10783066316520961
11579919290604001
11998777857046201
12851208811818001
13088196176065921
14005970562070081
15491242814019841
18308637475970401
18315459335025721
18419519828269561
19071901530592561
20385767220126841
21668347110009601
23222704764536641
24663547168139881
26921796503374081
28390493157411841
31063772791850401
37529090608584961
38520758161314001
39051493745166145
41165195184673561
41214806422137601
53529644067451201
54621278492901121
62251022533752001
65646388807708801
69350959130107201
70900228674419041
77258613530236321
77571718293139201
77838144984391681
87684044788817569
97783601990991841
98239982054266801
99425119468197601
99724107427144201
114049642504392001
114462573656995201
116806548074232241
118152213649716961
118895725017185761
119122423271858161
122047912958146561
123449171251178305
123804294056231041
124961651474783761
130803647431209481
133405195727946241
134225273969579521
134992895034090241
135164838975868801
135693766268115121
136888181627178241
138539064419242201
138695982332806081
144137620553073841
145513875529010521
149374842234821281
149538892163078881
149778029376400321
154317931539020641
161794585485475201
162590237454839041
166275120886761601
167107399810915201
167942455713063361
169274666517647041
170638947099681985
170979925613148001
175491806969558521
179050319653020481
179693858698477201
181717458341981185
182563906699056961
188494765491211201
188888762298461401
188915523144412321
193178758494456001
193193001645336001
193636553103352801
194131738404793441
199751111811028801
201752035663893121
207869948285852161
208645941155551201
214207098116067001
215993802529360801
218413192658849761
218617824776634361
224409563484609601
225504365650527601
225536503215492001
229354851050676001
230148261866476801
232487308557822241
232950042994475521
234670094084250721
235137855112012801
237822154171056001
238584527852616001
239520822550027201
239790893606180281
240276408782558401
242247571660180801
243082468716112081
251064344431091521
251413517611620001
252777843676761481
257499683971423201
257528207182449841
257905398411852841
262364362063650001
263340114460204321
265231706969355841
266265399058046641
266932240449585985
270751064321894401
270792428789076481
277904661255658801
283563360697780801
291560534483858641
293540152226025601
297516169827424801
301749295117838401
301989399135202801
305424435890246401
306803384595676801
306968696854142401
309187058398709041
310246689528578881
311100863317902001
312053158143468001
314527427590790401
315231994796823721
317170805598410401
317583478965876481
326261939071031041
331580267229214081
335514329393025601
338824426906405441
347428997841429505
359437720700779201
372627389674045441
379232308579813921
379466035609752001
383314764645590401
386974069414827841
392045397916485601
396289016587530001
397455016072826881
402939912132580681
407041602117278401
408832854329768401
417880878016306321
421969081195368001
425621856584993761
429447975528759265
431779040363630401
433366817950946881
441151009228712161
442117324727956801
442420299598883761
443054310429457441
446266090766246401
452523161891553121
453032657947368577
453653180487460801
454273904428858801
454381536136731841
457712700444213985
459098952673798801
460704615217704001
461791487667560401
466038272455922881
471612354510810241
476836412548910401
477173872491679441
478348192415096641
482258000278603081
485964643057377121
486032747710910401
486571977625528081
490329901047873601
490788834094591201
494677365454999441
496595927115288001
505172227000240801
505799529881438521
506944599654729601
507963032845632001
509049765811566001
511172235748858321
515093664393594001
524316926024362801
524532273743028601
525203326516730401
526920388589543761
528119903798290441
535246016068436401
545833074702346201
551786960402031601
553216831992147961
558797975714069281
559310712261724801
559976924932851601
560698025109062401
563330625691680001
564807704788825345
566574539454166321
569329706141075881
573131678592432961
573202161794545921
573375426600805921
575427652491575521
576255276737025601
579022183402626601
584954294974932961
593693392175167681
594090789311916001
595601443954767601
596266629251186881
606239775954792001
608734708788121201
628723272190527361
629814737166632641
646804086340214881
664265426378682961
666769320600135481
675983022724296001
681341694067717201
683902923027287041
687511368857476801
688573177428129841
689628983451870241
693219691155302641
701218348736512321
712084847098014001
717065301774888001
720359534234400481
725121646501144321
729965586678350401
734061805690530241
734588173871435521
735938393296674961
748517858267225761
760744020413842921
762690579665162401
764689952535311881
772081812745588801
773772391551020401
781309773117720001
781890005741733505
782010276813314641
785210115623497201
791485930525832641
797971428764460721
799414051404286081
801707592193704001
806050891709884801
807776497946073601
820998022621795201
823076623621407961
827598538174272481
828365090004695881
832987006529333041
836333278265661121
840357607866321601
852719198246625601
860623521251986801
865900729769060161
868592799363073681
868648626168523201
869594369643291601
873713176442593201
876146000272305841
897126996110171905
898751008217790001
909672371921562481
916087990770912961
919050064294102273
921277057996486801
924736237971551281
931127691020098321
939261305790924481
945899350477424641
946143660942174241
947117923549104385
963982417355955361
968839463838158641
970502239291548601
972512893966723201
975131813614167001
989395849883649601
1000919362439541601
1005821907545169793
1008605903000533201
1014006763745038801
1033742442188433601
1041165840995723521
1050503305671610561
1073697816803976001
1074525565967568001
1075413243986928001
1077351072719201281
1085504401397061361
1090707040854091585
1095701231199294721
1104894801738241921
1107943600956292801
1108401110911448641
1115831535681044161
1143839441590765921
1144491408297588961
1145281186690502401
1148490314953847041
1162162206191267281
1171538660321316001
1183089487084454881
1185020033232722401
1198944343582392241
1208776573084560481
1211577674545324801
1225112714844646321
1248840367008416281
1255658854288181761
1255710608511282001
1256543761094128585
1257602714150196961
1267151307554967121
1271887922859079681
1276713266713259761
1284857829951141601
1289342826023273281
1294730738968480801
1298362492896182785
1299114813700972801
1309513581297673921
1325305895833319401
1334224197436309201
1338609144352057201
1339306867001950561
1349828222208958801
1350646793312997601
1352567061979580161
1363867517500437313
1378197316283206321
1390549082406264001
1393338532506465601
1414091226005377921
1415812509235608121
1418584325432788801
1420708973040680401
1422805716106981921
1442477054069634961
1453728595522707505
1455477253592642281
1464950081051553601
1467684946683118801
1469875384696874401
1470509095288746241
1485465653982673441
1496299495888454401
1522085827304738521
1525502774807051041
1529590165922117377
1537787164306192801
1546153421317646401
1547060936383972801
1548006598797341761
1552186926255646801
1563252610553197201
1571210702518564801
1574672350563140401
1578600873509738401
1586469703810317481
1589898632186874241
1591341366457321921
1591545107720993041
1596565429436300401
1600492952888542441
1632556372794837841
1636632241954340401
1657933841997907201
1662579907908242401
1665201748976619841
1666986188366822401
1686815304792821281
1703489131217714401
1732675835466457201
1740952663175412001
1759426236101066401
1765661770121659201
1770337278504496801
1795824606089495521
1798395511815872641
1805937858999099001
1817113840666780321
1817668420889797441
1818825404464555201
1828360523478615841
1836364613631045121
1837692700102385281
1845315186377443201
1845321159317692681
1860184655471220001
1860305659379496001
1861091960848570801
1861549175018776321
1867893736636444609
1892945906250870241
1901115265872412801
1903196825184286801
1965645625719291121
1968310934816909761
1978030561010343841
2012514968674370161
2028053860033924801
2038843546258987009
2038886159573652481
2052646231261676401
2053111224509424001
2062664044698741121
2082519928031502961
2104785673602480001
2137568222073952801
2140256445647770801
2152114492309009921
2156941751699750401
2195541043771420801
2205576026354937601
2210577596538507001
2232281195344872001
2239052672799486721
2244486780481478401
2254313500613778241
2275851762102718801
2301797190433910401
2322635565921960961
2339916190466633857
2340036448094661121
2345959330464072961
2353002790933945921
2362949331745519441
2370293352018408961
2379168612742521601
2389253084932492801
2392185001826521441
2407898097005163841
2417362280031061441
2429094711330607321
2430786461526337321
2438560466443807201
2461091721971160961
2494102627783665361
2498621921026791841
2509429551144104161
2516832368471797201
2525408823850491601
2531030848366923001
2540523498593598001
2540978752035339001
2559927524565854521
2576684374365838465
2578701990208554001
2583511792774422841
2585413509967491841
2591268621263079121
2591328536299384561
2615751723974463361
2632541710292020801
2638240397887709161
2655990998179041601
2673772262658697201
2679631268442408001
2685800297703405961
2691529388397280201
2695465734211260361
2698708872874457521
2740363745143560481
2749285175445711001
2756743107502587841
2788010282335763521
2790753337702036081
2798160940126074601
2823666997955454001
2844687400773926401
2866697858563156801
2903821531814120401
2905301542227624001
2909056729290716161
2911796047453250881
2920756351362988321
2928861344117268001
2939817576851291521
2945721144175256161
2981644647791191201
2990954576602843201
2995152435062005681
3016852295321592001
3018804437731773601
3027863422356696001
3030926946334185601
3032809252915004641
3037098901669392601
3047483158942566961
3059555232351812545
3063561520075499521
3073934979204959233
3082128323971183201
3090253596421400641
3130122047374445761
3150712738282231585
3182679068256979201
3193048753381453681
3204037421487429121
3212546322854403361
3217300555879238401
3217755949546278001
3221204635054264321
3223538559473211001
3239185207897243441
3269117223389362801
3277812310033363201
3279525369028856641
3298787181365195521
3312941899817168641
3319541422212828241
3326339239887787201
3329927143098210721
3331681744720301281
3337213285067618881
3339184614945814801
3364906903947111601
3367455182580956545
3378297418446918241
3395381379510607201
3406449511597467601
3423214631480323681
3438073361822536801
3438209922138875521
3456928415084230801
3459326124591907921
3459407632792952401
3475028847166236361
3492247898605324321
3514878550549285921
3522217514826497761
3552273254419306561
3558188094113016001
3562099435065704401
3574178038868312161
3588690467906818561
3592708415381604961
3629406773364403681
3647086162959723121
3665187494825729041
3687794883355674001
3707818985703014281
3711005017912589761
3711915163213095601
3738140190078051745
3739953120232309345
3745559505041434081
3748509325804811905
3754103233990309201
3758062612816512001
3763440729062820001
3768855488979169681
3780892404630270721
3798590266771591681
3867444414698843161
3886057624591900801
3903773522302652545
3924762386863249009
3936192672452564161
3949422239335557601
3961815419451970081
3991184469023029201
4010328710717091841
4012563450704140801
4020481165743088201
4081229952978855601
4101642950692350961
4134056239408867201
4140248545148661001
4141721933385276241
4153944671925048001
4169036045425070161
4169246306713719841
4180059564363446401
4182726078833359681
4208332449613446001
4209798836390716801
4220154636117623281
4235489996143606201
4306890634174031905
4315548989668666321
4317496616325019681
4363871523770493001
4373547830999146801
4382161299605258401
4392007231156332481
4416359583342193345
4435399565872198561
4439703011595138001
4455549380336592385
4465706816588592961
4478954505815642161
4487106883547393281
4517993348660018305
4572631617653622601
4573348452198134401
4589275697356553281
4619446500634243201
4623613438862799361
4638695903550450001
4653170202228120001
4663687601360511361
4699224819303618241
4704670338087468673
4748998798038646801
4758251211865389889
4775315870784105361
4784095080118278001
4792825035864472321
4793552304253927201
4795008502296499201
4821952344165344641
4845814932280291201
4857319973799820801
4857712449276261121
4865171655695016961
4870555269582366001
4907021117662762561
4924397174674609801
4937372518423262401
4972591552395106081
4974969942327949201
4975333416298481041
4985882634423042001
5027333942063865601
5039848587808077121
5046693135127902721
5049369420969116881
5050625792830581601
5062791822493368601
5062973779515015001
5064966802867134241
5071426454057796001
5078437123891683553
5079186984789557641
5081476854285097201
5087967031164213505
5113937066608238401
5155325656555084921
5183925118366518721
5207977675062827281
5223951957489408001
5232419657344061281
5239554813911297881
5245140919722868801
5245555714584144961
5253134317968620161
5272553182515562945
5275882927156401001
5300189447908118401
5307260226037617601
5308148719217836801
5312821123588676545
5317824472299736321
5323522647883134241
5337207847839576241
5337930399712934401
5342057963768196001
5346410752020381121
5348919550364913601
5349755797468059601
5351085491422504681
5354568957816010801
5367965735416838401
5372049451541933161
5376426821955050401
5388654373018316401
5438664867718811521
5472708041176462801
5473038607298439841
5477249847629574001
5477546062629275041
5484413493360811801
5495374414664348401
5569238299639305601
5599090013772003841
5643456561325337041
5647182030367249681
5651700833334003841
5652864409056016321
5655367454357728801
5659596854155157761
5663160941029054849
5664687543455054401
5682795082110336961
5691309288083141185
5743842555240349561
5773658459623179841
5796097286619977569
5820584010932300401
5820612482620106353
5880058266451446001
5884835135760504001
5931077577032322001
5939487703841076001
5947390343231900641
5949395115705185761
5955189328256691601
5969200368052540081
5986723005446732641
5988630874987875961
6040317719897542081
6049211885425548001
6058127534239337401
6068873026541888641
6075176152722503905
6077595390248345041
6083967587068229761
6086738074971012481
6104775595483630801
6117831873761287681
6182069992097345281
6186696324899968801
6205279563738877441
6210853580039031001
6226401485310027841
6236296970853680641
6246388239905853001
6263558638155799201
6264645317806230433
6282896097615577441
6285010020699312001
6304904301320745121
6356563253849433241
6357618331930872721
6368208495475766401
6419934106666844401
6420044272854451681
6435759560416260481
6444966371733212401
6453921403527736321
6472785182825089801
6495258133843365601
6528679720503464161
6564642639406891201
6631819544906796241
6640772457254513761
6653917104898845601
6702368886317301121
6710579246437953601
6729921927340254721
6730580314832404801
6738931237262628097
6777666588528108001
6793066216907712001
6801847104087055801
6874316400280689361
6882034175124736321
6884208747549052921
6911436482962593121
6918052153455878401
6927427890503643601
6970624815282036481
7006172053110310081
7014404227467102481
7043891453828657281
7075781213786278561
7089449263516015201
7164943847109100801
7178633842171589281
7192639174047868801
7197011877644434441
7206184959147377281
7247517945846973201
7261540372188648001
7296671726029576801
7372107533786688001
7382618013143721601
7405467080810641921
7431690164833297441
7471633774650710401
7474151332179655201
7490599560945883201
7495261811314704001
7520859140103151921
7543177155992769985
7544136592965661921
7548284682013314961
7560500625097466761
7562332039626872641
7564583189202177601
7582280218478380801
7634781709487856001
7652218215401847361
7663444032326765761
7706855109535890841
7741132680574641601
7741380635799552001
7742003613893841601
7756827531496948801
7783530135902196481
7789381101107242561
7820284015781899201
7846092812299422241
7861547875334076001
7893693131805367921
7894109858677136641
7942068333312996961
7975147154244953761
7989489429581438065
7995779191511496001
8018924902008040801
8025166768999774681
8027639029588227841
8027673702972739201
8101353206338761601
8131147028018023681
8138491622775801001
8180223747624371521
8218164237556150801
8224370661469608361
8247721805736716161
8260893960043021921
8265419315091838081
8309013402335045401
8327264506123193281
8351320732368588001
8356791511676860561
8376253395598045441
8464149616666867201
8478580104816942961
8496510293961498601
8498030614566743041
8506601017029183601
8518026245947545601
8529116575085791777
8608232264867121601
8611552883699438401
8645037693588059401
8645347070686544401
8658208951208389441
8732307841106376241
8759439307260412849
8770168028716370641
8780852907135151921
8832676599542562481
8880563771406391681
8882018213746401361
8923222671451268401
8923844180734806961
8963283796098259321
8983564040311660801
8994515901699182401
9010022722285107601
9035502036978740401
9055761597344548801
9069515474374719001
9088993638329996161
9126953852666625361
9135730282896781201
9138188948522880961
9150051481678163161
9204950589908199841
9217849295489234401
9248774239937675521
9255187391369356801
9294569613212133601
9317027776106937601
9332912218892713921
9337496456165557681
9338945855412406465
9340648765206542785
9383512786666227001
9408224918343002401
9409870915034662801
9482677377135331201
9498946253076403201
9540464510746988281
9549917907224048641
9556764766726768921
9558125825914461601
9577974689981162641
9653994791031729601
9661993301778074401
9664496230632589081
9668340956093688001
9727867016946977185
9734921351691073921
9735410308151727361
9740281504223743201
9742529989653390721
9839096923145490001
9888964025434260481
9911958597015662881
9920198115329604481
9948428128778076001
9977065473707841601
9980110089793166401
9994371516751658401
10034130012533550001
10035279100812375361
10138125341224594561
10147960336825450945
10201419053677938241
10211830995742871041
10237895610812956801
10250711961966201601
10310054780140038001
10377251252121237121
10378380751734584161
10388642826807685441
10504413514408651201
10523590960961988001
10528085980131971329
10531359639098323201
10534386418579013761
10611002376883808641
10617779525773075921
10634854358322820081
10651694986628373601
10671601524295345921
10701306055770394681
10704386449458439921
10771797255416144641
10781579168496390241
10818849698167230721
10826481595058929801
10841971680586569601
10900014898159767745
10924845151367382481
10951158860320089601
11021739636509217001
11090474852613393601
11132361468613249201
11136660880611520801
11142481928273665201
11157686050217414401
11161900143465991921
11163398349202444801
11185133049881402041
11249203802608437121
11319043519793767681
11364063169886710921
11383655275430776801
11395760174069758201
11442357454393958401
11490497216031132001
11532134401068355201
11687578236182769481
11702669775633144001
11708762948922427921
11726089024871304721
11782373031777726001
11787235281165708001
11797713285674500801
11853085808930889601
11885200606938859201
11922282016541820001
11936973243404932801
12008849582317505401
12021791357952403201
12079727414113692961
12088202886311295745
12110303796117761521
12116295845524054801
12137628376949581441
12158973358399874161
12171771398524424401
12174611770568373841
12226141124834364001
12259398066955397281
12314187246878496001
12323463792747030001
12334579874140538521
12353497583796484921
12366967947989218201
12372076030456447201
12397304515011927841
12398525018559388801
12430816805748018601
12437159405326082281
12455065981195035121
12560100818240414881
12569612095629388801
12594830680813867201
12603345503156987041
12617744037839544241
12671056441133647921
12684779032078440001
12726456448443460801
12752905318574803201
12773926547193369601
12786751517925672001
12790636007294234881
12836296331593534801
12843325064122534801
12876693279627812401
13026499921204711201
13046041398560346001
13055653426633380865
13070524735779698881
13083044097752632081
13096670235092954641
13102680634749921601
13127031143077975201
13301507180108352241
13309982214303242161
13433799022801516801
13504109022580619521
13573323545784831361
13641058100028996001
13664642724349984081
13696854598827640801
13725896437473549121
13730719734487544041
13795419200085619201
13868468406667318081
13898122924724554321
13910828029590729601
13923631379763194761
13959583148678151601
13977968842449067681
13989757617255383041
13998994481166932161
14064208113874464001
14114933546598218881
14120339625130939201
14154011633432246401
14160834543724646401
14186965914877916161
14210210168653712401
14230600516275066001
14275384138274859601
14314401653306832001
14341571827565653441
14373171712633456801
14422852334680198201
14522611346310936961
14545512293607859201
14549492970298936441
14685628435703694001
14702721520420533601
14706805539104606929
14805717312273778801
14811788719950112801
14831942613823812961
14837788131030627841
14852419613681183521
14856450153584780161
14866816924732456321
14885090376014280961
14907639933020147041
15022474942925530081
15072716221016700961
15135486148420485121
15224175835285032001
15266097103190416561
15275463366939375601
15278805133090939441
15324769136734162561
15343948673900427841
15364364333281117441
15366893032825404841
15394126661396406001
15400788245650735201
15409619584999542001
15410202701018954401
15423110589079953721
15429254241542581441
15506566418487109681
15556946798398320001
15600278706835226041
15652081722584784961
15700632068691292801
15716925502019656201
15791715198177004801
15802385757696068545
15849989545365565201
15854500240096091905
16094067319237750921
16125656600463540481
16149313418529060001
16166378470214773801
16212606251207794561
16219430444919477601
16331578314273018721
16340331232686106801
16411302829587093121
16431212142741483361
16473243610847518561
16495734425320710001
16497502225756917121
16573719241451433601
16577658177074820001
16581780383023477441
16603390483517890801
16617899669524894081
16684321417201335745
16707374008919586721
16771292000383258801
16796270967190878241
16798606626849244561
16856098316307694081
16876429919981549281
16886270270048793601
16887347340886915201
16919167103600256001
16962423244394780881
17054083317408910201
17061335044768476001
17074405128067610401
17096084028016600321
17261216257310000641
17274251758112154001
17333203655746845361
17344305109250602561
17354851878650073481
17403487008022407601
17422086987770018401
17512040828157773041
17525189868841141201
17532127792735345153
17555228579574680401
17615301672257704801
17683166268146887201
17698311879754080961
17713324825612486561
17755544606175986401
17815330295683240321
17837415898132723201
17840904169778711281
17854211200349070001
17896679878124980801
17901534907262878201
17904400392788792785
17924819648766345001
18025013475069363841
18068052740684738401
18176842445243122369
18317698196030956801
18358933065860217601
18365401805839830001
18372145987088737921
18398733633657893881
18435667800915288001
