44912519441
44913229661
44917887169
44918465281
44935978081
44938020209
44947597801
44953539841
44958075451
45000007859
45006484321
45007477321
45007803371
45020455921
45023791681
45037601221
45057779329
45060899861
45085229201
45089558281
45091431001
45093585601
45100957411
45112664689
45127515961
45153433501
45159226081
45165193921
45217499671
45232671121
45239091301
45292103431
45307596211
45309843401
45316597569
45327029281
45353990881
45365810491
45370771291
45381206921
45389103481
45392997889
45393731261
45427016041
45444607201
45446353081
45460428799
45508988221
45556555969
45561681091
45562167961
45566070701
45575610961
45605057411
45636751261
45638588161
45638595701
45660077569
45667268701
45669324961
45673569649
45682120909
45721121161
45740970001
45761817361
45761974051
45835064029
45844477429
45852731809
45869915471
45884482001
45884712511
45885452251
45940244059
45955516321
45983390429
45991011201
45993706849
46000192961
46001424529
46004434261
46008589201
46019323081
46044214081
46049794561
46111814209
46179708961
46192998881
46200444421
46209456091
46238208041
46243386001
46252479571
46307677969
46317813781
46321415029
46333038361
46334534401
46381658401
46383452081
46435057201
46467034321
46476425801
46480826731
46484754289
46485904081
46492638011
46513591201
46520885761
46524577009
46535564161
46545977341
46589214001
46620241921
46635805921
46644867361
46658540161
46662639661
46671287041
46708148741
46710646001
46716563741
46727213051
46746750961
46749972529
46756828801
46759389811
46835295521
46848922561
46925303041
46964357281
46967033521
46975237129
47023116821
47023303601
47030628961
47108082561
47125688221
47163414931
47170425121
47176966561
47179254541
47205915301
47207181121
47258077441
47261547061
47267925601
47271334241
47298142081
47304450769
47324070421
47346362221
47411683021
47422887841
47489409969
47489630861
47529086801
47584118401
47597734801
47607915889
47641700401
47657615641
47759254201
47761791481
47764829131
47782707841
47852139961
47873050501
47877707509
47897939321
47900513921
47942219521
47988254161
47996268769
48001509361
48007223681
48017028791
48026808001
48037326941
48058634119
48061853281
48061921051
48075268321
48090447649
48122732071
48139342249
48184216081
48206401201
48236316731
48243160549
48275784001
48327380641
48331625101
48340968481
48376339561
48384619921
48388872781
48392032501
48407552161
48461475601
48472470509
48516816391
48518216389
48540346801
48559086349
48584506321
48596109761
48597147649
48611430671
48619246901
48629534521
48629952991
48655174621
48663290591
48665343361
48707222071
48716567329
48745385401
48774418969
48781570069
48828185281
48866151601
48871413361
48878324881
48889795001
48894553171
48907108801
48923089601
48926999161
48935151701
48969218251
48975847169
48977675441
48978455401
49007909101
49047803881
49110031699
49137986049
49150866041
49152711049
49158077851
49160176129
49163044561
49188522401
49221239761
49227964001
49244595649
49254446401
49266236449
49287708481
49298636161
49329521051
49330060241
49372513921
49443072769
49445226881
49467795931
49493658901
49511567201
49522611181
49529705401
49558427101
49591840321
49599032971
49618800211
49638343601
49674693601
49680646081
49698678961
49718844961
49724778121
49726743441
49730774401
49812637061
49818798001
49857231869
49859504171
49863234961
49863567109
49866090121
49908208321
49919503169
49987493461
49988989441
49995969409
50000151961
50003835841
50006324161
50012476501
50017520521
50070512801
50088789229
50125111501
50143450681
50156616961
50168232151
50177452501
50184336641
50198103649
50216403161
50244933649
50277603461
50324060641
50331990241
50335776001
50394182561
50398271401
50409361201
50426705281
50427622741
50430949141
50442520981
50445423541
50458177441
50472032461
50501853001
50514609601
50523192721
50555819201
50568387809
50592366721
50609276641
50612158081
50625652501
50644199101
50657892841
50718633409
50721322241
50723300161
50734547249
50756979169
50762321281
50803804801
50809361671
50865094801
50875390021
50903521201
50914065721
50914971361
50981752081
50982129001
50987972841
50994849601
50996801929
51008334661
51018674059
51036749281
51047529841
51054064321
51054695701
51061346881
51069860101
51099091681
51161160001
51176532001
51180698141
51193942571
51275548801
51283889801
51294559681
51303104929
51313232881
51318324751
51360736141
51408433649
51445644481
51452063081
51467805121
51475540801
51488345329
51490706359
51502544101
51509190991
51523586701
51526684441
51532141249
51546335761
51574944961
51601738399
51637954429
51639309541
51678166049
51680411641
51683848301
51692049289
51712602481
51740236801
51748159321
51782463541
51833239921
51841912789
51848915041
51853954501
51891494401
51895492561
51906611329
51929133361
51956330401
51971080801
51976185801
51979902391
51985300501
51989137201
52024872421
52081334929
52089670081
52095337969
52119991921
52126769501
52139051641
52139965411
52193782859
52196476801
52200425791
52207500241
52231221841
52241782321
52257438421
52293318169
52300795951
52332608641
52357457881
52413987169
52453918201
52479445861
52480627201
52509544501
52517168929
52543574011
52544035801
52556099401
52559423551
52560106201
52568807689
52569230221
52606153601
52610899201
52706386721
52707166201
52712654149
52716371401
52753668001
52789592101
52802461009
52814774881
52819961321
52824332761
52850281441
52857035449
52866670529
52951457809
52952971901
52971074591
53000320801
53002167841
53002784161
53036491201
53040935201
53043249211
53049981601
53089877569
53091079681
53103616801
53124264541
53136018841
53136714881
53189490181
53205864769
53229153601
53247599281
53260416721
53266074409
53275895929
53276862031
53298474769
53328533441
53347023329
53377465681
53385678721
53397252481
53399219329
53402613601
53435181911
53440187611
53449933681
53456549761
53475477481
53485470721
53501856409
53521509241
53555038421
53570846401
53574375961
53582423041
53609951159
53645684401
53664516751
53738584129
53747184001
53797192021
53829809281
53829883801
53884708081
53911351729
53948694781
53961925249
53974875181
54007541281
54051866821
54099263681
54138326401
54163157429
54188845201
54196288561
54199966441
54202188811
54204058501
54205117681
54213491521
54214017481
54223251841
54245055169
54247152961
54289346561
54290628001
54356584151
54399915361
54453868561
54458690959
54461479161
54503455231
54519051361
54538183441
54543319381
54594340921
54596024801
54621060481
54622390141
54622693051
54632348321
54635047301
54649660631
54657793849
54689244061
54712501921
54740742589
54847768801
54868239961
54974993701
54981934801
55023866801
55029038041
55059606001
55064965381
55069710301
55069958611
55087827209
55092365659
55098546121
55118169601
55140771901
55154471791
55159776241
55163004001
55195504561
55199456989
55213588081
55214775661
55229335019
55237738081
55242673771
55248480001
55250543881
55261649171
55274849281
55316434321
55336934701
55339241731
55346214601
55361868061
55399191841
55407902101
55413727279
55438162801
55439967001
55445402881
55465202881
55488389071
55554784121
55556416189
55585167121
55656055801
55681832981
55686502609
55696813021
55701954949
55706747041
55713250861
55739979181
55791586081
55792191841
55795048561
55813214701
55816991959
55841716081
55867054321
55909772101
55922205841
55948747921
55982823271
55984843201
55996348321
56047992001
56064571201
56071762741
56083797871
56097184501
56111074111
56146269601
56155273121
56160483841
56169604801
56174435521
56189673541
56210381581
56213035201
56221404101
56262109261
56262480121
56276934139
56290252321
56357221691
56363539681
56412100369
56418862439
56453203171
56454995521
56525817601
56540431921
56554056001
56625219529
56625838081
56641214221
56642580961
56663034751
56675308321
56749426801
56760267201
56827653121
56828494711
56831239361
56840380801
56841795389
56852515201
56869553521
56918862001
56918971279
56989050361
56991694241
57001261249
57026288051
57044049841
57045431101
57071847841
57082882561
57110284729
57114489961
57130587361
57131661601
57141593209
57178948361
57217641841
57244088201
57298088941
57313280641
57317894131
57319183171
57322568941
57336975521
57361437841
57385448161
57388435651
57403662031
57408231169
57420952681
57431537241
57452542489
57484864081
57492752881
57500068841
57506461981
57509756011
57530615881
57544221961
57561154901
57576192661
57583436951
57597650641
57598836481
57606968459
57624652801
57626705629
57640570441
57653203609
57654179441
57668482561
57684451969
57684556651
57716838481
57726008209
57770532661
57800995201
57821348281
57829202761
57858886801
57859484491
57867647761
57867831871
57908647171
57927610021
57932493841
57939567841
57955295681
57980399471
57986411401
57993625021
58045541761
58053043441
58163742781
58186101961
58273948801
58289399281
58315288789
58321380811
58350099601
58350111121
58385466361
58411240781
58429775041
58431870001
58456662661
58462246421
58487376641
58489601281
58499917201
58508002529
58532137561
58550884939
58554437761
58628015501
58645639291
58663439381
58664581441
58666022269
58704321671
58759288921
58807053241
58822510209
58824872681
58853586961
58895438801
58904997229
58905146431
58959288851
58965876821
58986480961
58991115041
58991301601
58993951801
59013766069
59043908701
59087259551
59096400721
59110229761
59145019831
59160721231
59191973281
59240328001
59296109381
59307261151
59342776351
59357143441
59358431201
59414111881
59417289361
59427017281
59437656049
59445780781
59468654309
59478817261
59489800129
59490564761
59524906321
59548179601
59577999769
59597982361
59615281441
59637314881
59659680001
59697064961
59706385201
59719005601
59719195801
59728629601
59733838561
59755865711
59771006461
59822568859
59837806351
59844939211
59867252801
59898190081
59914658881
59923118641
59927652001
59928549601
59946131521
59951389681
59952649249
59967235329
59974722721
59981503681
59992374001
60003331921
60059349841
60064486021
60088519009
60097412161
60116936461
60120560501
60155477761
60177559051
60183402581
60218357761
60220216321
60321381481
60344434201
60355694881
60379719841
60417600601
60432503209
60481778281
60497217901
60523425361
60651672721
60653372401
60655629601
60734023351
60743249281
60745051421
60753470401
60793095151
60796831061
60806071289
60834749669
60855883321
60950211041
60968445121
61024839251
61082301961
61085804431
61087586821
61136179021
61141665691
61148082241
61154087281
61178114201
61194588049
61202979761
61203218701
61208037091
61224646649
61226024581
61238372581
61264382401
61266520801
61282163161
61282713889
61292822761
61320935341
61326481021
61326759691
61327468801
61330222741
61391660689
61406525611
61422504001
61422776281
61464888581
61479987121
61485260971
61582803151
61631176321
61704487921
61715166801
61717360321
61750605001
61757235541
61762982381
61787561851
61798781881
61839246901
61848115561
61854680161
61911380521
61935500161
61958688961
61964426441
61980606689
61980709891
61991233921
62025759489
62046477361
62051373829
62066027431
62068081921
62104303801
62155714909
62157968461
62205629971
62240094841
62243455921
62296942489
62297061301
62307437281
62335703341
62414146369
62449627969
62456585621
62466929281
62491702841
62509237079
62533990291
62547201001
62553902401
62559684721
62568065701
62620469761
62652560401
62666572321
62676012961
62690576001
62695594981
62730886081
62753490641
62773074001
62776154161
62808660121
62827174901
62858236561
62902186601
62919115201
62936537761
62945256481
62949850129
62950766761
62953151041
63050918401
63073696951
63087486281
63109340641
63129520441
63141827281
63147778849
63149780011
63151759921
63158966641
63230847751
63257886721
63265965841
63295628779
63333319549
63334513009
63366670081
63369666361
63389170241
63395010001
63416828791
63437252401
63459039361
63485841421
63499692481
63511894219
63554564161
63597752641
63600784501
63610470001
63655029749
63666875651
63685989121
63695380081
63703628641
63757315441
63763687681
63798491881
63799536709
63827397921
63828323399
63835892801
63837981901
63894988801
63948875761
63996442969
63997482241
64013466049
64046459731
64063845049
64067104081
64072435519
64086809029
