1001282911201
1003637802397
1003685890201
1004816285227
1004840343097
1005682549987
1006019531527
1006501031647
1007223497827
1008500488201
1011105161137
1012046563027
1015816551067
1016953754701
1017365240347
1017486281377
1018454868817
1019496614251
1019811665377
1022358093247
1022527968001
1023984616201
1030235657527
1031600276167
1032673110127
1033478101501
1037801134987
1039097358001
1042035192001
1042721283337
1045958755201
1053384572197
1054074389101
1055479356907
1055799919201
1056465857947
1058267410201
1061355823951
1061528908177
1063532766367
1065885378097
1065984492457
1067174224201
1067347782187
1069530857851
1070697732397
1072213135267
1073008529251
1073257150351
1073704740907
1082601231601
1085299838617
1086400234177
1090281069307
1090606873201
1092537632647
1092939043687
1093616592001
1094068407517
1099019376451
1101108664237
1102620228277
1105520290687
1106151243037
1109157043807
1112521294501
1112774451601
1115104848217
1115307606601
1119874543201
1120814458567
1123509371827
1123865545687
1124145436177
1126742444101
1130260812337
1132788237787
1132915960417
1134730398787
1136392777297
1136904523177
1137416384257
1144209419167
1145544765751
1147420700917
1149478282837
1151795265697
1152490815451
1159070251501
1160155719577
1160879647201
1160957224267
1163596386751
1167482951251
1170077594251
1170934458457
1173013006777
1179129402067
1179520350277
1180093858201
1180876139101
1182832975351
1193480322457
1194555550327
1197101309701
1197285129127
1197363913201
1197836672077
1199544633787
1201227508027
1202148328837
1206309568201
1206494093227
1207021385347
1210213959457
1210742063737
1213225696957
1214812325317
1217273648251
1222389503497
1222495645057
1223159134207
1223424580267
1227303372487
1231161673717
1232333666077
1235132718907
1237748032951
1242639136537
1245021355927
1246387476097
1247781154201
1252289128777
1253068113727
1253229313267
1253686101601
1254358000351
1261356417751
1261572062407
1264943904157
1265186850427
1266807088387
1268698676407
1269590914501
1270862219287
1273731752707
1274598662851
1275628501687
1275818254201
1279399086577
1279426233247
1279887770701
1280485178017
1286194718077
1287147542887
1287773877001
1290035393107
1290580633387
1291235073787
1293308562787
1293636107851
1295001325351
1295137886701
1296148664467
1297679240227
1300195718251
1301509630987
1312594692067
1314134944627
1321849754947
1323091741177
1325826163747
1326931781587
1330279080817
1334545378237
1335127675267
1336015229251
1339540616917
1341346746307
1341485729737
1343988662677
1345046157001
1348053937777
1354526455201
1357460922751
1358104134817
1358439784201
1365385823257
1366143114451
1372940061487
1373165041951
1376541960751
1379697493327
1380853546957
1381107379627
1384776453607
1386641077027
1388337277867
1390430686807
1390515588001
1391506293451
1395274191697
1396748740201
1404047848087
1404929570857
1407889630297
1409598773857
1412307038227
1412677845001
1414047399337
1415874503977
1417388467951
1420676266201
1422106931701
1423624223227
1426632567097
1427464002607
1433721857851
1433865547201
1434239173207
1434871574251
1436309367751
1441116816457
1444230102001
1445182053727
1447404494101
1449050777107
1452693249367
1453242907777
1455442581097
1455934840951
1456369257001
1457962670251
1458774197107
1459209036517
1463851355557
1465884688537
1466088099451
1468908246217
1469082777277
1469344593307
1470159281251
1470392090707
1472546451967
1480887593347
1481179667887
1481734688857
1484072759737
1484394388627
1486939408501
1493443475257
1495644002707
1496965096777
1497787405201
1498228020451
1498374906601
1505375015437
1506670939957
1507407509107
1507436975617
1508291629687
1508733787177
1510975047697
1511122557367
1512155326657
1512804676501
1514930796037
1515314837851
1517176653037
1519838371897
1523005895251
1524576076537
1527956189077
1528104525307
1528282538287
1529232115951
1529321153977
1533479144737
1535679220237
1536660843451
1537851110251
1538148748951
1538505953407
1539399145987
1542706212277
1544405814451
1545688589677
1549181627251
1550615808787
1551273363751
1556119651747
1559594476987
1560463788817
1560493769407
1561153415251
1568448776317
1570824182287
1571215244101
1574164814977
1574977937851
1577297996977
1578986385217
1583422701451
1583815328257
1590921205147
1592192866951
1608283682851
1608679379737
1609958117701
1611267828127
1614681666751
1616969739001
1617824367937
1617885421501
1620389609497
1623446118097
1625617987507
1627301419477
1629720964327
1633338315451
1634013180367
1636928970337
1638618247267
1640554307701
1642768347877
1642799108947
1646153792137
1648186731397
1652657443027
1653552311977
1656825272917
1659761336647
1659977781001
1662823789777
1663071384001
1666260805987
1670662882951
1672586737867
1673983777537
1674325364827
1677587724697
1680604345351
1681942477057
1684807245001
1686988592701
1692697925887
1696884647347
1700826132727
1704960211951
1710825414217
1710919590451
1712018504701
1713431912851
1715065910827
1722019090177
1728860106751
1729428173467
1731859290001
1732080385267
1732743755737
1732901719807
1736442001951
1742139309751
1743977096707
1744135571977
1745530464817
1747147970107
1748226723127
1749908972701
1752703928557
1753307677687
1755532913707
1759541894767
1760242344451
1762057794337
1763810431267
1770861628537
1775463642457
1776103283377
1777414907407
1783723852501
1784621462557
1786353205297
1788856094101
1789241309437
1789722886927
1789915536067
1790236641007
1790718352417
1794863745487
1796889981601
1798337992951
1799207079697
1805812549927
1808877725497
1812107034097
1818833221201
1823464702627
1830406732087
1830731448547
1831413446857
1832030602387
1833102751201
1836353602201
1838858720047
1840974759037
1841788944187
1842277541677
1843254931057
1845406100077
1846123435201
1846351707427
1848243648751
1848472052017
1848961535107
1850299786177
1853729222047
1855003821217
1856409656251
1857881449201
1858110447187
1864200420127
1864921398451
1869250195627
1878646471087
1880357415751
1880949847267
1891134471817
1892157748027
1893445488637
1899990006001
1903730068927
1906877215057
1907109212851
1907208644797
1913146108807
1917663423607
1918461149767
1921820065357
1924149750337
1924782336907
1929213354001
1929546719101
1929646734247
1940630790757
1941332959147
1946084287951
1946151249547
1951009034617
1953557602657
1954060806067
1956913516057
1959230775487
1959734708977
1961784706087
1962020020201
1964205753751
1964373937501
1965147675487
1965786965257
1967166839527
1969759619101
1973196839377
1974039752527
1974242078467
1977615703867
1983830699467
1989006028201
1989615333637
2000802470257
2004334612897
2004708387067
2005116180451
2006815765951
2007325782001
2008414032817
2010149042107
2011510357867
2013280757251
2014404683857
2024192664451
2026071118501
2027540334847
2030104195897
2031198603001
2032567026601
2033251411201
2037771238777
2041918822327
2044148604037
2045315436097
2046001963417
2048577466867
2050810880257
2052976734451
2058930118057
2062788928201
2064271395427
2066927376601
2068721992177
2070620990707
2071864443307
2073039157927
2073315609751
2075666194447
2077533783907
2084735309251
2085844342147
2087231047987
2087508444451
2087785859347
2088965078287
2089658892007
2090526321157
2098515114937
2100427735867
2103141673951
2103420125647
2104255591327
2108261166217
2112131029147
2112375193501
2116109176567
2121454151701
2123307251227
2124181635577
2124846288067
2127330909637
2131883979457
2135459795701
2136161287501
2136582237877
2137108484167
2147471163337
2151552844897
2152433025247
2156131748317
2157788395951
2161562285737
2161915154197
2162444510887
2171453489017
2174319083527
2175628687501
2176159720351
2178390765937
2179595297197
2182253528647
2191303633177
2191410216451
2192191906327
2192298511201
2195142264001
2201262574057
2203613327077
2210351968987
2211458230957
2214635811307
2215457354701
2216707821751
2219460091117
2220103725001
2223967487857
2226974959177
2227440582751
2227870432327
2229411067201
2237050436167
2238558332851
2239204729807
2255178726487
2257558086547
2260155182851
2261129478877
2261237746951
2263656409297
2264125851751
2264956523017
2270016068977
2270811653701
2271462690337
2272873589827
2276131183567
2276855410087
2279680994251
2281746952297
2282472071617
2292308794387
2296998650017
2298926878951
2299472751001
2303222822587
2305117223251
2308215516601
2310148446847
2311388865787
2313761181577
2316536509297
2317595954407
2318911464607
2319167301601
2320337021857
2327105247967
2327507993497
2328057248107
2337110959501
2337587957347
2337844822501
2340230672851
2340707988937
2342140229227
2346366052117
2347579382851
2351442067201
2359545606601
2361315503977
2362385138527
2364709662001
2365890810097
2367404587087
2371357456201
2372392396177
2373390587851
2375683526287
2378643792367
2379199047457
2380161643117
2380902233797
2384051029387
2384384553097
2391653744257
2401648350487
2402057495377
2404624744567
2409316302907
2413378561777
2418899766601
2421625386727
2426071811017
2426557801951
2427791689837
2434340276287
2434714747627
2438648435497
2442847869001
2444348542201
2445361757107
2445586944487
2446112422027
2446149958297
2447238635407
2451483032701
2454377339347
2454602941447
2456370516601
2457235732027
2459267706127
2462279581807
2462693858857
2464652731201
2467554799447
2468535104227
2477366608207
2479747015201
2491666196251
2494015559647
2494205072677
2499248762251
2501411903017
2502474841201
2506158908767
2508363047851
2510910414517
2511328762447
2514258173701
2516542015501
2517570082567
2519207808001
2521036595617
2522713567177
2523323513257
2525191931767
2531794123501
2535232198201
2548624664701
2551039055407
2551690753501
2553032746951
2556984088777
2563089731707
2564550019951
2569625831527
2570510766601
2571280399201
2571472825351
2573589988201
2573975020501
2577441607201
2577518668957
2582568722887
2586388454737
2587469295001
2588550361057
2589013744201
2589863387677
2592567726097
2592799592197
2594229662251
2602276313227
2603592816007
2605064595451
2610219098497
2610955871947
2613671197567
2613981610351
2615844474127
2617863325351
2618329324687
2619921801997
2621825641627
2622641784577
2628163798501
2628669625147
2639654151751
2640746063887
2643671940937
2644413420307
2645623425637
2650192713451
2651286802867
2653006542427
2657112719257
2661652758577
2663180021587
2664746900227
2671019022787
2674589581597
2675963508487
2677102172317
2677612686451
2677926873187
2678516022997
2680441030627
2683703335501
2683899923251
2684764994887
2686928283817
2687321702677
2689013731951
2690076441097
2690666925787
2691060618247
2691178731601
2691690586087
2691966220201
2693147669101
2701148951047
2706279158467
2706555538501
2707424253337
2708609089117
2712599941507
2714062672201
2716554174907
2719205122501
2721184284001
2727443166757
2738512801447
2740220868001
2744791569451
2748291722107
2750480450077
2753028430237
2753227540867
2757450380527
2757649650997
2761516922851
2762115196501
2762394413047
2772215842507
2774973763537
2780013505237
2786179398817
2786580017677
2788623621847
2789826091867
2791509985351
2797929471751
2800017392287
2801865048067
2811313668157
2818763132347
2825576933497
2830743156601
2834903777947
2835994931701
2836924598647
2837530985257
2842546263217
2843760302197
2845096044451
2851049979277
2852509034437
2852792782951
2854292830957
2857578096187
2865251063377
2866673112187
2868745872037
2869924834267
2870941375417
2871470047951
2875863978487
2878876573987
2879324526877
2882583414397
2882664910201
2888454056797
2888861962057
2891718105277
2891840542951
2892371136157
2894289840751
2895800757877
2898170016001
2907452118187
2909293945057
2910522153637
2910972561727
2911054457851
2912364952507
2912405910217
2915232687727
2922244089577
2925075636367
2926553509447
2934565141777
2937443783557
2944399463587
2946294149767
2950291463701
2955322860577
2958211662997
2964324062701
2964737290201
2965646492077
2971683818377
2973132034867
2973421720501
2975574112717
2976112332451
2976195139807
2978472793537
2980129816177
2983859801917
2988048452707
2992281556951
2995271434567
2998844633947
3004624424917
3009743556751
3013408698847
3016825952251
3017743105807
3022664762851
3026755288927
3028175097307
3030597891751
3032979857797
3033397843057
3036993705157
3037621108567
3039294501127
3042851990317
3044819965951
3050266616251
3052488570337
3053201443951
3057606331501
3057900103567
3060838600387
3064198610467
3065501109877
3066131450887
3070545652357
3071134452457
3074836774201
3078078135247
3080731428001
3084650282647
3088192034287
3091187242417
3094648303501
3096759657001
3099716761501
3104704789297
3105635204101
3106396556257
3114226972447
3114438742117
3115878966817
3118421351977
3118845183637
3119184269701
3119269044097
3121812811657
3123085084237
3126606388951
3127030776451
3127242981001
3130002295351
3130554304237
3134037328201
3139222972117
3142200276937
3143604352951
3143817119101
3145306683751
3148286871451
3154592485747
3155317183201
3156937396117
3157235901751
3159667115797
3160989747847
3161587156267
3163337034217
3167179927477
3176754590197
3180006419677
3181290494497
3183302732851
3187243423867
3189600435997
3191658176701
3192944601601
3193287692017
3194660238001
3196247611927
3196934166007
3199294757977
3200153371057
3202601050351
3207112382701
3214509235477
3215800256857
3221828450497
3228207250201
3230018599237
3230363675701
3231744165877
3246689549377
3252313777597
3256296941701
3256816664557
3259025949367
3265701669187
3271472560201
3278552103667
3278856304501
3280681805857
3287988891601
3293735875657
3294084339001
3297875068027
3298964761177
3300490633987
3302016859597
3303805172587
3304023292657
3307819734451
3319921775257
3326046736897
3326747091937
3328804811251
3333842339101
3334368213637
3335288593867
3338576702917
3344236039987
3345377261887
3347879852701
3359966902951
3361374810727
3364235531317
3365336132467
3366921314347
3367009390951
3368462821237
3369652224751
3371855378251
3384294645847
3384956950537
3385442681827
3386502580147
3394457105227
3395120403517
3397243393501
3398570599201
3400030824847
3400915962727
3408089825251
3411191980951
3411856912201
3414650331067
3416513245351
3420418141687
3421083971497
3423037446097
3427301507857
3429256756537
3434592086857
3435392744101
3436149006067
3436727380201
3439308411637
3443493520057
3450667543207
3452005142827
3454101236701
3454413475327
3465350717797
3472547461267
3474068225167
3474112958557
3476976494557
3478811567227
3484409288977
3488218310167
3492433062427
3492926444437
3497054276701
3500735486137
3500870201251
3507474417037
3518765388487
3522322874617
3524485263001
3525972289927
3526603244587
3529578505447
3537022146157
3540634006477
3543795896257
3544247709997
3545241801601
3548044082437
3549309991501
3552023414101
3553290032797
3557227038751
3560758621507
3561075644101
3563340501601
3564563824027
3564835701967
3565470124147
3566875116997
3571817450587
3576037009201
3586846793557
3591029737501
3593440583587
3595215119077
3607193295751
3608880036877
3619282709701
3619739310001
3622022743501
3624900894847
3625220760001
3626728885807
3626957417077
3631941188107
3633130482967
3637706508367
3638026938001
3639171444751
3642148004701
3650993268427
3651406003657
3654984019501
3657508032751
3662329022701
3663707031601
3671980528201
3673038369547
3673268355217
3676719004267
3681276341557
3696533995087
3704151558997
3706091827201
3719410209217
3720058239397
3723577102477
3724225495537
3725522451001
3728209719877
3730388044951
3735117662347
3735627898117
3736555688797
3740128758451
3746072185267
3750672290557
3751648433347
3756158931601
3756717119737
3760811766601
3761044483951
3767237408437
3768588421867
3770265878947
3774321274501
3775347122137
3777445881007
3778658763067
3790331026567
3793322019847
3794958218257
3809512505107
3812651641501
3813729553567
3816542215207
3821326119451
3824470118437
3827568456097
3830715021451
3834614798197
3844914094447
3848114859751
3850798880197
3855038712337
3856829564101
3860459670427
3861167032717
3862346113867
3871596347587
3873674451307
3875564120347
3877265216467
3881850583201
3882323455501
3884782855717
3887763556951
3894533517577
3896523016501
3899034299707
3899460824377
3899697792607
3901404176407
3903016103827
3904343823451
3911128198477
3915496084501
3917063420227
3918678579007
3920008959751
3926426464201
3930089169247
3932611244101
3934753263451
3935943526201
3936086369827
3936657770251
3941278112857
3945805817227
3946759349347
3951099375037
3952721535097
3953962235077
3963034798537
3963847060951
3966332145007
3969009260287
3976184554387
3976902440197
3980732258917
3984899278951
3986192935297
3987438876877
3990890192701
3991273764397
3997221482677
3997989252757
4008025021027
4008986041147
4012975505701
4015860691501
4024426176457
4025581771417
4026930175201
4028856858001
4029001377787
4034254021297
4040667844951
4041777519097
4044528237751
4046700518701
4051916372437
4060616926957
4062793523587
4063374047851
4068794274187
4069568887147
4070053057687
4072183750207
4073636814787
4074654114217
4079257769947
4083815524447
4084446052501
4086726060007
4092598793797
4100127877567
4100468064001
4100808264547
4101683130751
4102655313751
4105183528687
4118810379967
4120807635517
4121489736097
4125534777451
4129094104297
4130313404647
4132996499017
4133679607597
4137242445451
4138853547097
4140269622607
4141637097751
4142223227647
4145447683387
4147353633277
4150580084857
4150775667697
4151900358451
4160560684897
4164869742001
4169671089517
4169769105001
4170112168267
4173543577087
4180410628327
4181048569501
4182030112501
4183895361577
4184877238657
4191458786677
4201045650847
4205227967557
4211677730287
4213992972001
4217540959057
4219167618751
4220745285247
4221632852251
4228687394317
4229625154327
4230365564617
4243209638977
4246572070201
4254142409527
4255132494607
4256865420697
4262809559977
4262908664101
4268361165001
4271187922567
4278035526451
4282007663251
4284491184751
4287571751347
4292294122117
4295079053077
4301398225351
4304883219451
4311458762227
4312953903607
4317091812001
4318089195001
4318986938197
4319485724737
4324425265387
4324924365847
4327570079101
4330466315017
4334312814751
4349966164477
4350817154251
4350967337557
4354472350537
4361486610097
4363742392327
4372470237547
4377038272837
4379800329607
4380804929887
4388343103987
4394378308867
4396089037567
4398102085807
4398152417917
4402683487177
4403690708257
4412710466347
4414979454817
4416240255967
4419569635867
4423606929787
4423808842867
4426737100351
4427343067687
4429161218527
4430676629347
4431939669697
4436740864627
4443315132847
4444175204701
4446452267251
4446806529397
4455161080987
4456224950017
4460025519067
4461140659951
4462813632637
4464284079667
4475599402501
4482456445351
4483218663001
4493896514101
4494761467267
4496338949077
4498374818437
4501022137501
4501887776107
4502447939557
4507643842201
4508051490697
4510548739927
4513097666227
4520799794197
4522585993087
4525138317787
4530602711701
4531266834667
4533055099957
4538370884197
4544917664101
4548346375567
4560690190717
4568637997687
4579930635967
4587638154067
4588614902077
4591082939101
4592265775327
4594786238797
4595043467827
4604617503487
4604978011201
4605905095837
4614871724737
4621060687057
4628441282851
4634535999607
4641617099701
4645237266601
4649272829197
4654708084267
4657245623257
4657659981001
4661545481251
4662737359237
4665588120007
4666624976287
4667091599197
4668284185951
4668906465607
4672952294251
4677363205201
4680841507387
4684217215177
4684892502751
4684996397467
4694767644451
4698772636057
4707100157017
4708454075557
4714653341287
4716633797851
4725237972001
4725342313117
4727220650197
4728890596501
4731082848577
4745344870351
4758581218597
4759733076601
4763032350187
4764446674501
4771521445351
4776870308827
4779126119701
4781120070217
4781487422251
4782904483717
4793985788047
4794721494067
4795825158937
4798032869701
4800924687751
4801713516601
4802344626337
4810394910751
4811553022387
4811816249017
4812605972107
4816976944501
4821086413657
4821560695927
4824459594457
4831103991517
4834902842701
4835800011547
4838597601601
4842821911201
4846889550007
4855876097827
4857092564101
4861854114001
4865135649877
4866512107297
4876311752287
4878378881377
4883203886107
4894878585187
4898436830701
4902155781601
4903324886197
4906833036337
4909704274117
4913427498937
4916141022787
4917577897501
4917844008451
4923061236607
4926469899007
4927961559751
4932384595057
4933823841451
4935849803167
4937396211637
4939849632217
4944331364017
4949135474557
4949562619501
4951004369767
4955865148417
4957200944767
4965700822417
4966128681601
4971210918451
4976135140987
4977634301251
4979669237047
4979937022717
4994676322567
4994890873087
4995695478577
4997626796137
5001383204317
5002939843987
5003637726601
5017605600001
5020186413217
5023413362857
5023520945701
5027018015251
5028793916257
5034931260157
5036331529417
5040479622751
5043982589101
5047378933087
5047918140427
5048025985351
5049482004577
5049913458001
5050722482851
5056819219537
5057466876601
5067726973501
5068159205677
5068375328677
5080810151257
5085571852201
5091635424457
5096510555797
5105454355387
5114026069951
5114297444101
5117663081737
5122985218501
5126516732851
5137499359327
5140927038001
5142178697587
5144736910501
5155466554507
5156556483427
5158464136237
5163098476147
5163153010177
5164080132751
5166152825347
5167898573251
5169644616067
5172973827097
5175648887527
5178980031037
5179362361951
5187941205877
5188378534501
5195487708001
5196308310451
5197019551657
5197128977701
5210432815087
5216186648557
5218872857467
5226606418417
5227264858201
5232369172687
5236871817451
5238409749427
5239783093777
5248026939877
5250721333747
5259799377337
5262331623517
5266186210897
5267673357451
5270152401601
5274285437851
5276324999137
5277703304287
5289840151207
5289895350517
5294698792951
5295969032857
5301438326467
5302598842537
5312274748987
5313104522797
5314432295677
5325503520877
5333814499777
5333980785451
5335810098937
5344905884977
5346459598201
5347458533077
5351011057237
5351899372597
5352954342847
5359508591251
5360786581237
5367012014101
5368124078701
5368402112851
5374409407867
5375244020077
5385208726327
5386378374877
5401372249267
5407956063751
5408346755017
5409351454501
5409742196167
5410579547257
5410914505837
5413427025667
5416442819287
5417727579001
5418118623067
5421471008227
5425439336677
5437185143617
5437744784557
5443902735697
5446646944927
5453650610677
5464753626601
5467952042407
5469804184501
5471039120137
5472498769237
5473621708717
5473734009001
5475699450451
5479350492001
5479912298701
5482272201337
5483115146827
5486206501357
5487780616501
5489917276777
5491716892201
5494248100351
5494979446837
5510686998967
5512715412847
5515927831501
5517337082251
5517506204437
5528053270351
5532963626737
5541999858097
5546407694101
5550251852557
5551891678147
5553305515297
5560094439217
5561792318197
5563207415347
5565358707751
5568926240377
5569719180637
5576121407851
5578105144501
5585476398001
5586327240451
5592398463037
5593022794327
5593420114201
5593590398467
5599381605751
5610859309987
5620584769117
5623430061817
5626389930001
5633679077137
5634077838451
5635957903297
5636356745251
5637667325317
5641200952201
5644165492897
5645648055277
5656430994787
5666310111001
5682889814101
5685750831601
5686036972951
5690902477501
5697373958347
5697774967501
5699608331917
5704078393201
5704536960097
5706772737667
5706830071057
5710213250827
5712966407851
5718991252201
5721689116027
5727431368627
5729441837437
5729901422701
5733808641637
5740534473451
5747149175701
5750198972827
5750774496967
5756358575701
5763097616347
5770590063127
5774972517247
5775376248001
5777798928877
5779298938297
5779818217687
5782126408327
5782299541201
5784492781957
5791999118977
5792287921447
5797487597107
5798643397387
5802400543897
5808992939317
5809282165147
5809629245647
5816978215201
5821030814101
5828560813201
5833660805857
5837719210837
5839980934327
5844679759717
5847000864277
5854257286027
5857858140751
5858439027451
5859194223217
5867446454101
5867853404407
5869365057667
5872098155701
5873726686717
5878206311251
5881290681337
5892878839387
5897832031297
5899930481017
5905703142307
5907219662767
5908094666977
5920468323001
5923096471951
5925725204101
5933322595201
5933731823587
5935368878251
5936655293887
5938000332001
5943382007977
5946190806601
5947244277157
5950171073857
5957198323537
5960127568237
5961240870007
5962412878927
5964640013251
5968567815757
5980476363751
5981063298451
5992984299277
5994688268227
5996510020117
6003211746097
6013389058951
6015625692667
6025577864377
6039430354387
6041199902167
6044503751527
6048280685287
6056133398701
6056310586327
6060150288037
6062159232097
6069134032501
6069311410207
6085818866497
6087180696451
6090852475207
6091504035457
6092096393197
6093399681601
6098614229137
6108694102717
6114924064987
6115636262851
6124364052397
6126502418917
6131077400251
6133276375297
6134821836877
6137318763001
6138091724047
6138210645451
6144872082667
6149394401107
6150525240637
6157431568597
6157848453751
6169050076927
6169467355201
6179963561185
6184558456567
6189573017167
6192738011701
6204090867001
6204868021327
6213778881397
6215932799917
6217069740727
6223055353327
6224312697877
6227606345047
6231020680501
6232099086097
6240130149637
6249426263167
6261011095501
6271104035197
6272847091507
6277416250267
6285175604137
6285235772887
6298479899167
6302696862547
6303118636501
6304625087251
6307337152201
6312582131467
6315899047597
6323018280001
6323138979517
6325915386337
6334489877701
6344279135617
6354257445607
6354438942001
6355527974797
6356133033337
6359582416951
6360187668451
6375025326601
6382480954627
6382784121097
6387757078501
6398194450957
6401533780687
6404145136201
6406696276597
6408275808577
6412043170501
6414656668447
6415994012851
6425846023087
6426515260777
6427367068237
6431809550251
6434244437851
6437593160701
6438080320237
6442648337287
6455264470201
6455569360351
6458191712857
6462095735257
6466672262707
6474791955001
6478578815677
6480900342001
6481511339101
6483344503201
6485177926501
6486216981427
6487194991507
6498019147201
6498753314857
6501873990067
6504322102627
6514670464417
6517611144001
6522391163557
6523310598967
6541712915167
6545212285501
6557006522557
6559219123957
6560079680857
6564875245501
6565182713251
6580873115701
6589988290957
6601391131147
6601946115337
6602747800351
6617124716317
6622311644917
6627315250627
6629107124377
6629910456751
6630528437851
6633000650251
6633124272967
6644007583207
6655704708157
6657252717307
6657871971367
6662888990677
6668713579417
6681487002877
6683658459367
6690795728977
6701477710201
6706262520847
6710613830467
6716894635657
6727784174107
6747407569717
6752707667707
6762939619507
6764375207701
6767808753751
6769681964251
6771680341147
6773241778297
6776240242201
6779989255201
6787990614817
6791867969701
6796434661507
6801441017827
6807200606251
6814716776251
6816784450057
6819416488501
6819917886757
6821171463037
6822550530001
6823804348201
6823929736357
6825559887217
6830200612957
6832709769997
6833713561837
6839800628251
6843567180451
6849533008501
6856883968507
6860969538697
6868389529501
6870465329227
6872163944101
6872793114001
6874869579007
6881163812407
6886831084867
6893130790267
6899685538987
6901955216227
6906369546007
6919873534507
6919936668217
6933643495351
6942367333987
6942809993701
6970789370737
6971296303201
6983341366501
6984165882427
6984609872701
6992540646451
7010512545037
7014007993807
7015724260201
7022718626701
7040538193501
7042002947167
7045124017357
7048819239001
7052133020017
7059974486251
7067437485457
7074968264101
7076691972127
7086655284967
7091447834017
7093684911307
7102316942797
7109034373867
7109162355751
7110890223937
7116523251601
7116971429107
7117163509501
7118123950351
7133820323701
7139462424517
7141193970751
7144914298507
7150304077027
7154026776751
7158842049001
7161410856601
7176061858897
7178569450867
7178762360701
7181656319251
7182749744257
7196971843447
7197873264667
7202896501951
7213334978107
7215462261001
7219137397447
7220169182887
7230620162851
7230813770797
7232233641601
7234170053701
7242370402807
7243985191957
7245923176537
7247086091701
7249541441257
7254324104917
7254970531777
7260466322887
7261177694977
7261307039101
7267128717001
7290244352047
7294845955057
7298346737797
7301005300387
7301653803727
7302626612737
7303404906601
7311060338557
7322421117007
7324304612197
7330996225351
7336975783567
7337040792157
7339641371917
7343347994251
7347380821327
7355579977747
7359941708701
7361764904677
7363002201967
7364369862037
7372969490701
7376749702297
7378509786451
7393054805797
7400822358247
7401475279507
7402846507897
7406895637501
7410161871001
7433896314547
7435794091657
7438412112697
7443976937407
7453016025451
7455964740001
7461208339201
7462388403037
7470848257867
7476425200177
7478459661667
