102372404266441
102565184969521
104584984115041
105073007558401
106750010664001
109975142037601
125971084045441
126203553715201
128975330417473
131609578756321
138908926447201
142981068983041
154981703284201
161143662556801
173918626927921
193443176344321
194399907463081
197448671604601
247355573565601
264076857118201
278024103846721
292100267899441
356194991423521
359632063189081
407276263491841
414991034803801
461947003998481
463425669554401
515860381772641
535876406762761
553553398550881
607459614451201
656945722500481
710200064464129
710553406803241
729411036233401
752303228676121
755364349764361
756438009285121
818542696608001
936528611550841
942537250151281
961673336467201
995007853065241
1014110280174601
1187341458508801
1192190668348681
1196925746096809
1210112071210369
1253905918768801
1356890655938833
1420645411584001
1471976884361089
1491533324492401
1529501951084017
1560745896572809
1629052770945601
1637968477320001
2240173509739201
2305147998807361
2373687409188481
2511382735794241
2587042167982273
2818885747323361
2913652795692673
2987566906325401
3123818547557761
3130256551215601
3136638475111681
3299663391643081
3387297421190593
3483678361584961
3654137920267297
3680878417032961
3828967305483601
3859698619488001
3887225548686481
3931672815400177
3942820992591001
4090772472489601
4100380455864001
4144447071409321
4272845628433201
4356499488046201
4402527424794001
4432776444511801
4445633262470401
4563288074822401
4610642093726761
4731635786492161
4806307991700601
4816614041759521
4850659937475073
4867622508587521
5223254834203561
5224481511359041
5295479516906041
5315096830483441
5392175371914241
5401583209869001
5463457172150401
5503129950066841
5517727022893201
5545617357800521
5799300152536801
5952398143608001
6142032334045441
6147800838051601
6196979845388977
6200301839790241
6203726361967681
6276084061228801
6282287855489521
6297835841977681
6513940924722001
6523282692534889
6569057564746561
6586139796012001
6688049858380801
6743809662579361
6828049849420801
6911876968476481
7249372859344201
7252145574874201
7254262512736201
7263681336311401
7268618577871201
7273191696900001
7282253910404089
7299643944331441
7308834624463681
7310835931431121
7315466972647681
7323318757361881
7329762200989801
7337192051180449
7344840075216169
7345803676254913
7345871595172657
7371250190109961
7375177160635201
7380862719442801
7383933483314473
7397445868590961
7423292679169753
7423840384995841
7424382067865281
7428820483375201
7434006688533673
7434324555347737
7435353853836481
7435749372603553
7452878062254241
7459168490857513
7474582008366601
7475116330559809
7486070197364089
7494231387933889
7511122186306201
7518953276889601
7528030325986801
7532373648076201
7549192934078401
7550871347849761
7552092184399729
7552321776312769
7583173444791361
7592372892861121
7626765857914369
7636950095112001
7638918387832033
7653169886448241
7660052415766297
7674513038347681
7680791660451841
7682510964993841
7683032123303041
7687891673587441
7696210865511169
7698220875800641
7699554699690001
7699897986117121
7704435413751121
7713667091329081
7719331293434881
7732648648821601
7743030849546241
7755345694306369
7763935328926921
7765379205129001
7772824774903273
7780620573331201
7783304103135793
7783917271366321
7805592762996601
7815275795789281
7817105010758401
7821301191782401
7829632312432561
7838146907548849
7838619569051041
7843199090897017
7846209631038241
7847731543845961
7849466929996561
7856326507364161
7856693469268057
7860642604681057
7867794378200401
7875466721629921
7893671978443681
7896448133919841
7917392015905681
7923178306396081
7925540941910593
7935426315363457
7936502033712673
7939263972586321
7944592511222977
7946491645604929
7956511554021889
7980891508996561
7985538767424193
7995641342889481
7996478997983617
8012367640910401
8019201960544321
8025786347488321
8027062589306881
8031516944521201
8033760728122081
8036241624651241
8043546008634193
8043889444281601
8067110266215001
8073655487417521
8078238603549313
8082842631912049
8097216000269761
8106398917875001
8107129279317241
8113221181278361
8117922657772801
8120522592262081
8121070397756161
8137140142250281
8137681238467873
8141179959306241
8151333830338609
8152934232316273
8154804269412481
8159154561816481
8159285337885001
8161758863362513
8170852913051401
8171399210224321
8184154182475753
8188199461477201
8210841646729321
8227935442865881
8228938272456961
8237817037850401
8241125217442921
8246366724911041
8262033135422977
8268650556828481
8274171023536321
8277848576310601
8278062319860481
8283901882242001
8284258341651601
8284336080145201
8287930481358529
8290236178728001
8298058430054401
8314442350722721
8320572158210401
8337433444019233
8342826680412841
8359137002842921
8359964948243833
8361669803818801
8363987129403361
8364873424458961
8369635483149601
8371532562446593
8380843956165913
8392623474212401
8402528816632801
8412500884525921
8418175962332401
8439081603487081
8461765672189201
8474124250662001
8495180799746041
8499558474410401
8504220490736041
8506457563637881
8512347551686273
8516321005812481
8517123936795241
8536477871665153
8539052514478201
8542101226206241
8545720620808801
8549833603931761
8555078195939881
8558350813985281
8559236819938897
8564035153869001
8573124589306201
8574080224026817
8579009560842001
8579699564017321
8583556108956001
8602425130899601
8616370689603601
8624169828509041
8630754615628801
8632673531565049
8633171165245537
8648760483273961
8652342751977601
8653388406717601
8654632390789633
8659195189090777
8660687954506897
8662366219421377
8666712671227201
8669351903121001
8672680550110201
8676193968886321
8680776706109737
8696750947844041
8703749598128401
8705246063050657
8705962870553521
8713747402084801
8719255935704161
8726557107201601
8731238217370033
8735161602087001
8741306226627217
8741429099577721
8745173581379761
8745652847035801
8749167438452761
8754825130601761
8763994027847521
8765405405406721
8775608474171449
8782637046969601
8783933540382001
8797787826024961
8804299660044481
8811154189992001
8851190079611881
8859694221000001
8866577824965001
8882443583516161
8887809243643201
8895547755988513
8906363702793649
8922499617171001
8924718209833441
8933996855933689
8954191575175681
8955359072234401
8956115382049921
8964228553600321
8964400713016321
8967667139520601
8980437459420001
8982754014004681
9019643331088321
9028369038107329
9037590760150801
9038175860223217
9039005107200001
9042214785019681
9053383863029353
9054478572539401
9061546683547297
9074886892143841
9077211708220801
9077777084043361
9091279770316801
9093428390505601
9101894932067521
9102790156001881
9107179925262721
9107461045974721
9109334528458921
9119486762158081
9129047500741057
9133370254717801
9158966661403441
9159274860493561
9160540287123457
9178095441060001
9181614071689921
9182479255157209
9192630433934641
9198187689355369
9211498683943033
9211739861845921
9213439831717441
9262351718519857
9273608285301361
9275311644307201
9306331547418361
9315277920448081
9317366992464961
9324596167731841
9325128965635201
9328312925043841
9328861504371361
9329242632491281
9333666043738273
9334021216572361
9335059827530977
9351383348564401
9360991617183361
9363652981356241
9401623635942721
9415402667979001
9425723809835521
9437604829629601
9446601696130561
9455542125678001
9459455286109249
9462663677093761
9472076688994921
9474500009205001
9479121554162401
9481348277687521
9483346306240129
9498239744692081
9512778350364697
9516198020036401
9519770466310537
9527543867635921
9532076513374801
9535023847291489
9552123628613281
9579616180879249
9584294690463481
9584963201325481
9592136882454001
9593159562156601
9600083853444481
9614154337038001
9616709111526001
9637215201413281
9641664879177241
9642342157790497
9643204627315201
9646011047976337
9650924558795521
9656925858478081
9682984852569601
9688209316984321
9691060114050481
9693344848622401
9695073353209201
9698398057250281
9708687427496401
9716622193555201
9723302291053297
9738618466587121
9760910245002001
9762781214299177
9775549135740961
9783742480081561
9785248679712481
9795890161882273
9806705771443681
9821611686630241
9828851724577513
9851996062944001
9853777520373697
9874340524018801
9878996795903929
9885950434164601
9888764027358841
9888992867411761
9893931255149761
9894175298995681
9896241172352641
9906212036928241
9909099570489601
9913419086648449
9939323533847401
9939560923630801
9940869517695481
9947045652191617
9951571306053001
9961280157614761
9963073850904721
9970772767673761
9987243471507457
9989877450776833
9992306427509281
9998397224991001
9999335483415097
10019652147234073
10021780002528001
10032146219515201
10032619703531041
10035890704930201
10045587060394201
10047270602214721
10050837621873049
10057796696535169
10065796696555321
10073858488424281
10085386199657497
10085894042718817
10087918721318593
10088573373964801
10100916504161281
10111288533445009
10113584834205217
10118104465744801
10121164975893217
10126199298441409
10137926550751201
10138690295984881
10139784064465537
10144412566618849
10145892929079601
10148216745869401
10163412320364073
10185658505132881
10214179401928321
10215385992758017
10225732567731409
10247065254224401
10274992697937601
10288565632083649
10302690606971401
10306764558156529
10311313094601793
10320934992278401
10355915206858297
10365344474022001
10365357648096361
10368380850115609
10371285549782401
10380267449375713
10380905936884081
10380977371477441
10389823663934401
10393990398792001
10409461848739441
10420863392074561
10421321011893361
10422054550689601
10422359654807857
10438695183222001
10439020399287481
10452066937729561
10452785239512001
10453210034437633
10462171153519009
10483701494138881
10485647109181441
10489666834745281
10519452747464113
10528424426172241
10534133478120001
10535231993504401
10538672986930177
10546057739088481
10551575342135521
10561354785661681
10623551797514881
10630040096042641
10633004577612481
10640796610429441
10648922300744641
10651724881248361
10661180844761833
10662808183371961
10667314363148353
10667317498265401
10669893230172961
10674402634684801
10683627278307121
10694179438500361
10697509165973761
10700773862577121
10707126945678001
10707784374150001
10715026588097833
10715035589440321
10730411003585881
10735834544947009
10748400369958081
10751572118428417
10756112807480041
10756586239695601
10777543234992577
10778977217768761
10803371400223921
10812588579614881
10815497766746401
10817186324175001
10826313813198001
10829878351085641
10840529514678601
10841805917379361
10845199167203521
10846832492707201
10854929493132817
10860541317388153
10862597062087681
10864745449248601
10867847559141241
10874170505103001
10881565135277761
10881676859739841
10886952497154553
10888913045652841
10906390973184001
10923451168240801
10929377734682881
10929564617531041
10931367466091521
10943837733880321
10945126865900041
10963060405864561
10967252550798721
10988384102493601
10989922845100681
10994671602403777
11006088657102001
11036290731748129
11041286195821537
11052219337518241
11055752907479281
11071238010525001
11071704927343321
11071964128080241
11072715185294761
11088940690676161
11092007918178361
11093657229648001
11094963967141441
11099382940349761
11131150408514137
11138397691398433
11148849718142137
11153186397628081
11178815904699913
11186862062555521
11199708564831361
11213365156459201
11231119654191361
11232364107933697
11236313757687001
11253716538246001
11255587039426801
11282873225716513
11295165517009921
11295442038726721
11313137393539801
11314796022784801
11315477786258017
11317606485698521
11326822866513001
11327254847328961
11330169854274049
11340999947686921
11345845270003201
11347805970547201
11356272393496993
11377418455666033
11379561993826489
11379687251578801
11389863295116769
11390545492431841
11401467599314801
11402896962172801
11413327311058177
11421478610145001
11425187109698353
11439841727376001
11446073291289601
11447309937110401
11455234075735297
11460026385475201
11460914210767201
11461045860662113
11461980398654521
11465738588901169
11466596375660161
11467902571762561
11468932723607041
11469875072009401
11474514087183841
11482983331680961
11483928643059601
11484388948392361
11486832156887473
11488645814121121
11491988345470081
11507133725745121
11512191938371489
11513243683984321
11515580769517921
11521471231670401
11524373722101241
11524535825228929
11538620992154161
11539729605138433
11562901419721681
11567315095044481
11574180260426593
11575614306566521
11579220980920321
11582733210328801
11585037707497801
11597331922628833
11625898729120201
11642486142950209
11659462296861601
11670801541446529
11671345838509057
11697117991096897
11740900086669601
11758104116478721
11773615485371521
11776057887813409
11796827501844001
11797522690262401
11797935235914241
11810031300480001
11810383956189001
11824467070848433
11840432317119361
11843569791051601
11845389506485921
11852572247656633
11867060612940193
11867239582064257
11911150305559873
11915005215667681
11926714956996001
11929259586831889
11930121392943601
11935701063926641
11944491348536641
11949117115264297
11958714658208881
11972212928436601
11978480810640961
11985899333712361
11992946406562801
12000954039563161
12035346527469673
12064441906848241
12065314413925081
12069496164365641
12073525764850801
12098985035992201
12100502935160641
12104100729826561
12126833669479489
12127304304615601
12133977678295201
12137401391817241
12151959486891841
12171279712672081
12180668810359801
12184402185438913
12186517173801601
12188386924072633
12194918169593161
12199223467466641
12202582452284953
12223156951474561
12227780391731857
12227937516858001
12233116668429721
12242761022605681
12254894758039393
12273063658822513
12277074336865201
12279636383678497
12280744426761721
12294157853241769
12301725705024001
12308765174022241
12312623760593521
12355508811902761
12363867869493169
12370916672150401
12385923849669241
12393743619252601
12394992947887201
12401025727933441
12406073249207161
12422935438721281
12427102338309793
12435331777001281
12436889804816401
12456849295958761
12456942638739457
12486959981736241
12493513495676809
12504810114552601
12521689700708161
12522735387946369
12524004503539537
12581271211547377
12583383510660481
12592859496674689
12620065164114241
12620818277866657
12632292237474001
12634371955099249
12648382385506561
12648479657118841
12660772779644641
12680490362502601
12704560585433281
12709774648382401
12714916097567521
12715597037880001
12724532153545921
12730671248827969
12736470916060321
12746145792264193
12753072000834337
12759238128218401
12760649945599489
12761089669204801
12762893761353121
12770117809046401
12785626918337281
12788532445328641
12792905357128129
12794190697557193
12800394167137921
12804076074259801
12812984740095457
12813919984143001
12819624747930001
12819662219364001
12819780832309921
12824250112822201
12824382853524001
12834640728814321
12835835929002241
12846062156322601
12859578766794241
12869152083544681
12876664004589841
12879447006361321
12879492230547001
12888415876493161
12893560018731001
12898760942805697
12900216004802281
12910533157589761
12916618818087601
12939408368812801
12950363673843121
12954251206463041
12956696302688569
12960952382842201
12961961966424241
12963567703086001
12980232183515521
12993852920040721
13007928674268001
13012558719367681
13020168211596001
13029618176789761
13038489257653441
13067306652285217
13091471367590881
13105225408236193
13108500575310097
13120558380072001
13122447681239401
13144611629516641
13148220811500601
