50
102
114
116
847
363
639
18421
164
174
182
188
39999
212
222
230
236
56643
242
266
279
7025
282
284
867
290
3211
318
332
338
354
356
374
12221
402
404
410
428
434
25721
102065
452
470
477
8591
65689
494
83167
507
6727
524
530
534
539
13279
578
582
590
596
603
602
604
605
50403
654
668
26011
710
716
722
762
764
788
822
830
2523
854
890
892
894
902
927
932
938
962
986
1002
1004
1022
1028
1034
1052
1058
1066
1070
1074
1083
1084
59411
1102
1106
1124
79383
1130
1162
1172
1178
1179
1182
202505
1244
1251
1268
116389
1310
1334
1359
4107
1388
1396
12493
1412
1434
1436
1462
5047
1490
140785
1526
1532
1534
1570
1573
1604
1611
1614
5825
1662
1676
1682
1684
1686
1719
1724
1730
1772
68419
1778
1791
1790
1802
1810
1826
1844
1866
10309
1899
1910
1916
1922
1946
1964
74185
2012
2036
2054
2061
2074
67535
2084
2092
2094
2114
2134
2146
2151
2222
2228
2270
2274
2276
2282
2294
10359
2330
2334
1175
10571
2354
2372
2396
2404
2414
2439
2454
2510
2522
2524
2526
2534
2547
2564
2570
2586
1127
2612
21925
2634
2636
2645
2666
2675
2678
2690
2694
2714
2732
2738
2764
2799
14045
8427
2874
2876
2225
2882
2930
1467
2954
436753
2972
3002
1503
3014
3026
50405
3044
3054
3074
3110
3123
15851
58843
3170
3231
3236
3244
159397
297661
3282
3303
3302
3308
2525
219245
3374
3412
3422
3426
66065
3501
3502
3509
3514
3522
3524
3530
6425
3590
3642
3644
3674
3676
129761
3703
3702
26047
3730
2783
3764
3771
3782
3788
3812
3854
3879
3884
3890
3914
3925
3932
3938
3962
3964
3966
3970
4010
4036
238
70397
4052
4062
4082
4094
4118
4124
4175
4196
4204
4234
4252
25531
156499
4334
4362
4382
4388
4402
4412
46417
4419
4430
4434
4454
4490
4491
4514
2259
72409
4582
4610
4612
4614
4634
4646
4652
4670
4689
4724
14825
122317
4790
4814
4854
4868
4869
4916
4924
4974
4982
5013
5034
5036
55759
5090
18491
22687
5116
5121
5132
5138
5154
67145
119791
145541
5204
5210
5228
5258
5284
5286
55145
58949
366793
5444
5494
5522
2763
84889
5571
5570
105049
5618
5630
5636
5654
47225
5678
5690
5708
5716
124345
5756
5786
5858
5862
5870
5877
5882
5924
5972
42007
6026
6044
6054
6062
4925
6146
6170
6194
6212
6219
5239
6234
6236
6254
6278
6284
6302
6309
17797
6404
6414
6419
6471
6476
6482
6554
45899
6575
6590
6597
45409
6652
6654
6674
6687
8405
6754
6759
6770
6836
32617
6884
6932
6957
6845
6962
6974
6986
42997
8825
7046
648739
7156
7202
7244
3293501
2647345
7292
7299
7374
7386
12943
7422
7426
7461
7494
7508
7554
1647247
175279
7604
7925
7634
963
46813
85811
7804
981
7874
7914
7916
7922
7926
7929
7946
7947
7970
3987
183517
7994
2007
40931
896761
40315
144365
8122
40745
8156
8163
8174
8252
8271
8275
8324
49205
8361
8378
8414
8425
8444
8452
54485
8516
8523
276965
8534
8564
8570
8572
8574
43015
8612
60599
337931
8739
961301
8774
9583
8826
8828
8834
8847
3425
8870
8884
8973
8972
9002
85033
9062
9068
18571
45565
115351
9158
9171
9175
9188
8381
9218
9236
9266
9279
62345
46535
9325
9332
9354
9402
9404
9441
2367
9494
9530
9549
9554
9582
9596
9621
9638
48335
9674
9686
9710
9751
9762
9764
9782
9822
9836
9837
26509
1316833
9908
