109100331718561
124041496158721
129433621544401
140483571328801
154546258093921
159573678299281
167573957046049
174471799647601
179828347628161
197592520145329
202685808753793
218505055436929
238340894414113
239154740744041
240641613313921
242972984357641
263237486868001
277659572819329
281048187210841
288503529142321
295978025851201
297341263275841
303622889453353
313989004890289
390229513575001
393306142020481
400465426949281
414364000255921
429321452765761
430654899220921
447941336036041
474688401423121
565912379174353
575207349626401
585241311012121
611918402552857
638371116655273
649870714926721
668587910515201
701533040836321
715606153257601
724768211395441
790864451984881
814175839884961
826075966739689
855199995887953
899252747597233
908167323683161
917301634547761
919570932201601
925458533882401
941026195505089
971851712335201
982625632488001
1010606419974817
1031767769552257
1110855314136481
1112397844093201
1120328613776161
1134391767197041
1142625648736441
1173551315055841
1290714970057921
1316537490439081
1359176799619297
1377475064325361
1377584350415281
1552341247067521
1575582266752561
1628635711413961
1667617329304081
1704147021596377
1843489931042761
1931346701087497
2003785481293201
2005204147381441
2013847211446561
2041885253561473
2057458653703801
2068213868703361
2131410735404641
2153864771658601
2190796621286617
2262654999002161
2434491340590961
2549974326110401
2562934363130593
2721976187933377
2814816026692801
2847772949041441
2884589142285313
2967020065900801
2989001968992001
3071081645029441
3074573690292889
3074805041495041
3087902281272481
3105761411724481
3178883595247561
3191906593329841
3235082809578481
3320650137913921
3376625485800841
3381029996952961
3408656718574801
3441168923027041
3549102161567041
3558229419386881
3611162784553633
3651731872248601
3788430031450081
3790546717271401
3893908503288481
3896382347550001
3968300133778681
3993255756912241
4007547962557921
4014637995590401
4085365196173633
4165962403299841
4227329636827201
4323804718957201
4341015969665761
4389996023065801
4413936820608001
4501350490291201
4550635369969201
4570151965232401
4604943403922041
4678745655635521
4725076514010913
4755786518496001
4992949174993081
5015140879499521
5026333002866209
5027936710901833
5112428894860321
5125795182275329
5182557409095361
5217589447899841
5227656758696737
5286710973067921
5293359526427281
5450773331203201
5466157819848001
5522998175234497
5527736215336609
5555094555736321
5583669575984641
5667054400051201
5789003344573681
5831360458316641
5907343538554921
5951072533339081
5985435255181201
6093528529780801
6110338607960401
6150547481497777
6204545297460001
6271412605233337
6275914048280521
6282791118291601
6366380036836177
6389653515745921
6394960338228001
6455621099273641
6548129556412321
6562336310197561
6619646931932161
6776777438307073
6833403066485521
6919573182816001
6989861668487041
7148173570211521
7216991274477601
7306163767203841
7368665555462401
7433800868925289
7436684369667697
7484087733472081
7540005183446737
7565811857541001
7598019327528961
7674019427692801
7744014083020801
7792733771676001
7798415280825601
7819585448700481
7870789413986689
7898733057168001
7921281913633201
7978508122626001
8003345310127441
8106857609558401
8136772780045033
8170696238630017
8252269803298177
8262552484731481
8302911343776001
8396391313005697
8408987627443201
8414760884428081
8453971015819201
8515917963609841
8532013612868929
8679976979193001
8864264789410801
8893593387390601
9052882440307201
9164921177983201
9184594378354561
9186747172404481
9198768880113121
9309863742537601
9332749200902401
9385867412298721
9566684633305801
9677335421668801
9784087368608953
9838627288580161
9886863030760801
9905639175589873
9926460690696001
9963113822897761
10073201021334361
10177392446017057
10186144623732481
10249517590079041
10289089741095073
10323342673378921
10350003670394977
10417737339126001
10451065345393513
10513174979953801
10753479352836529
10813615328033281
10875488628480841
10884491162424001
10969774712516881
11028748994282881
11057498026928641
11118623133675361
11131421277166273
11279123630780041
11343068475462721
11467229090204161
11543634455371201
11616864485503681
11617163544117601
11621449558414081
11641975404906001
11886316334456689
11930840581158721
11983746344087761
12017193087589561
12110553975813481
12139955648367121
12165434298119233
12264765880227841
12468646454967361
12496775843387809
12503195448692257
12555950324198401
12556110691018441
12661007658364801
12667958943508801
12695998940006401
12697990299931777
12704942623979521
12837617664123121
12899902247790601
12982717758558241
12987877803648001
13019558438144161
13025561013429361
13041942424704001
13108983406008673
13125262296170641
13156258673689561
13158462590713441
13164622805307601
13168161515416321
13174793543003041
13175521652621329
13194772142822761
13215092435786881
13236169264755841
13238094830098321
13245595052200561
13255207027020481
13256843550294961
13298122103172481
13298291840193361
13309169400513001
13312470859430401
13330811340448561
13330831211962657
13343756246667001
13343990491306801
13351916482674001
13355593982411041
13356717729937921
13368392560242721
13369352961545281
13373314130100961
13387838183969257
13402747538061697
13423165760813761
13453088756160769
13456698358060849
13465114870858561
13469187495326977
13484277015753457
13492491949833121
13500300321335521
13523422936987441
13525308297522001
13530784187244241
13537765165228753
13541376659188561
13568037208362001
13572479175827521
13575123106131553
13618604568522241
13622048259494401
13629519198701281
13630117605494881
13634631848674201
13641943476728737
13644588995225161
13647247432739761
13665176015132041
13673590793595001
13679505166713121
13682955670823521
13696173799770001
13696388258375593
13699554905496601
13703644976434561
13749245260392001
13779693614100481
13785040227501001
13799980723690801
13815454006173601
13819966847738281
13829270215962601
13846971824422969
13848136851150001
13894824425528257
13941181073167921
13960786668374113
13999991555985121
14001637516909921
14029367806911601
14036451385948993
14045508943256641
14050862447063401
14072622511656001
14076669830250889
14080560104333977
14099394342412513
14118292613513089
14132881669135321
14137077354454801
14151107000197441
14166223572009601
14187610819351201
14194370238145129
14216152903500241
14226561272282353
14234032070049601
14236565980385761
14314545626851009
14329455371553961
14335190244614881
14358882468675361
14398087060642897
14406269500980001
14418573466672369
14419046398367161
14423591747685961
14454983877629041
14463681938332849
14527094667624001
14589845463344257
14595749508324601
14602699733568481
14604083083716121
14604114908880001
14611925200383001
14619783971364601
14629781826087121
14639642984836801
14651183265769681
14669918113860673
14678228915496577
14679125492691577
14684830244231401
14707733177952361
14712891714349921
14717304006804001
14719468423389601
14742094487079961
14776202370555649
14779912542696001
14824930361106097
14859127749813601
14906267689996801
14937391226692801
14938716493954177
14962789095954481
14962798430107921
14968922864605249
14977060739786881
14981760851372041
14996216780362801
15012273218737537
15037555070201401
15051052011183553
15051110258414161
15068821161630601
15094580456550241
15098768584028977
15138921233050561
15143457597067801
15147179755314049
15148667467910593
15192570968708977
15196733418451201
15209091726013921
15229420260094657
15242703914572801
15252087629016001
15259783248460801
15275810178169633
15289871051684881
15293344085612737
15320119142528929
15325682869804033
15333146715937201
15339062432249713
15353023817617201
15353480500498009
15360628892395681
15377238458854273
15387027193755001
15390215100900001
15426675814492801
15442339942725697
15454309340251321
15458184547829521
15484578202679041
15491137756029601
15508916603490241
15509203070130001
15511873720907521
15518733436405081
15557930551330561
15563342802882337
15568134038804881
15568953448077121
15573509518300801
15577128650958337
15583441587106681
15598096117591681
15620330237276161
15624348815920993
15625755774202729
15628708798295041
15639937338485881
15640226644521601
15646473599027041
15650795605192201
15669302081841553
15669781943018113
15671717158687801
15675844769991001
15690866073867601
15701437247438401
15716798131910401
15727097563586113
15744563892963361
15763440869783041
15793606849085521
15796547203925713
15830283824249761
15839035260567121
15846097480528561
15848200539333121
15848930178025561
15859989362372401
15867332488576801
15882714034057201
15890104294295401
15917029114329001
15921599395368241
15921821989678681
15942068562077857
15971382396532081
15976765430595841
15984314990904241
15999469512455521
16007372776082689
16023200574285001
16034277343691881
16046857782795241
16111600838924281
16124503982283841
16125590695623817
16126859041100641
16138567301020033
16187140989915481
16190194536235201
16195028003576281
16232880685507201
16241829848496001
16253018309931001
16255106688772657
16257761758148641
16278591943792153
16297556957174377
16331800698978241
16349008950160489
16359777913893961
16381425507720001
16388989418917081
16390696259262001
16420362938765857
16429161203241697
16430254843186801
16470434519289601
16489844678365081
16496182046984641
16499022012006337
16544199838095001
16558428418300441
16575905180909761
16582561360198657
16584550590911761
16590900378321721
16597657495414777
16623226908420001
16644093051586177
16649794977090241
16665047486236801
16666804151968753
16670665235846161
16678985707728961
16681769387196049
16708674211416001
16714705069477801
16729254999287713
16771683257606881
16773584071993561
16794942031604353
16798083620406481
16838147501666401
16843559117081761
16881232183365313
16886250634195801
16891433451097921
16894897638598801
16897439988013201
16914106194690097
16934457467530513
16966854790505761
16982526348361729
16985386343927401
17032268571477121
17052950663686297
17067024221541841
17073533332688449
17095412816130001
17100512809179841
17143243803130537
17151931975096801
17166868291984321
17189859507187681
17200602677411521
17201557981824001
17203331901888001
17205516423730801
17246177389939681
17258470659335401
17275123620511681
17288432766003169
17297799861045601
17301897130878361
17320106148030001
17359852320495001
17360492321988817
17377135287842881
17388937550181121
17412363353064961
17446567118983201
17447914202234881
17455192628947921
17467406974358641
17481174145622881
17483281195354561
17530765328790001
17547367409709601
17552652068100601
17561069077095601
17628705732790657
17633841525144001
17660636208725401
17660952858667201
17682435026578801
17686569757916161
17736922606141201
17739231814578457
17746263696301057
17758272681746689
17794358535156337
17800583608478161
17831782311995521
17833512293649361
17836117101338401
17839207077756481
17861587751727721
17883738810763201
17897115037020913
17929653914787481
17956817425693441
17959961950852321
17978985023361121
17980985439043201
18023210291192401
18028429183309249
18028765304515681
18046453196905921
18072608324593681
18116668158061201
18150913773978001
18166767240333601
18169087051019521
18180371507284801
18188816714611201
18197058833431921
18219189924623161
18224440865601601
18234057927888001
18268222257682321
18312358561630057
18331183074283201
18340681450864609
18359119072101601
18367183965291841
18411240515705857
18418825689934321
18439422441371713
18456117056537161
18473717971926001
18479455507060417
18482967956389561
18483667157155201
18491692807351681
18493436546688601
18532296139452481
18539474866812001
18562388274290521
18601134276843169
18629123194950841
18631110770054137
18652506830700481
18682565833139041
18683664773551633
18703437639338761
18712133215120801
18744152672781313
18769925482174441
18792178007248801
18810842035367281
18843240773448001
18847902795432481
18854769089710009
18888933861504001
18891033771648001
18933004636538761
18951156006417073
18988803720057601
18990751886589601
19000778197221649
19009293332887729
19033034460346369
19061623086175009
19068015715445761
19112647488393097
19125115257207961
19158534958739401
19207951551771361
19211956350079681
19222036409779201
19249849387976761
19280656536789313
19282795420253569
19300749261544801
19317028331137321
19317619192132801
19348375837671721
19374952423098241
19382342775376897
19390744521557281
19391143888152961
19409258883199681
19411239206489857
19412456441416897
19464374692352833
19482997987493569
19488671424729361
19492382226578977
19557557659769113
19565453049746761
19614163151711353
19636148344918393
19649497927345201
19651899539020321
19651922215569001
19666073820184201
19704748910951809
19723782680077561
19739884927039201
19748474714038561
19754751155202361
19764796053614401
19783073295659521
19792108424197201
19801412250517297
19811078649554641
19819281144499201
19823077843311601
19857861509104081
19860588283905937
19920654394670881
19922889101333401
19930886768823409
19931780575094977
19937761250400841
19967602990834801
19979949938688001
19985220171357841
19986156476480881
19989396134538601
20007813620176201
20008215404549857
20015105335071841
20015534539879201
20030473796996521
20055887815102201
20058531198675841
20064896144900377
20085047666133049
20101024079853289
20116454179384081
20157145561014073
20181483529816321
20186710986528769
20191203615579361
20227749984446761
20233376711120161
20246555796186721
20250344149948417
20263107315286081
20286328294134241
20289018773276401
20318645708172433
20328468909436801
20331375733261441
20354201023718017
20382362871024001
20441277685780561
20449585967453281
20466921737592793
20469904015712257
20479825299265249
20517356347087681
20527511785123201
20559166560290881
20567435880388321
20630016983862001
20642195069942161
20683195728644161
20686616443841041
20731186766551537
20776677493039201
20779488839538001
20783065336494913
20783338553386657
20791979627819401
20811475725597481
20817824143974001
20832483726671401
20845839601862161
20884541243039713
20887421273415001
20916706614014641
20928095050060801
20942838665469601
20950052175927001
20992549518475921
21004007782824361
21012411699497401
21055107929310001
21059875271861641
21063883382335201
21082250028021841
21111005420893441
21120797382896641
21126590249830561
21126821943276001
21175614811200961
21195368321549761
21202964591224417
21213776877466321
21254811392076121
21264913980978361
21299651550417601
21303512447293441
21332104909390801
21334652635572961
21351730229951881
21354628260079801
21391939784209681
21395967031172161
21409463605400209
21429981371378689
21442454225992801
21454930554510961
21477050459265241
21535589161996801
21535709186073601
21562133464529857
21563407698109201
21596021970689521
21596831323068481
21598131956233561
21602750829009841
21609740568887857
21636661301094001
21671237630125441
21672352104614641
21700235863762201
21717715681966921
21750510985482241
21750910854865921
21757535950996873
21790537886450521
21791826261921913
21816797321507161
21828149291281537
21856998047626561
21874298462089921
21881637680407441
21882147330923881
21904589463336841
21916734772584961
21938367643035097
21958833317958001
21965209801610041
21981649060759753
21987533602548361
21994114549464289
21995202738596641
21998420259663961
22012225201215001
22013398605955441
22026849935778601
22078059269864977
22087628531205121
22107337685046721
22125520315017001
22129421109739969
22148643154313281
22160340131731561
22168242630038737
22176404160168961
22196164068468937
22206837244191601
22211621830237321
22234793012449921
22236589069480801
22244545475910721
22260764875611601
22284034803834721
22308030737186041
22330664822649121
22332042808948321
22356393354556441
22378183583798017
22394157618053761
22416855649929001
22425478544735521
22426663666317121
22447602454411201
22450446823024249
22456634054042401
22464465589351297
22471886049434977
22493190513555001
22511172704596993
22515154955092801
22515277153939729
22536627685912801
22539604363190113
22568141170575001
22589712235857313
22598254138019113
22611869864766001
22614592283812033
22615934756268673
22652261436090001
22659044182014241
22660504542984001
22663591698667921
22673099438761729
22704555231148033
22724541971776081
22726465639098721
22728085150848001
22732705026477601
22754016268893001
22774469777195401
22785457603830721
22785492160655641
22793717998682401
22809001686261601
22812025697999497
22827278163285601
22880800473582241
22882939228417321
22890418996337569
22944174042160801
22952354340567961
22991552406155521
23024840556993841
23059452108927001
23067737764893361
23082475697576401
23095104480496801
23096292056041153
23167113204296881
23181919530190849
23201623482428161
23213685049148401
23225285487128761
23240346232551361
23275622090599849
23280812177680009
23306521761464401
23332402908272641
23388738392768689
23418980065626121
23439418199870401
23477017094465761
23480553125946001
23488142804679169
23504404843710001
23506552650880729
23523388430059321
23580637439247001
23602584461437801
23609396591010577
23625602258628961
23632302251268481
23656933315755433
23689252404983881
23695725625600393
23717019318854401
23717213139777697
23717518925720401
23737782403673281
23769990737736121
23797268749702561
23804435515852801
23845968762598321
23852056575689761
23865937468409521
23928351654508201
23928601845960001
23937540877494289
23944767888984121
23945592880467721
23956705848357361
23959393663009729
23968757713212001
23978862420564241
24011563129563601
24045705842431681
24059241378345601
24076273376970361
24103021805104321
24148874974720897
24164493526166401
24164731200898801
24168526964726401
24181694819579809
24186736709091001
24219056465229601
24223011612481081
24236970473350801
24240309745559041
24253489765394737
24289904630571121
24308804097352321
24317095594945969
24332443266484081
24363240555276673
24372411046824361
24379261113885721
24397337988334081
24412853090251369
24418100653128001
24427836178309873
24435971141666761
24459750563338729
24496285385678401
24508457109813601
24508967131598041
24512020408455553
24520102719563881
24537862279470961
24539813165553841
24552449407792513
24572999929071889
24589359129119401
24634433017298161
24767948178424441
24777908603304193
24784589582400481
24784732468485601
24802972236282241
24805864895457241
24815293763702401
24913844586477841
24913987254072841
24938788813293361
24941999218907233
24968235147030001
24976530432524161
24979304913937921
24980552298055201
25005168887438881
25023870202117249
25099874448798241
25120385675542657
25122599684904961
25165495276908001
25188236722897921
25188547463186689
25188669930684241
25194811112686153
25238803059982513
25245287914370401
25269966189740161
25274319527081857
25294385347323457
25302659860904401
25322689122808897
25325118970315921
25375067325763849
25395464831614081
25429307440549321
25432007435321761
25457064752382121
25464969581355361
25471641480083521
25481327687409313
25492645424108281
25506161555973793
25512848230069801
25515911531705761
25524260604057601
25527776133780649
25561331389578601
25569939422327161
25604784372324529
25606314523740721
25624027473022441
25632971441379649
25639513082544601
25646684076156001
25671037299937921
25683889736902801
25689566872488601
25714298505443689
25721542977125377
25784803136991601
25793164943622721
25812890067161377
25815786376665601
25825606984598401
25843560636399001
25857840865559041
25902812399812657
25928528824918201
25933397000631121
25942573774847137
25952515895778337
25960572500003857
25975070192332801
25979202718723801
25987154355966889
25991616813839713
26002154719747081
26028594475625281
26054913699360001
26141546007016129
26170050505466281
26198778143192761
26202720833184769
26227830347456113
26240525526082561
26251231976114401
26253110960412481
26263242508060801
26269738097201281
26296976185673857
26310013559816401
26312720767090801
26381098763147521
26391218520225001
26412398755505281
26443050324067009
26476122311664481
26513124035029633
26532893201737609
26551792881247609
26570978320046977
26571461350340089
26656701983911297
26668674842875561
26672841732294937
26707343178384961
26724108510676081
26724568375080001
26757548843329441
26765869668770761
26825285000949601
26853909960477601
26854166793064609
26868417742215001
26913741014631241
26916839127941401
26967511877792041
26974583468993161
26982699446610433
27002771143669441
27012809990181601
27033166547154721
27050114664797761
27067193750514961
27067431358260721
27069892368536449
27071577013370689
27079103361681361
27085164217614001
27096675872544001
27107448597306001
27113595598449361
27116299532436481
27128649914271361
27129807390414961
27203536840565401
27267897554105209
27273839421830401
27274359674016001
27282116779182721
27292416543443521
27315512841024073
27336334230212521
27456496037405041
27481657749697009
27527607541180657
27528199686040033
27529722937796641
27579023870632321
27607274560109161
27623312112588193
27625271228746777
27638390636182561
27657624091074121
27667080428165641
27686855904587881
27689083927362001
27696316382962921
27697965822137521
27702465188876353
27710953627626721
27728692233964801
27763328134185601
27763360515542521
27769893564450001
27829963106351953
27831130554041137
27885281473286401
27885928999223233
27899944530216961
27906127478478481
27936614297592001
27962825337627841
27995370192337657
28003053102679297
28004798497428721
28022563487769241
28090236909735001
28096446458964241
28113413818729201
28124594031883201
28141890897065401
28144759299388057
28150050849233041
28173734792941249
28197488590324993
28198719522069121
28213356530970001
28214250130608481
28222438526661601
28237790796145921
28250043555211201
28278957389694481
28292147575520401
28316159306412001
28320742883622001
28354239165475081
28364362317876961
28365481980768241
28369574110841833
28378924897354201
28397414982081601
28406421976942153
28426875678722881
28432009670695921
28483265776086241
28489853230191361
28522204103345569
28541562111398761
28581362155206001
28595656642454497
28605626323464961
28612808752253041
28621403775990001
28624199754227449
28627277736122641
28637109568849153
28664808607735561
28665248630084881
28696431780066961
28716232605054697
28763122645303201
28795633457865121
28833068027815201
28850583574867393
28861435862327041
28870153405392001
28926467056206721
28927186472658241
28933775117491201
28935659093967361
28936319157105361
28974002941728001
29010973651672321
29066248852272721
29078201158993081
29101347519895561
29142407843105041
29145719748862081
29149969008351361
29150119217386441
29233844033514121
29234315797492609
29239646644494001
29245785849347761
29267755476102001
29285645075182081
29290193316922033
29305519458013441
29316017632246801
29322039721757857
29345493712305601
29354277922349137
29389195510068313
29392170369155833
29428862202828001
29434848657013801
29443061823041089
29500834715049601
29563722522522553
29565066688625161
29598811981647721
29608772779517401
29610861375775681
29667868151682601
29679537494552401
29762723478568081
29780575455926401
29829137694431041
29838265853412241
29897348400705241
29913468501444193
29985978304900801
30024435390139009
30125344373671201
30127519541242369
30145859554280401
30189424145886721
30206946617305921
30211807094370001
30215500542340777
30237961458348841
30252381154037281
30254703021410281
30258134336255041
30267022696417081
30279162157698169
30309687853896673
30313703251994401
30316177346770801
30318379583083201
30322015331703481
30325818849644761
30339475323437281
30364019052200641
30368271468592513
30392595617346601
30399656263983361
30407701838310001
30409938355020841
30410195763938761
30416120062804393
30416128928829001
30431856175298761
30450028104192841
30453005379041281
30464434620764929
30488515601359201
30544510354264369
30559024928782081
30575134290712201
30577268264724481
30594007419395281
30607757194728481
30633274783172881
30640203210156289
30674127524384401
30700218088531441
30700831275691921
30702627046281961
30709963648632841
30769699272458689
30793220325738001
30795641704618561
30795971875036633
30812686659955201
30841015962600097
30842095377890161
30877149449542537
30896657837468641
30933959351500801
30935381279040001
30942015082292161
30964263017959081
31024514019930481
31093193522921401
31103399208657169
31113433111780801
31118643466768801
31132085864807881
31201027271851681
31214811725559001
31243459616706241
31261323357484921
31262707235020801
31330444169368081
31339320807117601
31353588731213761
31379272878706201
31390466492028481
31448884475734321
31453175213517721
31469376150305857
31489886140037953
31542122284126081
31565566120079881
31567556855907073
31580087571390601
31593746684405377
31672835944652281
31709463184896001
31786274446486561
31797678316802161
31834574521303681
31843090249130161
31852277100102961
31882872993262201
31886651767904641
31901806660680601
31927826433616081
31980907115787001
31985440973335081
31987788896939929
32049443278548481
