7567795067501593
17969548792607497
20420683639405897
23821200613377289
36509553974329801
37952826660576169
42969639058388953
64319772385458001
68924192326727401
73204986726530209
77880124913998681
78956512450368697
85440690209026153
94047920925015457
97742823554525377
107453668462672897
109419782555581681
115133496487543561
115499285917635313
118579781834591617
130413388603179001
133429597956329041
135760560610233241
153932807834604217
154966006700342713
160737482696949001
192582041161115233
198613888874527897
257518918929439369
260724243141432001
265013435146006081
266831462814793273
272167189742238337
283545733393126513
299409661475694001
303609410603691193
312087322961246953
329033731028248513
335122350486201433
431007272492152201
456102560490421417
461948959932740281
501055010053217569
513547146994245337
534019885255414801
552366299448073153
561041286706244233
627893304290044729
634905180774770401
665088201703238713
673098272074582537
746058318079376233
791380029123789481
829554142412648017
832730088863584297
864685998575559001
893852755219903753
928946580796470601
938442930223201201
970531185763067881
971744663823625441
1003415294256942601
1041560337955374001
1048445376502491001
1088162166156654601
1089805269725929153
1098774324423676081
1106437344886308361
1117079949643505641
1173631938931437961
1201288207881312433
1209251433681946201
1215864806690841001
1218864434727710233
1222635713010730201
1240754426343999601
1295637174942534601
1313509670362998001
1340395675643854441
1397424673528048873
1493817232886788321
1497917046378300913
1501818865618296961
1513398047535697753
1562870071689723721
1599244855373610721
1738623196781881801
1774603635615046081
1863305877154940593
1884645011719915537
1920722690231438689
2027372501199741697
2117420729227185673
2211871506921563761
2226943263610900297
2410190808718564873
2578618099020966913
2616270011649146737
2679740478261161281
2682206343061873993
2692516767627482641
3015456059905878601
3252504744619449481
3393346576592598841
3414372176693841217
3598056115514892721
3670958322019811593
3743087260203492433
3776537559431122921
3914262990684740233
3995994337660375441
4044016457424353593
4196080908945592921
4236018015258292537
4265980022935664353
4284487906084584001
4608852692235416353
4685875264156611673
4757651915548732201
4868917023261509137
4928267815848334777
5050248674970349801
5073814332250864201
5185782301719834361
5205690682136760817
5678726993609947201
5848830047376169561
5926520927460701881
6001085731710200401
6003601865008382881
6135965168370770737
6363895385163963001
6457824548355413377
6483984896015291017
6735815174788881001
6968452602212829001
7169821487665809337
7601117525548211233
7826179506536412001
7904254824858660841
8019981891419200561
8039923889549345137
8218705206807859681
8347936303349698681
8576430552694506097
8599007292603477553
8859563128430245657
9002530277075026441
9070712366237674417
9331756970906267353
9337151936135268961
9339990270285751273
9387164306301173281
9759040018253723737
9977245684260913801
10127605283198657281
10139716491340780081
10236846540670584193
10376385965568414793
10683874348393476121
11025889540469300953
11270231516129199121
11461312210663967401
12566812485932139241
12616406269099085041
12637020793951125001
13084829434751029177
13509070906067237593
13903801730548019473
13964326891813354057
14143793584735541497
14184409771095920929
14286043103083095601
14492195471181271201
15077263620624770737
15575916969809174161
16316312972645964097
16431489145713609001
16728807331280500633
16895523204479185993
17084740745857705201
17464577441176612657
17470253776124437489
17694315378149655601
17876352526482046273
18111200848547879161
18158404912467838201
18401458591999258921
