40139
44743
45879
47585
50181
50369
50959
51409
54119
57239
58879
63545
64169
64297
66901
71455
73511
75761
78551
82697
87815
88021
90133
94393
99231
100299
120239
120351
124439
125315
134931
138383
141527
142919
146863
153679
156301
158681
164933
173569
173921
181259
191771
195455
195623
195779
199199
200859
216359
222481
223311
225049
225455
225487
226689
241399
245089
251905
252879
253119
256139
258133
259199
274949
275793
278963
282359
282367
285361
288355
298657
300035
312789
312913
315721
322399
325109
329601
330305
330949
344341
347927
349441
350419
352079
361045
361391
361397
364105
374129
387903
388895
392559
397529
404549
406351
418551
418931
439847
442231
445379
448799
451357
456779
471001
475541
494183
494845
506369
511841
523451
536995
555559
559691
561209
579359
579919
581995
600271
602679
603839
606185
606599
620495
620961
635999
649727
655039
659021
686407
698711
702305
702449
706859
708397
756399
762299
769303
771419
773949
777815
783053
797819
800515
827135
843029
853645
864499
864791
865633
871251
872063
879887
889199
891089
896291
898721
902161
942721
943349
953679
966455
981007
991257
996673
999879
1011959
1031519
1035827
1037623
1050049
1051271
1061153
1064449
1084259
1088369
1091971
1107251
1108669
1125399
1134979
1160159
1162655
1167695
1176879
1188349
1193345
1214069
1231021
1252833
1310161
1319329
1321307
1331367
1346833
1356095
1359289
1402961
1414621
1417199
1441711
1445839
1460701
1465919
1476519
1505113
1505197
1508011
1512589
1548007
1563659
1589365
1591801
1592161
1593215
1604911
1607991
1630981
1641319
1656039
1660049
1674293
1676591
1744919
1746001
1746689
1751001
1790711
1798949
1804319
1806961
1822285
1825055
1825249
1861691
1889459
1899601
1904255
1904341
1917841
1933951
1954511
1960243
1966679
2035615
2040391
2041399
2048479
2052359
2082081
2116609
2137729
2156671
2161235
2217281
2218839
2265479
2294353
2302055
2323295
2326883
2363593
2389759
2389919
2395459
2409751
2427393
2466991
2472239
2481301
2492399
2506349
2547039
2557627
2558851
2586449
2597771
2627239
2649311
2664839
2672279
2677297
2685859
2692241
2695099
2751229
2771549
2773189
2797535
2810795
2820999
2824639
2855999
2867491
2877731
2899439
2902393
2954101
2971255
2977833
2978039
2989889
2997781
3006007
3029693
3050191
3051721
3063745
3085159
3098539
3102203
3107879
3134791
3155471
3163463
3167319
3169439
3171841
3184759
3190177
3195901
3212065
3222943
3226109
3260735
3274795
3308579
3319091
3320617
3357935
3374701
3412331
3442439
3444403
3447741
3480245
3486119
3498265
3516707
3549239
3555971
3567061
3612421
3631681
3643017
3661505
3671371
3674481
3675673
3691861
3698519
3721607
3721723
3726449
3740581
3756489
3767347
3769739
3772691
3802679
3827135
3842331
3882283
3943535
3946277
3996257
4061231
4064255
4069735
4098527
4128919
4130377
4140277
4195745
4201855
4242491
4267799
4284899
4318921
4325489
4345881
4369793
4381559
4428671
4440127
4457401
4549259
4551007
4555655
4561537
4571879
4574857
4582381
4585559
4588431
4614551
4669883
4721429
4725699
4745527
4752589
4764031
4767191
4808901
4826681
4828781
4836941
4839695
4895519
4922479
4938179
4945471
4948495
4955599
4988521
4991017
4991219
5005207
5014009
5027369
5073799
5098781
5124835
5140789
5156461
5160001
5167799
5220071
5251999
5331239
5381519
5389999
5411297
5413651
5418335
5444431
5506201
5549279
5577985
5642993
5678519
5724301
5733623
5756399
5768999
5821787
5822999
5830733
5902415
5915701
5927221
5958661
5975999
6037919
6056999
6073441
6098259
6129239
6147935
6162079
6217217
6217959
6263101
6284321
6290999
6331751
6341401
6362749
6369505
6437599
6459781
6468981
6474815
6482321
6489241
6491279
6495439
6529379
6534989
6569927
6573711
6627559
6645079
6651359
6690133
6721311
6722351
6729569
6737951
6772415
6811849
6830119
6832001
6857279
6979049
7021441
7038007
7076623
7091399
7135201
7156909
7197455
7251301
7272047
7297199
7321051
7338631
7394155
7394401
7410313
7441071
7441201
7444009
7477633
7519611
7551503
7554799
7570511
7595391
7614815
7621949
7662529
7675031
7696613
7709101
7715519
7741411
7748335
