4094481
4112461
4159441
4364529
5393449
5804005
5881897
6371461
6573445
7607281
10602241
10649561
10705321
10810009
11251261
12330249
13713841
13841905
14082081
14155049
15999061
16167529
16815329
17227769
17340137
19274941
19424705
21044981
21832369
22642401
24916591
26411489
28803061
29910685
30281705
31643121
32690659
33092929
33096865
33589569
34074321
35966881
37414049
37990501
38574901
38989081
39115909
39525681
42320641
42768649
43268245
43280705
43314193
43756089
44507299
45188065
45770961
47679271
47947901
48152449
50767885
51330497
51678913
52157701
52174121
54600701
56771821
56847713
59387041
59602921
61561673
63572129
64864669
66893401
