1006733314501
1010098286017
1013551809533
1018467686413
1018565148511
1021347732931
1025625325441
1030904273881
1031997923713
1033060258201
1033332155077
1036974486913
1038091582621
1039506203581
1042751372977
1044958691323
1045967789257
1046039952673
1047133742689
1052253447841
1053597467371
1054343508013
1054621764571
1054669536013
1055056612273
1059193623013
1061279584129
1063246034401
1066886242801
1067047500653
1068825376433
1070037408079
1070046122017
1071079994623
1071758179021
1076013979801
1077103690021
1089514000801
1093292551121
1095431836357
1100583745021
1102087041301
1104462474523
1105978552057
1110868075357
1121153812813
1121392432513
1126093064461
1127031363001
1127452355713
1127476420253
1129204285213
1131311690617
1131876325361
1134218192941
1139065110691
1140236309983
1141038688681
1141499198737
1146637674467
1151075557981
1151240702921
1152683287891
1156248431521
1164478087873
1180437796309
1190515795913
1194141382201
1203495214297
1204131682441
1209104505913
1210835740813
1214272491109
1223016653437
1224770852449
1228476913633
1230446311051
1239292879837
1241728842349
1246764793237
1249544792341
1251758544997
1259247750781
1259302198381
1269476736001
1273491357217
1274804850097
1275041008753
1276926465817
1277714943793
1278677260489
1278973999981
1280453954561
1280726028401
1280953363537
1282995850501
1285225009501
1286460790837
1289863636297
1291411967801
1293685053181
1295344300801
1303509854377
1313270389237
1323315582161
1324445859661
1337107492183
1339335750097
1339639007821
1341348624001
1341397325269
1341708109523
1343547171313
1344132779641
1349748157501
1353787088461
1353885598861
1354654168921
1357915997593
1358445620941
1359958440611
1360305868897
1360551544777
1360921046497
1363237574617
1367841764329
1372657112737
1374652186381
1384333582273
1387805433737
1388578493413
1393148169137
1393177528601
1401138509509
1407268135813
1412116959233
1414979405969
1421594255281
1425014346817
1425942588337
1425970475623
1430365970497
1431350464777
1433531621677
1438390724681
1440624120553
1443057170413
1443226024657
1444074396013
1444616794561
1448743851421
1448780930749
1450495580491
1458005670001
1458845420677
1470928696631
1472791020037
1474480784323
1478926905821
1479914355817
1481012539777
1485541829521
1493400299821
1499820975013
1500484982131
1500646342291
1502724171631
1505226995533
1506369246901
1510572590413
1514316498301
1526174066881
1533263883769
1536383908621
1538213402477
1538230425191
1538348577541
1539527275417
1544288912557
1545580581421
1546136092621
1548277555777
1550818660789
1551332314801
1553131768081
1553471094913
1555701936961
1556684004877
1558065239821
1559493078641
1560057435553
1563795556969
1569058785529
1570901092801
1571858530849
1572006516901
1578543175513
1579401548731
1579711317901
1585681728409
1588264072501
1588337680609
1590369838957
1590674029393
1594568184331
1596953222401
1600834908889
1604816943181
1607365226221
1613329872337
1619757916537
1620473746321
1621256937577
1622633412401
1622901838801
1623501026737
1626048809257
1627098737161
1628161847041
1628298511537
1628399733017
1631905893889
1632849304813
1633403594401
1633861700017
1643185551001
1648087742551
1651335315601
1651485400801
1651997347111
1659271672951
1662640560013
1664353567801
1666603466641
1675875588001
1676431927117
1677942446321
1680591852601
1683209986849
1687050759169
1688361467101
1690545691201
1694097060013
1698044517457
1701464903701
1709989495777
1715846929721
1717878123721
1720293935681
1720605669781
1722261060997
1725934457617
1728612273221
1729298501977
1731296814409
1735615042373
1739181304873
1739450669273
1741460443213
1743098613937
1744953895189
1751776891957
1754037830557
1757964365393
1759064969729
1761210667009
1764446325571
1767332592517
1779333381373
1779907758217
1781942663201
1788051822589
1788078919981
1790380701601
1791352697833
1792592024501
1797772289689
1797932360131
1800651658969
1802524484521
1803328167341
1805352759107
1807362515713
1807779783763
1808181491377
1809436619797
1811533731481
1812162552509
1813788552217
1815448134737
1817066593189
1817565163009
1825581853009
1826081212237
1832203323001
1840380986123
1841907295721
1842722206057
1844535277009
1845190406413
1849475732833
1854110011301
1854388349201
1855243288081
1858088054689
1862467816301
1862754559697
1865226756013
1875171893593
1875206149001
1878404949133
1879650278221
1887941748191
1895444493097
1896709860631
1901844838441
1906173358181
1911545382913
1914222016801
1918024360513
1932983810909
1947410748163
1948895685361
1952423728141
1952453303341
1958352955357
1968738755713
1970310991897
1975947204013
1978387591001
1980907547701
1981710999217
1982035052537
1984779323089
1984871693773
1993405816321
1995472541977
1998881789083
2001256313857
2009913155521
2010611066413
2010954637441
2014949565661
2016621531937
2021468490133
2022105095371
2022197920009
2025325742189
2034636909769
2046469476481
2048763237949
2051500061857
2053340149807
2058327776269
2064137906377
2075713949329
2076925212001
2077436262301
2081880324037
2089663283737
2090458164523
2091858075817
2094261431497
2099548920097
2102988167743
2103922704161
2105782530881
2106344906251
2107193749501
2110445080741
2124385831553
2126490805921
2136102150001
2143205387857
2143702740061
2157073294601
2159332833023
2159584046413
2171233135501
