13051911981717121
13515485556173701
13537657320583051
13763519943374917
13778632120283269
13902168960981757
14525986651050421
14539472808100621
14687615058670129
15777403785076429
16003230264882001
18362297383286473
18697650012225949
18721334378555821
18770809355198281
18810200982900601
19397587343520241
19814768102207101
20964503668023001
22675580597914141
22904825173854241
23467059292739089
23561781529870981
24031777544954209
24162254215086709
24530726101600801
24935513528115181
24935646030058297
24961770203718181
25172884270638469
25825679976967033
26153395612822501
26645478095175781
27391998741744121
27507503927575699
28016018037049681
29091581607070321
31633139591849041
32259827416162369
33491982206501521
33636839794998091
35563943281144321
36528658752501301
36718992665586193
37885783654083601
37938714767377381
38785117683829729
39240627490278349
39631926988124281
39833904346689721
41757402949493617
42231871478284441
42357539621625889
43196573337703081
43644385581286681
44916469077017563
45694287387865117
48204581053523341
48749297276388673
49871259492130441
50237956946034001
51120966293096797
52151417744501197
52800824765527549
53530558779193417
53897566285886269
53953103305418617
55608240838628521
56397687231395773
57355499830578613
58319610524401357
58663109475565051
58882559121051241
61806585912736009
63269225217275617
65818262614085801
65922761351478277
66935147044512421
67169497875801301
70401052772945113
73437835394698417
74885095387300501
75926911935862681
76272516430689349
76891585497797921
77413419218215117
78425377399807741
79140205509341341
80139522808073917
81282746610211921
86151052248509977
87274516845945937
87994593772703251
89819790446201041
89832275854840549
89951640936964489
91220081442221701
91304277827513941
94305904003456417
95684497082860417
96879625435295497
97041348211053601
99846435146094121
99861574444629469
100023809986280881
100725934572607489
102425169768439981
103532456595537061
103576113690859657
105448668304836193
111712758845951657
113446402003975741
113918272550745661
114188106830887321
115969512926213389
117579170942997553
118219564989134701
121923980942419741
122365871635198537
123939882056155981
126734381062218641
129589375049039161
131187136477877461
132250241914725631
133097653424351221
134580724907868541
135510437047481101
139020305501359297
141528542784851557
141532488381144169
146287091968130917
146427351339064681
149613387661833577
149769545107678081
151025321853340069
151519676289559741
155582992647716041
161005725946652401
167111424121609837
173159977504423009
174548349770563081
174548919704259361
174916083455258221
176915576528393473
177255135378508951
180069614529506101
183133383252989401
183761354978679281
184593941007890101
185871653132986081
188391072892316449
199258841939320081
200951238692196721
206847685240271521
208387131127987891
211202032379389297
212327997086417221
219531613555188901
225340221167161021
227876517482377801
228817967743298341
229182171592205701
232925892596328961
235620152420908711
243847128051252361
249313625274899197
251504633509255501
253470410681687473
259177715212755181
263865351728240593
265535327119615681
269096189467432237
270215988354699577
273280060297683469
274342655565210409
276306433478961601
277697856767306401
278039622357636553
281860713220235689
285469906817669281
285761257024389301
291933840477672901
292227728735682601
296336964823102429
297330163127657641
299225602887650401
299538444548433241
301779394302668173
310696784068285117
312417173799672481
314589418288854301
315622561088169589
316345399056553441
330119761041135433
331526265287413321
334335226920580117
343402797606039469
349096471566754393
350130251572271089
353830813576810417
356306082028293469
359572810510425829
362242305544604593
362259048424807873
364878572222233081
373531447212064777
383643178598797561
384239231729045533
392616575957313781
399291646513340461
401900906483300641
408965628015727417
420865275387882901
429889225328435461
431883041023232101
433219301823519121
442661825656925821
446013028839502321
447585911321058001
452518395116883229
457074853712613817
461307538192155877
475580196458421601
476524353793018441
480407239174332941
482414881855745801
488511875257296511
491199750578511589
491350556219658829
497925217530434101
498106165828663429
498876759485353201
500456728904667949
504295248964886461
507949556297480821
509089372947073081
520950178662683617
521217031108601917
522719365421090881
531882533316585541
533672340699788161
538065508838563861
539359089350725117
545741085813625441
550391715619993339
551051896236918361
555458985179345801
557204549582159473
567123140595461269
578640653103489049
584634368203265701
589663491629008561
610175974484397553
611037839217303709
612803210694386281
613448126674412401
614188117440215473
617001830858502301
621162900112427737
632688980547943873
649978084769201281
650899781005142257
672445090916303329
694600155869013409
703944916361787601
707660269237623241
708494557190978581
717676505089465897
721977372228885373
722955172339657177
723186358079301601
724331783723786113
734850415967318401
740729183915806801
752818921484612929
774332808712689073
776070925643935093
786934305567893341
787172994203861101
802722858270655681
805341362586609421
818611191176173261
823266683185688941
824452387237352281
827386073855275201
829114618309653061
839613072349252951
844196319171163141
851586355354004089
868158353476173121
880016131439014501
884490002896637341
902462193703998901
913240950919535701
922693813209623569
935444699697423001
936064639707104749
940373649437302081
940625674945430977
941773254138567709
948878576023552417
955139555360635849
977088288125549557
980080042643112421
1000416718676269777
1012885485309256861
1017171360661814401
1032816553234228561
1044816828507973921
1045976148869607649
1046542084704345121
1047286679016734521
1047413717858568061
1052058199128002221
1054409510368491349
1057391050195490113
1072670492217574321
1076918898817517521
1078717420212679573
1078912766566667341
1084771835714997721
1100780990467674517
1119164536145956273
1121455764852675001
1123362866650094569
1131298903171400617
1141872422134253461
1163038007961923221
1165138668016992001
1171976157752576521
1181832367813875121
1203077567294216629
1205505319340191381
1226894361257643049
1228375456537442137
1236801214620111193
1244160095409260569
1268569837398070117
1333954213668720001
1349881703843728309
1362231051823996069
1371222898494257449
1375834756329813301
1385576445408317317
1394053741618824301
1413083100276454993
1418038998902996401
1433788314882879649
1457491802719514057
1475657875468667521
1482183756616727569
1492241308824663769
1496861538656340601
1497512683825978681
1506144852458942401
1527308787260271581
1534568723115038641
1545723507336932977
1555577626520754901
1563896545050007741
1576030849717277269
1586093540204464237
1601010125013806209
1601027918409014761
1604108776910127001
1619830865863890373
1626882539572934821
1628979048085280977
1629642301721369497
1632137786602872253
1636755481434825109
1637219757092369881
1644880739225349133
1652000389611423517
1683400992497657533
1688168073246681781
1693343947736309581
1695204619085470921
1699484071782798097
1706480548463409661
1711984375565773381
1743345110326898893
1752984051983400961
1754904561244179049
1754962511926453633
1755444070767215197
1756240070442706801
1757006637458318569
1762646003747859073
1762878492357026959
1777194228690725881
1790337265811814241
1828796998185727501
1830845565511857073
1834312064887022821
1851491123157672901
1866078369403799377
1870633701805817873
1879456128154527421
1941437588834342017
1941809941974962581
1976953862327217661
1979997635074726961
2000267251369998109
2035908579600413569
2049212004518979301
2053186408830601171
2053524434273888101
2074905380271068353
2083798491259595041
2090872556300257921
2107849914327186181
2134679017170815233
2137004393523094789
2144222125443265717
2155991002815561073
2210686725968095909
2222169988684354693
2235230265677601229
2245253380933431961
2260603118021933389
2265122552984974117
2273322248398101349
2289669611233191409
2299123463902357009
2301449281557067981
2337815664762085201
2342185181897726359
2345842887986760361
2353395291872237623
2357646007489505041
2360245896689379161
2363395685003815141
2369442501333891901
2384927178761662789
2386855550920154449
2421172173619031473
2428838331290591617
2456747799708847261
2469358572705554437
2496972680746873633
2531835151978527649
2537142624253766629
2550559757685743029
2555377080412559509
2564308364546105101
2587580959818925201
2588869638993873061
2595824358310756273
2620544439895755781
2622452082989781061
2658876570282914101
2663383403839884601
2674674095448595969
2686646042042825809
2696170729784218129
2711140688921711611
2736608687427410713
2742440809072882837
2764520280661660501
2768658144752806741
2785348070665329469
2816882026672798501
2833977036655017061
2876866673903563441
2880107079619855681
2965559483779447861
2969821138573552321
3025243521101822749
3072118071901181977
3100207723246900141
3141107408081522377
3149226203583426409
3163692097439888017
3210882364525889881
3229131077297922421
3253764387514978261
3280261159351824517
3324074186117180449
3371768906655462721
3392606351955401533
3432301617960056449
3441781794176486401
3442685375180426461
3451074852036840913
3490047081627287299
3550475694022839061
3554124043989553201
3658491061595665849
3669120743993219161
3687065346559051601
3724133996425293361
3728325000144500149
3758876803771335541
3797705814931927837
3828135410135874433
3836018972114810821
3856160560560371317
3873024752045031721
3951575212368117421
3961811583580578361
3965229179934626143
4037004885970519381
4049949820776412081
4072706057575470961
4116749178218698429
4131256904957006401
4131324749783014981
4133470100522104501
4152985720299947161
4167591053490912769
4183219776759123073
4183885173878701633
4221375660904562161
4241879171327342341
4245682205943773989
4250403543746756089
4259975574964377937
4282536341528180581
4319068375595780029
4408214851696841401
4425816690122300041
4447035188830275913
4471505718458739073
4508081834322992593
4568872818910782541
4590069706721547721
4633624161431541361
4655871194640415513
4691674198482105781
4718108202621571249
4718520679180621693
4727431182813320521
4728766017251863861
4745525845560415213
4798062333870221989
4816322458561451521
4826764398886624993
4837006999717406641
4852316715099399001
4872957244547368681
4897873686611068021
4903866801980808481
4940640622565077123
4953000183156026101
4979827827244571617
4981541680952225821
5016904759294389163
5050191656592005221
5060325575880372673
5063240286079336117
5064941642427775081
5088763101507603949
5102223698837656117
5121055572027127921
5142311139499739173
5156989415291844761
5159314533667622689
5166544171034666617
5278063205443259437
5326191989916650233
5494421408693480209
5503336603928987101
5654384169667407541
5667950894356094941
5679849660835160593
5705261639568194953
5713844253738311917
5785528742436646657
5804063540811742933
5817128155223129713
5825926897953892801
5827346978008512721
5844617548444965529
5887478311069991491
5898749188607577541
5946586334421271921
5976421254716295769
6006854831737872997
6024563978076460801
6041825537031278149
6042729954541904713
6045654566666005597
6149076687358616873
6179158218111250873
6253124882958502597
6255574602670523461
6262074208426291201
6267478260987069001
6271667131438127521
6289483446251223541
6355852534382107681
6424487883401322661
6441290281747011601
6441868205420787361
6450121423897807393
6465562359684929359
6467990426032735801
6507526008508155181
6573602754930849343
6604003149870331201
6620086787027790421
6630867368580784429
6714412699515151357
6885369610368987181
6903084612306821401
6935538778845804241
7024949277783343201
7091146070029216441
7110902667751122169
7132451780575747621
7140259043935081321
7156707776725678921
7205800370036265229
7255508959089754021
7269853132649649961
7280707158879580981
7284528234790960357
7309631117929213321
7320834594951198421
7338176808084397381
7399346442018484081
7467395217097304161
7472310851967246601
7630761154728258401
7635032479656062911
7648367505221902489
7666121821482407053
7695913669432404331
7736664845309697133
7739210460114117181
7781037180904463617
7828282004622630181
7907782467279035521
7934879768188908277
7993295873592479641
8043773596841930341
8057889349779917629
8065182233137515949
8097982936469721901
8120645819656695649
8223792729113840287
8236490276138052241
8282835192569982529
8287627944424867351
8305962459637264381
8412432865198837801
8422882803965311501
8437876592689792117
8472580502233337473
8565515446145714629
8600948046073019449
8666097960732856621
8834025851940671929
8867440717244776993
8922308674396033681
8927333910579109087
8956250581376108557
8984939335583677181
8993425077160482709
9005303918537758501
9129868470974584741
9167314533601281181
9220780862772447361
9275585657936411521
9425181488578201369
9433215313068567469
9434624691678952393
9457498019743243681
9473148838804996393
9508494570565939813
9584433543490266529
9592847954399686681
9632638387764504361
9651638528761432771
9775518006003776881
9905998913478915301
10053831252290959603
10270334351747424961
10319130585720605881
10328827456825305139
10388316492545750929
10507344758410229137
10617836213862895753
10624018414456267417
10627933878059408149
10666613375262590881
10703132635985071213
10757650334632303717
10794201221684378917
10851286773419820001
10867895316445050901
10874778647533592401
11074614617079493201
11074938474333717001
11092235514264359753
11160314522300863177
11211998299053050101
11252331696445629589
11268794591303324041
11335889072917828681
11363143652589113353
11472550287354199657
11491007027066042617
11536993704936308353
11642731209293562601
11704813143694847401
11738707769719097137
11755723508798624317
11782750785399783379
11818753561197810481
11848308396116990401
12089737039669111321
12108158249129528821
12228200941166288233
12308744940359974129
12342251543792111677
12402643271146652857
12475777784316224899
12487054648815567433
12511118332062350881
12544759181640906061
12590921569110885001
12632556168982164241
12658124119673163121
12728347566504465541
12816717227417211421
12841920061569750961
12875486921037877501
12927853060618181617
12962923054524318829
13015040950943218441
13025002960890768541
13043017928241742141
13069488549382442209
13104481900363584649
13109764566483994681
13197616574226303781
13242259749619452421
13320162641376895081
13412744085005031901
13522117205767707409
13541878211384316061
13605714297679542169
13607433020508015901
13692291533989161337
13745734946818639741
13756471677971643853
13768058770900989869
13770734660772776341
13782195572969086381
13787734336535279161
13830867757716265801
13845374037292150117
13932128058667327441
13967592887495935381
14001728103413418421
14004491659535446273
14126319851701446313
14182287914915525161
14327405066649048001
14385096036427141741
14411059146974206081
14451364175184359281
14454148228111723321
14455051374232674109
14511008675269222201
14647844937260562481
14733824523743161409
14735599565752794301
14854513761193446577
14941207466900363989
14944611687176892181
14995969813445480641
15094408959252552889
15233269773132912313
15249434610621682501
15263677185734182501
15550840650493619857
15567642203376471469
15581304334692538693
15588689717893528309
15599535720699762841
15800056902619248169
15817635744874454641
15881715104202210649
15898085304047696401
16003424511277413589
16099088697671271601
16103222732196847801
16125350742703819537
16171382579869051861
16276943697107851189
16292353691388489829
16344035943286942321
16431039824374557901
16509990440696083501
16534399633385478121
16718676867049621861
16726957558627472641
16758588544827980761
16792207761658828801
16837855283457962857
17019117086904975589
17071208657171924389
17091313321050737551
17230659602859272641
17276241027289504033
17291153946061588501
17367983441374240117
17452960934342534569
17585563977257686741
17955141746264611069
17994421125757895677
18101232004486973941
18167980707262736521
18171717433302395969
18185283366642015157
18374460810313318957
18437429933516586301
