40299
40641
41005
41055
42119
42951
43055
43869
44609
47849
48047
49215
51641
53521
62031
67011
67895
68561
68635
70311
74865
74881
75089
75359
76335
78679
84785
84847
88711
90799
91103
93265
93535
95201
101255
102999
103269
115039
118771
123119
126503
127049
127451
131879
133797
135785
137213
138565
139441
157871
182001
182381
182785
183921
186083
188945
192919
193105
200031
201761
202895
205919
207599
207901
211085
214871
215441
219099
219759
231679
231989
236083
236095
237615
241165
241431
241889
245905
246721
255905
269101
269381
277201
277727
285389
286201
286561
289695
289801
292229
298115
308959
310751
317735
327959
336959
341279
343501
355695
366945
377917
378479
380143
380379
381455
383249
394289
398199
404735
408001
415423
421889
423395
424367
428065
434159
446039
447589
447789
448415
449345
451041
460295
460513
461999
469569
473087
486361
490805
495935
503561
515393
540453
543039
549407
549889
552569
552977
554015
554799
555355
555647
562121
564199
565271
573321
574057
579971
587279
590179
605129
622609
623969
643395
646111
649313
654641
660801
664631
669921
675647
679055
681599
688155
691459
696899
696959
700535
701799
718201
720761
723631
731291
733249
738311
739599
741239
741565
744337
745007
754865
764205
804559
807899
810797
821185
821215
825803
826801
829873
832139
834461
839233
841753
858887
875291
876351
905061
906569
912221
913665
917071
939199
945253
945281
946639
947255
948655
953211
953395
963263
966889
982177
984815
1000959
1013479
1050945
1072721
1073303
1084739
1084919
1085209
1086007
1087439
1088255
1088521
1091009
1096199
1108415
1109081
1137487
1151039
1162799
1166879
1167457
1179647
1192819
1221151
1231599
1235951
1238159
1242485
1246049
1248389
1261201
1262195
1272705
1284609
1287839
1309119
1311179
1314431
1317499
1330669
1331999
1347409
1347601
1351135
1361671
1379839
1380001
1383745
1385281
1400849
1402199
1406791
1413881
1421281
1422651
1426637
1427201
1433759
1439999
1445849
1472327
1474531
1507081
1508801
1515801
1520441
1525665
1534501
1542449
1560481
1574767
1586287
1587431
1589007
1599065
1605345
1635407
1636151
1645519
1656577
1661359
1699081
1724311
1731281
1738223
1743441
1758241
1797301
1811629
1840481
1851959
1865345
1881395
1886529
1900801
1911989
1949249
1950001
1955941
1957967
1976407
1985369
2001613
2007749
2024241
2032639
2033135
2034249
2038079
2038513
2044063
2045121
2054867
2114783
2155801
2156759
2189483
2194207
2211065
2219179
2222999
2230415
2242385
2260635
2285119
2286591
2287583
2294161
2327759
2328865
2332979
2337007
2363113
2366927
2367751
2391985
2392529
2397611
2397919
2399279
2416211
2444233
2445889
2451569
2454401
2458239
2463231
2486001
2493407
2494911
2505601
2525601
2570399
2572751
2576365
2585239
2589585
2595209
2606015
2607119
2611759
2649569
2663401
2669759
2684515
2690843
2697639
2697729
2723361
2726101
2726551
2738611
2761441
2763149
2767309
2775851
2792449
2821201
2828085
2850321
2897839
2910719
2911283
2924327
2925781
2949937
2968379
2970703
2976245
2978897
2986971
3017399
3028619
3047295
3048305
3092079
3106861
3108617
3131407
3171851
3182655
3187823
3193751
3233249
3234007
3236561
3248799
3250417
3255757
3257743
3262749
3270887
3274181
3275521
3300913
3322695
3325609
3360599
3373919
3471337
3471839
3476449
3487191
3498089
3501791
3508577
3520527
3528661
3534581
3536015
3537905
3542001
3549743
3562337
3585599
3586981
3594401
3618341
3623777
3635695
3694559
3704339
3723409
3774497
3780755
3790249
3793295
3803573
3837639
3839919
3884145
3892699
3893501
3906841
3913519
3950021
3953999
3973641
3978131
4005287
4034591
4041179
4058965
4070977
4083559
4098479
4121371
4133305
4150465
4155071
4174869
4180089
4185599
4191653
4193311
4218015
4224401
4236765
4252949
4276183
4327667
4342015
4358879
4359599
4363063
4397749
4482849
4501119
4514849
4527629
4529849
4532863
4543771
4546745
4579599
4588961
4673699
4698335
4720463
4720841
4743865
4744209
4777973
4791551
4798335
4829439
4886405
4895101
4914559
4944673
4948345
4952521
4957513
4967281
4970001
5000703
5025007
5026753
5030927
5040503
5072887
5098381
5131621
5132519
5140031
5150919
5152393
5158865
5197241
5213807
5220287
5229467
5235719
