# Computed by Robert Israel, June 19 2020
# using Maple 2020.1, X86 64 WINDOWS, Jun 10 2020, Build ID 1474787
17545
26937
40861
50553
51085
63249
72385
80033
80649
94489
98145
101413
103973
107361
127165
131841
133705
159841
167185
168345
171585
173485
182961
185977
188569
245713
249865
270513
278053
305355
308737
335789
339865
351665
368461
393185
434681
447105
479089
502661
527801
548101
548129
570505
590353
677729
683773
689281
708697
730133
737905
741749
747269
766879
780473
793949
833489
839665
888745
943921
961929
1040337
1077505
1107965
1133117
1164361
1224961
1275469
1365001
1455169
1505245
1528881
1547681
1576705
1596937
1783567
1783873
1928441
1991009
2136727
2200353
2308067
2375361
2425489
2442553
2459809
2498729
2536369
2540865
2573721
2584553
2587585
2670109
2718721
2726977
2741329
2842145
2852641
3135509
3168841
3361259
3401633
3439521
3472789
3495801
3526001
3542785
3596401
3636629
3661441
3671865
3802177
3876489
3878545
3936133
3945929
3953137
4173245
4374865
4475185
4492709
4523233
4695361
4781521
4784185
4934249
5092165
5137561
5272669
5348097
5533361
5623345
5801769
5838157
5853317
5873601
5972201
6008905
6161977
6181681
6215889
6395549
6618481
6675985
6694739
6854121
6982417
6989941
7097023
7110221
7125677
7262771
7389577
7627031
7771301
7927905
8059159
8076993
8104321
8105761
8283601
8486549
8496449
8815153
8857951
9067409
9165145
9165637
9370621
9371669
9439091
9567949
9593881
9731617
9735985
9736999
9918145
10005757
10011319
10171457
10266841
10272833
10544545
10850281
10941991
11054017
11119639
11126401
11273851
11329681
11366965
11421649
11475809
11480801
11560229
11921549
11997127
12017809
12040033
12054721
12119941
12160721
12184705
12276433
12335489
12428065
12435705
12435713
12557761
12583621
12640321
12708241
12720373
12766949
13099329
13208833
13395361
13556257
13677841
13750785
13789761
13884553
13885345
14011919
14242657
14365945
14508097
14772745
14799511
14836097
14902201
14991361
15005089
15070861
15212161
15465241
15544549
15610761
15658753
15894929
15921199
16048717
16058051
16083197
16095661
16228661
16652701
16804801
16859569
17012745
17020387
17038349
17297981
17427169
17530501
17751565
17906453
18100521
18223165
18270721
18278567
18283681
18326969
18437383
18539665
18767505
18776641
18888193
19039613
19404685
19684781
19765569
19849281
19907041
19922305
19924073
20313601
20336963
20352241
20486673
20502661
20536321
20554021
20581561
20821417
20898241
20904479
20922241
21204001
21558517
21639841
21695905
21779145
21792601
21859201
22117121
22386083
22634977
22895361
23295169
23305589
23338881
23842961
23881141
24257233
24352541
24430013
24595165
24840769
24866801
24922513
25048785
25165183
25353397
25362849
25521145
25678537
26095665
26702017
26909905
26926549
27100273
27349121
27552481
27676181
28020385
28558657
28729393
28949245
29009961
29120321
29260441
29383729
29685097
30043489
30071521
30198817
30221641
30318817
30349921
30387841
30624001
30693169
30814381
30960945
31091989
31140259
31176769
31309937
31439161
31447297
31515541
31733569
31912441
32027101
32172545
32180401
32403241
32559859
32625665
33028645
33102369
33550561
33650121
33721781
33935617
34130305
34203169
34573769
34645339
34753049
34812361
35148841
35187841
35225281
35244397
35887253
35921169
36226081
36237371
36347361
36364483
36535619
36690277
36696059
36697049
36712829
36772033
36994777
37110865
37248121
37335961
37355867
37708865
37885441
38521681
38709001
38829259
38977087
39488705
39538885
39583081
39690937
40231497
40307905
40326019
40570237
40611601
40782365
40862305
41012161
41035681
41099873
41117009
41217265
41454721
41933645
42387137
42532321
42714937
42824143
42825601
43003441
43047745
43141327
43156261
43347721
43582681
43642409
43983841
44690329
44830549
44950465
44972765
45011045
45461329
45719921
46314541
46590965
46757889
47008513
47032333
47080801
47324065
47431153
47443373
47968465
48190187
48650069
48780989
48807629
49396829
49696865
50180005
50310277
50325121
50775781
51073753
51118819
51131641
51253333
51424463
51433121
51694801
52252127
52428545
52858093
52947001
53010265
53894801
54231001
54263569
54485803
54784133
54874729
55385221
55523701
55659395
55800577
55973999
56090881
56315601
56430361
56526481
56579809
56677949
56779991
57092545
57339449
57562477
58221241
58509153
58649185
58730617
58776915
59217697
59231457
59374861
60264269
60340153
60624065
60636745
60792001
60822721
61182121
61391485
61690321
62720351
62805947
62854081
63667945
63765793
63792721
64363905
64639373
64681633
64893541
64905921
65185861
65725829
66003301
66086819
66105001
66167377
66429245
67048681
67048801
67153409
67379905
68411001
68421151
68457169
68493481
69227341
69387193
69501169
69752987
70135913
70168545
70699861
71353169
71382961
71457121
71546761
71643601
71656921
71669121
71895353
72050161
72249121
72589441
72599521
73237561
73268065
73568881
74340253
74445481
74601121
74938117
75140065
75579361
75965401
76258297
76380481
76723921
76851601
77261221
77479249
77672881
78001561
78102337
78116369
78622721
78998001
79048513
79403101
79521139
79740721
80371129
80693201
80914039
81707849
81866785
82185793
82652697
82694081
82851121
83062951
83284201
83585921
83672191
83715329
84062241
84291201
84362795
84381265
84705985
84995549
85401557
85448681
85848961
86379443
86409539
86609359
87494785
