9729
37305
42029
47899
48641
59361
65297
68481
84001
85905
97691
109801
110193
111565
113505
114465
116821
120257
121265
128647
132145
198353
198661
209185
213749
228321
231769
239361
247681
254979
258245
267177
278265
285361
298305
300865
309281
318305
320551
341381
342313
347701
347921
361397
362889
369305
391153
400987
401969
404801
424801
445441
445545
447539
448385
458081
460445
473621
476657
494913
542145
542961
547841
554001
569089
581281
601833
626459
627461
638121
648313
689793
713601
715617
723605
773033
813465
818929
833447
834241
867465
881189
891089
898721
908601
925185
931841
941137
944385
947269
957449
1030373
1034501
1039261
1058681
1063265
1224665
1323697
1332465
1344729
1476945
1505981
1512659
1534273
1569705
1573045
1578977
1604361
1675129
1675521
1681161
1720661
1722701
1724529
1751747
1762289
1763393
1828385
1834209
1863551
1868865
1895921
1907221
1911097
1912289
1954401
1995113
2028821
2045889
2112097
2140321
2159585
2169761
2187521
2187585
2255497
2288453
2292801
2295585
2309141
2332781
2384663
2414621
2422001
2435841
2516183
2530433
2540921
2623849
2646449
2662001
2663745
2692321
2695265
2733121
2755229
2768241
2807201
2836987
2907191
2912645
2915361
2917507
2924481
3044161
3069417
3075073
3088785
3130001
3226785
3246657
3312849
3323201
3347281
3399745
3445889
3498265
3538465
3554657
3562129
3578401
3632481
3633345
3708651
3723105
3782645
3854593
3874793
3914081
3926009
3969499
4019457
4045889
4052161
4105361
4213705
4333729
4348449
4361981
4376021
4462303
4511009
4517197
4547985
4580921
4658267
4670485
4677505
4760001
4894741
4950761
4971681
5054609
5059889
5106727
5110785
5127361
5206451
5257409
5349345
5360081
5395937
5452277
5530273
5636961
5670673
5675501
5752693
5777981
5858721
5902401
5931521
5993777
6033589
6111841
6162801
6205781
6229665
6230941
6272405
6281857
6398721
6420107
6441721
6593539
6605201
6636481
6648385
6675901
6752981
6813521
6857405
6872777
6892423
6899265
6910961
6920369
6953389
7004481
7104385
7133841
7193213
7238841
7302673
7363841
7436633
7481601
7500289
7638905
7654421
7672771
7685713
7756865
7820917
7954641
8033201
8146207
8197981
8240261
8329201
8340001
8346401
8354697
8426785
8462123
8521421
8622465
8644481
8661339
8679553
8724145
8740381
8793401
8797201
8831001
8847701
8877559
9000181
9051247
9210403
9244081
9246161
9389185
9475181
9484161
9544121
9720941
9916267
9935009
9969901
10050349
10102333
10144785
10329673
10512001
10665905
10684081
10711233
10791969
10868387
10868987
10953881
11066341
11108241
11143841
11236545
11245505
11279449
11298321
11312481
11390765
11394153
11410231
11469985
11587521
11679377
11680481
11719885
11741993
11744641
11843371
11888401
11968309
12006793
12011601
12117001
12208901
12342681
12406545
12440289
12453029
12581921
12728321
12774061
12818497
13051305
13070881
13108013
13155829
13197009
13219361
13297285
13342001
13359105
13384141
