9890
35626
106030
126814
335414
466754
487486
531070
562330
626354
909074
938354
1158970
1476190
1799566
2075954
2432114
3063878
4421174
5206510
5839010
6861014
7762159
7762391
7774801
7781279
7789409
7798897
7804727
7865521
7949247
7958321
7978739
7984873
8042987
8093959
8222399
8257249
8293441
8309377
8330785
8341969
8361599
8392319
8428531
8442235
8519039
8524749
8529443
8569835
8634781
8636937
8670081
8776369
8864237
8872801
8916159
8962969
8963821
8985361
8988641
9050977
9090719
9100783
9130367
9173251
9233449
9233641
9243361
9301055
9405539
9419421
9465767
9472319
9537359
9623109
9681999
9715483
9722945
9747541
9790111
9790759
9857233
9877169
9906121
9932041
9950305
9960271
10005861
10026017
10061519
10111769
10130199
10139401
10178783
10180799
10295351
10361441
10405331
10435657
10511599
10576821
10693577
10708741
10719633
10727261
10727911
10760113
10771021
10781841
10799931
10803651
10809721
10837619
10866479
10867659
10895759
10902319
10932106
10939893
10969430
10971395
10982533
11008239
11042615
11059298
11113255
11117969
11162879
11167519
11187505
11189881
11211409
11250395
11300015
11358579
11380601
11383063
11422949
11427007
11491201
11578645
11595529
11617759
11623393
11633129
11642113
11713085
11736647
11781953
11783199
11850751
11852527
11890199
12055979
12057301
12119969
12155591
12172777
12193727
12216687
12228985
12245183
12247201
12247379
12273931
12286751
12290739
12295261
12301849
12325391
12372481
12405921
12457599
12464407
12469681
12521739
12571559
12602009
12662495
12663841
12696959
12735997
12746834
12791639
12803405
12822409
12913165
13042679
13105441
13125659
13126719
13128479
13158849
13241747
13250641
13263249
13338611
13373701
13417439
13480699
13523399
13593059
13611335
13616371
13632007
13662159
13710313
13737241
13749711
13758535
13778569
13787121
13795561
13812695
13837823
13898291
13931839
13936559
13938505
13983815
14009581
14056561
14144549
14152643
14179359
14237279
14240899
14245041
14277599
14282729
14319899
14329981
14453101
14470273
14536081
14584937
14700959
14715481
14724013
14778361
14784089
14831751
14835377
14870519
14938959
14993519
15008435
15030163
15037285
15063751
15075159
15090335
15107629
15121891
15165427
15209533
15231457
15244631
15279839
15454801
15525215
15636013
15676311
15725009
15749389
15894163
15962021
15972515
15974713
15993119
16030013
16037187
16065609
16080805
16134845
16267777
16281935
16330231
16345385
16387899
16389381
16511759
16586999
16604353
16604841
16627141
16648307
16769699
16802461
16829543
16870745
16892711
16974049
17083133
17098081
17362127
17383101
17462161
17472001
17474471
17677009
17683231
17714081
17732051
17752453
17828099
17878801
17950789
18180785
18217079
18222095
18264673
18304581
18346229
18364079
18367019
18413345
18430607
18430921
18457949
18479279
18498381
18537839
18574039
18612289
18613921
18708341
18729359
18735479
18764855
18782401
18784765
18835201
18933985
19023661
19024615
19075783
19143201
19151239
19192679
19275839
19277951
19278577
19289993
19319785
19344641
19395993
19448191
19478603
19512449
19536479
19567169
19589761
19592351
19658015
19660101
19718543
19752097
19795209
19851839
19874399
19892081
19935151
20157119
20170799
20212761
20269597
20274539
20494037
20521535
20569591
20584201
20611807
20624435
20676289
20684049
20759245
20772449
20807135
20841661
20882159
20885021
21029623
21157261
21187679
21198639
21205073
21214801
21278035
21301511
21328021
21488221
21499741
21563785
21569731
21589945
21602449
21618901
21669121
21680293
21716639
21807061
21875399
21892199
21907441
21908699
21987361
21996633
22061831
22122253
22134815
22189759
22339801
22362911
22500001
22528129
22531839
22543687
22551299
22588631
22601431
22602709
22608037
22637665
22756889
22765535
22774187
22863673
22925621
22952957
23008051
23026861
23030471
23047311
23127769
23144869
23155937
23165233
23226047
23283409
23307009
23341141
23385439
23431199
23439361
23445359
23577709
23602601
23629651
23663017
23800481
23846129
23849869
23855789
23866921
23909043
23909369
23912099
23919999
23933351
24148619
24176991
24213361
24243695
24262783
24278803
24571967
24600745
24603607
24754379
24774479
24784487
24837681
24839099
24869879
24899329
25054201
25103339
25117105
25185341
25189415
25207599
25291659
25293529
25300393
25338359
25390895
25474499
25476307
25478279
25497321
25652159
25776179
25811381
25816141
25821979
25826723
25849681
25858981
25897319
25898599
25942069
26019519
26034103
26038057
26038381
26049493
26064181
26124673
26188289
26278873
26301869
26347359
26369567
26383951
26418001
26436241
26439335
26503499
26575679
26605799
26636689
26641295
26862785
26864551
26892359
26971449
27007799
27033371
27133393
27188929
27226639
27231841
27259753
27428281
27535079
27580587
27610945
27612397
27686113
27738017
27786673
27793801
27863879
27991151
28058801
28201141
28320913
28356157
28384831
28413561
28452561
28463203
28572181
28766409
28800409
28833481
28849135
28850921
28864511
28888379
28939777
28943335
28953449
29018015
29021653
29034719
29076011
29116151
29137199
29148119
29177161
29255135
29267999
29345941
29387611
29456751
29458573
29528581
29551157
29657551
29683583
29703631
29759977
29810197
30000455
30113810
30172351
30244609
30260341
30266401
30339393
30369611
30380497
30417763
30459071
30468767
30471827
30474499
30541895
30626639
30641649
30700495
30887711
31038839
31069199
31131829
31215119
31348945
31441921
31456417
31513717
31554251
31581439
31693999
31766449
31873919
31876279
31901759
31998109
31998961
32060503
32079671
32102135
32111407
32196781
32284801
32300549
32434231
32450027
32497201
32544313
32570401
32706751
32755249
32756399
32763961
32887519
32901695
32905837
32912351
32928319
32949059
33033151
33137459
33169709
33296511
33310871
33359199
33361739
33440615
33447842
33481691
33495841
33496321
33503579
33629311
33641855
33702239
33732391
33799053
33818399
33855569
33869485
33967439
33970079
33996599
34022847
34044841
34068601
34069733
34254681
34277569
34294861
34324501
34325855
34460401
34513739
34729213
34836095
34846729
34887217
35017471
35023899
35024903
35096831
35103327
35128117
35290709
35326090
35366239
35410915
35417759
35493919
35563733
35581897
35860609
35861761
35930231
35944495
36035383
36108409
36144251
36218449
36329221
36387361
36389519
36407713
36518495
36620785
36633311
36731959
36742999
36848573
36870959
36913655
36924121
37086281
37192321
37257409
37366561
37409119
37453333
37466291
37481185
37502815
37526397
37541321
37722815
37774799
37804969
37943281
37953889
38077921
38123317
38159099
38173697
38174641
38198159
38229695
38376339
38379263
38500631
38531031
38560789
38626055
38627369
38714543
38844911
38861759
38901199
38903761
38907481
38971401
38988973
39029041
39067249
39134017
39160979
39173819
39177601
39201371
39215679
39255301
39268801
39298645
39360079
39422701
39456269
39571851
39738061
39807505
39858655
39899089
40005251
40019629
40187303
40198810
40207501
40224095
40260639
40296689
40320071
40323599
40484845
40595401
40600385
40751699
40810801
40900895
40949423
40967401
41165761
41174783
41189341
41191199
41196635
41235601
41329551
41349185
41409985
41452307
41584465
41672989
41700217
41703935
41724013
41804101
41963831
41974633
41982209
42058183
42061541
42068609
42292641
42323041
42459709
42763673
42814619
42826231
42862319
42912897
42934319
42972839
43045381
43097606
43288631
43526429
43554889
43642429
43674841
43717717
43740641
43892639
43898321
43975329
44055073
44143969
44152031
44326153
44388649
44432641
44495461
44568901
44667181
44697961
44793921
44808763
44897159
44937529
44966641
45058321
45070451
45077879
45108523
45219679
45318599
45366319
45439811
45491615
45515289
45579455
45580159
45626527
45663479
45679549
45689281
45701169
45734053
45901855
45971641
46046905
46152601
46202465
46224835
46255861
46318981
46361159
46404599
46413049
46423649
46442521
46537127
46599839
46643519
46657519
46738397
46880821
46983599
46984321
47056681
47104849
47134453
47298047
47343041
47499479
47588101
47709395
47744341
47907073
47923627
47978063
48075559
48103213
48229601
48236309
48268793
48274589
48290579
48425889
48482945
48582839
48864959
48959371
49066957
49191301
49232401
49245361
49381849
49404719
49410061
49719561
49756719
49790161
49811839
49813849
49892689
49905793
49980237
50067991
50108849
50139935
50156087
50301877
50307335
50332139
50352709
50421799
50426063
50437001
50439637
50528141
50541119
50593535
50598913
50615279
50634431
50679049
50956131
50964095
51028559
51079879
51093503
51118201
51142261
51261599
51265599
51278930
51377407
51413439
51554239
51726719
51767041
51767101
51802381
51994007
52005239
52033981
52209599
52213105
52251583
52268833
52344073
52451399
52546559
52590061
52600799
52733759
52809841
52897609
52912239
52926829
52946401
52950781
52962481
52970737
53065761
53149251
53204879
53227441
53298629
53342699
53514641
53596173
53661781
53674271
53721919
53742527
53805599
53841601
53845019
53968681
54089399
54345877
54348841
54398519
54398641
54549599
54620279
54663841
54763345
54776287
54846539
54878669
54897481
54920879
54969265
55088029
55171199
55533241
55589593
55653467
55665649
55796161
55909589
56023705
56029933
56071401
56121169
56278153
56564749
56811691
56899681
57004819
57018851
57051709
57124759
57199427
57487559
57590065
57650495
57687821
57763211
57807787
57835259
57841921
57860879
58099897
58227361
58326661
58344649
58377899
58564711
58588705
58622399
58807679
58926815
59007815
59071718
59093439
59131021
59144511
59158079
59286479
59389333
59394854
59419361
59579065
59604089
59646301
59649514
59687161
59810101
59810759
59826379
60026687
60220511
60260001
60306967
60355261
60365249
60370399
60396839
60419521
60426290
60517281
60579119
60623809
60694853
60761161
60778178
60798081
60849039
60923071
61106977
61108201
61125301
61136215
61171201
61308061
61407557
61512065
61662601
61785701
61811319
62005055
62008631
62028901
62195041
62209281
62244139
62261137
62270209
62325721
62326999
62351329
62373751
62438039
62496253
62603521
62674559
62772599
62826985
62894305
63023215
63075706
63098399
63161071
63243937
63249767
63250241
63400985
63464345
63547021
63735279
63794159
63975743
63992489
64066991
64166939
64205101
64240381
64350826
64390507
64410591
64430015
64450063
64675259
64770347
64802305
64827151
64872901
64880231
64902601
64997855
65090033
65121969
65175703
65200381
65218229
65241361
65400001
65412865
65459009
65475121
65487761
65575727
65609999
65814209
65953887
65995721
66008161
66030049
66143769
66189749
66314879
66469049
66588059
66593119
66604393
66618447
66919501
66939079
66981755
67015201
67024861
67076747
67083745
67088735
67123199
67131899
67157567
67407839
67579979
67621177
67741599
67746887
67832101
67858957
67917311
67933321
68048519
68128829
68162181
68173919
68216511
68238749
68355001
68363881
68480351
68509441
68546257
68603041
68609461
68625599
68901197
69017023
69059441
69060251
69216049
69319999
69328441
69440701
69500879
69587441
69757451
70044481
70050961
70114141
70116839
70179149
70192123
70244545
70367177
70398721
70441399
70491751
70559099
70761719
70790399
70954631
71001247
71013721
71092129
71202561
71222941
71365141
71386741
71491199
71577241
71680897
71716741
71823599
71861041
71876321
72083195
72137839
72459817
72513527
72654599
72782423
72804599
72847349
73036249
73047799
73060601
73196101
73248953
73257899
73362071
73362239
73460479
73463461
73519293
73604255
73704577
73730593
73826839
73978189
74085661
74164861
74238983
74263229
74367121
74440679
74441521
74556001
74613841
74640383
74818769
74888099
75056183
75232639
75281701
75297637
75306241
75331709
75340385
75345707
75382049
75435747
75585635
75663719
75696985
75711745
75827621
75830495
75905761
75921791
75926701
75960001
75963757
76038661
76233185
76247823
76260471
76261817
76439615
76517599
76537243
76684609
76968131
76997845
77012209
77076053
77208779
77270649
77290547
77348701
77429197
77480689
77492519
77799749
77808457
78058241
78156455
78201719
78251797
78350515
78503581
78516481
78559091
78604801
78669695
78675421
78684331
78822289
79038119
79067311
79140421
79145695
79146899
79252999
79304897
79306921
79319339
79547831
79633177
79670533
79678405
79809679
79851071
79858063
80055361
80061839
80114335
80198051
80214299
80223681
80313551
80340985
80389759
80479945
80613599
80655961
80800415
80803151
80927209
81139101
81166999
81382859
81422953
81504479
81598723
81652543
81740351
81766723
81767553
82020961
82054921
82137439
82370269
82581961
82607079
82688797
82709641
82839455
82962937
83007539
83259539
83346134
83569535
83587471
83695415
83814301
83843639
83976751
84023683
84047831
84247151
84329999
84361355
84663059
84675471
84700561
84883487
84889729
84932065
84937681
84980279
84990905
85021861
85044479
85212481
85273343
85307581
85322369
85333333
85422611
85488470
85741930
85836299
85867289
85965815
85989961
86002151
86158501
86171669
86181841
86476049
86511359
86513833
86611009
86727421
86735759
86895721
87000673
87155713
87174557
87343009
87403117
87432091
87517301
87533369
87748127
87766717
87867361
88222135
88347601
88353249
88422301
88442569
88456591
88482059
88505495
88686721
88801439
88843105
88915751
89102761
89252281
89639395
89775505
89886721
89919269
89987270
90003541
90097295
90165089
90252001
90280439
90387505
90430481
90470681
90488753
90634537
90702921
90748801
90860399
90904967
90996751
91048805
91396865
91535137
91599685
91611521
91720735
91729553
91818089
91845251
91879039
91945561
91972385
91994761
92015365
92119861
92309455
92379937
92510881
92563433
92626561
92728201
92914831
92948113
93013955
93090614
93200339
93310741
93468601
93526933
93648715
93882047
93936901
94208735
94212049
94444477
94449961
94644719
94746399
94919839
95096567
95122559
95178239
95315599
95377393
95406839
95510721
95559409
95615301
95617379
95700241
95700719
95933159
96095479
96403933
96407137
96648089
96886613
96912199
97086131
97099079
97214041
97343855
97348857
97494193
97669787
97772407
97890299
98177761
98272801
98738459
98806799
98898223
98975435
99045935
99059759
99066241
99144749
99193421
99554113
99603001
99908711
99935927
100342621
100388107
100418401
100495429
100520113
100616545
100630207
100844281
100866869
100880501
100885719
100935969
101007929
101055889
101092199
101283119
101291507
101354815
101426689
101723623
101822501
101969297
102041819
102091681
102121643
102145681
102190969
102330241
102385921
102473449
102620717
102661769
102775751
102777249
102814487
102928543
103086743
103106087
103518601
103800817
103833359
103941493
104213461
104258249
104305201
104349349
104444821
104531099
104558159
104839239
104874529
104899789
104922335
105111721
105342613
105351409
105438201
105514201
105638539
105667619
105771469
105916801
106201711
106211953
106263145
106407119
106455959
106502399
106765009
106865065
107056351
107157247
107183999
107208849
107303631
107508559
107814239
107895023
108160559
108174961
108415439
108471001
108523091
108715985
108907021
108972749
109058581
109070639
109156319
109168909
109177055
109220545
109257239
109376051
109432621
109538351
109552519
109552631
109595199
109597945
109691861
109802735
109841951
110043901
110044561
110093939
110167061
110281465
110644391
110692763
110911801
111137161
111355649
111427199
111479159
111508033
111649535
111889921
112043989
112115935
112118533
112201361
112238279
112288265
112367863
112502015
112596661
112670209
112932455
112955759
112988801
113108111
113135699
113164381
113169491
113201231
113206731
113234977
113509799
113529007
113541119
113648129
113665299
113723677
114023161
114248609
114345433
114557221
114682501
114755759
114772489
114785101
114853399
114919201
114935579
115019329
115021801
115045687
115203061
115220821
115263994
115351933
115465753
115501201
115535969
115540919
115557119
115578539
115598641
115649657
115651201
115673813
115754407
115957799
116007551
116036713
116089345
116149741
116199071
116279027
116400253
116739181
116853361
117167821
117312479
117353543
117441715
117462661
117988865
118001407
118051199
118130009
118366401
118631101
118633249
118820609
118864973
119018737
119122081
119192639
119356199
119428145
119513409
119580085
119718599
119848641
120210265
120292318
120431519
120472351
120489599
120554105
120609061
120643071
120685169
120690149
120695959
120722747
120923011
120963959
120976415
120990001
121034881
121115303
121491845
121567681
121651739
121735679
121822591
121907591
121971301
122087521
122114941
122150713
122162113
122260601
122344573
122439441
122470741
122596055
122679479
122940973
123245969
123324515
123452101
123630949
123693479
123868667
123889249
123987511
124044369
124046801
124130329
124134067
124414081
124441089
124473961
124553521
124665631
124756489
124780391
124853619
125030361
125250663
125314615
125330503
125374249
125381461
125433881
125476891
125857369
125900641
125919689
125981855
126127769
126135071
126312479
126443161
126484513
126536305
126959041
127149569
127161111
127432631
127493399
127700209
127809169
127890685
128075881
128110919
128138079
128157695
128395799
128460781
128504249
128759599
128887201
129103129
129325951
129365209
129496861
130002389
130092481
130386311
130547879
130554901
130567009
130629421
130678561
130691071
130823119
130852049
130886101
131047057
131532661
131557607
131562859
131613153
131725945
132502799
132664141
132951389
133000207
133093441
133133461
133195681
133274401
133401451
133527131
133677179
133710049
133781935
133928641
133931747
133953001
134073901
134333641
134337457
134485295
134488081
134522801
134721719
134753401
134780399
134841531
135349955
135493161
135510859
135518881
135552889
135598657
135604391
135622019
135627631
135814679
135842001
135916649
135932545
136097279
136146385
136282897
136285259
136628185
136722587
137050849
137237869
137399797
137781001
137897549
138014841
138040033
138069647
138223499
138380879
138433465
138442967
138571993
138712883
138718126
138770281
138807901
139140749
139212685
139214159
139308541
139494095
139626839
139636079
139786319
139844255
139901959
139939919
139963499
140187761
140252113
140478209
140607145
140935585
141345287
141414335
141453649
141480001
141528977
141574399
141578317
141659839
141697479
141946111
142263694
142313241
142556639
142641001
142683719
142910461
142987951
143134849
143308979
143464861
143530201
143587561
143688841
143792551
143818415
143842721
143872015
143907985
143953991
144149543
144242993
144247449
144278287
144288901
144405239
144553249
144603469
144623591
144903647
144918301
144977810
145040281
145075279
145077749
145152001
145170647
145185985
145444179
145633649
146339809
146414701
146875513
146885507
146940961
147270565
147311009
147455513
147496051
147936713
148014593
148135799
148290955
148502647
148647659
148662721
148743609
149050801
149097311
149111259
149238937
149433479
149515561
149835959
150041579
150259201
150279949
150304895
150449969
150537023
150581321
150725759
150759719
151180679
151257199
151351201
151352495
151450513
151818659
151889255
152016413
152148361
152261315
152353879
152450207
152539311
152616223
152628299
152673819
152806913
152827089
152894437
152989751
153015731
153043021
153050351
153170161
153628661
153809999
153819263
153948959
154168381
154289519
154462295
154466029
154499279
154584871
154684201
154730939
154938139
155072735
155151217
155260645
155325853
155341198
155572597
155602021
155660687
155706335
155717119
155996959
156050497
156221401
156409201
156511849
156547061
156578293
156615119
156788837
156866977
156921553
156930535
156974941
157130785
157498879
157514719
157523593
157528039
157580819
157769695
157883869
157990033
158164297
158285473
158322241
158427253
158657241
158741855
158925481
158949251
159118561
159122015
159132599
159236281
159296255
159440687
159717181
159837949
160030873
160453855
160497793
160694799
160810651
161286335
161298829
161449409
161544727
161559721
161590649
161648581
161838181
161908657
161931119
161942953
162222913
162354919
162480085
162690373
162806929
162988489
163352609
163523017
163780381
163897311
164033099
164063797
164273393
164363377
164451709
164492639
164611187
164687249
164699461
164706961
164870369
164931001
165082015
165094115
165289519
165375899
165416003
165697505
165813733
165908539
166126465
166171006
166385879
166387199
166522399
166788721
166981517
167109371
167353679
167643895
167643979
168041521
168066901
168162911
168165019
168213391
168237070
168305281
168435359
168546169
169006307
169095599
169189471
169339799
169479647
169721305
169753753
169824639
169886599
169988911
170087639
170781481
170943131
171023061
171031499
171471061
171607094
171756299
171805019
171822061
171869461
171958841
172037761
172097135
172245745
172424429
172640663
172674709
172753777
172927041
173126785
173154239
173252431
173368733
173458031
173661215
173802097
173849939
173905199
173908141
173920319
174048589
174125951
174237659
174272735
174286729
174302173
174424561
174499117
174809129
174901726
175290209
175782601
175798241
176214311
176312577
176421649
176486079
176820841
176833199
177064055
177142967
177148297
177270157
177524077
177804451
177905663
177939179
177942911
178236239
178732801
178815329
178840861
178869505
178972129
179272379
179290669
179508167
179575285
180051641
180180001
180386999
180452481
180602135
180642527
180700415
180880109
180979489
181074921
181076747
181127341
181333361
181416481
181582361
181972081
182085599
182209105
182398217
182451599
182479951
182827919
182844853
183076741
183111977
183137599
183164579
183189751
183298751
183342529
183575617
184250897
184418255
184745015
184807679
184841735
184865459
185139971
185260759
185347799
185373563
185549221
186018481
186095185
186274177
186322499
186323341
186364081
186539503
186641195
186772831
186793721
186946111
187043011
187140239
187811191
187959889
188031647
188287837
188766989
188825257
189107711
189220591
189252559
189597365
189750529
189776497
189812701
190186751
190525441
190654045
190947373
190966321
191154211
191262569
191267999
191414141
191799985
191816099
192266245
192448261
192511435
193371815
193399703
193471147
193720319
193766399
194157217
194324183
194325083
194355505
194362697
194409865
194454721
194535539
194556001
195045517
195147215
195148099
195247597
195304033
195923845
195985105
196487759
196506133
196609679
196744393
196806959
196820845
197104501
197332519
197819999
198611089
198733249
199019969
199245311
199318911
199344419
199496249
199946899
200144399
200306521
200396029
200557387
200878561
200963281
201040369
201102691
201272149
201362399
201369155
201411967
201431099
201659809
201683551
201728717
201800879
202056661
202069439
202130881
202317695
202339201
202372589
202582081
202603895
202705687
202914557
202922161
202983265
203056099
203253479
203694013
203810705
203818049
203906557
203964159
204035495
204230881
204456793
204553945
204652799
204704821
204920927
205216813
205231105
205329599
205350119
205402497
205512829
205936801
206584685
206948629
206982751
207076934
207143519
207234049
207716495
208055699
208095301
208191841
208310111
208583399
208631401
208722359
209253241
209255359
209926079
209931505
210083959
210238559
210354761
210460301
210613921
210778289
211007243
211119481
211349089
211369081
211369217
211542961
211567499
211682159
211860319
211877135
211883743
211989639
212190049
212230849
212240665
212282401
212310791
212457959
212472001
212497439
212505389
212672359
212768383
212938927
212941513
213089941
213108193
213244499
213334451
213820595
213974179
214013735
214453199
214477439
214604351
214963247
215202399
215359493
215599033
215662719
215819855
216001889
216248185
216309599
216780899
217059807
217062913
217078577
217171937
217358785
217430533
217644449
217726277
217758849
218020479
218628839
218996153
219250153
219411361
219632399
219644711
219654121
219705121
219722842
219808511
219915485
220009159
220207681
220349953
220403521
220537855
220782061
221142369
221317153
221742421
222543397
222597601
222701039
222896843
223102879
223185801
223484559
223626959
223734671
223738429
223827239
223991551
224026487
224124209
224332199
224444219
224591581
224704441
224876855
225280439
225575503
225860585
225962011
226041199
226055017
226787545
226834235
227018759
227192051
227214449
227431501
227690945
227855101
227921147
228015719
228097759
228175597
228218759
228648095
228720023
229056722
229086155
229495039
229544855
229580630
229661641
229862533
229908373
229969641
230116793
230268961
230314979
230576081
230649887
230825281
230907599
231391507
231761443
231784799
231813361
232522907
232669249
232680001
232831369
232892519
233026849
233137619
233144351
233150579
233168001
233324673
233619749
234246569
234295381
234380735
234491159
234541441
234774919
234957815
235156997
235173793
235185343
235314473
235414921
235465607
235553581
235827899
235835599
236049661
236076401
236130689
236216463
236273961
236762401
236848573
236966689
237238561
237454417
237759841
237935179
237982031
238043249
238081141
238249151
238389667
238589495
238599937
238622161
238692481
238793521
238903669
239110801
239237999
239316119
239421385
239547061
239591521
239898671
239905849
240115681
240262295
240325399
240931567
241076879
241409737
241475579
241551103
241552897
241572673
241823231
241841159
241893901
241949611
241964601
242119009
242148269
242619137
242739629
242802559
242881729
242903073
243005527
243782351
243818641
243986399
244002769
244162274
244209949
244385581
244530937
244556845
244669681
244772413
244809759
244823270
244898189
245133251
245271779
245298151
245351369
245890181
245938897
246168199
246478763
246904701
246932921
247279439
247294873
247422959
247427585
247543885
247646399
247692551
247696237
247705199
247729049
247858799
248195519
248636197
248694391
249118297
249214679
249342841
249369121
249596521
249660685
249728401
249920099
250225079
250365257
250567199
250712911
250731181
250943615
251187999
251197099
251355133
251549999
251659199
251686501
252340919
252394295
252688151
252856801
252902881
252902939
252988345
253065673
253187749
253271761
253313301
253337811
253463495
253477081
253524599
253711139
253746001
253814015
253981273
254311147
254320129
254336489
254416033
254530511
254964781
254987123
254987419
255062191
255194101
255528503
255741599
255853311
256397857
256846591
256956479
257200021
258170015
258304159
258396031
258525001
258566365
258716161
258836581
258885241
258949439
259057799
259747487
259879619
260222401
260296199
260335459
260404991
260568559
260577599
261184391
261407639
261465841
261614699
261813971
261924601
262339103
262361051
262573919
262626001
262937083
263329703
263435543
263568761
263687255
263825857
263959345
264111319
264299489
264338881
264386881
264658465
264769595
264937121
265358015
265407733
265409161
265567501
265689601
265788599
266093731
266168881
266236165
266909929
266956507
267013439
267359401
267711121
268160941
268492267
268660379
268663723
268779977
268954409
269516407
269728801
269840481
269966879
270109889
270401759
270461809
270489601
270859681
271096321
271221599
271306799
271318897
271507949
272271999
272355335
272661839
272808383
272820361
272821327
272988001
273078035
273171151
273273979
273453301
273661921
273835081
273881147
274008347
274355999
274366401
274705079
274754701
274904281
274979001
275027773
275070685
275160991
275601061
275769539
275912533
276061241
276316671
276561053
276934951
277293457
277545193
277833247
277890049
277924439
277944617
278087249
278147233
278244241
278360081
278531135
278576169
278806529
279051697
279054159
279082153
279253831
279653759
279734533
280444319
281228705
281500751
281852983
282348959
282459449
282623561
282730937
282940001
283071601
283105351
283223039
283330839
283375045
283444319
283629361
283762447
284032981
284343569
284358815
284529863
284641057
284975113
285016929
285562355
285661763
285672001
285712559
285799151
285802439
285812735
285948235
286011791
286444759
286614355
286769341
286901101
286928335
287010833
287427049
287599201
287718481
287994961
288108899
288264899
288381521
288421501
288435277
288681895
288806407
288985319
289007999
289077481
289197241
289561259
289697759
289720801
289941729
289966973
290083333
290107549
290531361
290586613
290794681
291154499
291283303
291639079
291883201
292385377
293162323
293207041
293366249
293562071
293673217
293698777
293861881
293865089
294069599
294193943
294300467
294378479
294482161
294723151
294740223
294848855
295468705
295478495
295729057
295742989
295774981
296164189
297531541
297568765
297711361
297811249
297901979
297902177
298045441
298093571
298204201
298206089
298247401
298508639
298772929
299348479
299365919
299505491
299869801
300081991
300548917
300848831
301028521
301121569
301200119
301437181
301454999
301628495
301657681
301760641
301766727
301993921
302208641
302532649
302544001
302882041
302925531
302953141
303248569
303426061
303529199
303543073
303728699
304078861
304176851
304398433
304643627
304720559
304911599
305228771
305401481
305435249
305437231
305444479
305558713
305665273
305736121
305841509
305951669
306089521
306161855
306244126
306587809
306697441
306755009
307047777
307254529
307832449
307841353
307852271
308424809
308433601
308585089
308738383
308761787
308793421
309046591
309303073
309562559
309590623
309688235
309837205
310902397
311497561
311741495
311965199
312306839
312390001
312626341
312724009
312734299
312792481
313078289
313239149
313273619
313367999
313631461
313756079
313976519
313995759
314236649
314524321
315335999
315732599
315830339
315964801
315971881
316355039
316360837
316439239
316504261
316666921
316894369
316954189
317203457
317611141
317891785
317955457
317958901
318051145
318135481
318414097
318420541
318523043
318695005
318887570
318968999
319186295
319370401
319489873
319526377
319669999
319783295
319971653
320132119
320245505
320292001
320354581
320436001
320580051
320896079
321015043
321060167
321104735
321269329
321345953
321405249
321452029
321692449
321852511
321920193
322234991
322258391
322539841
322632959
323269321
323483221
323523905
323737429
323980559
324083551
324287459
324327179
324479233
324939999
325007819
325207117
325215215
325420597
325663591
325787017
326037889
326288881
326355121
326536013
326917871
327069051
327923245
327935999
328388401
328507201
328547849
328577633
328947229
329087089
329378446
329589001
329887481
330189333
331149119
331436379
331693895
331697887
331919530
332067569
332159479
332515171
332773201
332928037
333118621
333179783
333459519
333593333
333763199
333815943
333963439
334098381
334383659
334625849
334732321
335048617
335300393
335855845
336026881
336043621
336076559
336091033
336401941
336460057
337228801
337381199
337999285
338091909
338967019
339113159
339268769
339670799
340131749
340173119
340341695
340417079
340433279
341026561
341368943
341452319
341517039
341709249
342245737
342602351
342922119
343060201
344019071
344076265
344230399
344268961
344412001
344616335
344659837
344946193
344991079
345271937
345792823
345812545
346863361
346936885
347249701
347321729
347537739
347838877
347996513
348037991
348436063
348928019
348957397
349091821
349414273
349653959
349867441
350328271
350428991
350478601
350585665
350721731
351322559
351464027
351472213
351712319
351953345
352111649
352273057
352283921
352360149
352760801
352875201
353742599
353780999
354041855
354144781
354371761
354821641
354996721
355205735
355546879
355780717
355973761
355978369
356365919
356396271
356414521
356474495
356900039
357018879
357168979
357255757
357283289
357369413
357431239
357494701
357499799
357634081
358190339
358198763
358239001
358548479
358972615
359624881
360309599
360535559
360679787
361022273
361208483
361859399
362389897
362746403
362965967
363308065
363522601
363522899
363681809
363843689
364000141
364049101
364071865
364101443
364107241
364206601
364243139
364298039
364436401
364541477
364565999
364700699
365098810
365297041
365418199
365481217
365483521
365603743
365874431
366106033
366131209
366401879
366738743
366807137
367104529
367186247
367302661
367387657
367687199
368150561
368220271
368312831
368873999
369267659
370391617
370965959
371512911
371557295
372054577
372348145
372728301
373151701
373217519
373238293
373257455
373279259
373288805
373404241
374282151
374619635
374635799
374669461
374903039
375084359
375245761
375749011
376889437
376928599
377146511
377332021
377434081
377514649
377534051
377592213
377759159
377789311
377982539
378336419
378476255
378547297
378904967
379319914
379411559
380002641
380026151
380400747
380482921
381045001
381126329
381177721
381301861
381419281
381535561
381739337
381803489
381985955
382235399
382283401
382858477
383079215
383453459
383500389
383558761
383861407
384049513
384224479
385428319
385521553
385798141
386430073
386667109
386746919
386802107
386868635
386952841
387061441
387290465
387517199
388123345
388307199
388345729
388946701
389014921
389125919
389237549
389277901
389435654
389460787
389501521
390100199
390246529
390306313
390675209
390846599
391303081
391379339
392094001
392114269
392253499
392597281
392673599
392834861
392928569
393069599
393542421
393955121
395322017
395416031
395736505
395799455
395979689
396030239
396259499
396309709
396599041
396690199
396849599
396988691
397147483
397335961
397442999
397734949
397824767
398000161
398573977
398600511
398754337
398874961
399142081
399237967
399701015
400032233
400256503
400730597
400767589
401148557
401295301
401354785
401506585
401620681
401805951
401908057
402436529
402960095
403077893
403417087
404271361
404308619
404438911
404882065
404936665
405359913
405677953
405691231
405726089
405779615
405845621
406044289
406066151
406221697
406584037
406903679
407170399
407172151
407257633
407633759
407636999
407650321
407653473
407818943
407856889
408080785
408108239
408526081
408554497
408825145
408867865
408915233
408958595
409043665
409360645
409681061
409700339
409723391
409771129
409831241
410062087
410432399
410989679
411243049
411314221
411386689
411847679
411887701
411970079
412370769
412415641
412425235
412456799
412619017
412995731
413155501
413177401
413386081
413447999
413570701
413769839
414146249
414422799
414449281
415082591
415113343
415297079
415450321
415464109
415984015
417104831
417429935
417514439
417899341
417903479
417985919
418928219
419395679
419548849
419553985
419823569
420014771
420348851
420533119
420663331
420701387
420734881
420910919
420952049
421287049
421675957
421678295
421831105
421853759
422190989
422239759
422429599
422547423
423109201
423195323
423199919
423317215
423453029
423883461
424004615
424065241
424301641
424380601
424864559
425604673
425719151
426443599
426502033
426549583
426842461
427097879
427099301
427205999
427213333
427366957
427386457
427404095
427886273
428941687
429217057
429286835
429383591
429733243
429756481
430272001
430399201
430436161
430713359
431025541
431186399
431275127
432015113
432075601
432173881
432198367
432799991
433093865
433126801
433345249
433408319
433530721
433551493
433686439
434200535
434214001
434269499
434540427
434541817
434690761
435005207
435154929
435299213
435769321
436318063
436324769
436380385
436517159
436742209
436879969
436962911
437038177
437043815
437169421
437378129
437598719
438246251
438348959
438546961
438580571
438822959
439597423
439678153
439867295
439877249
440132447
440481781
440766710
441154351
441282809
441348217
441501081
441591151
441840421
442214999
442793119
443144015
443305511
443501345
443632321
443660341
443738521
444581171
445053457
445630009
446038851
446074817
446170031
446245591
446293199
446316859
446482919
447003841
447374407
447506639
448381297
448415099
448843519
449049601
449330407
449887321
450048599
450502559
450537781
450560683
451403303
451662581
451764001
451831967
451999703
452000017
452613745
452688853
452763311
452814209
453189061
453212033
453280969
453285289
453379967
453806641
453870721
453985169
454436599
454512365
454522771
454542599
454744081
454877279
454897801
455212681
455713607
455753089
455834413
455937793
456098159
456152399
456646463
456664319
457067039
457199819
457255873
457420873
457994449
458389471
458692739
458743823
458811935
458911367
458929801
459085429
459332159
459478949
460087489
460290479
460682151
460976249
461256463
461605249
461626451
462007817
462066527
462079981
462411379
462550181
462794039
463025135
463146949
463156165
463300201
463329503
463528199
463626721
463711391
463933009
464400973
464509583
464533057
465132007
465264899
465735579
465868358
466009439
466068779
466414091
466795367
467277659
467572391
467631721
468321361
468834431
468835081
468931001
469038817
469139999
469213057
469281601
469618379
469625407
469645441
469681621
470042701
471131999
471263545
471787921
472002959
472259269
472313753
472933999
473110561
473290019
473335589
473651519
473683843
473779801
474391861
474483745
474723151
475501585
475655919
475810705
476043481
476735251
476971381
477061519
477225181
477423519
477594121
477996227
478218599
478297261
478491749
478526399
478526561
478565369
479198161
479749201
479856959
479995879
479997701
480095323
480151009
480544019
480734857
481135021
482699249
482791681
483168511
483454691
483806809
484052759
484235191
485344223
485681365
485751721
485878679
485929801
486087841
486216865
486596053
486966599
486997921
487581601
487620241
488451811
488594461
489434431
489467879
489547009
489615191
489625973
489690839
489870193
489940595
490209359
490428457
490634495
491585039
491603027
491765185
491957713
492323833
492347591
493196111
493242751
493262945
493489079
493521119
493798799
493845451
494183521
494196119
494830313
494882751
494940601
495454651
495554759
496211639
496418021
496586999
496754999
497309653
497412145
497633521
497677313
499040401
499081919
499203377
499367231
499460221
499962001
500030119
500051047
500310239
500489011
500618721
501130655
501378569
501786361
501946199
502594561
502619039
502677001
503433359
503665597
503755207
503972821
503996723
504181099
504245879
504369359
504420361
504740401
504927926
505053151
505585079
505656919
505721567
505766015
505819777
506013479
506068117
506538361
506614289
506718591
507085145
507319779
507748879
508035439
508077361
508186561
508683219
508703041
508723489
508797721
508832609
508863673
508889305
509548081
509712001
510247859
510647633
510811599
510983137
511231199
512122553
512237797
512519401
512744041
512840161
513221999
513225681
513673285
514198421
515823571
516341629
516425939
516588191
517271509
517484959
517638493
517686623
517755503
517936551
517949201
518408351
518413897
518685439
519263029
519270839
519296449
519409097
519414145
519668401
519911821
519965281
520301881
520442889
520818131
521047621
521095561
521172887
521235637
521566781
521694865
521695117
521912329
522230831
522288922
522356737
522799289
523131337
523232501
524198519
524760007
524975221
525917701
525975029
526036799
526112941
526184119
526301881
526631473
526648441
527631553
527814073
528061471
528266815
528524221
528665435
528767015
528798349
528913981
529092463
529991461
530892865
531886591
531893659
531957985
532145239
532917665
532958473
533382719
533458079
533479715
533786221
533821681
533822939
534066287
534498481
534524761
534561599
535062155
535373441
535875601
536034937
536405759
536658551
537578799
537721469
537914701
538764227
538843439
539099821
539187841
539234137
539394751
539498399
540123767
540430021
540463949
540713699
541130689
541170721
541489871
541601497
541954561
542473151
543152149
543278905
543418259
544196101
544549501
544581971
544824383
545115647
545373919
545380199
545453999
545601569
546455735
546587041
546615007
546631261
546888639
547469819
547650601
548040817
548104429
548346239
548382913
548616101
548720151
548819837
549452003
549877999
550024441
550204183
550374121
550552273
550619051
550716089
550866777
550983707
551034541
551189665
551490181
551584801
551925361
552666601
552713401
552726559
553248901
553629779
553813595
554295769
554327219
554341321
555079141
555252391
555475831
555650281
555968533
556399873
556423439
556604383
556835567
557101726
557442479
557585183
557901781
558198431
558418429
558833417
558861361
558945087
559042019
559196929
559732799
559770223
559896479
559958399
560071855
560129039
560219645
560743127
561045439
561060361
561227999
561300935
561530881
561781535
561782033
561810911
562839901
563221297
563458981
563809349
563908751
564228959
564395039
564744961
564874295
565096559
565424639
565545121
565672201
565916399
566046823
566047637
566126369
566326501
566376301
566386689
566733441
566922049
567752723
568191455
568207711
568232981
569012399
569140993
569534239
569813809
570142329
570158641
570746399
570878979
571098739
571596269
571615201
571712851
572007241
572050081
572356169
572453735
572514839
572673355
572674285
573427681
575484119
575491153
575970479
576182209
576791293
576829513
577323137
578363761
578576999
578697119
579500353
580061999
580106881
580216339
580494095
580862773
580919807
581182273
581389919
581442577
581511827
581618689
581748299
582254431
583125353
583361351
583746119
583751701
584020801
584385659
584548481
584688943
585032053
585176801
585184130
585201121
585763403
585904929
585975599
586015499
586386305
587193089
587256961
587794321
587958839
588098017
588333395
588753361
588981457
589353281
589578359
589757169
590172661
590330833
590366735
590787449
591099265
591477601
591626699
592240895
592312391
592406401
592505623
592895161
593043659
593062559
593086033
593109265
593226721
593340839
593487767
593901361
593959201
594020821
594406461
594574201
594914761
595075679
595378141
596177821
596603711
596816245
596976703
597373057
597384215
597406111
597547081
598549953
598628701
599077649
599081883
599200226
599270399
599881619
600115877
600129919
600570719
601261583
601327441
601693741
601850569
601878815
601980841
602254097
602260329
602511139
602574159
602650799
602749981
602990341
603490627
603571429
603883297
604098179
604148831
604204561
604285501
604847501
605446687
605737561
606358651
606533631
606804421
606821041
607212143
607481281
607699499
607818709
608113121
608507551
608591879
608661599
609238261
609379009
609451151
609467713
610074359
611214121
611314561
611328073
611992799
612245087
612457559
612482461
612780919
613226431
613550127
614519279
614545105
614781119
614839679
614920769
614925599
615171689
615308959
615408863
615591217
615688799
615726609
616439099
616940519
617052023
617296449
617552999
617642479
617773021
617947427
617982913
618205441
618353279
618887465
618981153
619412543
619567861
619742341
619985519
620005441
620171371
620442879
620854561
621174201
621376159
621415711
621633349
621764221
622037009
622350433
622755839
623363819
624400685
624648959
624762521
624783887
625006655
625066881
625139711
625796281
625858271
626045561
626255279
626465281
626569033
627007049
627415813
627972953
628236665
628351081
628612381
628928521
628977773
629074945
629241601
629292691
629865599
629965441
630062317
630811799
630990779
631022941
631155889
631343551
631664521
631884901
632097451
632149199
632707999
633003981
633982679
633983615
634187399
634195551
634603213
634836385
634887991
634983931
635195401
635695873
635799935
635852399
636350831
636614263
636622273
636789061
637005887
637164109
637214001
637275689
637371395
637522001
638000239
638048879
638210551
638511074
638586145
638724961
638727553
638778271
638903233
639020773
639424637
639754301
640038961
640213391
640952479
641043361
641220959
641663231
641699461
641752019
641934601
642430321
642566063
643290033
643765385
644126099
644905801
644908109
645400801
645455341
645637123
645752319
645753439
646049581
646385351
646419599
646482817
647016657
647845439
647859070
647920801
648081001
648343441
648842399
649166701
649195763
649358255
649847101
649932049
650123551
650471329
650504881
650529791
650573471
650860919
651344459
651416881
651473369
651510721
651619649
652085279
652545289
652604401
652821001
653199985
653236871
653998817
654513209
655564897
655748965
655754011
655828573
655854749
656278631
656307899
656610721
656840185
657308399
657432001
658411201
659722535
660065867
660286081
660303155
660424211
660597119
660657059
660759877
660823717
661441281
661535135
662648921
663073473
663076799
663184187
663577599
663638401
663901419
664094407
664487999
664501739
664670555
664723969
664968479
665206345
665401255
665440561
665464321
665990261
666129241
666693155
666788641
666913633
666943201
667256941
667294991
667469969
667563047
667922389
668058001
668320961
668449419
668600101
668625409
668733301
670107937
670556305
670831799
670887161
671048753
671535395
671630401
671907457
671932801
671998949
672242821
672332401
672475881
673240789
673579201
673683571
674246495
674777609
675066289
675507419
676241999
676399031
676929065
677045161
677227349
677940901
678378239
678821221
678989233
679041089
679087949
679138501
679162861
679280629
679632409
679808533
680375199
680648965
680687615
681411457
681857999
681876001
681941993
681986881
682322759
682361119
682497299
683251669
683485201
683665921
683789569
684321119
684520201
684609817
685109689
685127743
685482209
685608265
686694889
686918401
687113821
687458455
688021919
688285306
688404629
688912081
689292451
689540761
689728285
690800821
690822539
691064701
691237799
691352461
691367041
691529945
691637199
691744859
691975801
691977961
693766147
693959991
694238077
694322987
694393561
694475401
694790929
695506799
695569055
696065747
696784321
696829895
697221001
697320361
697739041
697782097
698305999
698395139
698880599
698983201
699050451
699213809
699671407
700050770
700244789
700350665
700688639
700695505
700786801
700794361
700876799
701282401
701576063
701666657
702114269
702152639
702196417
703198199
703335905
703569061
703764881
704043201
704123615
704527393
704673001
704737261
704822497
704851399
705084589
705100161
705322079
705391739
705770351
705784619
705852145
706102615
706498001
707063551
707126401
707635207
707936371
708088751
708140161
708233569
708404095
708670621
708887051
709564417
710122511
710247383
711944639
712076399
712530001
713094239
713254081
713520599
713601791
713879513
714077639
714304799
714403843
715023505
715430431
716160013
716611897
716620391
716682485
716966159
717226669
717501743
717503359
717585541
717769337
718872441
719594429
720261631
720761377
721447651
721589221
721814719
721913329
721946401
721972943
721981679
722153429
722499517
722791369
722898539
723234239
723485881
723504961
724075969
724568833
724678449
724696645
724938241
724952449
725144101
725519521
725547487
726083735
726309679
726559055
727099199
727273295
727341901
727461811
727659759
728097481
728457343
728521199
728525399
728639755
728812655
729160949
729206855
729288001
729374435
729810901
729822961
730690465
730946161
731033599
731143513
731162017
731679865
731748815
732281615
732384241
732828181
732878929
733088845
733102201
733156579
733243057
733416321
733539649
733777801
733823905
734383649
734801759
735575401
736438603
736520905
736538615
736594343
736748051
736869001
737534101
737581001
737937181
738009559
738260209
738539977
738637055
738810395
738971641
738993137
739274845
739971457
739993969
740055811
740422957
740595353
741094619
741618547
742483729
742791455
742870799
742877785
743515937
743931539
743994859
744057777
744269457
744774455
744818399
745213799
745216199
745383521
745578719
745803179
745973569
746037599
746046073
746692057
746969081
747843809
748597511
749216521
749268079
749747999
750094151
751100969
751548171
751618439
752589991
753460561
753592321
754035439
754374599
754492537
754574881
754653057
754849441
755232049
755388577
756598051
756800099
757409185
757670293
757789003
757834381
758041271
758342549
758543401
759214729
759259871
759527401
759574553
759706273
759826801
759922201
759937459
760074011
760522441
760842719
761203079
761628449
761691119
761825233
762051815
762107399
762132151
762428661
763230005
763443559
763443635
763519121
763834799
764145921
764913161
765006451
765836401
766991301
767274969
768065233
768472319
768799801
769217905
769401439
769474199
769954957
771224041
771298559
771421519
771443189
771606347
771755063
772913855
773028901
773107831
773585407
774114515
774767161
775022793
775116877
775210369
775427119
775447799
775750261
775890469
776026559
776193989
776392079
776698585
777559621
777687779
777742723
777883229
777992671
778249877
778631101
778676041
778757407
778767263
778977121
779028481
779194186
779427361
779517269
780024673
780025321
780170869
780366839
780420481
780684683
780825419
780904739
781235279
781337407
781420081
782398399
782886937
783574669
784089215
784484161
784621339
784660061
784690487
784912029
785078369
785812537
785902391
786057371
786656641
787075741
787106735
787308587
787725485
788160119
788514061
789888203
789951239
790442965
792116065
792620641
792843751
792969985
793081211
794153137
794559633
795724951
795737759
796063781
796163039
796906081
797096545
797319863
798508693
798973633
799220189
799290721
799509061
800975791
801094231
801257729
801432451
801451559
801474179
801526881
801531721
801705569
801994783
802149011
802464481
803074679
803985629
804020201
804164815
804236255
804587471
804684527
805298231
805653901
806065343
806476007
806522041
807676919
807744511
808268543
808556099
809762407
809860195
810148663
810217297
810280801
810925127
810988799
811270655
811321489
811396981
811437319
812356117
812637671
812903399
812911681
812957881
813718310
813815639
813836377
814118349
814227199
814260491
814389519
815033827
815060001
815212735
815798015
816434389
816640319
816856969
817721981
818071417
818235853
818277659
818310637
819017999
819599789
819737881
819831551
819840451
820006201
820271269
820468333
820489435
820543693
820674541
820864381
820959511
820961519
821401351
821417897
822072127
822786361
822909779
823518499
824217119
824839999
825003901
825431039
825780283
826040751
826873201
827451539
827633339
828715559
829401481
829587359
829627799
829822643
830825281
831833159
831951847
832653590
832749397
833272201
834000133
834092027
834347361
834702483
834901759
835026745
835162705
835204357
835437239
835636433
835701679
835879190
836196271
836636599
837129313
837132191
837162719
839229901
839295899
839425681
840269933
840292321
840317609
840916355
841012577
841654571
842912941
843043381
843529121
844181701
844484641
844490701
844826849
845099999
845528879
845588206
846949699
847177921
847568519
849094819
849383459
849472849
850542967
850564639
850873937
851171519
851352265
851523301
851569739
851658721
851736599
852252961
852409441
852822145
853230081
853340399
853466435
854112961
854196419
854494273
855082655
855106801
855554701
856542655
857526985
857714341
858015829
858016649
858183631
858464129
858464639
858807563
859242169
859571999
859655474
859880449
860043601
860126799
860346829
860813777
860846761
860950399
861399001
861579719
862147159
862701119
862806569
863273159
863297959
863445941
864404099
864550387
864874659
865668383
865731133
865800077
865894391
866593247
867106031
867541919
867981023
868363441
868440029
868814881
869032801
869146201
869202863
869650881
869849837
870269665
870304301
870576467
870580115
870781693
871494361
872685451
872767601
872972101
873286909
873498313
873898201
874474791
874828081
875560001
876619381
876629857
876706177
877041901
877881301
877891199
878200959
878850505
879006241
879127249
879281857
879746641
880054559
880186861
880512841
880858369
880996033
881125213
881242439
882479521
882861209
883204399
883225207
883600705
883671041
883869989
883996201
887228639
887241601
887259151
887872679
888413401
888870995
888927479
889095241
889221601
889555281
890084161
890335199
890815299
891161601
891618319
891695519
892439197
892529281
892565569
892797191
893153521
893485729
893989469
894937791
894946861
894974341
895216141
895283999
895975423
896226639
896415531
897143039
897159469
897292705
897354249
898179743
898366105
898499491
898550533
899451229
899575678
901107377
901565029
901630081
902491309
902517461
902563921
903845087
904826663
904998521
905277073
905613347
905683297
905947679
906108841
908051969
908485381
908522079
909507599
909821231
910175615
910182781
910650169
911009135
911089295
911988463
912536351
912712457
913282159
913306895
913572817
913764929
913805399
914209297
914513919
915252997
916200517
916306559
916518239
916840799
917217001
917437249
917764381
918044549
918222481
918622081
918908819
918974881
919024471
919216655
919340279
919510381
919624043
919878145
919994881
921308023
922634269
922809887
922824001
923447219
923661689
923685119
924064381
924104159
924161759
924896269
924912001
925127281
925550819
925844353
926259551
926314055
926577577
927044161
928412871
929036161
929584193
929852281
930235103
930251563
930564181
931221631
931414439
931423571
931716415
932096485
932326499
932633769
932875631
932974435
933029279
933653521
933710401
933927539
934329689
935092059
935213839
935218549
935344261
935591479
935638451
936163991
936309241
937120277
937142135
937282499
938621209
938887741
939646849
941073481
941411626
941741099
942421249
942646321
942739885
942776751
942849179
942884773
943087861
943550641
943618409
944001301
944569079
945050653
945140161
945641665
945759751
946090439
946487341
946522601
946649759
946737169
947273665
947681113
948488905
948764641
949035487
949237741
949598737
950306451
950567111
950627609
950728859
951425761
951482399
951668585
951911399
952171121
952864793
953320991
953696159
955166081
955199855
955283329
955561049
955663501
956354399
956386657
956408641
956746895
957753193
958298041
958298641
959154721
959391719
959779385
960510421
960969801
961112879
961259039
961315183
961573585
961664041
963052597
963818471
964710287
965325061
965351407
965523361
965749301
966100233
967087681
968978161
970616881
970800421
970997951
971286931
971302751
971338369
971747323
972165601
972956699
973188833
973838777
974238209
974361023
974588161
975152161
975208415
975582145
975587711
976721719
978214777
978667873
979273945
979466221
979591319
979855201
979863841
980141581
980209477
980868007
980960761
981594719
981808661
981980117
982020301
982449467
982486427
982627789
982856269
983067839
983293361
983511601
984905626
985097521
985145615
985153567
986369377
986578561
986778661
987005857
987515481
987793577
987833161
987882001
987892499
988153561
988194901
988229159
988720259
988986335
988993633
989011295
989791277
989843969
990142621
991581501
991791359
992694683
993087215
993656609
993680639
993683599
995153599
995228981
995294399
995351167
995701195
995984599
996060239
996393959
997806601
998060617
998218561
998575799
998593345
998616421
998867639
998947133
999275099
999284327
999507521
999944051
1001058721
1001195521
1001493799
1001593657
1001893101
1002556401
1002821665
1003644053
1004269859
1005150601
1005451199
1005954767
1006049759
1006471621
1007512153
1007778155
1007816113
1007848117
1007949601
1008895873
1008923291
1009178353
1009481039
1009638721
1009756817
1009859929
1009951487
1009961855
1010160061
1010749949
1011288979
1011612673
1011960613
1012100161
1012269827
1013835119
1014054301
1014266273
1014652209
1015053481
1015073281
1015125283
1015309201
1015510231
1015946399
1016129521
1016146393
1016956559
1017222751
1017426521
1017444121
1017590149
1017662401
1017915781
1020225961
1020319145
1020471361
1020564579
1020688195
1020989879
1022376227
1023037289
1023924421
1024152119
1024175951
1024529099
1024557901
1025100559
1025552065
1025994817
1026831013
1027145989
1028091121
1028790685
1028908441
1029175561
1030248127
1030383251
1030433279
1030511161
1030798801
1031325841
1031796407
1031842729
1031970409
1032029041
1032429781
1032501095
1033334159
1033911001
1034361901
1035149189
1035642961
1036405799
1037897431
1038417121
1038499969
1038708433
1038721331
1038916801
1040813711
1041236351
1041259787
1041439477
1041621769
1042240801
1042375823
1042810441
1043066519
1043163649
1043221141
1043315195
1043609111
1043747641
1043880289
1044162679
1044639001
1045337579
1045875599
1046012401
1046013299
1046335777
1046405377
1047447181
1047849601
1048451201
1048949481
1049135957
1049166301
1049448719
1049874085
1049897701
1050552751
1051340417
1052062319
1052077753
1053772141
1053974143
1055009089
1055088935
1055292545
1056128497
1056642839
1056679993
1056927961
1056955199
1056992833
1057127149
1057154113
1057414501
1057635935
1058160641
1058163393
1058200703
1058418409
1059360917
1060416377
1060618873
1061365033
1061474849
1061637301
1061726119
1062378241
1062574799
1062603361
1062694945
1063750121
1064004589
1064130605
1064178721
1064601001
1065023881
1065332401
1065398399
1065913793
1065949877
1066511839
1067064781
1067833801
1068435215
1068561311
1068599701
1068681601
1068733015
1068921253
1069443337
1069538999
1071407171
1071513691
1071578789
1072058065
1072556147
1072692451
1073145569
1073543761
1073774065
1073845321
1074299401
1074599767
1074944191
1075281569
1076087519
1077098239
1077585445
1078130129
1078423489
1079336035
1079480479
1079964865
1080047761
1080683239
1082331433
1083009313
1083868801
1084148241
1084273345
1085579063
1086460759
1086502951
1086967351
1087093151
1087140770
1087254829
1087480801
1087792199
1088545359
1089409859
1089616373
1090133759
1090581569
1092134639
1092357883
1092484799
1092889727
1093315839
1093904911
1094298049
1094511851
1094523697
1094534999
1094590441
1094814721
1094975389
1095448199
1095750913
1096171049
1096639321
1096785361
1096801201
1097560801
1097631421
1097946953
1099949977
1099987811
1100191201
1100212777
1100584621
1101149519
1101227905
1102204903
1102383379
1102520609
1102833679
1104055359
1104099149
1104182351
1106472961
1106677153
1107023903
1107028439
1107080799
1107098821
1107763859
1108257877
1108380997
1108426081
1108730161
1108936981
1109250901
1109949479
1110038161
1110260821
1110323159
1110385574
1110416735
1110930911
1112009219
1112161921
1112770177
1112819279
1113054481
1113664355
1113854977
1114580081
1114600681
1115287993
1116399377
1116400321
1117536889
1117968517
1118183529
1118324959
1118556361
1118668529
1120675919
1120997281
1121500799
1121551349
1123036401
1123218083
1123473541
1124099623
1124487481
1125477895
1125850645
1126318051
1126476007
1126903301
1127047777
1127768777
1128110173
1128302605
1128374207
1128679487
1129122301
1129134815
1129227559
1129324351
1129518389
1129881759
1130012099
1130031719
1130263273
1131080809
1131343201
1131418861
1131467519
1131532631
1131889681
1132718041
1134949831
1135242881
1135774223
1135811089
1136350861
1136761199
1136982781
1137437407
1137790837
1137813937
1138371895
1138549201
1138589855
1138670819
1138721221
1138853665
1139228299
1139434129
1139551441
1139630185
1140467671
1141660201
1142232481
1142460001
1142878591
1143020737
1143092735
1143126269
1143230761
1143641599
1144173997
1145125799
1145180159
1145459233
1146055681
1146105841
1146209689
1146262943
1146319021
1146777601
1146895919
1147027729
1147444703
1147452769
1147478641
1147626699
1147717229
1147962431
1148111641
1148356561
1148701511
1149045569
1150500385
1151082241
1151825401
1152049249
1152189919
1152420479
1152726877
1153226401
1153249111
1153506733
1153550665
1153899241
1153965385
1154621161
1154883731
1155203401
1155420001
1155816815
1155921553
1156416533
1156582801
1156748867
1156909895
1157461201
1158374645
1158636191
1159489801
1159954297
1160011261
1160660993
1161047161
1161071209
1161328895
1163378401
1163655361
1163767921
1164632489
1164684851
1164893183
1165392865
1166053529
1166261941
1166904733
1168795441
1168981463
1170943927
1170981811
1172052341
1172464159
1172495701
1172605895
1173152719
1173663161
1173913651
1173933601
1174219201
1174407821
1175638859
1175679133
1176822361
1177477559
1177847041
1178125721
1178278501
1178650783
1179516799
1179531119
1179765119
1179888719
1180177761
1180712401
1180785623
1181340161
1181627713
1181764585
1181817599
1182631451
1183286015
1183403593
1183989599
1184490215
1185002281
1185457393
1185502471
1185906409
1186184519
1187065045
1188904079
1189385599
1189654961
1190203235
1190614499
1190750221
1191048013
1191585361
1191782449
1192207895
1192765417
1193658299
1193763095
1193939495
1194190679
1194268769
1194289251
1195908265
1195934399
1196302853
1196802133
1196862407
1197510159
1197782497
1199572199
1199798139
1200391921
1200847033
1201383699
1201387681
1201400407
1201800601
1201949894
1201963105
1202052081
1202362433
1202538529
1202776609
1203764159
1204629491
1205000459
1205711893
1205714559
1206001031
1206694217
1206851113
1206982717
1207338049
1207416781
1207707839
1208615407
1208750831
1208879615
1211975999
1212166657
1212684481
1212962399
1213363009
1213409339
1213560721
1213959935
1214288459
1214531209
1215127199
1215131609
1215521737
1216348145
1216577201
1216800431
1217185409
1217242469
1217345473
1217584529
1217917117
1218009599
1218645763
1219276801
1220014655
1220597279
1220774401
1221189551
1222225057
1222408945
1223266969
1223578327
1223824679
1224193731
1224742079
1225012251
1225069097
1225182335
1225842121
1226092429
1226405473
1226734277
1227035521
1227054049
1227325119
1227799159
1228170047
1228261357
1228363879
1228709339
1228867199
1228996439
1229262179
1229953295
1229986295
1230137519
1230169591
1230255701
1231136479
1231829641
1232199159
1232686961
1234441571
1234594559
1234657709
1234886797
1235188871
1235345041
1235382133
1235621807
1236061331
1236071989
1237853555
1239868081
1239992819
1240313489
1241043719
1241467919
1241475599
1242317999
1242377929
1243175473
1243263061
1243849697
1243919995
1244145441
1244425501
1245071189
1245418631
1245624731
1245697709
1245863629
1246264261
1246444199
1246578719
1247026769
1248034139
1249119001
1249194661
1249890013
1249937921
1250021249
1250523649
1250559449
1251631289
1252359007
1252465549
1253316779
1253375641
1253652713
1253830519
1254079799
1254412639
1254913151
1254933541
1255174921
1255281911
1255764961
1255844897
1255868999
1256460931
1257013439
1257250895
1257569239
1257984699
1258250239
1258543729
1259042401
1259561279
1259969041
1260195839
1260754881
1262087841
1262507519
1264373569
1264428685
1264604953
1265068939
1265286527
1265675833
1265712721
1266305039
1266564023
1267132321
1267326599
1267350085
1267614961
1268081849
1268110873
1268251849
1269000359
1269262799
1269479519
1269708569
1271172001
1271271781
1271292801
1271476777
1272214141
1272699935
1272723461
1272735217
1272874115
1274890501
1275268501
1275393601
1277298719
1277301599
1277819234
1279015189
1279210321
1280238991
1280483605
1280935529
1281137027
1281814171
1281867049
1282393299
1282978401
1283720257
1283817601
1284459269
1284642133
1284663227
1284828599
1285479361
1285598951
1285639199
1285655449
1285735681
1285982459
1286429941
1286450759
1286589409
1286791415
1286819033
1288249919
1288522861
1288562279
1289119265
1290178799
1290497401
1290899119
1290940959
1291198193
1291259971
1291310889
1291512353
1291529221
1291884287
1291920695
1292269141
1292447641
1292935801
1292939929
1293079789
1293269429
1293366589
1294004041
1294325999
1294629407
1295175959
1295218849
1295270461
1296032581
1296153001
1296221185
1296280553
1296285461
1296816091
1296945157
1296946079
1297206911
1297212671
1297659683
1297842085
1298110799
1298111521
1298223071
1298826001
1299640681
1300495679
1300981281
1301620849
1302000929
1302182593
1302328009
1302449543
1302456385
1303012514
1304084101
1304189699
1304708579
1305467009
1305838479
1305841985
1306131841
1306145941
1306220921
1307047681
1307202101
1307215201
1307247481
1307677679
1308240577
1308364201
1309341601
1309993633
1310388199
1310934457
1311654565
1312369501
1312772399
1313100647
1313281619
1313374609
1313784481
1314515411
1314920669
1315049969
1315166221
1315231787
1315504513
1315610549
1316091601
1317126271
1317546241
1318350383
1318749301
1319561519
1319710721
1319833285
1320012139
1320216299
1321279399
1321673905
1321995311
1322692591
1323651151
1323744695
1323967931
1323989479
1324348279
1324583749
1324678081
1324895399
1325120257
1325286769
1326396583
1326993007
1327728599
1327765391
1328244661
1328732241
1329003193
1329310801
1329514831
1329684241
1329957719
1330119253
1330728481
1331379839
1331955781
1332402721
1332441049
1332481631
1332867095
1332869581
1333179289
1333327501
1333807487
1334237741
1334391385
1334447911
1334590273
1334958449
1335175919
1335421009
1335835483
1336057277
1336431919
1336433629
1337529995
1339006031
1339224301
1339787679
1340541215
1340801101
1340850061
1341034991
1341131111
1341157355
1341440257
1341646021
1342174835
1342383841
1342443217
1343157817
1343467619
1343702359
1343717639
1344143999
1344284999
1344290641
1344767887
1346566267
1346857381
1347487201
1347661771
1347883199
1347930721
1347964741
1348450709
1348702289
1349146799
1349181121
1349184847
1350031957
1351008337
1351214593
1351551961
1352474913
1352805601
1352944405
1353137281
1353344161
1353428999
1354481509
1354825921
1356268321
1356803671
1357047449
1357388879
1357659997
1357790111
1357822135
1358263621
1358774351
1360175041
1360394639
1360504959
1361032001
1362332881
1362715859
1364440897
1364757839
1364963641
1365343613
1365681409
1365850079
1365955865
1366346521
1366348553
1366971145
1367923391
1368549001
1368958033
1368980251
1369645199
1370223541
1370593727
1371145919
1371656341
1372098001
1373180509
1373550751
1374674111
1375042229
1375241533
1375244317
1375405055
1376016253
1376141701
1376769083
1377123839
1377632879
1378077601
1378241171
1379516831
1381218695
1381598315
1382101501
1382727599
1382782415
1382836355
1382864521
1382943899
1384871093
1385361913
1385493007
1387601369
1387668601
1388564079
1388646001
1388964457
1388992319
1389747745
1389872735
1390027859
1390050431
1390102561
1390278241
1390569335
1391507249
1391961431
1392006337
1392162299
1393031615
1393108129
1393179061
1393190399
1393350959
1393949593
1394038801
1394244433
1394986609
1395063215
1395397961
1395708421
1396644479
1397844447
1398413983
1398767601
1399230289
1399464007
1399755601
1401037559
1401479581
1401979121
1403872019
1404187777
1404679553
1404978907
1405691239
1405791969
1406106703
1407099455
1407815441
1408146481
1408458635
1408563901
1408776265
1409300087
1410529049
1410981011
1411471619
1411845121
1411913287
1412149201
1413337211
1413474001
1413689639
1413842149
1414101481
1414406533
1414536815
1415000159
1415967839
1416280321
1416307870
1416646309
1416815135
1417033295
1417268341
1417453829
1417534981
1417870879
1418337539
1418381159
1419405007
1419549769
1419993973
1420388509
1421137829
1421397745
1421405023
1421928001
1422680271
1422748801
1423397845
1423618561
1423653869
1423659301
1423775851
1423916737
1424000049
1424724571
1424744301
1424996665
1425924397
1426235399
1426621777
1426675679
1426899013
1427120905
1427385071
1428286609
1429570659
1430619839
1431609661
1431978241
1432175845
1432288859
1433060079
1433120039
1433511799
1433747521
1434189397
1434735457
1434959549
1435075739
1435109407
1436124241
1436175647
1436235499
1437325921
1437854797
1437880081
1437900751
1438109101
1438110577
1438437419
1439070539
1441042231
1441106717
1441351351
1441551553
1442446949
1443596231
1443678443
1444611599
1445378453
1445406143
1445415841
1445954003
1446915119
1447396933
1448798021
1449081901
1449772433
1449805249
1449899263
1450298519
1450426769
1451726161
1452631949
1452914819
1453294439
1453686751
1454156061
1454313277
1454804911
1455230701
1455461159
1455875761
1456273589
1456434841
1456847495
1457130751
1457786657
1457929499
1458192847
1458395965
1458552971
1459113319
1459281097
1459590877
1459824001
1460134059
1460699135
1461696133
1461711455
1461720959
1461972481
1462025899
1462684081
1463828041
1463849353
1464268895
1464514259
1465192801
1465488591
1465732039
1466015041
1466453567
1466493319
1467422249
1467929001
1468369879
1468389671
1468641421
1469204353
1469205361
1469486929
1470162707
1470240239
1470431831
1470623999
1471135249
1471328495
1471485799
1471487489
1471969043
1472004039
1472269987
1472446081
1472954029
1473369661
1473563519
1473600817
1474378273
1474817057
1475248033
1476374095
1476888149
1477537501
1477804861
1477980305
1478513069
1478951437
1478958481
1479150061
1479939215
1480368239
1480549499
1480773121
1480883361
1481903281
1481990773
1483345177
1483864811
1484798951
1484810015
1485085069
1485501121
1485549211
1486815733
1487137801
1487498333
1487764961
1488698399
1488774673
1488774721
1488906899
1489378081
1489429619
1489602481
1490275807
1490293441
1490464471
1490755207
1491024779
1493302141
1493394209
1493857729
1494059023
1494194939
1496179801
1496350801
1496871487
1497089089
1497931799
1498335721
1498478101
1499255819
1500541001
1501029037
1502320139
1502395739
1502471917
1502921927
1503154619
1503275399
1504512001
1504894681
1505014849
1506500831
1506778559
1507709615
1507779809
1508688361
1508744951
1508851799
1509020929
1509030629
1509243709
1509438839
1509460261
1509658561
1509700031
1510534981
1511593777
1511736185
1511988191
1512948799
1513035301
1513712159
1513771349
1515057841
1515240749
1515388877
1515628081
1515733379
1516286849
