48545
54795
55895
64897
75905
91655
121771
159935
165509
171159
184899
188355
208559
216215
229215
264979
286937
311037
332879
361031
364007
364895
408855
423827
435455
536129
540735
549745
556205
585089
605567
615901
621105
641915
643565
685763
726895
740345
756755
760747
766335
799423
843695
966395
1036295
1067311
1096705
1116401
1146795
1201983
1238705
1253609
1273285
1329335
1399465
1409849
1471571
1540049
1541905
1555935
1580905
1589055
1611195
1620527
1621099
1921569
1950103
1975265
2053199
2141665
2155055
2171665
2237905
2278919
2350271
2377101
2383721
2402729
2473415
2604995
2739455
2781251
2807839
2878161
2902015
2975855
3005015
3007185
3151511
3159105
3180255
3205005
3262735
3297205
3323795
3349241
3430889
3438505
3455439
3534985
3703531
3727711
3825289
3878709
3971045
3995951
3996955
4022641
4035367
4340305
4450699
4472929
4798599
4922315
4962035
5003855
5032455
5071405
5168449
5254955
5257265
5506955
5634615
5744879
5891095
5962199
6037669
6111755
6122831
6146495
6191835
6335399
6359961
6526345
6705609
6897799
6943265
7146789
7285265
7389899
7501955
7584515
7659455
7669311
7758935
7769593
7929615
7978015
8055321
8119495
8549849
8687735
8716385
