1099528470529
1172812402961
1466731330901
17596481015809
17660905521409
19007003611729
35600478617985
36283883716641
282578800148737
300239975158033
304633440375121
429333520792771
1125904202072065
1287371349219913
1625078185852189
1688025226549245
4874135045935441
6734579582965501
9043487435530497
18014398643699713
18295873486192705
18372106292384065
20587884010836553
31586845351742983
72057598349672449
72339069014638849
72340172838076673
144115192404377601
145817335966515585
154921463232108945
288441602672695297
292809929344225345
293949215369089345
578713656058446081
1152921509170249729
1152956690052710401
1153202979583561729
1154048505100108801
1155212965373575681
1157425104234217729
1201707651435157153
1224979098644774929
1230008127382319377
1230383710970943761
1239390635343583633
1317302969540018761
2235968977655331871
2235969045267512351
4621838914169344513
4629700416936870145
4629701521821401345
4638760461536723713
4702111234474983745
5435040697840458601
9223934986808213505
9295429630892703873
9331882296111890817
