1
80519
107663
1284113
1510313
3933023
4557713
24849833
71871113
80646143
98058097
104832833
106694033
146987033
168204191
188997463
205428713
332693873
333681761
336327863
380284847
533039513
552913169
711999113
725943719
805031663
1000519033
1069441313
1476327353
1610020913
1717336121
2169124823
2391982313
2634712367
2910354233
3091112393
3190724807
4178463023
4209804743
4774192913
4947595769
5252189663
5837941313
7092402503
7365864833
7482638113
7486571393
7684641113
7830496913
8333530097
8366213681
9205626623
9330954287
9626312273
11680010513
11747490983
13214631623
13677790343
14043804209
14856266873
15394685081
15455131313
17219736473
17619683153
17960720873
18565097807
19261865921
21743727143
22424858033
22718080193
24465197543
37281059393
38702053943
39602032313
40736662313
41142359993
41860320431
42949044023
47776542743
49365126113
50160211943
52493686727
52995466367
53713991183
58172326943
63108896143
65641238801
67372422233
68383847201
70572038873
77275225913
77891688599
80548986623
86649624023
89415331583
91844537561
94240995503
96602937503
99251824033
102820527959
105554491249
105820661993
107735359967
111230765033
112490611943
116534538863
130856497943
132163412063
133106891561
136661183903
139003811303
140964126713
145664149703
148938340073
157777022393
167570566433
175771426793
176094194009
177358262153
178394354023
178823840711
182593778063
193966217033
199421052593
211714876433
217335721103
221183444983
221812141247
234356845487
242227139783
243599810873
257188940663
271863352513
273775765001
276794127383
284951626313
293962226663
295689591911
300015249463
300667708633
302669869673
317750799713
325268628647
326373078983
344690143529
369119990663
377453766113
387809940863
389290703393
425505904313
430013215079
430984833143
440182878713
451339286423
478595858087
489526630313
501955466513
510613122023
527025761321
532832247833
535402993703
537546724943
538696346423
545693497673
546840041633
556231224353
585920737513
599617849463
600005728823
601962540953
605535485783
608280071063
613403674943
624299934913
627454024313
654264258863
657406695743
662974509113
676854955823
680688873833
687097267313
692164051313
702588905807
709955153177
713742413513
724613106839
788708582393
794317258103
800225963807
828335023313
848651251343
905500087223
911760200159
926222956313
933072102463
938635210673
953203371863
963827950313
1012456942313
1017638556743
1030150402103
1031399704913
1035565026503
1054914360377
1083049132991
1099218313463
1109045107463
1138308854183
1155919022993
1192672818113
1328067968273
1331987385713
1336960147793
1483612654871
1548766585559
1604357955743
1616716521833
1621766871599
1634862489113
1649802637823
1662044653679
1676991959033
1679907885233
1760107148663
1776272030033
1795848216719
1847838361199
1849121577713
1862975901113
1875042111047
1918826179463
1919003455103
1944341719313
1949689498433
1986651845393
2009424665063
2014611634913
2074800503903
2085783815993
2106565789433
2120322766073
2188050430913
2191647229727
2228473901063
2248588661183
2275364781113
2295492042113
2305254148313
2311437808103
2315162650433
2330817691703
2332798792583
2349718068473
2388292333673
2417639522513
2505482313329
2596021545113
2720084270063
2786839101833
2800704404713
2840877317273
2864967230633
2909681350097
2986529266463
3009071312033
3009854962481
3023785911713
3041394314063
3066985328063
3074500627073
3129274124663
3131372510039
3156309364583
3228621743903
3271303063463
3287674337063
3291920145113
3300647776223
3312337779233
3316985386079
3408679303673
3434302764263
3453872918423
3486153944543
3506132253113
3506741228183
3615970216073
3683716923983
3691529257783
3711287341313
3728785179263
3759018384713
3892065619943
3911259472313
3917853009263
3946156631753
3974350964513
3995926142513
4022020770593
4098335628503
4128630253313
4159489754753
4235746563527
4345298391623
4378790330303
4456046275583
4471102814063
4847141697017
4873750838303
4931821943423
5002972889513
5024366167783
5068894728713
5173586829383
5220170812583
5252472893663
5295033135113
5414971792577
5600690339393
5673047320441
5677268077313
5723504982839
5726162038097
5838205299713
5908129530593
5915821599023
5952975840833
5977427286023
6094630123313
6198033051953
6519536360663
6522375375863
6623982783863
6888830656481
6930357986983
7120683448313
7208912367113
7246269057047
7346940862223
7436782494473
7636825959593
7708152484433
7800305340713
7845855120383
7853354939567
7896400774313
7920979385953
8010291687503
8134022465663
8149108096553
8225940697223
8309682733433
8331741435713
8420011340633
8472174651023
8481489014873
8489203758833
8830153115753
8867768995313
8875701720113
8886518345513
8898328880777
9007343045663
9198728218033
9287952182009
9331794311063
9344747571023
9585744500903
9630619723463
9735145276577
9978827536607
9986156979503
10097090943713
10184354988143
10211090523113
10377291842033
10443503457503
10515527159729
10694891925977
10765040651393
10919327703953
10984315324703
10987171593503
11039520536831
11151775124063
11238590070263
11356637228633
11499993293927
11511748774103
11679614562263
11688322822313
11700870929633
11703531076727
11921786135393
11994474223463
12126698811959
12127216047863
12353113573313
12472343843873
12551768302343
12595684235063
12743542595273
12757571174783
12942140924993
13055266270313
13156809062513
13486898509223
13611555176423
13714030542713
13734461559263
13782876936017
13890792754031
13934173053353
13997152860191
14086090583663
14295278947073
14553869758313
14598686968313
14720526653903
14822565585647
14992421521193
15033292022249
15127608861593
15389208330503
15472674544793
15627527601263
15632916409193
15767316091313
15827008546031
15883533950543
15932189046263
16143547451063
16389639627017
16506372151913
16611959738633
16650094968623
16766413935863
16908365897231
17522584045313
17546615753783
17760354152063
17970474920873
18104611477193
18416493107513
18417840883943
18456914932673
18546641456063
18668423660153
18810073984433
18944976115553
19121713988423
19138237457873
19202760592271
19303999300121
19435511353433
19618467819143
19674611775473
19717534809473
19987220129113
20071008362633
20120636157503
20179043287673
20221630986473
20691669523487
20707582585463
20809339892663
20924982583313
21064498470113
21102075869513
21108026595191
21214034138903
21410082060791
21435023723999
21536687062193
21548033598713
21563372148113
21728034960713
21740502038063
21963411146903
22094763110063
22240317263423
22258787308313
22563765901463
22578010586177
22790680125623
22835158358513
22955461071953
23323096887503
23538999226313
23662971897593
23815336291313
23864039210633
23933139933983
24161563625063
24187252695143
25005211490903
25250396542103
25481611735223
25513540950713
25773117305513
25908801071423
26243044099223
26257941535193
26605603506983
26836106368649
27021500407193
27238850160113
27293585223713
27567133905119
27586957351073
27881886902513
28098783754073
28478619216713
28572328717433
28626214567073
28887205965503
29308035666383
29490304201313
29589817287713
29685648171713
29851959456263
29912931506633
30406006991903
30425534097287
31226577363713
31388524205063
31676736158063
31772927026319
31872140850281
32120215982663
32398051269953
32484414960113
32589749617673
32691173619983
32882073154823
33358430938073
33836287060063
34042553316503
34079328733793
34223416888343
34291243846463
34672577269633
35380375650263
35588533262783
35776883730911
35852040580703
35985370587953
36054790121543
36179722387463
36209753393783
36210215976953
36368402586863
36862543692863
37110990874073
37158851498423
37210055804393
37367234327231
37431250225793
37435891055063
37513791007193
37657439843783
37664708517167
37971001721153
38590641030263
38782509543113
40279043527223
40491620976713
40559636103113
40650271267271
40897119288911
41255187793223
41454017655863
41938419504713
41988095868113
42307719751463
42348906579623
42509276546783
43209398687903
43636211451743
43884059767433
44042190021743
44198287904183
45849584622713
46469983887113
46521334395113
46570971518663
46614349895393
46896934637273
46979992048919
47104573472303
47285198837663
47775418689863
47799145497383
48050458521233
48143485688513
48347662942313
48534357572663
49005299998463
49017759221633
49081596664601
50085558492503
50568021345353
51263853795953
51427283643383
51446453809823
52251424992113
52669279673663
52939906644983
54224035068263
54822996959063
55380073321913
55440235119017
55815693782153
56832186253343
56862023986463
57181183310633
57482800817063
57520538181383
57731349913529
58592977034873
59111779505279
59225529453503
59309303817407
59399489472593
59993250166601
60586717933823
60594743545313
61007221107113
61100568345863
61175766846929
61180411440407
61300026199913
61340014699967
61568673089567
61602931310113
61706926797863
61809933653153
62358576790703
62389172019857
62657615956073
62669047359263
63203068342823
63335621745743
63618690905303
65480299290473
65695756939313
66025509820799
66521651866313
67480328045543
69272646647783
69495860575223
69498138515383
69541980924983
69591968655743
70155091246433
70534096718663
70578541197383
70727375339033
71041375155713
71692868460623
72153749960663
72763603530503
74170876027903
74351381797193
74567731594871
76518355130663
76561472134193
76595198807663
77048619205313
77365667069807
77457234206633
77793364582313
78457880005313
78528704993393
78853486173809
79216165813073
79405981066913
79874539084841
80012768342513
81003516806471
81276829369943
81445801009073
82122483090863
83084174582063
83222322678743
83291243897153
83772240019001
84048348156143
86149673225303
86415169262153
86730170450369
87108149870177
88865734657343
89503474532063
90461356171313
91311546063407
91581705158423
92601165225713
93572891877713
93950705000873
94090176916313
94542105242183
94593680328263
95339065513247
95821257066191
96561854127239
96618695850023
97315510073513
97696018245263
98008107789983
98994294912713
99677564480513
99698858997953
100012889094647
100470177347513
100498740786263
101503210114103
102888770779823
103610116358063
105792654347903
106315618375313
106878321216761
107294270435303
107718823079753
109198231565513
109221718703873
109292090733473
110647102879913
110882649532463
111518223557087
112099099784513
113066982381623
113262636534863
113268639706063
114636819131663
115149711960113
115267200353663
115707476103863
116026763558063
116287968431993
116292462859073
116921315307143
117018921340913
117349278096551
117362915860313
117756444039713
117832326997487
118435697222783
118505205338657
118564810425023
120030855037583
120107713337063
120256705134473
120522317502713
120965538119423
121431407480807
122070780456503
122149945024223
122251540820063
122649502971353
126196137867713
128127356254463
128970786844103
129340194572903
129617597050673
130254814177303
130994576484503
131052804864953
134074170770513
134905850284937
136068912484313
136740747860663
137534608871303
137701554080063
139357320902663
139783953114449
141977307221393
142524867972713
142675014624833
143865026414753
145151983432913
145759419155543
146088130215983
146262626387393
146612360819183
147032981687183
147065616315833
147661013352353
147973809265783
148151120138753
149326880842913
149540134026983
150008089970393
151199013889823
151430153898263
151559391075113
151623834795713
151849761243863
153685427041409
153690280448513
153691467588383
154538087992943
155067569909753
158463051028313
158745556759433
160605588898463
161350174850729
161787006078233
162350229124463
162737693199113
163039924127273
163463545452263
167102702114303
167378082035063
167535951526577
168444210992663
171099346920233
171604307674079
171933339055433
172854234369383
172873864402103
175073518339583
175641304815113
176595429516991
176609917570433
177676602607103
178086121193063
178814023476953
178873375653473
182783733801953
183686266471793
184510260097463
184890748505873
184958944398113
185115113954663
185502080542793
185746094731313
186934615778873
187260305320463
188670941708783
189596505526313
189958514432033
190450337369351
190541006068991
190830964914167
191702609528063
192909134164313
193264868662583
193851561993863
197946738512513
198250035897623
198744872182313
198929454024263
199183362460583
199344025438313
199418361468233
199528834146593
199757069003663
200154300501047
201760200218129
201909804731663
202260258015953
203369736522713
203748665622233
205834890860033
206073519405023
210740229552353
210744702599063
211483652938313
211832386052279
213536468351903
214836069842873
215985437014793
217694340219263
217739944453433
219126531916793
219381372608063
219682196753663
219703043894153
221071942760153
222503085059063
223458339092489
224213990273609
225586999757543
226115655383633
226865684085863
228465676860503
230081357514383
230232523483463
231445946815727
232533680507783
232870798337513
234843928584143
235291574017121
238400454850223
238524979612433
238933868922743
239027615457593
241060856268623
241325301546863
241372964158673
241382256197513
242053958799113
242199493826063
243331728575513
243789959374943
244223481449063
244406739385463
245653623181313
246870630106601
247708180332113
250252528365263
251393686469153
251493725117993
251762674044263
253199503105313
253250910830033
254443836102593
255509314049633
257252388983753
260115337736153
260144681409113
261516685361873
261803629868753
263113259793913
265807097682809
270222773850383
270623634016313
270943887906113
270948114622433
278215328025343
278765747509343
279193151030063
280577781419513
281525817258263
281721103294313
282027958649663
282517160472113
283620219725783
284177564488703
284577467122463
284641633553063
285728023543463
286081278927593
286244182491313
287340332404703
287403257443033
288302020533713
289328091692063
290432128214729
291146697420863
293150202551663
293259030284633
294122195068433
294311159172713
294609250698263
294856330693063
295622723391023
295641940245503
296900543551343
298513216754393
299781347959913
301723097039137
305048761963313
307643649865943
307777099085033
309598061692511
309965171195081
311600195413889
312060705639953
313407524960303
314728944539783
315546458693351
316121264694113
319155604172263
320202950357063
322679958243143
324309947024993
327646659589673
329110530513863
329876146232903
329980460530793
332363932741913
332365041914063
333671000989343
334855214418407
334882094252063
336947109554663
337050356040473
338954014401503
340073708527823
340326474524033
341271534597593
341645135934281
343418080235423
344865411721793
347161771805063
349192302282401
349383034090703
350112685503263
350535817750073
351952975936583
353456631662063
354292787387273
356364080261393
356444855852663
357298504807073
361124807144063
361995636183143
362578835304113
362709383002313
362982423940889
364362929293391
365157509784953
365931891106513
366389851003313
367516657815143
368219987803553
369219231831713
370350392409113
372415670956193
372721775318393
372828590564063
372860404118633
374018346836663
374850472048223
376084392052793
376788648499673
377497401109553
378131479673063
379638812613209
381195987939113
381649067593361
384030978670697
386732781767063
387255579026663
390529232713967
390794678024303
393307823935913
393323085490433
394044365762873
395685542507063
399284704525823
400598011483313
401654538747809
401920035905273
403946108391623
404158665232823
405300870937463
407435344320263
407566622656463
409721669915513
410220275244863
415845976648673
416584011900473
416795448500393
417075588710897
420017037967313
421942185635471
423289405346063
423552764135903
424081907279993
426825274064063
429512132697863
431424999867383
432065834893193
432706245134807
433094032783913
436993793447873
437351420701913
437867686936103
438197428900697
438295320381713
439827111567113
444251120983313
447388321026623
449836504931633
453646869053153
453935237561183
454903010459783
455283301809263
457751543158553
458654523335663
459209660641583
460027005829073
461644427795513
461760523914113
462107667768863
462600413256713
465089377915663
465663001982063
466625115725423
468920872672313
469085912544263
469362803775863
469747291155863
469957310249513
472334033135993
472477436704697
474254864472767
476631703800623
477276164072663
481817802237383
481933830305183
482730950591033
485468887202033
487626886772393
488816800984463
492524895398543
492898939240663
492948505767713
494061297372143
495685361914943
496338439915313
498795091800233
499662344400863
500058005389583
503276633550983
506374603456343
509661371232839
510982250217863
512609399715641
513180536661137
513506444205913
514241106822383
517627841948753
518980567217873
519935487626471
523960927807433
524591195919863
527142504173513
527739873155303
528265427160983
528516652316153
528774242161193
529604703947633
530136024910223
531378014489879
533780873409263
534507886597913
534568697656511
534619146476993
535729503607799
536044825986863
537114482469329
539857005622313
540508782592433
548197612801097
549794830420193
550603978693511
551770062672263
551908308770393
553926400555751
555993462598217
560812192913993
566540324468993
573980396504873
574385535366143
575858020662383
578210120304863
585890785065023
587646716307503
589998850464407
590364725666153
592684927451663
592686727320713
600129828399503
601435363958303
602229196676993
606051236848943
609655824558113
611500124816543
614968674080063
622728667087223
623485526279063
626570356581593
630656286370223
633198737460713
633318682899863
635351888638913
640998576809663
641880029758193
643827272826623
644025831585953
644798459450633
645531954725543
646093328986823
647438728009343
648843081244313
651532812218663
657439723189673
657977473279913
658722037761863
659356360922903
662963525845583
663629149913593
668475302342183
673949689846313
674806320304463
675944433676103
677186695261913
678399876343823
684396757768343
685267460104343
685945240304513
686189607496313
686487996383063
687465261023063
688260596209313
688914012541343
689690384568983
692122431730217
694981823996543
696673146675713
696912924317033
701155932705113
705986539299983
709927346941313
711215220993239
712445617639553
712726071544913
714142056360919
716362120396073
718579332473063
720237889183313
721433672410487
725453944553993
726628549184753
736202742644903
737577826160753
737623373889353
737636706313553
739137511875263
745436485719113
748676010384383
750556996847873
752424421846433
758450560273313
758990895123713
768527298215177
775107280653983
775158256718423
777401855060513
783981715316513
785694826265927
797900245708913
797942373153503
807317098442663
809333391085313
809952634347863
810365160853463
811378859757263
813899072985863
814730473674527
818861685873017
824513910572567
825694705043303
826981627652681
827556319187263
832490856066713
832649641848239
836998038656033
838287806448593
843135302877953
847654794997313
850840158941273
853036298422193
853453049320823
856830916833623
867459880053113
868093748146463
868637629608953
871958696844263
872350863188063
886870072792823
887185579748657
889599359313473
900203857569743
900324910066313
900688306046393
906668441620673
906756912070367
909999868613063
912321508799201
913789068373913
914387425050713
914855163816263
916132431276041
918253867827503
924281191320449
925173128731913
927765219954953
930125335505657
934164376966841
934912366982039
936929796141983
937023866118113
939664673586503
941061963694793
947491607652233
950375307072263
950727588785657
952240564533143
961850337029159
964487357800313
967586811520343
967774357673663
971005226607833
972026929716743
975271705019063
975353405396423
977905975631063
985708759252823
990285501830873
990951898207343
991185887110703
995473511805713
998881602559943
999433979100113
