
# Carmichael Multiples of Odd Cyclic Numbers
# Data from: http://www.numericana.com/data/crump.htm
# Some terms are just upper-bounds.

19564907650561
46042045984585
121740903084961
176887172040241
196882154538265
268697616250465
297999136436977
335245011276385
459670857655681
558792939952801
770332395632905
870060453061801
883151151793345
919869214544785
1512897680729401
1615943582135065
3266138509252201
3539274926662945
4135292634607681
7560981446860513
8164553890356865
18798399976633201
97940198679732865
19389827292624042801
20807336597168475201
24354644805191195265
30090648873754779465
30796418521959806145
31061731865190946305
37632639226277034321
86047841876705126601
97629125640896501961
98941967334275513001
155430091992394720257
175151119571122982145
179488857170149499841
192752970457624765761
206116489352712476721
401998541941991167041
602676024377414549745
731330689239874466601
751190089030052734185
803779319037774333801
1084527196278756082161
1454162635820073015201
1776051810626544336705
2066101438765353669681
3257507467183865324001
3719863875476635754001
3855139981347264164985
4729297330092026854401
7054680006064724777745
7467167622488707212801
8013602942157895592385
8846470928683112890881
10234377578232497043201
13630051725155410947585
14273651174491346792001
22544660102863908989505
26459729919429771475281
47680537491543886991601
87027882027226845393921
114593508055911048606465
129588850685420778994161
161053591977104597648385
228249992057250389135001
1043689041704091875652561
5381407173960696398913345
11247058570079728806193785

# Extra terms
454520922164401
