# N = (am+1)(bm+1)(cm+1) is a Carmichael number where a,b,c = 1,2,53.
2824401943948644481
3504123994595736241
6178203067854942721
9080112562563550321
9540002020233355441
13124826505552759921
15911424042147913729
21451444643036594629
25051945258865278021
37864314689836478209
44025910547530118629
46900978530674261029
66813802587082495429
68311676567422858789
76543884510582338929
94752620748025234801
147308901450011856241
161600183474397649921
208365984686802708481
214292636267060387269
224974539031787187889
225810616393731540229
246503010721536536389
275051780547323210929
340793446556582720689
355993116098062953841
363989676096819156421
380814473342455683589
459989621291018151601
469470395790413103781
478251735010443115429
486024654333356171461
515922826066435393201
686368379771217710449
762064332330934193521
767728580229067082341
805036355128301501809
1062957477610784362609
1074757088935568794309
1097656499688211032901
1301260416957720956101
1312052864351401765861
1433011098109158271489
1460733936742661825281
1502985018011701784449
1699350815849813454001
1914899426471837443969
1981804933174936406629
2021242706654949525169
2030640181574766939781
2072188411154971600129
2142688232077604763589
2279053166653822068421
2339791478835157826929
2436584538451215359089
2769531213272065291009
2909849272640369586949
2960756045144817771889
2968209760830210280561
3326774188179423496321
3399744623664444991489
3445888592247115557349
3464462459203327858501
3731546425020915382309
3844546796284362187441
4289489863955111064229
4313372835963620211589
4807259463380461266181
4982970942010855662961
5102458998483452868481
5196703548763039440241
5581023176400506181349
5595240831370048512229
5767740355335853268389
6145998356073158617729
6651598317110068365829
6720499978381909265281
6907106209571241399301
7771025462291735644849
8227845151508099379781
8805782618020783102129
9216312465534671303809
9315902580827957252209
10373002698693655087489
10985977246513140342529
11183496854289392231041
11410808413120074195841

# N = (am+1)(bm+1)(cm+1) is a Carmichael number where a,b,c = 1,2,55.
34934302688588161
55849298237789761
80915238128739961
95167112646868681
296544909940036561
428055630816977521
505326288708475081
618143163422233681
674868820218861841
727263570968997481
931893783374764321
1020552151979319961
1064441191276491601
1079345706948074281
1198261727954851561
1383675305653920841
2060215188318126841
3187347561261217201
3638598943502412121
3797973525597210961
3821114270332390681
3844348821132916801
5760801934238384881
6540486552702822721
9548747118386675761
9742188495714074401
10633564971724780801
10841344120226660041
11846816545105301761
12679060039828277041
15584652134875410841
16643626231478125441
17301465563482155001
19619066717601991201
19861595928142928521
21578704473338925001
21948459314199171601
24816751651658349241
25019088957611987041
26088990707844233401
26762313777918368761
30813171508820310721
31281746260399009321
35253465009109517281
35972291349580688521
41791493318142720241
41848644148790364601
42654234932912528641
50051822967518341201
51220429205779256281
52340683822013386801
56424927174265346401
56774559544781707201
57619563533758546321
58116332782121423041
60789602922992100961
70182750874246175881
71809329075372265081
72219863071468574881
72631958775495799681
74212217502526878721
79527992204463339241
81473548115353439761
83541195453920644441
90717428245596065761
97386820406251070641
98495483704319730601
113126713114999232881
125418935930713114801
126014137291337895601
126611218779682091401
130721464525457588641
137683567284747580801
137810085718654163761
149650581738063180721
156160664532242713201
161165220932337821761
162715441929002464921
169464327797326972801
181491132510241666201
190611057481038634441

# N = (am+1)(bm+1)(cm+1) is a Carmichael number where a,b,c = 1,2,61.
633968199597988417
7560981474347628097
9858834003058980097
20318627536357600657
23603599851111408181
24880641046968141397
52383362837700900097
59715188882215841857
73370368829739052597
138938089867527315457
159127053787072526401
213247833445116778897
220123639701180597397
325175673192251811637
346214915661431383477
369543042525424328257
382306814397540148117
466087261379151908497
469368593289237612097
499596299490650228497
504411931814727720001
541881081888957706897
621105261010289115061
634279491847295728897
680379041149670903041
714639812576893512961
730425134179218732097
846502279425459102097
906336704641681038097
916575296108749018897
976410717598820665921
998006984163984674881
1109608292087544362257
1244922724291273773397
1543311521151200469397
1635260019940198588021
1740227407618259865397
1840581842369932522897
2065056980496494223121
2123891703849695148097
2346282724931980169941
2618699812135198963777
2632172867713182928597
2636327700805689174901
3029576565161139668497
3075413374506001086097
3118221931455246618517
3374856687061225329937
3383440727010756382741
4118335126503215532181
4811567415463269305461
4938383788000524804097
5375494391104028743861
5600827276637092705297
6612959476721509170421
6885217705085137701781
6940550832566403340597
7000164445331436315637
7795758610931222864017
7806468788105130545557
8649459657157434642997
9303180919613247724597
9412000767118918974097
10718387219424585570997
10896738730766777281537
10998767063903268202897
11079764121806456172097
11234752183619669370037
11988566060307931749397
12037124881671784157761
12154776410675651841397
12500589204475854081601
12805149916396730804437
12930745929963185750581
13154077220249195979841
13602064989125380627861
13735933971509787456577
14538160836287559229441
15381132200982942531061
15391238624742859946257
15499316073677529584401
15536584216775584290997
16572623207885684163841

# N = (am+1)(bm+1)(cm+1) is a Carmichael number where a,b,c = 1,2,67.
126067633471115113
170865885866771041
840435056737945153
1983207263408949601
5648806956525202801
18503336563379553601
21406249193183131201
21885566286126060121
27581914050094808713
28456238130689313001
34712435370267687601
41185004108776727473
42074526630595852801
55125378345755257801
60538048684620221353
71088281634451235233
73227476777380178353
73443726371332938601
94059009263913237601
99257492879988456001
102331579018844967793
108107688899387977801
110790552610680478321
136632670422322143673
142611515430923495881
154021007290829580001
164536454658260056633
169401599724669277681
204296608778181926041
206599272673003741393
234517147809318387001
237104717897472992953
270732447557924678041
307117240245162678361
327497564007121290001
345407430126533373601
356150301382434297601
359260090121226111001
377240734395506115001
398000390036684379001
437649028873623652801
468005448155833902601
482879506196734756033
550789162325234784121
554946308232699594241
555363169550245278601
567120211407826140793
575618911846573827913
628399918731712990633
631574605991046849601
677149193010029965513
723869602595962430281
741928950361944267001
792606847107060607393
815013912370005937801
903086369584449998593
948837918675593139601
1179217604574232416601
1303916928477340335601
1350873654397143631393
1686014837725752363601
1773148232438339378953
1861364817138548186761
1871655904173353902801
2166120419091154040881
2292480908340782472721
2319409822968695591521
2346548798745691405321
2434814638324338743881
2452729285580538117001
2526411200947321518601
2681744643049470306673
2690091864720922296601
2706838235409362854801
2729676414113195856913
2808044549165910908833
2814925193125671071833
2990710693657305345673
3024141723670039023361
3155043932072769652561
3180334754301818190793
3318419651932317156001
4283489384101001345041
4375290018049347054001
4598552833739958322153
4755607496504813079601
4852242456546570893761
5385376226534051976601
5452012445502101037001
5710241697375299479033
6192794591892641952121
6200781002055719772001

# N=(am+1)(bm+1)(cm+1) is a Carmichael number, where a,b,c = 1,2,19.
1329494394552265
33337637281493161
90108905228311201
100167761755429369
200352415251847489
206315919167007409
210356616564719689
244597567425493129
438166414070774929
642767157819711289
713738775634276729
924468738415875409
1012216498329847801
1251481023573522169
1423009038247590721
1652549318491564921
1891431541478567089
2177305283554102129
2670119995346155801
2782303668595081201
3162324940775264881
3305636410382700769
3495413968550626921
3828552475245085729
4490961649064416681
4858503600072951049
4926870750361257961
5068022411777144929
5543537248591515265
5550743289090463801
6186347971529531761
6429705478777760089
8318831902305091969
9314376901494819361
10479666538205875921
11679018663690424201
12589506665323820401
13809161965047871321
15530640133049578321
15796966828326573649
16930596787145018041
18204170492368226521
19020114827993747161
19935625058870561041
23436431138434877809
26713990018859700841
27179035623262584601
27544446031242266281
29442617723487531529
30777896600621627689
31460414563316600569
31667119810842149281
32269350133491768529
33724141561641529681
36903607864738419169
37325786180505366601
37997551052601623449
39112902091361729929
45499911829175826961
49139151303555453529
49992445462372736569
50195566154567938441
50273835759427595281
51489482515255855729
52902606608210605201
54374350732243435321
57177092760608417689
59511924165974781169
60092167347704028601
61246077149222006521
63873214001776705681
67047711415569555241
70521765447186351481
73911111974025797041

# N=(am+1)(bm+1)(cm+1) is a Carmichael number, where a,b,c = 1,2,23.
402739596480961
14375047075491961
69560442007012681
82031474267047009
220462393623543601
251596967883938041
282328920034009441
343770168813396361
379131141612530089
415184157313909849
435203236245249001
763879084813677769
799115228184114841
821028277619690929
894661401541160569
905725016592526681
908505099041096449
1051804646392473481
1125571414616144809
1171114993521661081
1191003842985257929
1250296515218091409
1281541754172629401
1415952329866339465
2246541715431300169
2863068508784293801
3882945396629079409
3986460815725111681
4280578982754705049
4552051523355833641
4592916646698724321
4604509648185761161
9805741838217625609
11191513487896290169
11665631974396299121
11719123600094154529
15465418540515278689
16356765449154208849
16839354552063826249
17084168452536677449
20077579463248249801
20798298569059801921
22704823995362612641
28794262118140229569
29752311700103834161
31155373274640639289
32089862912399352241
32345189124439550329
33380037339383264521
36665629937665386529
37907261012332864129
48075123638207231809
48330537286152696961
55551677382316028761
58787230697377701289
59079266477664282841
64288080050320766641
65775330881836553689
77397487353839215729
78018771788129048161
79710080261736385609
82714288161744652921
82887044249934532609
88092841081566067969
93028019038832861689
94959920637905510641
96262601020789979929
96980995667023674361
98713369258952883601
108088686937103674849
108864703019760110281
111146422244368035769
114086731779520198249

# N=(am+1)(bm+1)(cm+1) is a Carmichael number, where a,b,c = 1,2,39.
1550765304103681
12139800597829081
39308094260321329
40948593281121241
68083053884939809
97117027527765961
102713471473259089
110581012930722049
131079916742795281
149981364297250201
158608639913798881
176358983560200001
226934543798850889
255588675105591361
365430189295499329
399121851486047041
467756265249992161
551200243560443569
592519584836975329
610327926908713729
644766806947670785
707910300256306681
773361365164347961
833838530174002081
965065453642478449
1023825642723449281
1035038150878785769
1081760035928745889
1123372149688128601
1172696268749119921
1378225418237127721
1718694342494602201
1762090801285070881
1927454544927442441
2021863696744577401
2071827307126257409
2078333553054386161
2577783377924160121
3282163109948048041
3339909376799521969
4694494538216321281
4750780176674672401
4954225442832799849
4968767494420748929
5202323167291525081
5464769922353886769
6108923264559277969
6638034705561974521
7976227667998517929
9910490371201834129
9952064800472513161
10260502115982719329
11950768237375129969
12208680697806300241
12395158038290476801
13474614373944439249
14424575166371129761
15025170058140069361
15362492344407716041
18113246447625302689
19039359212446446721
20261710966471657489
21204817857294559489
25520289205321418041
25789890864424534849
26941159531025225929
28265119275290431249
28778439028558633129
31279363405054301161
31289289961073772889
31378723488157050721
31628043769828821121
32181189704869514401

# N=(am+1)(bm+1)(cm+1) is a Carmichael number, where a,b,c = 1,2,51.
19341126180739801
37325120082003937
42323441080583737
56096671281597721
76627574188074937
82443388677267601
85670811366332401
86014496139642937
89031680228991457
96739662073743001
101019389364456337
133810919384996881
147333822493880161
174361495774863457
183901123045329841
199584770804424937
222898985210779057
291478883852304937
318682110336107761
381060663211608337
397833473014397641
467257363333384321
677870181305870041
774620452711254241
1049322788955160417
1338133869544256497
1339870772962378801
1465224485223240361
1786894159391043337
2042407645656987097
2247523322587376401
2461789417458018961
2495832061979553337
2498463648378257257
2551484565130729177
2562177965700003337
2703922384259506681
2717820745249464721
2876749474078372465
3135754568544783337
3157244599363000921
3177196456143166561
3326334263917756417
3507953370864760801
3796071115083954481
3844988355151497097
4169524793435678737
4277859536715167737
4492336643362039897
4938412268004266881
5169979265357200321
5426314965306503497
5690986659341403337
6328667369816930737
7336680367868091937
7385372114935763737
7527246336801505297
8084082662635403737
8316634909599450937
8559585975177842977
8649638954175024217
11004774840719393977
12062646297902546497
12244027358316728737
13154334150295015921

# N = (am+1)(bm+1)(cm+1) is a Carmichael number where a,b,c = 1,2,57.
9769694737096801
44014356506486593
49610928034728001
59116475932675201
66991966404494401
80932628902497121
103263152743187713
120979511898120001
222808612862139841
242886081983239873
246780003923006401
285148856286975745
290934877321662913
468701669600532001
509318733445452001
601057124583672961
729752708573875873
950512334610216673
982419000800882401
1120005972282943873
2597234817236803201
2635016139743356513
2991666603112850881
4545348174938521441
5302865975035615201
5674294083184889761
5898764365919849953
8204433805120989313
8816956280253770401
9916908445837540801
11109951231431378401
13680506803486844161
15542397384929244001
15607716673355604001
15791583745011487393
18733953026976415201
19952571840953122081
20444523636577206241
20793658324293950401
21735455875017890113
21838942651708183681
24185673323796616381
24366413721084804001
24956494253980358401
25055757785782638253
25141050017351811901

# N = (am+1)(bm+1)(cm+1) is a Carmichael number where a,b,c = 1,2,63.
2607992397698689
35489401581853801
39983991167492065
47977120855702081
63397197430505569
66147719598402121
94171112404677001
108577731404666161
115176518759332801
115625700057773809
426071305671143329
510508631113062121
627383133262967761
689508892684762921
885565014828769801
1433506837969037161
1532652212933047081
1939471537843146385
2093693112102662281
2268944266056156361
2721458553316453441
2739969781072060321
2933601325339674529
3172830833358659089
3234604291327864729
3467961486227234809
4243556976066422785
4825823721896101681
6341510182888056961
6671704755895988761
6745853055643648129
6916410718257351529
7223530972208990041
7842317543002945801
7887284247779532289
8456081169398433481
9734767914014723161
10182074449918942369
10578823634221602481
10995115101618601801
11145720631709203849
12309222552989110561
15011568414594619561
16194535643172683161
16758948782660576689
17565816913423596721
19571254903630146529
20337987584244973609
23117676393070729081
26088923175532005601
26339763520020943441
28865771595503472169
35979137992376395489
37423090057257475201
38948700134881546129
39693726462890906281
42514406296791128281
48575619094265649289
49719776344673287609
53771072736525792481
62611699201835092849
65186026052928279409
65462661291144431161
67201551044315572249
67641032487864286081
69226245467158169881
70998371764586274961
73164529626849348409
76495685100204573001
81234519325740984169
88364751399453524689
92914531302959755201
96258238155756200161
96457386417842613241
100539213890476731049
103226093363168330689
109174919865649385329
112630473369181567801
113339095122793849849
114631036176420781921

# N = (am+1)(bm+1)(cm+1) is a Carmichael number where a,b,c = 1,2,65.
63562304663931841
78314588520288481
180868130054670241
287966174948693281
456683776592808001
1822318032363067201
2100678655377057601
3082207121355579841
5152764506966556481
5331613024019237281
5626299821032169761
13200799881665891041
22091704583589819361
28453210663191316861
29970905869349721121
32922171513953985121
33596430608243259901
36711895512709921921
39806587366199472001
40852090794566894701
44543484314203630081
49004299941309479521
52414000267476538081
54772813917888069121
57642440139536223661
63113507079233252461
69019929126090265441
70425555235830000961
75072660735681630061
76559031923178745981
78281615609163374461
84742365243129941101
106503112144504015981
108513186548226139681
121688156279657042401
128205161066291075521
136988142235903062781
140162410251581344381
151657981776914839981
155396516186431020541
155567893796488293121
159195990507610574701
159370149819664006081
171879474289580971681
179313107985963974881
193548296686386638701
193624582464962688001
242235308259450399661
260889683693823425281
278198550941080610881
279970377945827269741
281240563963492916641
290759545961540389501
326185120181488445281
338699286687460296001
339852550757142589921
353007653492374225021
365285107976969107201
380638791621536791201
382509633533309580481
392273367978197313661
414269571105824495101
432311511664437295021
439466873328883233601

# N = (am+1)(bm+1)(cm+1) is a Carmichael number where a,b,c = 1,2,69.
5123620190056321
57662804690709121
88859508234585985
142099221616490161
186905263780644481
485017038222353281
582035138253980929
1949518498930285681
2926075836543899761
3114171753263257969
3367092469874849281
5543533181384588161
9289345208840200369
10822651879199345281
13778749079206323841
15045295919685085441
21641843717210417329
22466209485293668261
22739854920630527269
27875155383613525681
34996894320581015941
38300307120386463781
41317596735776358769
47034503508012791041
58442714142600251521
59284419951032960689
60339996502983648001
62765839399699544869
63240075076607231941
71009117189523301861
75694317665699421361
80381800455856098481
92543867735101057189
95418274170040457329
95641814858553761509
107510989918628595889
107704594565494700401
110439513233558952049
110932711710737102209
121107469458119793409
130175165372691534661
148623305020388995249
155633914345461092389
163820506637656710469
194727012022698158449
207128197197935208901
215610114169763872741
244862643921419020069
256169127612119238145
266753145147554336581
281190741496414569541
318045609647850394801
323055823889515161601
326594101955661467461
346886806280301064549
358527372105980989441
365700793742277532849
385749614318905078129
397198010492375959729
401723561850982157701
404174573399541791089
456451471441999548901
463462734698155439281
490893196730811287041
493694294230219754629
518694311386496849221
521600092398678097009

# N=(am+1)(bm+1)(cm+1) is a Carmichael number, where a,b,c = 1,2,5.
664329134574001
6612445030181761

# N=(am+1)(bm+1)(cm+1) is a Carmichael number, where a,b,c = 1,2,7.
1855863199785001
3535873295480401
8867110258155241
9963193658544001
10463471575095001
11984514830757001

# N=(am+1)(bm+1)(cm+1) is a Carmichael number, where a,b,c = 1,2,9.
107099069819041
1024043811685921
3761204285616481
4683409151460481
11355225101103745
18600854374303201
36203049297724609
39455299529848801
40882719390874849

# N=(am+1)(bm+1)(cm+1) is a Carmichael number, where a,b,c = 1,2,11.
195319083363097
501309853934401
42954860871196297
44260784926311361
46376224212145081
47896450901142097
54150542233969897
55997581127377297
56567945425905937
57554700133930561
58385708070775801
59309012980275697
61443524349210697
73274986702424761
105213590923446721
134973817665268297
145452770555905297
146067416201968801
153101898755432881
173473902841880257
174684690261543001
187648867956439297
190941162065211097
230565354380764657
235185296140585561
243309824710266337
250956551817673417
251398281324297361
269032807498258057
317200389302448961
343166767662211417
350837598888873097
355550194987141177
360304804281892801
388542322287963097
412043150504743297
460525171120112737
611929297216400857
622789946079944281
630917192636006761
645723848056330297

# N=(am+1)(bm+1)(cm+1) is a Carmichael number, where a,b,c = 1,2,13.
7035483840665281
18147244113782785
77016999731662849
85869123393693121
119104859208391681
129460057910189761
131242216842444241
604545444350487121
692777969965049281
838750445905901569
882652795989835729
1079399717066807761
1734107941714908241
1998676331150146129
2009695911751439809
2481878200264416721
2854962852094401361
3282016814385196369
3436535398330242385
3964458125750653441
5100263570746506241
5141454115718481601
5245399433531634001
6584434943238589009
10482800926713764689
10954563682801981009

# N=(am+1)(bm+1)(cm+1) is a Carmichael number, where a,b,c = 1,2,15.
168239715298201
220621121111161
285299015657041
368665357488121
378821965125241
432411069111841
712651473293761
753571840377241
1328209748442721

# N=(am+1)(bm+1)(cm+1) is a Carmichael number, where a,b,c = 1,2,17.
275627608302241
445798937548801
9935923768260001
13368691481112001
73601077288200001
155752491221548801
252293982551503201
357707515089777601
388524561246573601
403491967162555393
422702674223544001
446044697347596001
528173769364489153
661050229416657793
680802646870627201
693151388101708801
837216556472978881
905940367363408801
1169317931295624001
1354345049783553601
1378759982241516001
1476781135072945153
2407966759423689313
2498115668382182113
6888882961021089601
8500647459923200033
8525445773819130241

# N=(am+1)(bm+1)(cm+1) is a Carmichael number, where a,b,c = 1,2,21.
275551466561281
7250351156536321
22360653419803777
29889549091422721
39651823459004401
51579602357383297

# N=(am+1)(bm+1)(cm+1) is a Carmichael number, where a,b,c = 1,2,25.
88438696897418401
99392644072644001
124767035489356801
127267182381861601
142972464064430401
173989033521441601
186686143334860801
315742691803339201
331812371631994561
518985358466296801
1014378082378128001
1118148308717076001
2157311931196344001
2612252520063847201
2865276584180889601
3426834510524256001
3479860158539047201
5077230991602621601
5285706239852875201
5901793692137949601
6076745286985495201
7500306116959687201
9904527939505682401
16193488672559736001
19626152968001115901
19710709402950384001
20137136293098499501
20590585472188244353
20819589738466056001
21134826196461763501
21160181679680975101

# N=(am+1)(bm+1)(cm+1) is a Carmichael number, where a,b,c = 1,2,27.
306527652578881
3900584338085953
10606238408797921
20607620434554385
34130032769117161
34909014255139513
59176729013662441
65561523666987601
67234872333756601
88485993415202545
101609840979522433
124623606006882001
138392961100777441
139213719837804961
168714078527808001
182799168173622001
205505634915189793
213278139052030801
214372907083881001
258803669583738001
277644968062548553
278427499200637201
308705066073425233
338815070617698001
397456838926390801
451723126701237841
500226267556602361
530529193051584193
573789373425501553
648710666169487993
667706384111454001
693765840278820601
999905550669144001
1243990115328511081
1279740063477239281
1321322935668060313
1351783917407208601
1605765821106504601
1660105452181173913
1765270274147005753
1833201735083398153
1946434674530946601
1967510752508331361
2035582176186323641
2060268671959608241
2083155798486987001
2166131999918756161

# N=(am+1)(bm+1)(cm+1) is a Carmichael number, where a,b,c = 1,2,29.
1769766613187329
144576155707563409
174230126960375809
206270647358330881
329806185709094209
667023401522744641
855134870973834049
1607524196903027089
2221411042244132161
2738662266362388481
3339574135167370129
7369339123578900289
7822114270294317841
11665399729014838801
14341758750323381521
14848567589768309569
18253837479120354049
18934521363474712321
22271289823152809281
22303294589414446609
22463778415629938689
24077447191533282961
30805145921353861909
31869551986376578321
35383241852033114869
37719510491366485009
38290518992784678709
39520055336350989121
40275008425939629889
41183928957630884881
48359915273344266049
48763342498173413269
56116935641052005749
56413627940142817429
56665095204017937169
57761688141006899089
58519806178921420789
59201937319774171921
67067560184885622421
70286405198090132881
73323081804057506389
74855734555118694721
82916887531650535669
90569554462817771521
91660118527777945429
94985717097454522069
105894783087959794069
106483820769906984961
109924814029973247061
117851367691394475409
122526013982776334869
123175157582574959761
130936036553637481489
131092404122773247701
139450489206169405969
141360931850565032149
145793007681548335189
147930304239047088181
151404736715263558465
159940593672818287249
168421379875610749969
168606317296286644981
182670576572286077269
194971366924786851649
201150132524350093969

# N=(am+1)(bm+1)(cm+1) is a Carmichael number, where a,b,c = 1,2,31.
49198335147249721
81002168544860881
158895616455683617
345032592501896641
390340154157165601
940188077289347977
1161133553842013041
1264065106314044017
1343115889534803817
1820828960439939817
1935106607976092401
1990499393582832817
2088099570358460737
2298718814351824801
2400190603191527017
5315998833308250697
5568802539181306561
5715787967885122417
6337150428685913017
6699298982215437217
7489801284227437561
7515192861330200017
7754953805109914017
7798297734006947017
8349249819785411377
12802285962159830041
14087950678306836577
14477967330518808217
14675646355094592937
16364911210962906817
17634908574257762017
17709828541452515857
18118065456965762401
19221411357439073017
20583549951155742121
21424108976996638321
25586105692926384841
26517656066272169737
30276419524398321817
31339861685678851561
32450382151944227761
32562855353509325881
36059105138931804481
37772914968907133161
50192328607522935817
51955528839072212017
55219650136982731921
57755483723111211337
58163064847327383121
58918145227809011017
60333807704474876641
77952654509094368041
79005189427175182417
85134702552805643137
90946595000669496817
91259600038060161457
92518801833761018017
94520863131878195281
104132171258731633657
105457586672497135801
120301644364229105977
120732720325001117017
150327111130040976121
162045407841177609577
165150256295110502641
168025376803151301697
169847629158138853321
171751238879634107737
176711430686162145721
179016411066577296577
198031830472498621801
215636812094192083897
245509074409066412377
246636488376966233017
254536463162570646817
276423852280374462817
281041426401273811321
283512316522618380817
286285346944272488641
291594095595841764961
295593939300192810817

# N=(am+1)(bm+1)(cm+1) is a Carmichael number, where a,b,c = 1,2,37.
264439982526721
344931505979905
64932852363532033
103188295071120001
267416168672971393
293770261506212401
570669795612403201
577036395932502001
1808681704551056641
2987329558618692145
4700162615937991921
5795645167202858881
6886148548351954993
7404670265564961793
8993582789194376833
9312327719086464001
15887373007436892721
16971372662190413041
20328864109904938501
20832820259876010181
21066556847130422401
21366559739087634481
21887452894967445553
24265988585176183333
26313056850660811393
27213642130764852481
27340325207414500741
37062686348290117681
37452147986739552001
38670576975611182501
40720157337528379393
42601716291574120321
50020958650110654001
50592513032118970501
53317380973451256901
57335622389472855601
60252421433234332933
69073812653162204581
76932909284837558401
77338241120773155073
81050480288325552001
82366709184843646501
87168052855430477041
87995200313120107621
88605089320328390401
91639991580288630001
96615127308609043201
101098195387618565701
113005884782333347201
115308813956072158021
116039000159558948401
128002636621751907841
130432438801298617393
133695369094147659013
145891955790061565701
146901630723010275313
152019934742219723653
166387883660862419953
170739166523660226181
174990644582490453553
175954658209373528101
185426307100726642501
201316381936580016901

# N=(am+1)(bm+1)(cm+1) is a Carmichael number, where a,b,c = 1,2,41.
52449168436463041
115935460697921377
1288775498426359777
1753196294965378657
2058397902156883201
2362819097715581377
2925681223007379937
3195945506525050657
3646944699650839201
9565733108505900577
10336867498229233537
12783393650804680801
13109344029207101377
19541052859934673121
21585661932558669661
23111655682088411101
25421866338504982477
28117624281533283421
33298534773412238881
35849949972726393181
37657329780403548577
39450099018131615581
40424056258073720077
44802952335979509517
46027290176029876957
49099241844586034977
69459289350363365377
72426110577822618241
76743022347932954977
78434430831362263261
82619136749618204941
92934645420070499137
99807275514064228801
111702747175264049377
115386412506645896461
136378261221131340577
137400189967572944257
140409948449060466637
157237730016963855841
171173888153012759821
194063163472938902221
202130507247108152077
203680454888539399261
253301887384796034721
258210831970257424897
277115752257595151041
278617547394700208077
281637395675889656797
288301731464323014877
300359579896430916577
326233702120439258077
336830465469767522881
383877836553197847841
406845013086000671197
433275577477237054561
436588515082208757217
460444280440528440541
487731649881675783901
498739859409477870721
535076934389933765377
556488239864350169377
724887239381910928861
822075105102633937501
859197606045749788621
976604557324748745997
978815439614593557601
988328445691738996321
1018859230346691473101
1021458568116446138317
1186715172805843433377
1315070803685109982477
1342975220185016565517
1343755925454945854941
1357467287647718285281
1370480277892325997277
1393552646404379422477

# N=(am+1)(bm+1)(cm+1) is a Carmichael number, where a,b,c = 1,2,43.
41389476403672129
95766309812765401
172427935369975009
321808520661579001
903155277092695705
1143105796814294881
1233556752682592521
1697830862928520321
1879923933717981169
2564022611528734081
5022051453574537729
5204562253246211161
5680067294512022521
5811583551611984329
6322836845707118689
8354011316858508841
10646521561450325041
12423609814541511769
14652539683669635889
18966055455557055721
30506287273477652449
33359382193217737801
36272616872326392841
37102464912746728129
39232247276142622369
51110386369334930569
62176430620450821529
63417855217082536201
79562964418120982401
99114520348364548609
100806969015339449881
116099072899501494769
119216215664714689561
133131437276465044369
173944226922686471401
190632893871591565129
207277460464182076561
209679843006877758721
216998222277551384401
220970066945244853969
255465074724513724561
262684650699524030689
293224430776771434169
294734921695129783249
300753855139274780881
305453851094506428409
317700418198652821921
318815202775344053689
409119121167665946649
428427164810569046305
439594412772164799601
461681407838578869481
494469007996451298049
500905700166160348489
542972874684837063409
588530581346263957369
590452117272149992921
653142704675311721449
665565529439430049321
741183240122400703561
860996511256516725529
874985658624613560889
917215415449486437841
1036539588871156160281
1162008036299904853441
1479913111997799839641
1562139434324490622609
1595957679772876826281
1608588376490452713409
1740062088114439990681
1745999878495071249289
1887367392005393226001
1981234999923736610929
2141669882542560033049
2189130603560076713401
2291485432610514832801
2404332364432392560209
2406172297890531780121
2432030011641252115969
2499370467728663698321
2599463306170420191289
2684337172441357169329
2931069367135966490521
3020834945503122939049
3026550022772354521801
3180638450334756984409
3304120678800355346329
3507483115575855723721
3836695285732295985961
3880399545566629472089
3935494978596889807009

# N=(am+1)(bm+1)(cm+1) is a Carmichael number, where a,b,c = 1,2,45.
114527691043921
4782830787343441
51715155694187521
63894184063319233
65558635108113601
79866622801405441
104473792546453441
139453192466300881
141414624440732161
159189631014237121
170835513529222081
210006018823421521
313180223597176321
512181176682640321
881987775072204241
920366793967541761
1074823830858124801
1725355413539741521
1756876096057268161
2097940269732428881
2226873442049177041
2344431634245303121
2426514797527695361
2999628430254118081

# N=(am+1)(bm+1)(cm+1) is a Carmichael number, where a,b,c = 1,2,47.
2422665634833361
6294756347369281
10983687794598961
17205993764400001
20444937245328961
150391503806147881
233691484761557641
334300675416220801
357938251277558953
430189837989338113
485023623053760001
502560269603777281
514027826907572401
541660379116183201
853343527506617281
1048608994405072801
1078281586084350001
1321023493495021201
2295092871299787553
2308504675262248201
3485154216660480001
3872699303071275601
4055746214140495393
5981796705174814801
6691845101395230001
7983652676962661833
8232033261641905801
8469519922280211481
8565778957522500001
11664656213685987793
18582589883566921801
28231043802363323401
33364434287995108201
35522245330885595713
39040903442176335001
42004446970023325201
49820235222491068441
50552939128148020033
59795209841467737001
76014303134323967953
90361812683365154401
94769272019451019201
100893445448161972201
107102333570131118353
108059441298274659481
123679740406433278201
126082313012825992201
133375869974251471921
139078496809092574801
144093943798706804113
147826077004376938273
154041123184173919201
157829996954603985481
162251972950302100153
163054301342719063201
165825215469387539521
175408532756497735801
182806382954223730801
190655970932166514513
200636783659313371801
214661959056692810041
267594331691262193801
321130138865742628801
333553156643364264433
340070416197759734593
373932737850911890393
385225094839864251001
391572867415602940201
392396978569290528121
418952154917935615201
421753629963846133801
426535475163946785001
439747376973730414201
461908806588274167553
474900517409172825121
489326911834932885001
504773780540191674121
506238366886953598801
542499618555718429201
567171735073313245201
591224906049112125001
595026549350199286321
652284623888095554913
749949478586448190201
796276978596973618753
854479720897873678801
908939262024970436761
910745161731072778321
930401525020093939513

# N=(am+1)(bm+1)(cm+1) is a Carmichael number, where a,b,c = 1,2,49.
70136705329984609
282792486088952449
517339743453183841
723314750369534401
1192062855788434561
1218378094252038721
1247769011859652129
2163963645337259809
2583015873561715201
3519921573468125281
3909875642966378401
6576952094041143361
6896015519616393409
7316805097492265761
7979551660358422369
10436683028748648001
18960268864471547341
22065045710246436829
30270858508450419469
31506042285754745101
44494643695119914689
46463271099340777921
54508011767470329181
61828328215562078941
69432312425557942561
100870112700571878049
106523847680567586781
116118892230188561869
122323761724180598401
122524278929773109089
143144829281018631949
155082303391930518241
167807011002526212829
199283855328577987549
202491865830159984961
203897323432091163841
222017830321436867341
234933751556529033121
245460444607609641229
275287993599802539469
367049037042077950561
371234080604064189121
380766481824932237581
421669960951521562561
422127448604109550849
426071750280747879841
504290662877622173281
516496486814641415629
533164231714590524161
548005375283882919901
620419266189402973441
657211311034465961089
670517609715422474461
691606673119718424769
702797079019141465549
731464819026244555981
733116664970852809921
915755740259903057089
918826919978493751681
944035190343268705501
958588313460659460769
984515395221839006989
1131307092447304145101
1169803816037711680801
1196539745473327452961
1201128728033478111841
1274721546250177093069
1396995515588319384781
1477251165113104573921
1596354678286354385281
1617874431451419224161
1629912989120250713761
1705389797610058428289
1808997445417750468189
1887379244646835752541
1888621588993010337229
1950166494128748725341
2086520580441000484621
2158376539303601422849
2244387447152346606349
2263962014735171921101

# N = (am+1)(bm+1)(cm+1) is a Carmichael number where a,b,c = 1,2,53.
11750516562072814428709
12235420577008657650049
12659768384881567554949
12901632988047747038341
13164171018442251042481
13430246733921466310821
13499240888251558562929
14643607622674436971909
14860864998540594143749
17515650111128375539909
17899051169860590423409
18714363382709176064689
19482060540715639353601
19761243494588079510181
19966556385057532189669
20938926753237350410981
23366337232862776377829
24854465715708724418689
25318752150918570747649
26018037694603717794481

# N = (am+1)(bm+1)(cm+1) is a Carmichael number where a,b,c = 1,2,55.
195682841752557631561
197286026298851804161
198736358020970998801
209422571355648994201
217726780381434306841
260033376044138403961
261194598488483122321
311181729766533054001
334618340501823760801
349935855375584693161
396114454241671317241
406957476550333272961
416143045009189354561
445909842527413853161
460179393290805204721
471581815629935559121
483171053618052473521
485218490398606974241
501806598717933062401
509635037760479430361
528038665514575459921
534544758301305669721
573574631244879543841
611720897981118405481
614116782068471543401
624455722495240033201
632460357273921553081
640180697384053280401
653754304102557131761
685241536410563675401
722011974567064373281
733139832927446149921
768401466443871877321
848217479612163510961
918506981961820800121
935190998793444329641
962211167385714495481
988334208366365054041
1033724008295768172241
1097553838239273464281
1110220238481365588281
1122471309712707228121
1140498506819157975721
1150365034728787677361
1211839476695943844321
1237546612288047626641
1238451493678484042761
1284973485938847533401
1291713092098156016521
1304696460581155224001
1346480275959875375881
1387375874968551988081

# N = (am+1)(bm+1)(cm+1) is a Carmichael number where a,b,c = 1,2,61.
17076767453268707332597
17319866750785548262657
17898530957714310458101
18096747276942297499537
18228443871795237112117
18773157076113741112897
18993269729034545545717
19129275467416769008897
19926927452575086493201
20212469758729337416597
20635633313415792354901
21465929692500432839701
23642939978304072750097
24308527843447499978197
24708269565044284611841
24967878754013115088897
25047046951769100811477
25967153499501361014337
26134649587622571092917
26699790854693366329921

# N = (am+1)(bm+1)(cm+1) is a Carmichael number where a,b,c = 1,2,67.
6428471523950290963633
6934045300366269719041
7067291029112306170873
7359877074783900471001
7390274461055395256713
7722951442133512422553
8102752616792711144233
8564366592235719627601
9749240518158979756921
9962000584205893213321
10574148044484853359841
10768580556184511235121
10930957251178538244001

# N=(am+1)(bm+1)(cm+1) is a Carmichael number, where a,b,c = 1,2,19.
75748641712963706761
79090101618618284041
84727150560406336921
87575392263500212369
89931711807942600961
93722669265270476089
94317015509491083289
100846995486355209001
107853888695585026201
109214283376782387049
124109429252604058561
125257277763840811681
129389271662593129849
132891240889218498961
133340881269854750881
138415564835620138249
138970099670923192561
143333791121599404481
144502117967026063609
145800793655760899041
153714889958206238089
167992835410424843449
172513614952348883641
173763731078524803721
175812536406727984009
178350566458455867169
183796860707953843921
184802247851465903569
188104502062165589041
198285919085942408161
205887759826806959329
207213580608337605961
211469945741723176201
215660130520045628449
217110592549214322529
218692727534713122601
228003735877460439961
232408861000732593409
257375160607057065049
289971725264691750001
297081159346959143521
298465494232005114169
322715657986381541449
329689622482000301641
331724088311295369169
367542890378274276961
374488777948728222529
397215686802531850681
402959155434325217449
411805023980300554969
417238373234649106249
425315091040984147249
427138449756229004641
431522624584011110809
446666496856053731401
473733863844024419161
488202711044081716201
493209942764315535361
494790685749899859769
498757312019391739609
512107883743675603441
529372914925718942929
530125693982119726009
545561791988211167401
564744151635696136609
582604666892237334409
660249834701392878601
669182368023310636849

# N=(am+1)(bm+1)(cm+1) is a Carmichael number, where a,b,c = 1,2,23.
125249144935615417729
128999344475165724529
140016504478661793841
148460377920094391449
152150493440604166201
154487581222889543641
159887886764901209641
161730241632147698929
163631068683957895921
165278536852322286769
172898107018747574161
178340640601901383849
182986284873123026881
192221615943188668201
198564816873217186369
206390077015830994441
208208596913877418321
209357116081440163849
216390496779355166161
223415772841193781001
243197725816668856969
257514065867034210961
258536125390674205849
267856623006559761721
269214967440945679249
275133285140887082209
279422394913829799601
281010410217756256801
283563730464566238721
286583589105380942449
292949119976448909481
298347252974944111489
308934731070966244201
318177012928974672481
323530162108912753849
323879830091191864489
333630385532244845041
342048859698984473929
348473177657941763881
354382824034055746921
364279167315054494329
364884795879697564441
365263654391605876681
375206257027829379121
379855362719457240001
381959928778489054369
384150637462249471441
399237820770271223161
402059422855203990241
423019107580956678481
428897499734433426841
430333280735931587929
438843958358855374729
452518326942053687041
461938313351930962849
465493095284487682369
474279282455616339001
477625050952895086249
481715388739796729809
501393408207355324561
510813872170824879361
526130827717708429441
527776019370445503529
533414832152180699041
555368864379080968969
584425355539273509049
606259378669129539961

# N=(am+1)(bm+1)(cm+1) is a Carmichael number, where a,b,c = 1,2,39.
32485605905381995081
33628632489720813169
33994527701285874529
38582847085786796521
39677550898015756441
40627123961116299049
45157607447954169169
45539031453097097449
53044446775050296281
53129180512646417089
56873469561067078921
57318207039075340801
61114852273894309801
64446745623531554089
66050922565345872961
67118514518090575801
67465871424618491449
69541388649826371721
70236897082512224689
70407233830818418249
72629327698508763001
73854450144264600721
74136398993681598289
75467602428837379489
80447652360244207585
80466285662795387161
80746130566743127201
81495554056259091841
83122486834916433529
85992241627542135601
86871751774087381921
89366240336637366649
98557665352314421969
99413428812185290609
103193660337468157081
104297386569459248881
112384248796874628289
113060827783103325841
114257250526167111169
114374999113091232049
119006355681715614841
119272638913107566329
124034405506094088721
132033287705023350361
136781347154178671569
137046937849839831529
139184050915428436009
139560314927711998321
140936724937578157849
141478954214735791369
153619122226849693129
162979932671710402249
164776362496565604409
165528753949241048809
166253201186979071881
175675969097227645489
176933394578981568529
194836124685236648329
198011777024490549121
199919956799088253729
204743953285091661169
214408538634609554041
220008048262508184121
220664561911827091345
220774107668733181369
227041109112581719489
231347106551125747729
233766899107959943441
249273870725927445841
255502691964117531649
261180252883400533489
275063620853161946521
275317418507450387329
291052104608943604369
292812031070632081009
297198326722592861281
297465561518719682089
297866714003144764921
307102016599960467601
313979153994504999001
327754661531697376705
331427930886979447249
335225028404293513201
343298007503200117369
350952092557836885649
353695161404163288529
354946721468492366929

# N=(am+1)(bm+1)(cm+1) is a Carmichael number, where a,b,c = 1,2,51.
18981150597901436257
19452987562343320441
19546208608768919137
20666647503186642361
20709746101614426697
23925272307341793337
24307163126076724921
26467689614944396321
26658615486447325441
26850457325504221561
26901770125695645097
27275744379026367937
27627028195773956041
28325330964139758337
32792864788758951937
33545593049608449577
35826078123889574977
36278564111638683337
38516632182396623737
38843678186486993737
40607966735789224897
41458398855291600697
42668831431131539617
43636243781397552697
46146091365714366937
48903177384089869681
54660065064397299001
55467098280220817737
56429146962153697681
56639749359028910761
57253458179716213897
57274699246919550001
58793737084372573921
59056081606004793337
60410586791887562161
64184609278822401937
65013258851209754497
68638578500189376937
72545338078674480937
74730535963147431001
75060780422211054937
85343106165724834201
86680305758609147737
88854451341817210201
92607061561079466241
93900705951237222097
97006180241963349937
99134491598630813737
99349018810075958041
105577941825405482977
108511022236100301361
108836612381430730441
111266244531865411777
111895849383397301737
120646810281159948241
125385274583324507737
135721462985275507561
138114205168338753337
142788345077456080777
146531146278204521497
151392253342213310761
156525741011770061761
160039834566833178577
162198837131119386841
162752259374082326737
165753875395472526937
167572437409153437841
172797161219005031497
172841520351590578801
173952967441617954001
180402130208459198737
183154857086522223937
185563084967995001041
192056297869575893737
198894043760067071281
201978948837346265737
204301045758394595161
204747723138395371177
210563298336612971161
221108209708460086801
225052333812476537401
241464119733885672937
245646032244529959937
246881820864052740601
254498504455799517457
254728243918070487937
256571138949473352961
270079146116019343801
283929593372550648937
287153395790620766041
296271540939468247201
300934219063061000737
308182614100439971681
309489094591289133841
310471374382392234961
315082834492773170521
321907496399730566281
333228794474011962457
333503750072666412937
338756683163947283737

# N = (am+1)(bm+1)(cm+1) is a Carmichael number where a,b,c = 1,2,57.
25671299445877377601
27943129137827947501
28775857049580456253
29324327978682250273
29815898524050321901
30409765755641231041
33808770807774417901
33895537918715995201
36879555879879642541
37656625086740629693
39071258109899282593
39090355326109741501
40481768987804951101
40618779765588152353
41427483858182403901
44269707962236563901
45000016735551170401
46249213362884564653
47390898256953308641
49082817839745966013
49305457679113482733
50202749645184069613
50791788028052019901
50837288547906303661
52284502472284404001
54019172523345892993
54375407447705734573
55719186188219145901
56253097269759141181
61832825707540616173
65750449663481286061
65939731029831308833
69241282870408853473
69521281309070016193
70309290517079289121
71502434208030683233
74397416792935770433
78671460624464812861
80884042142094452413
88591228494409872001
91758978840838995901
94381240163150311201
95001355890295675201
96808046813476051681
99098436051571802941
101532903537801469501
102619486811216515501
103165673511608114401
107005959872488168993
107567588482126960573
108432563658012891361
111016976760848592001
112170092376207650401
120425794125521788333
136499730977164572001
136895775776915060413
143518830153007313341
150586693648130318401
154468442647789973281
161248983894099699841
164023652018016301501
164812099633709458753
167972556621349150381
168376751949758467501
170866604956302283393
175399580082203847361
180647190939663617761
181443246352973258221
182615019400331692093
192281804917811863021
205963134568395814333
206426157533438569021
216011978693750995201
223499758255109919073
225336944600330735233
226937293347087338401
227245918803292525501
237270298335280659901
239821629278477917501
243618125907249590113
243682816216208931901
252322841324241189181
255180869102256530401
266279325442502078593
266485286864751011821
267726911567397633793
269034216360125009473
269795128320208939501
270973903022821061281

# N = (am+1)(bm+1)(cm+1) is a Carmichael number where a,b,c = 1,2,63.
120543216578085180601
132773122538522876089
141798495881626436161
145698490232185131361
181925959744120284001
193479066452816482969
194113684179803042929
217894879577267334289
252141308494802166889
263969059692069844561
274636944676300187521
285177730901757082201
293132456965056621529
297671313995987349601
298940369788344682441
301574504472384985129
304481297614497605281
310177099737653428729
312353011361959927129
312702098748918467401
336871539666804633121
367674952684392388729
370111762693117762129
383857001444699453161
402259971675771751249
405781206890751153001
414252693411763775689
424337645999716256809
425944815826606882849
471920189104529245081
472609725196830450769
532337100910454493361
534592637138264271841
582504057170326810009
594480930266311357249
618924947192796526129
656833186247153825449
657549406334796888529
665462219364168295609
682946350037409002329
689433127624487148841
696854174603770718641
699090827418325903681
725692720277687839489
732600991216423199809
754373499018065872849
782190314282436399649
818119454281180804369
914324597655739101721
921483926989907533561
930666145690618125769
934102505402265714481
979360870090042000009
981043808625225797761
1003857523631078065489
1046238051521841016609
1058983965856272953449
1113851119340126996641
1178386573645482076009
1179232445126854059481
1181348894574425787841
1209308681788003960129
1217716988387392087561
1235304745780319430049
1237269329997531692401
1240767065194609862449

# N = (am+1)(bm+1)(cm+1) is a Carmichael number where a,b,c = 1,2,65.
439809560036221081981
472973170488281690113
494737101242288131501
502563803245641708481
505190930076876383341
527698574214864960961
538610093327878447201
542149044521933479021
571020335118758959981
600055134412250915581
670534497017795024161
674173550032944904801
695819181999292008061
697682463563122893181
724118709270814756861
809474455420564244221
817220986192091725921
826581866644872617761
840228927918242341441
903501147523777736701
932046903170427982081
939986821155929258401
973361196828446312641
986224198522714912801
1003946580353862943201
1011094557588758036161
1054696031870003003521
1067026132007262729121
1079451957659008614721
1080075768375926840701
1092602504192423394301
1192984366790745547201
1353711616859275471981
1359522312031399533421
1548800323058553651841
1569520684459393897921
1582363071591469377601
1593657463893803056321
1601757705889449189121
1622946689772872661601
1716359450586677326561
1783488648190892260801
1794844246417446488941
1821233216276489225341
1835412501717077578621
1855923875546275323361
1962633326664553037821
1975669402176719864941

# N = (am+1)(bm+1)(cm+1) is a Carmichael number where a,b,c = 1,2,69.
567230629704138300529
577406258743411450981
585753639134806565029
597817451389425103909
600859065975740066629
619170220166193344881
634210469086526617969
641980275506721245701
652384731435850304641
661275810694031556421
690102366372524484721
693449192339176958641
695966400591732622981
726822504938957916529
772542184989928490821
784491543328807464229
803569856073057031141
823142895686814366721
890677547805764038321
912842399871744724549
1037725497338954811301
1061144021311598267749
1108345244396991312241
1110638096179488288001
1298369811981559459969
1325288822403803241349
1357554962461666460581
1402904059630293034369
1428528904602817184389
1480432995804352844161
1489064563923306939109
1569996643869955795969
1578392462847453577381
1650819217329933440869
1737459200578140534529
1785826872560319795109
1807961388000628250629
1864096201072401020929
1875460799979030428389
1927670300318489672881
1979490423464182122661
2020240974755827911781
2139085006511112090289
2178267826543236380161
2289895190541228473029
2539685538849939280561
2585759167324103408101
2746152812268320056741
2746572376657161604609

# N=(am+1)(bm+1)(cm+1) is a Carmichael number, where a,b,c = 1,2,5.
21314515860451716721

# N=(am+1)(bm+1)(cm+1) is a Carmichael number, where a,b,c = 1,2,7.
18566316064803728593
18663519003778311001
18812259982523292433
19021389173924390401
19290979059853994641
19398208761453133753
19411366170960909601
19422335222634425761
19455267169838309041
19598402464022817121
19873404354236478193
20045459595316701001
20515190403602191753
20518116545448043201
20709240329723645113
21605859448767326881
21627068055855687433
21662446568946708673
21839917976477479873
22023127651498226401
22078050670325891473
22262587839359960401
22416749622860001361
22450567105952174953
22559496483082314673
22903089107875043761
22927588993614099481
23610701012778587401
23695779346404942001
23765997123206662465
23937103229469956401
24139453610546358001
24414431046078518593
24882529772941457401
25129226248034223001
25246649393228008201
25411655502898423753
25469445606246356401
25519425694180028521
25587925395526494001
25640700804794863201
25754413559275148833
25810069672526963041
25993504216275721273
26025494328739521001
26381810637712205593
26451844305257538721
26790275365744197721
26855582678380078393
26940094924320784081
27299185170021080401
27403942551401861593
27517270446178997401
27569894023314516553
28015703766969191113
28412535164104300441
28511616549910106761
28855929386642673001
28913106192259997401
28927412185330260001
29021950109026575793
29042030051237918401
29093706713497611193
29128191855602519401
29266404928480186153
29613848905788072073
29677843758851526001
30515219063759060401
30732209361855244153
31142209829934718201
31271643918206185033
31531587016580681521
31665136409601086113
31808207403587853001
32230777183995861073
32604356538453741721
33429435324773426233
33514594496461932001
33543012992544613321
33717030712672147681
34133930964565958401
34625178874787957233
34809390916254238201
35519948373979771633
35707317648632683201
36480082806477127273
36513495871359246433
36650702748713526481
36687572738764710001
37396204434857625001
37579887183151355281
37935339326134255153
38107024671882110953
38196505408563025441
38248192571523070921
38417362216097263393
38559295039376202001
39411204937368341953
39930452695074194401
40083199024736635993

# N=(am+1)(bm+1)(cm+1) is a Carmichael number, where a,b,c = 1,2,9.
18467775603579724129
18636376624699477249
18769994765390481121
18780991696631104669
18876812847723099361
18901237357877327389
18930373526195059681
19015945105468921741
19016953361620424929
19057312838334545569
19320023163938670541
19565606402024607181
19694334545968891681
19714983299938929601
19948624120174991905
19969102984560699421
20062998660323226061
20247466553716479949
20335905233950939021
20622980223730801729
20638948407687261469
20729590500772247329
20862296701309304641
21050545595112518941
21089410990119272989
21381337152960621121
21393331640940544669
21546380830085751709
21557340759870301069
22529663924546241181
22591810326347249761
22608779156835669901
22631417478643996621
23008279415119985089
23197693645688404429
23492464906034459809
23537766540780674461
23643696756179109889
23995167413425070689
24094199572983106561
24176934216743424481
24194687674275032221
24439381788252034189
25014721181860327681
25069231168893463501
25393064033928608029
25399177669136373409
25828338336395687821
26169887194073010721
26634158206116099841
26806179470405623489
27175459831006955329
27387073483388523469
27419231673258130369
27761657493012490909
27794973885971604481
27803631853193245921
27989343540579230209
28048091915469305629
28203844739060115361
28466911229577982561
28513115383401705421
28698431952900478861
28718334790639272001
28738246828216493341
28932538320264356749
29820412513336367521
29896687996762133089
30052364758888789441
30135886991939519389
30183879379753914049
30211326464336959969
30230549320425664321
30466001205239926429
30616720733839334401
30713774729213833921
30868094765767621069
31252644000012091969
31363702017492684061
31400310218210065549
31427080371978490081
31915819978402826701
31924364319972103069
31938608277830625229
32102718433297037569
32222944817172678241
32521939310251141345
33017566219931651041
33281897507388874909
33318517861591679809
33588870425579854081
34159277069618252941
34926286055740409089
35374263168687649309
35756890080489223309
36078875657515464481
36367047961334519329
36614601942417827101
36623965532813667469
37021823365914760861

# N=(am+1)(bm+1)(cm+1) is a Carmichael number, where a,b,c = 1,2,11.
18451677740911104097
18818237763927527641
18877176773234241001
18928356685696621417
19126064575706904817
19445252814898113457
19457290953347059297
19598103202611777097
20229869343138150697
20694723419057368297
20980400777957079097
21328375858378832497
21637069232911960081
21940029574364408761
22404160986745273297
22545551372912851537
22625344253178424297
22834579434255191857
23533745653398146497
23693572131936460777
24163476097305932641
24564463866303250297
25629668829680281081
26315718929276835697
27294587435591251777
27572144817056094817
27892378846647358297
28143156927858535201
28962018102265910377
29051058156451709401
29636927154927150697
29699280948737872801
30387025062233806297
32741422787739940297
33398756990484729097
33971634155757365761
34662969382558455577
35226319271736476137
37615446297889718281
37677765695678375521
38336280053499215041
39101116537738023841
39502236053269599457
39747273977625057097
39973861399609596097
40292528125329510361
41166007954460647897
41179238419286853601
41884516728896685097
42334433112978280297
42930247443416490697
43025548445563345201
43168764234607615297
43250744336796119377
43545358598603443297
43744805459173692721
44472034002511047241
44513831601884334097
44737194502054590097
44751179438325076201
45687733080198055177
46687599638978110297
46954265361760550641
47461542098281015321
47687355563391525697
48229287259116264841
51268123146079762561
51421408273063385041
51582686166894264097
52955448373773305977
53639032302600602881
53884022340920815297
55401889010440761097
59270058543103078441
59904855691188495241
60458665952182759801
60681142251217531297
61239719321646423097
61931891194485586297
62018777626552590097
62053554940546926241
62997463844330018257
64788525273477124681
64797475310063770297
65039437975320821497
65246028803229031297
67198402149461025697
67787005069422909601
68434713991692614281
69798899874348180097
71410037579132640697
71543813502810079201
74107609868189050561
75041409016326339841
75337914306481903561
75913370538706473697
76032795134475012241
76812109308402077017
77768443871205010177
78865248706229598097

# N=(am+1)(bm+1)(cm+1) is a Carmichael number, where a,b,c = 1,2,13.
19106070098794598401
19894508535633663829
20011802366835464641
21300623829776198389
22566036955112364481
22649175230684133301
22883048211213565909
22994979882543770869
23321644605215148661
23605722971638959061
23989991754760032769
24971820100466403841
25641033798498014209
26772434619624863989
26915378220029145601
27165186058297297921
27841009134124162549
28807161071802965749
28891931193935468881
30129780376306023349
30351829327562018641
31839199932905895349
32315092156521625621
32703455566896762961
34375896785325505489
37546856215530996049
38471560699049886721
39483622747483799509
39644602376442492469
41014140208699431541
41485872071360952769
44097567899552194561
45012351774811024501
48428641080277616341
48447064074682566229
52081201455860049409
52177939284398046289
52643948611344651601
53722334134591649281
55639712845234073089
57633202844995359349
58151911928714273749
58705131632501000401
59072382215370568981
60578083587383438389
62829476969306073781
64956578538136977589
65608453376200605781
67486745605324078801
70046432119607994961
70755588658501365841
71016807101410380289
72972254241356308021
73336018749258444661
73457541686325313141
76127761598970214849
76476947373924364801
76501929992045991889
77379753117324123649
77669639563974437461
78772714777115390929
79091610961404188629
79513870180892958721
80479133880637688821
83091293134832922421
84551778796050957301
85921248429306439189
86910384465176563201
87319069597831740241
87865973303896766161
87893378269698114049
91687876706815495861
93247142127826645141
96127275333552982741
99288907925260132561
101038189970209159669
106362375287040156181
106829918955058009621
107330140240589648149
108429813049823934709
108508647251186677249
110651641294338606229
114743405204782610881
118332285390669842389
120011031318046147189
133381717333463581009
135345745917053739601
135473705132108547829
141560342415968198581
143546639814812679121
147574802495940580801
150595822879835504341
154095730438373488129
154754194713799823221
160416803267812327861
161894896499464072309
162472153542436488661
165316378820358072529
172582484678503142101
179815399802645125429

# N=(am+1)(bm+1)(cm+1) is a Carmichael number, where a,b,c = 1,2,15.
18540815934587526361
18642870859425369481
18701918696661389281
18778867107834010321
18909567824101111081
18931410063167714641
19014962414176436761
19244994019956137161
19283176902700141201
19315370054290055761
19333494438007750201
19578268685854645561
19584363569695361641
19726936864644849841
19812812068262865961
19898936131949844481
19931810834028075841
20187818290051256881
20448099625824776881
20563328569560295681
20609541084252623401
20660033643176616841
21024312443166272761
21034965497403967561
21075479922492192601
21094689109498487641
21169502459208039241
21285275420231920081
21311059935547267201
21336865265656044721
21622100075069883841
21842056379774030401
21881412454544839081
21914245274093421481
22026122505477019441
22116338625847325401
22133970444501087481
22144995088490078281
22220059767635981521
22667292584588765881
22770481182324179041
22819942756838109961
23375613474839135161
23476353128149768201
23741015845171224601
23745636185429909521
23972767906206810601
24304439981907763921
24412535389707747481
24513870493584430561
24530393399953830481
24717381198845236921
24741118073417447521
24812419868452039321
24838598143815866281
24857648450213954761
24943495374016260121
25146973279793007721
25161378090801662881
25279223339096048521
25477255876158800641
25671452438918341441
25971950647629348121
25981271483265204121
26048054161738196281
26220447360756492481
26321772863781897841
26410956539603076001
26560043270092047601
26594910712801126441
26667233176005611281
26724685512054179161
26950292181494890561
27174637210346065801
27179692922708694721
27288542463709527001
27387517441849170841
27453633537957260401
27530053462118446201
27950323503125588041
28014762328518632041
28076716706636755081
28087051308344678521
28159464537115259401
28244968355633820481
28307261544590841121
28727514653107420081
28761628456710072361
28811535656518724401
28958966334032769361
29051365418980482961
29112191707543041241
29157204796561341361
29281894166326558681
29510968570564980241
29727814341441288601
29835289362757203001
29897204633867670481
30069941282848973521
30316694906276135281

# N=(am+1)(bm+1)(cm+1) is a Carmichael number, where a,b,c = 1,2,17.
18551486854219721293
18634976347548185101
19084486967182668301
20505965765843585101
20857451145448193101
21288090318017037901
22372007224737331981
22815671744027801101
23007595292928707341
23573513655579018781
23614287735944310241
24901725330674742301
25498166455310948941
25929976390394352541
26639808360303768001
26888162395950139873
26905960795179408001
27209736443716178881
29476033900282833601
29856028470084432001
30616084395706870861
31300236578862284701
32335394703439564573
33116340913489152001
34874236802558085901
36278872186076100001
37298617879367258893
37598211458163612001
38778546509467303501
40320421559908689181
41212811780977686301
41390482912650072001
43476662176025020573
43488920356385628961
46485193900466394013
48843717123629376001
48856964385729151501
49964856882156656353
50640277340119729153
52175248777824105601
55251293641445269633
55857480992794308001
57599055634467583501
57984324383778457501
61143888573108153121
68100350704748841601
68232688854353844673
77405142798293393821
78055135465160963101
80488042279615963873
80969479011008679361
85716289509785119501
86102304436477543501
86664081989866956961
87169817424564204001
88679106209921597965
89410504305770269441
94643200429282056973
98313069498357934861
98439822923125091101
98651320655518649101
98757183027503256001
100118917197080633281
100997822738871289501
101299110709387403341
107810251593402996301
109707528601850393101
119288041883688497821
120010159400755968781
120372308440410154561
123443166186387168001
125519149405816536481
127794254275128103501
128802936610599425101
130274932770062063773
136353834466153806433
138386012853888246301
139689672005654158081
141566206710238168321
143160848157666931213
154174817036254114381
159624864386778941473
161675538641540203393
163951482204116071501
166488579070486437601
173577126731545530013
173793143521608732001
177054934675708633501
178779662817543189601
188645479239115274113
189363744822503248801
192089977742064990493
192982432075032996001
199307130181124826781
199781046392526135373
202401019584877740001
203359386388487938753
204630433250775011101
209662607018827528801
220153774014768755101

# N=(am+1)(bm+1)(cm+1) is a Carmichael number, where a,b,c = 1,2,21.
18478252406465939557
18585602247062044657
18820134667356903217
18963042481205907841
19087896643044284161
19191312937422738757
19257317397800956657
19336091248772903557
19491110572614541057
19922485754044617157
20035353289730443057
20083855294631697157
20155133065482398341
20252601524571044581
20629141361883936001
20810863562181359941
21511138709795527297
21612927727289704177
21677559894441738757
21728676210243440257
21820887958744802341
22164685078707283141
22175054399726884657
22320564646519440001
22365732192187986757
22435339640866917157
22547011709996458021
22757394457417378501
22891311401112882757
23103827156252027557
23178517242894389377
23210576494108290757
23360577244717621861
23446581406514951077
23478887307845120257
23734786054213912357
23919743605806543601
24167844930204619057
24244809704668280197
24377129168356232101
24388177470306710257
24952337748099321841
25064703291771118081
25707818557383283441
26106625565773176817
26657780776621553665
27180988855222603717
27578855503949345317
27618854366567132677
27924110345758751461
28101861232585616197
28923456920182513921
29463273508652166961
29609747544892408741
29811414488438142757
30064783169508066757
30260001752318515717
30392037611637876721
30404835620073407557
30670132810619860741
30906764924520829681
30971511522617595301
31201006961555582257
31405467803654996101
31878672989586117157
32010957239104494757
32298827472833072257
32951709190044950257
32996746249432713217
33513072443875339057
34622275411056620197
34855424128250616997
34906856916401164801
35225928615637501057
35390911961029842757
35565882207557425921
35827037412948445861
35946165723927298561
36132532719800676517
36281129251714467121
36391641167043162757
37396363966587480961
37445363974211765041
37730408309272256257
38279950373761110757
38384514375389602561
38434373611643726641
38704359721645852417
39081433681848646117
39466025525798931781
39638893484861411077
40068141571592694757
40283922826567893061
40748917036927683781
40774854439512814321
40894308259949718757
40920307315408843057
40956724502375012101
41055680052813758977
41191351021918686961

# N=(am+1)(bm+1)(cm+1) is a Carmichael number, where a,b,c = 1,2,25.
22021355316478411201
23052978744712053601
23282013930728174701
23567027789150124001
24033394545531031201
25211883356058518401
25945851156017576701
26325452005978267501
26398874036533284001
26708737416899298301
28110151173622255201
28556968088849385901
28650000193115720701
28899073135270453501
29654944954704891901
31917929437295325601
32420983509127449601
33014527543337615101
33356925573442031101
37336324879664712001
37988256967541827501
38269963634011752001
43869620217644959201
44221113457724040301
44366389940497898401
46134597778648425601
48344100953569627201
49810716358920600001
50782018963911771901
52204607866581571501
52459745146337152801
52545285364532780353
55779905879940964801
56533542102545327101
59590670852079828001
61198329138706665901
61301367543891029101
63571161665982631201
65545325703170510401
66956753058000252001
69000043100327791201
71769426672738849601
72920748607782681601
75941932558543291501
76478324800151355901
78375580072935028801
78770942333419496701
83968656701560072801
84127703399452914301
88038132109299873601
89125248563223427501
93119737548196915201
94145245608433939201
96149189935070865601
98463899146161458401
98534615708087460001
104155442657550244801
107493411684954016801
108169449736998751201
122823803649626717101
123316014700139246701
127965127165829029441
128099888708236651201
135352192961085993901
136096506659411220001
137770122800705150401
139591193616082550701
145287954695350021501
148286423843888736001
148937601427897027201
149077387046679197101
151917927937978785661
154025163986886693601
166795542667295979901
167197732298575746301
170031176943199391101
172382454623436417901
179407893934983938401
181259946839475003901
182857529139788577901
186946689894227318701
190382241452891961601
191096363397647899501
194304206917901595901
202880847230923717501
206508349322232230401
209651839034488533601
211824026216263670701
211941867240190002301
218130003923574325501
230491166534185397101
235829190111288477601
237859956535356823201

# N=(am+1)(bm+1)(cm+1) is a Carmichael number, where a,b,c = 1,2,27.
19003061415522589201
19367278978747689001
20055328003696745233
20350561148264316313
22091275798059888001
22284672843334917601
22523118324765457033
22842039928482383113
22846969782960940801
22986943926911505001
23044746106316109601
24071177838008063953
24430284218862987193
24538708350050214601
24834618479374123681
26133610439980092961
26393299373880885601
26420448816261480601
28021519145178716473
28049773797548305633
28055427006230463601
28647517262042806993
28779575318405019361
29259506779745895001
29874254908350430801
29945055193053644161
30033712740732910921
30629238948179275321
31262959429898621041
31342022818853742001
31979334097905360913
33165853234280305993
33172174460121681601
33393923708594815801
33533813501799447601
33629416552239838561
34323127890645114001
35712471637068639841
36025479497156868073
37070692035318787033
37745684016215789521
38122054845346724761
38386223445250990801
39647019207697489873
39704002984902530161
40514740749759880801
40818867388862973481
43088235507675537913
43299301314716545321
43776717103436457601
45074709295051052233
45237767931600363001
46208612947916692873
49624805773966340521
50247557046308146321
51145001966275301233
52186921869459207601
53335388393854239601
53456945659187770873
54576901307109275641
61626599620292215801
62867222714749683673
64094960293629390001
65597184826520181841
68353859948800239001
69506779117698613081
72530797780787031001
73708557186241713601
76179187070389153081
77808200653377911593
78715663724595033001
78738159021908828401
79902469424318140801
80232343179664541473
83382319220595090121
85539340714678905601
86601695281355931913
87033897949177200601
87383105125090297993
91397997934754786281
95815818970907143681
98729698307792023081
98899837407468099001
99621819608055060601
100307644434831780361
105374239182009162793
105866785614741355801
106884057428723757313
107201558788330230001
108060562598338111033
108840370332395352601
110199969770461592761
110693312712975681001
112182171518770400521
114620909787487479601
116845769291431555801
117050776964998224193
117652535711864982001
119856778229748643273
119931219634794597433

# N=(am+1)(bm+1)(cm+1) is a Carmichael number, where a,b,c = 1,2,29.
202749821729537391541
204638512821279418369
205552050716226598261
241608792516055428241
247694676224755836469
284702901001526634001
330702462049127418001
331379322105707830069
354642030062232526849
421184875953228710209
430333092129368432449
444302304889514879809
460977948758294704129
475352991215103897361
488017107357192698689
489270656446044157969
497851764079621770001
536507885565583399189
543609868637099308801
577255003192912419061
581467759989326812501
607175410193190332341
613718587363105492801
619133615112069445909
679721407533684585109
784331501498383710901
810743552060102720629
827192290660744868161
834334895823042319681
842779854097754410069
901419788248067030101
907466925545691350869
909931279608836255761
1015670383225799849269
1036224008610664498069
1201564592650617886549
1244310696566013880129
1380610534342440546421
1564056633444293108149
1666970445786089003509
1692094144691955582901
1828143429899379409909
1882446525736387664821
1956403492647211652929
1958933154840412380481
2010629077052900483089
2125406222394639981889
2306692700215802068801
2438590794849826880149
2503216906296791484049
2521140306001522642321
2545547663753508353941

# N=(am+1)(bm+1)(cm+1) is a Carmichael number, where a,b,c = 1,2,31.
309729539560228576057
314607750874927985017
319124199683401471561
351185218404825342817
362854953856865054017
369865545211883817337
407488427174753458297
417030196417073604817
428223663101760605017
453680935872969422281
475672789551820462417
485428262827295882737
506599625566386682417
511386475389460707481
512517157992327048697
536502258030949936681
544562301870967338001
546036382585676385241
597125504808067589017
600105964710437648761
615368408025163718017
649813578075739051657
655963326649838312041
691258249609477131817
711832944798856912417
762647842263741623017
769118369922253792297
784420984975195609441
785924697630582614017
789692384090617741777
856195343040076239817
869204426703587492017
876061363681996299721
889270401269625860281
913587954611597521777
929692816784051991961
944071715269831272937
952171177882935980017
959027601061580470897
974791835850603404017
983939471913187173817
1053691267909804274521
1074639034123159661017
1076957773474048080817
1094923885022985306337
1141313781066251821297
1216973513406359286841
1315163103003900405961
1316489073134640454081
1356142571861611184017
1390797779389497160681
1405987314417219987001

# N=(am+1)(bm+1)(cm+1) is a Carmichael number, where a,b,c = 1,2,37.
218393334087967664113
220427648125846454833
225257927705119930501
227647179283899188353
237158805411591980593
241686779110486406401
247482428778693579013
253706021049011032261
258214745796304295941
261631121702453751301
277377982055474734321
284091114874322646001
296222395108977752581
297591249262282694401
297965303603941839493
302478431498986566181
305005303125680782021
313185790732492783813
326964574501526818561
353764922542946124901
354324658941737233861
365419647750070008901
368366960990108923393
381450336172806331633
438654307083600224581
440918117454267975493
444491248277825700901
446938508829833664001
452518853370845602801
454609621733915782401
468356790302586443941
518800857772988965873
556696713789458865253
614402654299245133873
620067250163625264001
631122509086976784001
647305697201924035633
660364820688732288001
674028223111331235841
699050853766069939621
718162826622319560901
793052249081689324033
799056407455927864933
815052827135763895621
823867445851392828901
940539699928897892101
946187632111168220401
1021680575995895630533
1084473855695774803201
1107658203715416967153
1127531902060995509761
1131777867065796994033
1135425738515990526001
1139691485349963373441
1143050628799348750501

# N=(am+1)(bm+1)(cm+1) is a Carmichael number, where a,b,c = 1,2,41.
1417287031047916418881
1429458037278713337601
1481337295293987828577
1513650925997577872077
1597920585607243404001
1651632916567303942081
1655219443349440066177
1700490008007459938977
1734979346033503736077
1915919481979666758877
1963401080434790881501
2154694263651158409181
2160583233579304745377
2379230148544117112077
2586089636094934980877
2657412083833242667681
2840464198891605982477
2867558560614251248477
3052603033276617591517
3127422636015823805197
3132224821063417183201
3303414646142760773581
3350574116600181232477
3355602043426792867297
3395282318335588108237
3420695557474757613217
3448430307150193668577
3452090738113568234077
3623284542748009668877
3876285049146967538017
4067649693778895844577
4133360587897684116577
4489105762119652109581
4496089414238431313677
4528483030042487816161
4769591613569284592641
4852741814541176810077

# N=(am+1)(bm+1)(cm+1) is a Carmichael number, where a,b,c = 1,2,43.
3991109469915924796129
4334016328304253269521
4431918657193854677089
4482811022372508489529
4538772665526824622409
4833385318238490416761
4852944752588047402921
5211013165820034379489
5312297121987125197561
5616446447747573278369
5619685512146397028081
5983636978369576412521
6733616156195984187241
6794712926149893692641
6893234609196381230881
7086821524524109378921
7143695308671463980481
7169069909659250945041
7318716127081866413089
8102386602997155455281
8153487469081387868089
8423526965424112366921
8454681917846374334209
8501558234409192030361
8724054045267394174801
8836012960593344687929
9146215113440227393009
9176131165919998181569

# N=(am+1)(bm+1)(cm+1) is a Carmichael number, where a,b,c = 1,2,45.
18834666589360659061
19721920456353832021
20636609937516698581
20727777836577895381
21861732884503153141
21937501967694393781
22607962811173231381
23838937917239378881
23989589281810886581
24050027095711663861
24060109923025298641
24659997562051368661
24690763847520115201
24844979173970106901
25374112464276380881
25594156188488875861
25963716372627566161
26048683768095291601
26756748800490329281
27017373864136996801
27060975236526405121
28020947800637584981
29094831319983472081
29220919437300022261
29304413502631001281
29341231915516247233
30608326799567700481
31144206839819378581
31698422865878259061
32002366222950298561
33325203424868238421
35947287911248753141
36743851615812161941
37146508683125456341
37524966129745718581
39821585720203968661
40717139579001522001
40946700071467417681
45489235233271442581
46093221744353902801
47127490926935316481
47930824874586588661
47953180324398536641
48145083674791219201
49421242028807944021
49993762832974282321
50587236703161061201
52108307462867011381
53247496102581090241
53298889222898008981
54368430684024713941
55188678335547556801
56105753170965788161
56176715173648063681
56407754872096424821
57104673042051555841
58442764348961188561
63540610323619911121
63868711000588603381
65644234122505818961
68378861209363979221
68865602350959963541
68946949764767004661
71479764185215294801
71918300274131275381
72295612895022006421
72779652010989696961
75124514309712935761
76642612060889871361
79784728447111517521
79919351614524024001
80031653198875422901
80594739412661192401
82758550558134496501
83472926776481594881
84261150096932437201
84703781310949139221
85593688676341505461
88085002153723911361
89022517295121072181
91653379597565454421
92591235216839688661
94060022539382254081
96025539038201395921
97171848257353468021
99050758860008986561
100796414636436611221
104322199932159802561
107053921895396636341
107655206835672983701
108011567613540680641
108809358325293358261
110333181349274780161
114105178949389264081
114789709005224907601
116512999669705784401
120305783479170340801
121815912740398581781
122351901478588088821
122441385504884333761

# N=(am+1)(bm+1)(cm+1) is a Carmichael number, where a,b,c = 1,2,47.
955180548684000409201
1005664517166996794713
1055103550908923311681
1101617447184260402761
1220540968275392982121
1371807322330132669801
1418876498886944106913
1435944292689535596073
1454135635465768795201
1470986878364534740441
1530382040076301624801
1588935351374325292801
1633873931007961336201
1644569418377936530201
1673137973543057767033
1807791611029374340801
1859655126558928393801
1992414447339265346713
2070771469013141176801
2119899828743084064793
2237541200558575414801
2250728065384066800001
2302651855590353910073
2382025356586815634801
2489252147713955820841
2614951853409695575441
2801759399631358228441
2934529415159795119801
2961620828657484000001
2982090837540913597801
2996458813234207255393
3167509140204432407353
3224724943356178209361
3263879302849518812593
3600703004975279345353
3903402901683430962961
4029664515103847302201
4057978738447050145681
4116980335805085302401
4120933982010950827153
4195534251724873955353

# N=(am+1)(bm+1)(cm+1) is a Carmichael number, where a,b,c = 1,2,49.
2385255655694348397661
2689146588326527547149
2835632237101589684641
2880675034303083762781
3041650839351368605789
3084533664747562642189
3097476656377132538209
3110455804127369902429
3149610688406878284289
3454261098037556845921
3458909233248310020061
3562225992188949097741
3571719141554110659421
3578374371489856366849
4130666712265871070301
4480324641482242946401
4622147988199804650589
4907661203984072391901
5094350962895688059329
5203475176751591818849
5326539531687975675649
5417591336129316986461
5861962730395385853121
5915002860093621315841
6212451045184305549601
6213292435243652374561
6318866990330042333389
6385815177330843473101
6395617785357006947329
6562374931724386521601
6832538072500352581069
6920766783351952225549
7051537831209907315981
7119041343342453164641
7209714268538918310721
