18784791900894139201
20007408869214372145
22106711022240636793
27517114657740948481
27519945476080337281
32677302054416619601
38439949752842803921
44213419474763260177
83541195453920644441
105480718187643558145
212164011765638620201
223349644272073648897
260716088386193220001
339194710756063457281
393187457358950608081
430434986539414625041
786374914633774084801
879105501617031054577
1243719376246631808001
3792147821488686151801
4454920137709873830241
6751940043494196816385
7255692055849513785601
26934534409616838396001
185877754097927372127361
205277397213392341675201
216430533717891279353281
259840562079088894867057
929351891812170876336001
1166590396813248067858561
1514970794879036536648321
6707894037645331773865441
7526340653325708025912321
15240801383264140140407041
19901904100529257406121985
24432368456070656074481761
53663151204696146335292161
57149467131246705601611841
63429385265287811136164161
74720441723076722697103441
128591048455142196676572001
392975693777621023274709505
411631604211241635244147265
522066394089140742402438241
586503243404707563749743201
662974860170442518425531441
757992008710458364756692961
2015867935179341366020254721
2760856869133567464849364321
13489574594862236370126395041
13496282488743243629349456001
13583842926215304833077399105
53958298378979031262853166721
66274866487188490578030879841
71798300646765502018100849665
132615645322790240500224510721
590022262707714546218683156801
858678426287649932249693485441
1043761870244500449567735687841
1101947734789913385187158718465
1486932691257310544344496836801
1808654735317437424548461683585
2071903837888784974447581272065
4869706316943549081222334668865
5316356349268717435033367253601
6040493263748557021813342971265
6100319684841302349745541291521
6615331504873126728797130305665
11447802032219993838568050619201
53318738016462764666037869347585
95572312798509401883565391331841
106637476032925514728139554712065
132665816860778837567188537117201
174470590282430768272287350512321
227540043168105902699628236430721
326270323235191479874315840176385
1862753655093787918535553071349121
2794130450925989245159424038941601
4766046161941658391071622951542401
5588260838422593225031036941719041
20074473983797058244765740783120641
38065499800383997789048359743929345
62779064014058131189633226720216065
143342703844761579895056966237290881
284378457779840325730416677931679201
515982744954468920214912327182398081
999000824708057870608581820946722561
2464473114762429154913298968252328001
3757173994450529536865983294404228481
6219992601578459682095885362647930241
7317230306259954948665993914107836161
8500230322750614070700710003551186721
11271521983224729840067374260940357121
47529306575959625887819566109097931265
51031938508084809264417973524972564481
93649480014040490162146748951944764001
190117226303778797838976676664173359105
359685897287699287556759875748884091905
413055375144059204127121910475347668801
459362466418652881657794156682959529681
496167993120588972837636471019508160001
727080010804801427171442997099604814721
1014225661974951836893995370368814773505
1488503979361509736415999128665171336001
1514536361351266817082867178320628776001
2181240030326880541025328092163343068481
7373560872909854566510266441702528873985
133105104578631180713685360808144274582401
137939541188337668220875542515608839432705
140326441884924396357144412123218477175681
292604476548210835910619533457150750011905
435040091437768450806290743719593997894145
444931453582876618507379022210041445663745
504434213648645249904855946912732370722561
1412686070593546570260081723722770849612801
1477012215930983984780020482397895804834881
1802160578563583912096487443788393918771201
1969349619378558366899162901520182092540161
3938699233168855895375732578009327243361281
4603371792160435040701379333954187597980161
5127700707370418267644483853424520725640705
6533656731923257881438527633243256001091521
6836934276493200388913348876241211773763585
7607716390225933040306360035256240532347905
10612606494871043747146934328546125556917761
11110018199300155692085511433282939394070785
12588062607418307642542904916524958375840001
32494268633128170058285992887101931930267521
44440072797194407056828379378208414832466945
69054656465118799557230580250368594703970305
72687143335188774438153757347020575611796801
118574232379544051708629787415208854629635585
218061430005555690601762734606191660100883201
304531037297920218732042379676484151738092961
361951737488774796621236029942404149588703745
382013702698943876007429221384504896836735745
401167010082652829316262152807045499868567041
593719069196868368372322907941523194297926401
606928940991719920381175918791619457005403841
1018703207197180216180081442383722312262508545
4808951073981949073216991153102105911644654081
5481558671359597937141961511116085846326963841
6708334705139295750159706569731226077237015041
9932356270172488978597212536372766128223327745
12252507645167590082165052231490700904589271041
18493114207698637676216186780643346691562041281
20780756441792733290803405638815258402543458561
32392692558923440712397822323897893447268208385
39729425080689949698677336479136141170149494785
64184840378840792497054328644650374869402579201
161973809944351327011826562910985884931897872385
263207441159570905099278266049861453984595747585
445104626677864654298949346687351505342533393921
1728563291555991666350198455248509981633682921985
6914253166223966659185082307327685003191987871745
7605903536358627331473981459454244941170854551201
13751191466090011847911658547103124861969731342081
34050503940197262017849900026388938871649478952641
61075902968311705473238313651265735228356506235905
131141152373866467547182029776591157499021091160065
138204986580766174122853847992303134040132067597761
204303023641127214497183276509133296358592171930241
357575440946657546193180840096132537008245002542401
467501406238830202224689595835068814520923259070721
497809051409901080138199525978136168329076962038401
923314488448929969317421683146032738156190341440161
3828924024725709975304064916526161831058732659336001
4561151551415627095822505801879912581799347495378945
5369643787559958780461639498089892356317032798471041
7685339569011839994221608244995008852281192061669121
12714858765429462310802080564876442200634404646496001
12855492330802650245641557004921895941145812507884001
14993800518003406778450299558198887058320979948569985
22360135452560668799437766719704074434523503290288961
25710984661603785954921762743026709015113304386992001
37731806177968751610676814760130161306271800941194561
38289240247252634241102563864506079582348151019920001
68138329959309501974248433023850735313302102256622201
72050866337433567160775868152227252155848408608477441
75463612355797176779468705123903178200420383405213441
94863201491586126009665123105394508335704431768492801
103380948667564399253622521779931758725159298315920001
120925723374220451470577685156382604512605424097130241
144101732674867123050029753079724664244322556276597761
233089221002374900190711877715589440715092629889081345
299312586548887857728841131265673957374527192521795201
515250973842089120148705768734335586850771872915595265
1221807771170412381536444076015268617867025190169326401
1464372965324833878027889249569095415288907057306665985
3919606010231193848972609899104748795110522882494398465
4205857630600740835807631351727538198632583300193462401
8411715261200977237401614058205171541318253868016202241
39894832145801729508577876296349047089076033041702860801
69643042956612584755177751633792907921568285780200417601
90242933955289231744171699216417371592521095696317538305
104464564434917976052477345658733313638630534473341240801
193469451007611378907536853143221038619487758852216755201
234587092064374964584491618067721145528705253274025369601
418783615386279794646213099693901112930082540466502636545
1671433030958660584430959076781051570906431725664678284801
2229341237383549129864058968481425505407699045339362240001
4189231528830527261917673545949168127608891708812303342081
47930836603746306261562936245439698769737547337160275772001
128153865313802992008681832506842996692599671310951236874241
214661850931527668083545959896454328919294306313519791833601
385409300651293529900715715529846447986952383428414283806721
770818601302574807293786263469610730921673276155923978342401
1618901591956135944463582124347601251574587462103537356560001
3237803183912271295208095051826834130826266982683880415193601
4377695794714612455439888048044443990368196494482279680810881
4549462218640006057491878224457917478389701310119296778720001
7978265459621770443883406308554075794414870127387445281206401
16712297625959232906942621429299323702285016967614088381272065
42366346173606541615179130812819254510054261104356843439868161
191255781509323368313872464397385864156925353411838400197750785
236444117400681360578967696396644186731494285988416493363937281
427649448552160568976122976428123784183403645093474450587525121
531999264151532504921893969561631546459178784284555431902116481
637882356867983726659734461357402218775537476983689595788764801
3155720394901802889317100732309885437127731168354098776349906945
3517534378241080189323495139377767589992416122745079236351841281
4207627193202360138705343020923998188827049360752965361436155905
4760430648695440868346014048447307422245279211050269608154849601
4843522673493519618792074765773378048298797528305772796860233601
12622881579606818133811281329836900202421594899943898042126147585
27684274373455706022779295916811696419934559927473124146770166785
46614139898218866862060733973231029590643472595407786714551906305
48479059121966729843292818223313496205739846699397508589941580801
55368548746911280904406217967155845657839343263788749272449173505
73824731662548330825490832667385278483109198821332499356235177985
75270118110422027668607345130008908838439859863949247226667157761
88514490368527960661726691459126346994729998491169602971925909505
112905177165633041280358704356081036108185116452248118168734039681
119177928667254161124209505801077011094993319714886204869367793665
265929956211448216221834547609847410875770710190381462357803920001
570333201146241826496535935361875997241062204327311061374780217601
843101253849277345533843599030844663779838062136901727099295475201
1122043397147315356377327993917225994306577576478156931393457804801
1140666402252588820847270141215174118185775361565546089707857574401
1185082587642821863163446773409987309335954588316950793056692219521
1245605435261959596605896143752649556836783710029394255877132812161
1549313072674304094495535300171931276491746605857047469763101384705
1596459822202604949314971545436313486567872282318691881268580547585
3192919644405209767488790717006159425953714788046226263516069935105
4562665608890670786951675376334962843854054304994956259706321715201
4827660961640798857873824604645922331550029479581858609453545851905
5925412938214107885515470080419751773956412557054605932303450928001
9695664418847793736108283229014645932356472720139071514704017926401
9764012881391660504326788241370438694796987165452114620685555400705
10540411607332808888984118880933445414387552653060132522423386806401
12547330424379528707861954258281136537080038506330246656369404710401
16539662832123957668317093699254223383693030606997891854700946208001
17561058044228653131053163261134772880426297339594035703743474422785
18440376117682382719521498942981696032274220319552093254247136634561
19117335593368226149557546297282052192724513099454561718749892690561
20796077988605747169571621210727957688927683116202564088177949016065
24449936360511987720399015945654314713317530483476021160711888678401
24587168156909841064248808920028929969162878761066506911932161623041
25094660848719162583578106787053695197863727965571417279697106560001
27400253316404214588949334306343135208108244520728272911504852271105
27978760463034353744539991890373085895892090419587901683679470941185
63282188227144135248801179700709308513292348058914110481129242624001
102588788364459296713603563934390734825785585467579219509435150357505
132317302656712397521516137487473741935469801526359602606315649638401
287436393773180272004391624844818597276842686246442931538472978860801
420809800689707598180251483908259248216053678732315856309885179636481
426609234427587446606494987707775572342941790661288877226183565747201
439317147509291718036627825281761768102058279592284775123582655202305
478309793737927056937285235598938831184026968704963241990235267579905
726460280516076227636117390980817566272134719728423577625043264316801
891017101729431690900944352024871911635877299414271917493176471138305
1197501345557766375318478682993311745557256687714430205957431777408001
1455490329223437424415219495067125382527204326319064868339055117414401
3109013659296524588101638518331151353780847860840337139927064849321985
3645246099456781494309242400483310818199765853584062016753030360617985
6586257400567535537506976648680426000121578211717465290617187112870401
11547765020244233551706771775926690224968052540807056007334816884260865
22127867730889803592025950549250078762814857932506427165249914331797505
24601760260520323390144003085159148524561989299748708076825984791855105
34727539021174107828935799358379800440624146170399981843840353864729601
49905804566487734308526369272658332327820626131650533339025909943138241
67523031081260465514813272957976000567830651179268818997235683490115585
75741960106526239785592700541665058933697037769756415543750713917971201
87926013078856830901863711500187582052226812109278449507727129538131201
103757553600879642219151290948861100994217172620974343824326478435211265
193900061888898560540389716922375643610276365977157039754698440175554561
281521756661408764156793760481830852778349030017329707277729350353708801
335898004093453181432112599513942369434839850465859045746197900314112001
6948045400886779550155095194139005881836659641053249126192517125407791105
24633979148598582037731479049302352800622620637558367663038070026028836865
36950968722897873055865032091291112261919986331553003786912651510389922305
52967566887279735002522216449921184088881762234000241237372272121921736705
476708101985517615010984964326691985775712746109449407814039192638842302465
1181575848584180137114372261072465841480973828441508687516362718422808197121
2413064668985077636839011711097003972321959468581030190278072157130662966401
6117753975480809392623645295436203283231650218951366437865917572020347334145
15040307551201413747605930950366111803759167541688198739704499010383664920065
19337538280116103389778635686766336652296636013813521495215701897048338706945
28541536832349733098952877559562439118735793398122845610921947319005764526081
29161507441715847225967632097775409631122595806027024150381025784285189068801
30080615102402827495210397527766898773640307194126828383993709113710023174145
34084629291964509473182186655303076194562495154731011431925934326137104674305
36706523852884856355734549907790595529999761867460353150119060896835550674945
53602746439691768034693850709466088604146542142975120116506111641869812607361
97841231900090720606908665496465550687798443192771563231738755229026892595201
165443383063215551223650596724373981502570564066074495182596600043647247460865
227813413955864504685722644939921404148885319746366462772696268225875888676865
313956905155847062806943000017156910219275402310921334794144707399551041044481
654889383007068099771078477227755483943063607408278801236460433859834639449601
3168874539688046419808895493071060580008930653389357969263455841690475908587521
4174559227583594337061797986031324011173387870804796077242644087430700963430401
4696379131030973295993411400436870553148019484299913830109850228827075293644801
15844372698440232095961203060145003670869508213068346922630586103828683629568001
18785516524110205187146973589386627186463073048668093157524416046529182209433601
20571119006100932214661659533852123253843687903265789327134608072619328703769601
57703356542324405181124132006996626963341351827869679961878816849754156866526401
79368154863919622767126030467700308640963046056165523080942532694166126214062081
81405326586891930787294525543698741809421201453915186054287475192445049280774145
86555034813486606012919008889954845783264458052920724946610163902091617123868961
112404599353027342882042846087629608005047281034240032470073397927558623619456001
115406713084648806844713885772913064603187564277971769931341510954429077381211521
123268776133357623341265065135199171212148879995031201328449757857252580707840001
244215979760675767116120417417459957805700944687945153319672625689539063590027265
370056350741406742459061505163956930631745933940121867323372728801725426348376065
430052425326413598519733429465666654293029554351943245666593736089018676135852801
710327343562688033684649927802468766595601451307809510587457257290646534861824001
923253704677190430134970438495743191561034538579401029503819228419877964586803201
956565141283392626438313679238171732169444932594709342021696381479521539716812801
1003798018795486819095406482406822181985987156316074897040823740577662003462656001
2220338104448391634689962072681219949849268751447257219004409112237249130313252865
3874650544561169072717103737707001102558565666951240244282141503938172755799343105
4015192075181757429816944497221542324404846497338759711119118219979204626122752001
5070641766626125515333384573896360063130709550073217832167349607294894724634553601
8030384150363451577445661850307835847629992285369006129890177525847928123002880001
14540798648170066231131671141271241264064261661376662724380027695287232437110104065
18132761186328461707875706953329681915119964982008621243461322009782752984411193345
56978753420002058074775662803015529389305908970879837227370932324921723046605560001
107834227804630698066449930021770451230354837475140502916500183788802682255868569601
128347185949874219094394017406769964183577020012753566913271025455089081111009223681
159948785129870728510891178604965625011535870952044435596902992964618569044712075265
208021417229683837024917570089784293723694370528337555563554564438055300948971417601
217593134235941433090366788131690635386768924709277812154677044144132208271824912385
318605491165476761381210456930916840559889819987368660680809974180967154761834496001
539171139023148700326867419043350982237042214128720285555750061223189581552233216001
572982519628752183231778891118811048844055237651715558545936040170055710012209440001
580285278078370571160702616523987701751876626552414535891751879963864459347040927745
2989080135862859569647410047033396421530101877869063790690001394421873642473624691201
3895229946420614368963246467662241434862979286068613825876532073302819823082733926401
5348880243123011842063390486604624335173227897216537860316677157597163166585306060801
5403046296965421827652009001033998432295977656936920822109138405934295960447026401281
10754790332712537072029403313030797212477605493005747403564958276619179583891424275201
22103461004670092976216851607560342522039422634583603754666075076141718787778243784961
27176168922142815410537200201331700150439647325158653162447005866844955587530994099201
45884503086063123160030812351128752660622561487069957110805689684031133588967606784001
46981984233777018996312593911676499635694284118948118117611526806370245407020914130945
90253603135797119007364707247875935879994045333366659791298598600383098868992177635841
115008592274029984844229407627643353317701258804130262901533340871344725943545002748161
139515797962072181896379600600395015893643453956513568186234464808995993860912761896001
180507206271594238014680935436629905030144797848510006086391457354066800229394413690881
221486497102091660946350180595591616409344983092808070259494102615494731184837960843265
562591023854919713264051784266862150023945435745190776632886407303935069113515662639105
839931518177463532186515139281628896460292130073106533818284338733924558194083283776001
885153777714781339504434944928561964412694275684519474861488408526862524440966355773441
1033603653143094417713832795547658121394411697548079385996716859265650991920063447465985
1034253472094996310807984287826970184166760891561587891932227239243513547844895912198145
1503035348317566320735405642801143940194010541509746747383380228186180914469465748633601
1679863036354927064348443110406347951856335451226184137667405798706782609476234405928961
2212884444286953348761014643732721960936970749983963716909412411547107214839530977062401
3882578111744795729632879304694541106710063123582093618651546610091564916859842150272001
4328657700002656563698705710985371806086577231180196156918133130350284852650060468633601
5266916519397509195238894443917252462454796542368967888437928070450767705427597533145601
15579783706341794334874354157505217773520416164188059604328071733556808672686629396742145
21643288500013281474901512181114133301982488100131503045231263788315241278458701086720001
28265756868621087192428732809493071560011115123814044155509065520067745859194791072417281
41646278756264542770637206016321908471200265501179871265683118184173880140442718044227585
50035706934276337354560506287880164744274452276684949035422432199813227892810753191087361
68451567933479377345376534457774464989475627580117740945055338549763203831140830945705985
100708567981528446737785739394435067547820816522531779757607869777692543663483156312524801
351013821139594303451583951318704888854017962114238453969769485149686031090394492253017601
402834271925820263255442685415919544194793869438063723700853164421074958388245544572313601
1029404115628881894384712236462781853381997173568278085802479069486813485727273733952139265
2087260620819782667622146358720705378331641810012285717850974332350263846671348490505456641
2333081824903240202118250951664292589439343929731740032227142546864907052463116358454297601
3591938924671122770941821560087144575468398316879789798657331274545667113816292976203417601
4666163649806382563004601812607978270213191393912792266011092322166582366171003690016000001
9332327299612667284777303534495349631760886322274896733578991872769932993586778353139404801
13928716316201140444612561306132902165924379349373530833136877540930840104313727027411820545
28735511397368297278911271845652908243088711276183503800156300795422714739243740621379174401
35124017856656064255589022551060194756609679464376565092504828816359182553741595877742528001
249639755264636330456071442211694974751467175132923276813325818728842490305499173503994752001
2574319874540531547962964044046398729228828511634676278992167877097575279252452004345328435201
3098894281479296873652409845407724773499811691418484212650883894138827696377639031012414398465
4563232116520709741398316047530985658624341260072759497207839788884201729806866059299143135361
5142629522321755380574293379012061171026666265000588558318587628995588990318686462160200211201
7923098702288794256599434392596484481782420736982474229815825460322602188474919055997533619201
9180207007676618611769995071543645896012304421046789289158818288125321440756386692784898534401
10722786620661898972361286669776105489326126274492705145077821218665912660928895414479837855745
11884648053433191370318397868036803109689815056586006529162440287470391207521865691853705894401
62095332590422161777825385324314241916555207315074952114377808487190309840128768124562742892801
160851724772702017155699391119076873748021309955440819506586315698237683741849387612834471936001
764279863841069557917414284626433354018074576059042290687204930506671458059733057716157915136001
870850420452009806880843137261049560205017874506884824689751450846336428580818293457465519247361
1049970587924179580757372872198559059150782137362526206770957756284887893892200880111919385411585
1747814219167889495589116666323455435673090102475043466528263059731176794554614499968319604834305
8282613852912180863740577926311151738348607556554898704805110987960329404806359458402312774758401
28349205873952843796129472335845676537373291718680248601108986639387692212067510308852298848681985
33074073519611651054781721098373994774248770768883630400343660297961448694133324412071171391791105
48986245664536212210113983978333397686669904649307308288076136568717040276793313717381368862124801
63927576985427736967308895286003069814588088397696491908633493302362134016710399572843323515987201
82298543018920955644794293357380341540606390148282354395599044157071342330456634876938187180175361
348712241375570303251775209574735186718252060637402499792813446997356732067859752973684272392704001
567859938833911702260119028613427057862612471627463713584492238006751242952662437313272747864064001
1177459621245839998933806923604764099071117522093298852486030674750326174843321954028227521168563201
1628425584066400147369126764964566000810579740580110701807644271763969250708497388555233504042496001
1673818758602736244907654577147035647647873553575537871424188593586401726847824926598496412513894401
2279990136312476517380024593547402570647327867739501865983817800497355721472256023752973894136832001
2510728137904104208058736282982172780866581864904886527191372896695272249866750299414167237853593601
2562193631932046225505747028087864448774759339259564080274066599553049739825320130327899066737859201
4312070946607827591033778627369783773737401543786235261861158738986924019907142772086559791490928641
6276820344760260042238603959240289880350769265886955478143702260685189603451914477084685951882240001
7829470208191251910001345495237233460673202193451354096743063416479535375566440099537057420515799041
9698219910556306419097485267874343842674882338123069272356392034150153995560916749752739350909026305
12298451036186597252965091724769737161418405744231555755491299733501899070140313582334587446240599041
29094659731668918822106187331740165347291070750987937043531326683894837677328661960993801509077254145
33123583478807883506466421245318130595914423769137053072896022826075420335467067299024311504144625665
88329555943487689350577062143308593447677870493448961876730177536598008460656929265630002618467876865
102131049059657640811604722367806209160618732174526939077688716214228655491954394757281425397048689665
136174732079543521082139617588233661252539524321185949506719778285717584835821476303354934917548027905
150177787160543366161195241106253324158837134004271013068546279632944157222628017339628815488728320001
185082515415746797936170104505519957742002385771984331797426337498339134068801742676979214322260475905
193582552310286992194485500029308402250141372583300215654249515410113321980038142248669966027313782785
264988667830463068051731113016878074573320900011247070048999472610270290461264487558768214184302280705
364276868267397224315985684205045457497474105502004644104541998368662586626932816034341365616685220481
387165104620573984388726784078856128733166624749182971350693329875538698806756611871650392991037538305
835654015232415911524960574441861188900090705793271473343423346641575877915206958937414473863524147201
1318293955605184960374161258270783586749361529264306926790064598548237062892106738069274755987792691201
1655214800279620893704789914596036069132839974789664559749954259943221467848385570485481338831514112001
1742012843524844567605343419441711159829891723103000201933760006392045109651246883904463470997871407105
2327272475844775051570949127575565954641398297664171001169139857586967330943814620486912768162671083521
2850263047451330934859648421908220790663070547309084830384597153258524944960717190723996243874297559041
3997231402067301794548472291806794031854669140849897684231604205549546881258634098306999241322643778561
4957496327328246564801135589346067416973213871577759318374902623004690281102402754720251958901778632705
6445362856269820959318124666631175671769197703464669934529543923788689334445146757945255365715284928001
6531031567794785828593606945891202607805943921121023893562837923141881779650778314583285280683184990721
7125657618628327337147736174213536191012473912614968461174151331338443260857537247967360792738863692801
8681003568171661653937459675265107261106912726904070451111072348437673355193445201485427053024258105345
9914992654656493129602271141985610981061571387420968728959209716009618694744452359321443020968006590465
19829985309312986259204542247264698109238286419107387550127823902019475522028551568523825145100462505985
21156032818862905683286354843501351334290528526870753404036336546824618196578454802941794203079841280641
21947058503889971612217712419955338941975059721162016434503106724805997863329555927446692391290214092801
24185377511388762070146183144598966965479109548814244235727199386613137523903231844321586702259832835841
29744977963969479388806813352543785237415001450793806371296438088029332349312650777726207269232918421505
31952031197365957775745612240736626691856944177708250126821545436708491801534002571370273603292776243201
44977711346510977806916856343792569638831839496282431820938589504751703876514865748429192852162279481345
59958471031009526876379962475021876502756296454280915362052636793076310149219491952698757625208911001601
65841175511669914815143556594440942681866372537424454878554109188406498782858751229101718006087793728001
72979554980286812753567012248591150520652317447491430905118811611035976932439312189612372258336156196865
98761763267504872217337939725305145486784857149621283711592361036106874472505647705342987217185978454401
100278481827889909345081215484331608063646840320413472774583913018492234728808448144954645446964592640001
133969181819314899828684689109703103750974657403636589613347073473231661402258290107352208320067852992001
149763883834255220906564238898380807203202576270268826730781624375292604607543175958758820873021106176001
223130560532645766245192688396978249356248128294837865182911710075742199387304023169740990909381672960001
563609627691489552612863374123957618740870942275160074462441930080817179560867212642224583080185316008961
682146587498720314967997327060513200437376604985036303826335088715930140643893560720907824637642560512001
1011481244342354227367106252945989418095091483127477065865098829566372930986442499825333164822861975244801
1690828883074468657832611962100147137083318006731413430544265586486713411101221635137830001955608698644481
1990232728674909173537369667660467262608780250585093891102688278769976639449812747459098206525781599680001
2198649621170077351489303617632344094526071414632197923501930791277685513317709352790747296923207649941505
2818048138457447763052360550076336655425765071187666786626089242892609642641576057633435420831032081280001
4348331544763983715194881096751464124649743795664196633987070091797137729100914944866996284931175025393665
21211832044009657552824668987652880544374506321771854175300124546027947816766048587801410307934821782985601
22313056053264574828126323338595457144431236301759819539943066473581556227097900433064341039699572072448001
44900900339422001024589641167854078673543788810887792080347505748712735620148141164136037725513505033006081
61228500462848183215348423745206157151352567502102613419956951438470868913369032496042079853466607363302401
63635496132028972658452497382293216558979460158689500931475418427097831955491015846850992564636682500406401
89252224213058299247575427854341984153020408663696878253824801593931715772697810367311640323422185029632001
128970671187701492304666776991666908282686862072036446637485502704488655980987624192247999320506074478361601
344318605896694051825366188151546142247677858093887196075145416772852742651767997273492111896356353046737921
651432080650967328054680335605374457285122751287404492066497243361523839742556324970766121840569825058432001
688637211793388103649052513266737357431007273077368044198434498094479301165868588748277441183236471687546881
876825026569819292956218442593665625203729749025080031595087686736868393421589313018870235566713903960981505
1357963832143204173184111212507646407758865899035603880180551676978059299112050614562544019667816286864828801
2605728322603869312218583688912239639771010912712564582008007105761634149098892882814012393961512397413376001
3538013950445764142774609500092699511074708393060995757408606696440305560694959836771344372170214306761216001
3774550015125921899475370865921531871026451828484911430420689478521599081084473615362956594310228510611343361
4797307051451883583415495778795181050423792198119936674463506838391892937146558142409371689945245963018240001
5465959768828256927052198615836048775296816667135588390579338390347613146086402307668098464342414878957993985
5641237218794219361381002589494857912466314134284192622036997541613873913429863656948341985966923514357606401
13014974592124945668810344781960687202019210618498445589133213383136692896848863989936903720228769692947880961
13579638321432041731841106968233787418819009904346018732506077173283454125680479232201078666176772758763328001
17690069752228820713786474346463444429473935916580522253835103529801001791293874128703460895737236729459200001
33949095803580104329602766561110689103919249913196710153048619667125778836627860261598636410358366878594160001
34196176036222952425292497210312392404863756105278693320675753211426058351689619321164500560252387066923024385
40738914964296125195523319758736322998952663249480273959896133831739887073610320604731155658418898251871104001
46793301489085304561507505474078623336646336111523477402858561628425575210761042451689965848321736262739417601
48727119632692356138486702826954257946437971522346342704627639858404237449908435647914624416015757104990054401
59642174711699382463007592302152956507318310672420512823384973071864805197041172552220809211414545725150265345
61833343999687974486019807059108874518964919296053837062145956183833884217774603275107371596440623168004567041
70760279008915282855080967520353737873471039129778746615434466654903612656039802723448897859113570814576640001
120284657327181899404362862053146671076178389217629238236448728012987194060506001799159187496933157489422387201
373440053839381147625630426442392383855589916727374900495424327897831190685750877418224598813384935542441360001
426902808998092136761671948944995089673416803618829265475644530868802087072337368252650185857213443372732661761
566082232071322262840496237143329810017444002452962173990361855822527980727001802941072976183959355609006080001
1021580958342665292940040910338146344135223790651823212852089102738137366381627323406981098709930495911657472001
1372749412772956487388172533386462270366199971293575184286672175324087665871139917581203618027279633702791168001
2018812692645414637291914441225154680518055859355447571953686656480072215752919111348058426653103597352088469505
4224913534731599165479170890271308774192876711936224321719018802061815799415286488421183017129902716644596352001
4426308072243376365351465344824111123727703592687214723229417912577464436603841479716512613113870963848334899201
45887298048381667467324467477078284014159522278763601400833489956878455016545751857081844995869413656671042315265
121883229704409527422214784437261009303360318207173888112621205838488271517676989430787079885699900877428062961665
153364361310757049706893903296622225560306472575203148021906352490648763629669340313017401303812502050767854345601
379192270191496305319174754853766247344889370892027415920948128176630408205195370516574250316420055826835271122945
542708599392954146402787030628217108236779600428846415033335526358287887285138179918260532375019755755247692288001
690433940884731802297364501253295351161976349505911097747951776914172243315961300515959764538608093956789547761665
25152387337669220832435486303018264766897548619638799112946100925455099038686122466145520007818838645819850234691585
26818917215448010042113585741044263453535463198190763692431859755606673105993213259988594721976351020782968848318465
93866210254068035143028014545735198348401329527859034334328783888435747204655588760632139540530692322819591957028865
119473839853928798954028349489509275521617001118272635390909006422382372789465039884621222864661000209839989222825985
151200644639194428827481650843417074707052780656931696665112388485754885908968508523547204031340736546938418668795905
277406230807236082024277761851697510951424799987805909776296501988652185570303932396351435215095972142409669489393665
318596906277143463877391060660990298226024734170944067533275140249228839596664976656958817784661119067215838197776385
358421519561786396862063602895286502766906280781478353961748367014598132958104964011426336768661142838691007992766465
431520803477922794259404312553793806157351148385365549063599679683813107438933362751943961504653622843686197324939265
844795892286612316273269617158273669170899032420143665523574334176121377109674194367839841508339314905629770774585345
1251743411220084539695991022482486140642660809793494285658581656994899128979801428475387999875018095909761939469961921
3883687231301305148326239048280750818770101352490701469099190860055417757296232602717216550390744998552280420841160705
7780569252554794218611870155595016086629065316805796962892288071639254635739017375725713989071322915586016821847261185
9124625480847679979157282083611081219104712868379136242848616858165627887383577388246499581715871725128898385935417345
17022539398880670581716327866558173500966625677069775281008565511832005013048182116802608300719993726773848799211024961
24332334615593813277751002271983009618311305360890699049164393651546070156011588105730190738085837598876875830185426945
50573700141606162260956527487188551041504894234666770848698983335221501392881316180795533703655958165843201042082299905
96990614109667728310984560523085074308408551349164443766003763540653013634591520662290683111315264742026147308665298945
455074824127288837323201337091009506158283292811158456491732101779534274462893001502402497810794130333182012574584130241
1357868597535348196353761125738341857754277060371640007803388939397810015319216421852293058260084496399866474166451339265
9301670541429256453596919721535318198559206818477702761798546377589638118527825548767707468365679833175987207925620670465
120921717038580333896410820463179109555404414392229253919213610059653440296339356213773459036625893887755908084924141666305
230035500582927314284856748894383012702377995817454608348229426969471263365421458888519700973131692064785776385035378688001
284167328328527965639911478449183582992474264015187797889290995686926470305354788159578960833608340697775757665757842595841
458349519784893809431880355440319069805627791814255931002070612024931283433219416785287006019401585271174020118694457548801
514572311938919064682419199271138056057295776193382590747054988835360732840448002066063871022794294154417465232469081376001
716589890937179177649925490685712569714327465010638150740293289470989664069334642685028780397190832706434984414850335334401
813198445081557841438936792553790523358261626526152206745474561616814697171076650577713166883677734142485736221329556043521
920142002331709256470035313979594752073933918078883685324173322993371457912950705326852205730614698749920132811996495872001
2015409068260816436486118760906346823933439573138452294766266701464878137190752767122525560866405662645180905100386940192001
2108407791010511523386649605208057850622036732879496747889378557259696700195173979913920671032061434944506442297668515594241
8189263820752212380820582866210491740120989632565936629470782361111786840480258767810621255842769035833335353842653596876801
26392880557850619936242929334187768037251350591639976478951648591982230908532471838020647754830659055076259692374206180818945
32530759757350764107462125187462918610104132420676231740073256830437459216802500011204548270210159589602861562602395749023745
113265989636257883726885441474692512207263379686367878929825164858260321400824118685085897787878195172812752032705699825004801
164987141369778963162976880111749455602404954932952570913778270027399531369794179133011035267506126053382311783165738322841601
246793151698416637285484430970951603056680815802368972852354161028314049992775749631160385448943921277125398809918656025753601
278554854567298631447052464840873371730887522389784969582960559420094540025854774491245673776671190149118506771203377695897601
696387136418246578617621494057899024595779828787462477193893744753681153059735141912228501407676307652659349044959871312352001
793254079535690664214568257918515632332261392813989370168287608234899649118689291316098017521445930691828709528793400172150785
1132659896362578837268261844167320092839297504854328820814114851229766393914334199868163319389736222967065604865002208106496001
2242934506477340183769189636349183940854171606785549727662767130734328741969798159053262817312414034802765289548566575342239745
3825795471373100735672318189180688085345863588070415691822125126586547421907050479385498007302871263293325227129900799845171201
5463326275475078326802206616165316145470245494751954886780472226215623466374123427644319724277992232538740196340504525696630785
28585484454892058937824350751395580963685725555501027035994882324081388307621065023982381301863452635442593344122768756442415105
34159168297952577780887350636029890602560814327961042847421183041363949885964333607434572389752819460342355243779282321212064001
51640975248740815470009540269800567565423560800327800072721002626715317448585691733417076444432029903087297771563541569577267201
76078260894788053015750555050307721743072398804018020329513379270997750818377537078067102176670657271667961372641005554860032001
90331281962975989592162088297360410136934664654233320402346174245108766843415052796745436262299925253490084893872151831358259201
93078340974050041760854758133100277849401210196036198829173901188483877401077101770553456022720559491388129022662466425023542081
336954203384677304238743473748216659026641116513183732616530209887571690014302893498119080497549850217261579672501758622178729985
376645300939801923170480039911470579035345315980075341048710777574248847733430153904024118780771432562210103644538470803187564545
1801512557964802825555616160063632872122000748608032649936432497710420455229767071631503021196173947932472165936947824172582144001
3578321603936351348336363144090273624200370219680936533491490668316665815871447937674724038331056088574332838253789427423435932161
5848859701950134882641979657602854066378634734933304112191631021952529747895589284254151300037910568257714108810690890122880076801
6125142697080329606889094928747480910167232242903811809869048879969355059466000200676204854974137020302053145117009724470095462401
25634857138810660009704002029607148412485924171265468466938728843466825727274203618443725896607590209107365566206189627184349184001
107869467623938587856984746482306398108017587207618404805186846522968592072493349588600914326924735316965712223399396041467363174401
130130276207645669488375688949853453040557435760965093905493065415951304697544323115832456880547999329178549809025844639138411520001
490703705906833328454815538398159573734170363924023087276363331764526187274880464874210450707337691838006900020334462253719339673601
530650902220005916595994631135634256155917003475018811412135162597183965769902142228361743948809908013096235756106046640579596823681
2565025166856929188825214352308841065945465630055073826519733980946950610337325487220996500529182209876433172822206404807612159057281
3149703360088186376915268853402470849994019149110636156643005689744029114411086669769354359221555246822400786900668918891867551432705
19335758125191840053086180507806302069238828141063569383190803601772344124246915173579929199867502608597287253933672004145646349778945
57522649015026987600747117583186518996462721120654937413645121116714756987448456145451458965831767558313346735355232618311286151206401
74022350147590773056200656751653350620907973865957709758148192365224404924281870919229491190713272328852578712836170489556491943891201
465712566380151001052690402904744552162468159830755592925745125636270454827400429025874357693498697537608091603578322770068512124928001
1378155730528009083581672422074981248577905375193160777654401276530452710063370664026837942904165355549972016051976719227783899743125505
5420476532854004516487501849320126572000128519188766500904036858353915464522425337991114581719697731952775497026182100508021864697049601
29129799706531907069723076377955372429614145182635585497470587021067579782814002946040008608790551449456550351970982104347287110223396865
30418630762470930774290159876184378144995061060700325714847650726538636659898950561914356799057653658993736710321140579186657746362466305
170401490360751674042565645661156172151851511496602690335259482734020441739009683578079856089444993973775434105862564307417936539320320001
182203691562234190933935247039585053354171661379432213985005707628228206439251185968676176054931332346194027259800705048925736902154752001
311329825189924116526375427946943397860175939263708611313724865820451777948396323883590338879918422668685701836568702874874319779810115585
1392543884313506566912053929283082457648650419127481605120482852841725639633518299297717263548624951262848656151066713796609011127337222145
1514883487585694646850158012319252883983016544734434544900852346916661309633508038035266349527193635332653502056715212862339151247529376001
5901214367919360570212291004468829640771061030415397874364923635036061552243237434098085416147277406815838619223685094559204277840317251585
29981836517764833792814816480370797409938772618254000553470577843166713564337204349527350050525039995747853404006468108073938582840143354881
36912533248812895060436588368952004111806927871875223617982351910263344126281808597750160131691680478287326046582297591731655990417449881601
41057054773800156401611670389961891480061731185350667350994309605187315504003443227184547742388411078339501221892630964384468632059389476865
354065406854855725823046365496389799146918817729763216253919688447924772696529613073245923223068856212156356410116572356874719624015970304001
391917095209702486259666321368001359440615879338672108158721508549270396133918241600910587134429104340447764406446026447749563309519066316801
1127769700703233242814797999221775428014929381140521448718288504439244533361129906521665539343386629420846728629243564487537092232729535709185
1339561735083147667151773949643712956614521602940368685917455134058585405140835039728942788963898252364593251400728191255462622559874225568001
2706302500314922185973829386925168446755699692688509701922656546282421422924799480989418441465293431548151314504138029073760660180016179936001
5878756428145537293894994812922100000107880140441063193585783112924141536004923813546961438000406143114781947241042943465966869069318302720001
26106953444286771182751966188048076733894596260707391685656878392606094154542248815954837362444731255414437980308494642746915606197031645272961
192431293747963920753496163525761453782794865017922360098105877661669760291619113259712690367443625461442144163617338122085355264902492340428801
198192831595325243219060136455967548868735289832092155789563375877595245571238779564339338222746327151326443490490681332139752313010293458496001
1637233665238532136349756055248203213698499843486062698414310349413667078658366401901078151918688222135840927379313162021203790813723912697600001
3274467330477064272699512110495863718797606732825722609797992481719097377716303957387122968311018156384396716578708063510032561871692577702912001
803881729632119278947730223126601850712260875619919419276418555179074513617047768590063038184160356003928177635082814891547301609218369765300480001
7196765781085868184368340161147758809982441018925321719961284520879805612882385612359816672493050101983894679348143524683731644899033929180239888385
19498934013682456341309785482509184475754298020871994250260442415140892538562231320909847191784130627079357733091483522376272181739643368575881297921
72231285095947099735976468420598516138577551638018101430139441649290434829904291092652562557439164294226732005432822361776647291073897384502026675201
4293700990665714161383882571803788278756939238416677964074249662366074880650100784550874354386311880743694880514053983480460309314968970258286582005761
11582116557513707061971154405901866995928563674493650140957209186762630720141908445651570484109932627668706656639983348259122377024808657059420596736001
14012869308613737348779381112509180642248175736649797388886307618670523128502302960586629057896972883108509198638928640644970794596529250341497866752001
159020456508269164447707959336796437119924674624422011077187352735885754671274605389440812591305658406816992650551796486660481759747021147695474444185601
1292449586996713988908361087441787115535096464878670829389517264418951283290828894745682498562456539408234605164354000307613589670971585714235059598270465
2750272782846473921600355102551352168208693948465711455746938243333287260496397709531802901719760288955344654935015816417630852708391068846179043923635201
25326556916486730391034520984051556619997007442232006619650032522660672236009247001310877540435781107638569246548688841488731046171210360207895490766372865
218119061317792839056747505165525119741937414927828410823073480183283888786000353358437602497719684866421435419290584813571599424271769295750136608329826305
284810760043159752863844715535030782933874611064357813140590400661444091904211379930955982824273839910545368042421773860308289585807469398068675213037056001
321209734018667016376409012837783735123948471288577838298467501672430871057375854435675708210842495749195236341636033026005194562216476602410551079344972801
479367720254601834685833701249630631423402557695896472865942753351272505571945472989540809986971356224287919251510169554498963395336016941335101426638782465
1007064324810768583781387645475686126204294146575082209389772122526468506191093853822983669050789002386795458388866765207197499194492080679710246252488576001
2157154741145708256086251655604216199441148735487726404740163783571580415842122786349201992149616420876986204635040643960272362465126485548816190579936313345
4471440757014753200095292761615892766850117016650352659495530512695925802912330796937153045438380482313859258224041235413815056334137119528105701821405200385
4818149979519727856512117251600077359160440954237774525645777431833878812778623524526564686503015928658760327032700049130555451388554629169191784185693732865
5501795624801942989179212596610192439197906490226167025496963813435339582971309005245249076988617510566927243846828776506669010860390693417369796820967358465
5614382541511891256145291996860832460238120463627037829778714460847381567251279526867994317083538827281496092544928582349539692148083241815727266855243468801
12432786495114191824603339010869145029385940373720718560856796240219588872943667268251158874532437872407781336807292453204014347473115852014309708502289874945
26828644542088519200426107571162697065752086718012339094825112350262376889986631846517580373716212879152955506300294655235607586244967806646897775377314217985
114680061118906216167881410016389253500364544133871310220732493462083682040188970788659920121301014271805353768218165738923909168067621259445862101706463232001
136799961246721530422294584954175028095714951483758157062876498113801510402739599548650395674874844884325259432735902833837591520414770879335480009296949673985
254872123149840932403800418628540100914552177671904600735186847093440177978144502552237939122150103326911737236678079537417891391335440815258576925647586197505
259063320171301706623040304862415852145310530080769447721871826167171606354472900844260741958411532130091453871182042995570139772659163967543552401177539760641
6975647139486926592596921210142297154120341499555680399441649855308241795869020261004084144664917840576995443662054029789802983109198758202474423137924534329345
11511533332419977068675420691722705018388172413638225232951135094327130867011873266004034983925740624758058710648891952931768853531268830108703633146390608806150145
30730240285238629182080277012445031542061451122572535670827519623458584642118897292046923291334750833276801773195980568403217512448162219443367861787433934528102401
1847601099853406319522404971364387037658405086432054392351185223941442191593882154654531516558022787504454763626488107098560485336399204299738824577541687833673662465
3169462049342022222920548365288525531131789845388962919729829782438608290821973795418685868305228062633992509133601957531410091147446262972575984820100455221803679745
55382969554142350407147212425291996023330487824186849751186289843076669210331593605602782762319836430250733456664599049628969520683805080549643814401171767052939362305
289155086168900138751870781891737354543863813910085222999957368272755853095615095952426314665948242421679647184463416135651008698892801024347685303122411175056029227679745
955202585147515453927620671031465339387385222778999327640624023088761389253296252925648229757581915068166965745303429293905800581758080793558952861287808725093096819200001
418201376295251787313054167687241693409022108886032203442445255208821704036761867999971010850980509964820583994372362042525826539291129109189891039330515036930379978104111105
2300068729188973870672371842431859339817652362614775851186307196051792836576643068554136075292592583303875232602633827543663972516533676590109418590375489233961507703382472705
19938484914730011231780750749682920543132936007426968618521975983098652056823280706432618817887654880393140967842471848218884408132705697455614128943660884563193242729821197434881
1028604443160195294553278580040448743862606766136255833400432763016531702112837261603854817233601988383025325096593896275541367257733445842044246169930672314656370931197693621918886098632705
6717123474432865518773035386535149899570434294040176649828830770766813343846706667129366547068588958950019725184557211474349498138026770500371745214909495037203978762098949667614407931858970401705195026843317305345
9084856968158363941558114266658451550036342926661996347477322197662751038490103529484709960424069394655034230877790977164692170822416854788913013972385023192033688127363002189170906657717732936839702565669235851265
