101633706190241
102034945735301
102083978108839
102219378918697
102694903228321
102786785708657
102996197606681
103660145488897
104573882775121
104774962408033
105000741294401
105092413526101
106308834349873
106369423367729
106460072782981
107190731161417
107538491565751
107646041680519
108908941790809
109531817449601
109589106897121
109691394907201
109765420232161
109868459669977
110568123765793
110819712168481
111259641827161
111467756770327
111941924572297
112565562358981
113545256696801
113580171356321
114162071504557
114338552441299
115013180352533
115226894800033
115819483380049
116304793520833
117872825884087
118042631261449
118101901820033
118231816296533
118329958033457
118549786244741
119002803403901
119309577281441
119427140770361
119640428355841
120597172463041
120963972013499
121917768232321
123099973144609
124358623129861
124371371470081
124813699467553
124919165797451
125241342164801
125252814874069
125684080730413
126154806374081
126456472312321
126577037928017
127456403064173
127723045667839
128185053055361
128268370200833
128422444806661
128955003688337
129066978855361
129198300001633
129393878252329
129688421263021
129714073149781
129792289673239
130592145670771
130887686832377
131754435437633
131997526944977
132066914854421
132636381615541
132655382366113
132687427532749
132954562717061
133275943676611
133301095282241
133982832803587
134038776391801
134435843689153
136092097799701
136370212529041
137159028956801
138127429376641
138632810504581
138951132997381
139591539030941
141336951686569
141467935676831
142170956395781
142172195529761
142725486661117
143535524709281
143974591120951
144115163645671
144297349833121
144465831465097
145009293670561
145378747368889
146023662282119
146102481121609
146228746282081
147305358413333
147355142241301
148175259696133
148450066478561
148757489842081
148947507506227
150230283316229
150652073594881
150699783155461
151232669611781
151295026350529
151680729283711
152387286371933
152487664473631
152694994842133
153711865489541
153729486478129
154247308607521
154749324854431
154824374328763
155882978301601
155990226905633
157414467290081
157442110541633
157831982080481
158044866245141
158255279423581
158547596058721
158800287109201
158876605822001
158944176436033
159242584973737
160533402104897
160780698064981
160938338064901
161674219877633
161693600900833
161823222808349
163164370123129
163465749438721
163666835719073
163880051720533
164085371800351
164737934682133
165180805083841
165421414789457
165434070871177
165737347418501
165852426368021
166601086382593
166750428741601
167085034977617
167903680274107
167977852198129
168236071888981
168477587678401
168553707116033
169244696227051
169545214638101
170153029728343
170648761337633
170864593351957
171283609161761
171331850653633
172015668340741
172620189300833
173371080615547
173801904392033
173870377999891
174131594849111
175059345952181
175220955399577
175513005629281
175912960171541
176018098347541
176871944003333
177028700916211
179000386381321
181947440311201
182524480108501
182634802846721
182699018463677
183810521152133
184188177871441
186417341740033
186671697223681
186953052914671
187363020783751
188558862332263
188827231674721
189656761399201
189714013154401
189826000100537
190063227772751
190149408849121
190300498770199
191139021223109
191444333882099
192507054329633
192925143764501
193403515584533
194634488268221
194778749870101
195257573439521
195809785837121
196004836477519
197756155205533
197838996806039
198051587528033
198716126940833
199193504870533
199274183056033
199290614070241
199343046364949
199532358298729
199563342714061
201083280885829
201511131929801
201521376547921
201564197296001
202037300678533
202334142433421
202469017908611
202622929391521
203557389871841
203762634253091
204247465307047
204467041994407
205679702644417
205894678520833
205982966727361
206589907227941
208480025813333
208898582889221
208971988708033
210091393362881
210611393653781
212049525846913
212539481365361
212685495216133
213155890046401
214109491213333
214329860793911
214971349948321
215296225878533
216419066600753
218042592217339
220359930802261
220806302083333
221108791207561
221152691770861
221639406103501
221765319953519
221916686966651
221947760272561
222439007650133
222455067301897
223221592268641
223455693178901
224777276803333
225742759144033
225747690494041
226279368631009
226440000785941
227749455520133
228736486453333
229387423654369
229762203797551
230799201569077
231064041281921
231660293000033
232406921699191
233825471053333
234871221864533
235351443150721
235433240563333
236028321524161
237636221364001
238716362388481
239079914564741
239146994925001
239279316360001
240321820213333
240530120373457
242909719477501
245237499607981
245288663341723
245752892623057
246041703365921
246282353682737
246592288259677
246861604526833
247842451406401
248658098333633
248857406889841
249530131248133
250203321698881
250414434719041
251955529962061
252017696691757
252762269864021
253230393222379
254510406073351
254523731238421
255140451668461
255264683839933
255570319370281
255621071864929
256122294601951
256666357061299
257755970146561
259203146473571
260500568481301
260750549270881
260847912957091
261499866522133
261723649631201
262701852639841
262986069862447
264262868292001
264405359394821
264605219440561
268644466397317
269711281824913
272331043030297
273655054937809
274065916933873
274896583992581
275197611388393
276499968360533
276894913948801
278232117532181
278552035855411
279614525469469
279752706294101
279818877576961
279969791272033
280050433717861
280162491370081
280307720793193
281274999371857
281539125254297
282785297128951
282839521784321
283077975068701
283157415407791
284720214518081
285173734014721
286174999178401
286968859447601
287008147531841
287220967741439
287586830287417
288038523737999
291900821403577
292002778721281
292942769169439
292983868568641
293319451394821
294233211759181
294403903192961
294438615865633
294958718603141
295631976505601
296201849512577
297946526040833
298144238785541
300423933828481
301046150438881
301412967798097
301568493203401
302160315194561
303046133431361
303554853887521
304342965037141
305363311074137
307085510158421
307290725357701
309795845998721
309868406589061
310569083418133
310637460672533
312028181789641
313010525845261
313252409270533
314214858182413
314732835000013
315056750952851
316648726997761
316868850306821
316955205234581
317343839560021
318402430573061
319448409610091
322293583121329
322598775106513
325124895300481
325345679368951
325487084208133
326106471499201
327276694750741
327595504665311
328814125717681
329183534971021
329189864128133
329580286020833
329773130362901
332191608610321
332295873407681
332571478892641
334756427694421
334913881555801
335813685934981
336384744475781
337250003029441
337328354329429
338959664679877
339497218516891
340168888145633
340755018498133
340799919578689
341618833008133
342663678635797
343641340845977
343818094950881
344303864293121
345254809530061
345415781355521
346024186864159
347410448499221
349280241485141
349289564213333
349308986963333
350668364499461
354394259137381
354429183640601
356210725734533
356578936805323
358255465325633
358693194845701
359641189856261
359648559762049
359739868928161
362362125808801
362713424082773
363403144857829
364463274173701
365665633584737
366923088071429
367182553766117
367769835156371
368426903569561
369227963535421
370898766423121
371237545315657
371526832227011
372629797296751
373113133213633
373256265925201
373351480174177
373520745013333
375298626771461
376119562783579
377278657757633
379507035853021
380103593935381
380306907413441
381280025710049
383148019172101
383331526621633
384028115149141
384283107403021
384711937678349
384892413889631
385073324002867
385202724289571
385680554379577
385905710560439
386238490936033
386344232948701
387579593179201
387874355555009
389989493286401
390351963997153
390624318905633
391121563637773
391385954325391
391399059671041
391766908417201
393612633069589
394219723131781
394480938553633
394548371003029
394749945739073
395060658122261
395990864438599
396030426563333
396729484265221
396965985202027
397015464390533
398011677451781
399028652381633
400488260423701
401185688994133
401663953540097
402382076960033
402767396732977
402926769293441
402974563788061
403238624713633
404080799078771
404799014413333
405764605902881
406053214218331
406811134609601
407148842738731
410413997109121
411168056117761
411931525325633
412061984311891
412089029716033
412595919918421
412608867072533
412899105499141
413636301601681
414667932237281
415654354329481
415827587385761
416294079754261
416765642524481
417261389145281
418048199394409
420029895699521
420711444613633
423637078208321
423888689636527
424677408104581
425805931441441
426408737592661
427010252140033
427578714865261
427717305838549
428685932425301
429899278496953
430581175703857
431808635506697
432864016932199
433151085761633
433818316944097
435952743124949
438287190480133
438394529670533
443544318992321
444221071102199
445312773080033
446035640565059
446877212143969
446894618540833
448496141603333
450220464896617
450402341625941
451348531722941
451963604865137
453533583562561
453952280538433
454379442824851
459852824012821
461357804675701
462121599522133
462123386752021
462225733985137
462558531101441
463179349558021
463827740236033
463947445752701
466980070510801
467514864705281
467986404521969
468692751748033
468899761960033
470076531004669
472566335522579
475434124745581
476448863613049
477588979746821
477957577015381
478456484837633
478477398287201
478490279987221
481110375158401
481307483104471
481445027532607
483079017814849
483114473704721
483124407974261
483607348852321
484351144749281
484558076442133
487561699569361
487979518700833
489889692512281
491496397083361
492047040406241
492641163559201
493324582459099
493681423766081
494884252313621
494952840211681
494992640068873
495637776261601
496679581680133
496940001320069
498798499604107
500597561273633
501667522128137
502651388177401
504365555657371
504824577782141
504863236117633
506912024709731
508282401900421
510530685504533
512732943444961
514071270671291
514380278632321
515381185848341
515672232923777
516130917180961
516289619846023
521362338710533
521625765253633
523601976726161
525243195159427
527584376489633
527620659966401
529277209598591
530319877780897
530660636841301
530818491586241
531249563152001
531423530916937
534983674728533
536125725519361
536288205041557
537324238128133
538258212963041
541154062228033
543782074669529
544261494040661
545134308088439
545745791528033
547392379383379
550986916608133
551480110411781
553341520766413
553592743531001
556290697687201
557317669796161
558871080558341
560205420634133
560235821663251
560312833520833
562832977996441
563944707692623
564481587189451
564715254880001
564814207859221
567723271464161
568341656544901
570936093314581
571522478793839
571956964639061
572599015144201
573358087197761
578837848058731
579206961216133
580052451154177
583059517535041
583625606170133
583814955630239
584070570829061
584443011654661
588657287582341
589240213277633
593426051234017
593526066940801
594060231012641
594692030778049
594927193893853
595161949253257
595404835004953
595971979475329
597170705427521
597223226414071
601252829926561
601294451911301
601471746410417
602204549433761
602562399962711
603458567740033
606365229378721
609920927865217
613901026636351
616528599680839
616780423566409
617130988199701
618205195100501
618880987296133
619570944678421
621893669141749
623324839737601
624974880053333
626905846636469
627646813802581
627836966231729
628236179677633
628609057629967
632047894983941
638139780543361
638589526186861
641371831599071
644002052628821
644148002190991
644956087981537
645051236168641
645456539213333
646387475463361
648427322099233
648574468128913
649135498961617
649358613299989
652765998076937
652817893965751
655677106085341
655752811720609
658560741792419
660610345731451
661547305862321
662475443304533
662959683896941
665249468813333
665688595361921
665735109498551
665826421958741
666315812656033
666331912111897
668831615137207
669341876833081
669797866085041
670681589098561
672230135578501
673425941704001
674727258736129
676275962423381
677414107608001
677676788527681
679486240917131
680686124646533
681913113061519
683915226365249
684081340963333
684592802117141
686726250137621
687452582728829
688091964083497
688695324551527
689280037240033
689996042558461
690849479565577
691014577292033
693194546117501
696915570575593
698154289050401
698380348004921
700413440588287
701165597286001
701181359519317
701602447823731
701965318253921
702650672970691
703123977126313
703529754440833
703694600942341
705065393450881
711469581171553
714566706814801
717444958327931
718041858933851
718875696863581
720579066035713
720900136726769
725021436750553
725932080527113
726097399754561
726156182344867
726722490795841
726924113274001
728096171819677
728559854522501
729186643054721
730659561373061
733624853178241
735061017262321
735642971224481
737114097098947
738447028036033
740575716437881
741840713064533
743359625124013
743425765796011
748809340888001
750489462122461
751579503400981
753739602935351
756325256949679
756758242253333
756937802962513
757381598560133
759620057800297
760550802591361
760861457327947
762896156471857
763034211965521
763861347168401
763887759514133
765074088092161
765385373145611
767238797805421
770596751322133
772164606560341
772713038832481
773508315323041
773817907437761
776126536820641
779812349120281
779882473163201
780416568292481
785244918985129
787389702042623
787483009180297
789018058030957
790361206631569
790568138407301
791092883581057
791428222021141
793747552296161
795047085938821
795604326400133
801395005439221
801684168307901
802857186613333
803873406020833
804188777498713
807854293632751
808053419906881
815228709474097
817303569766661
818852395204741
819542540693771
820363686633401
821037484575001
821178978013633
821245523989001
822090725139841
822980848026481
827690036569111
829931811540833
830598232581167
831789740205607
833686012306841
834543428872999
834595811126533
834662262727301
836190820378873
840888781575701
841057750838401
843238547529757
846182888405381
846281929812757
846964101210137
848130846416261
849114951942661
849553278100957
849877036517461
851011532004961
852247190705689
853943211610133
855470988947137
855934128695381
855943088595193
856883917035761
857568917790721
858005717048101
860821476714359
862671504030341
864565000100741
865066411279201
867125124514133
867209362804399
868881734681671
870676160576021
873545151083107
873929663604821
874484796676741
875604817013921
876007388690981
876469146650501
877663407770449
878418578735521
883253348224133
883814454013321
884446499595847
884707005286081
884908968005921
885286164180161
889561712075041
890392381099541
890724197158597
891436554589879
891823869490201
892997888155777
893073251664133
893604814534241
894950476354901
895106688814081
897281204560133
899268719136169
899507605687153
899522687549401
900021649966861
900476923528033
902074728396641
907761484423201
908171079265633
910280429844101
911192198332561
912568861439201
916616340515713
918087639423061
918729792158569
918813539847937
920318881744543
921225114749633
925214702240641
925270512643261
925402567444081
925413310618513
925490999764501
926159312685377
926493477641761
930510972983051
931989203716033
934243756441861
934993972642133
936743174171201
941371455218617
942779012260181
945044433303041
949600283676409
951819240871441
954819718074727
957012056574641
957034213884373
957100261210133
958848986300833
960674054189851
962372072633221
962990339872321
966145988621833
966217306385633
967673664832033
967987701139541
970315226240179
970785505098553
971894882842133
971978472119201
972331228213333
972719826515713
972778475808133
973268621670661
975123345052033
975445673658457
976925913136321
978540162888091
979103202030101
979480752798241
980421188298241
983416752890989
984201082243681
985992107401747
986487669081001
987700502748961
989439901904981
990334049203333
990566385872617
990764696572529
991429286456341
993426471812279
993449633343929
994405596201907
994637862660961
995360496500833
996017001057541
996514934497633
999549903125233
33089186419975001
1077880815940774861
1769479332572340001
7675461529920427601
37472534262502339001
42040681254868350601
