19270930460348064961
19320081639961808161
19411180577369824321
19533615234907508641
20577039072001130161
20725834179408435001
21571555103262118081
21971547216805406137
22885775926743411361
23260115417843162881
23316841552847063761
23564393921046686401
24479832389035315681
25000129274032228681
25042793453244705601
25506822610557993601
25569163463073112081
26087167694237622337
26319708264219678001
26411979713642042521
26720687602818566113
26916303275725127041
26988940451876878081
27992659665484163521
28116544744185725521
28487902096312109281
28704422639699132041
28710652037120998561
29390229598447456201
30852128182791774241
31140823909312538461
31514985676473344641
32164946226700137901
33023269465227229189
33436466744514188419
35087222670416421121
35114085390447404161
35357714357906977921
35438206852261240609
35500417832331466561
36093938534777854081
37030520882753717761
38218132563604953121
38640851291570220001
38986574138440652641
39524451076086958801
39638641398977939137
40012085533340271961
40196867089373407939
40386151303129890721
41082816514161340801
42290508239842917601
43604685995639089861
44235521343961689337
44393349805208481001
44539711961816240401
44952057590076595729
45185089828035911041
46392298679421324001
47007320445123287041
48237157237542966001
49963912245778247641
50222514477771820801
50376853116606489985
50562582210410032801
50589860407156944721
51108185581419340801
53786341621033358401
54076672622136447361
54533476225114354945
61911115750822098781
62045643990848068609
63287335340464040065
64633425380467157761
64927439265797144065
65022410335462635361
65319866183796158881
66408910658123922901
66916621437177645001
70027976341201890817
70841787947882075041
70890749414380775881
73282900193835486001
76116168722199977281
79441816498278955381
80351463947593575001
80615673020979532801
81016199522615926801
82796925638928451501
84500178381152447761
85901674620998146681
90670409982240042241
90767248280314401601
91951628396502454273
93460667759499222001
95193517397141560321
95211787440788559361
95266561299669817345
101092676308019827201
106824459711149251201
109460943821642933521
109761533417687049601
112997216212033190401
118194514000308936961
118528749099169824241
119758590306206121601
122690334203975609281
124422906542541848641
125632325540969823745
135298413163964623105
149786393582868973921
151994338648086488401
154453892655144075841
159809854723235703001
160049295991493937001
161534757380278201921
163312658949998376001
165708285366618941185
165771296937345237601
166627988127538383601
167774192532723791521
169823401407888488065
180554918149576152001
187087884170553274177
203825416542792641281
204673901926174962601
204806580223530825541
206118613698514215931
207648352295277014017
208502677527135183361
208891731600142150561
211687895966721356161
212799647377767288961
224027758368242791201
227669934013528688641
233465557790938556161
234293480648891967745
240959956142069161201
253490920217437573441
254554973410230468865
255819065198576267521
260483497709501864449
267871598777984731201
268909427876046491521
269291268472539429271
283271334752377036801
284523037158316239361
284938171172269211521
285267252645081713161
293597744693010206401
301499966785686308641
309051942585386840641
317949847489104009985
319601834240487019201
326098182982847304961
338070147589043377201
344930099417792038081
348142495839225978241
359752611219665610241
381879175974069150721
383612341609628087041
390047825771157110401
390272551616494867321
392084954348131661401
398872231061867297281
421914309036302638081
442320785329262162401
454107172775864993281
456883615320223180321
458676441156218551201
463212378100497960577
466959166543285476481
480397596890079108241
490104801659128118401
506225539041718557601
510798996251014035601
544339702821409338817
548672404309946809201
563781010232203152481
594521025694228017001
615574300058593815745
625290932439238826881
627016117023482915521
630077902227491719681
643758762620060100001
658218907891788251905
676283236956205512481
691878882225777563521
707393460986503885441
742976392767763476961
790735694077650888001
816927957532908861697
823654829246723679745
829751307967651174561
903236924070081216001
922188355064544968401
922276935968974713217
927527778251263310161
978685302184739253721
1004970465236058940081
1026794740510491878017
1056975176980538645761
1067622571815176192257
1069242975713401461505
1088894080608146233345
1091928421013887781281
1149470051603026795489
1158562061308256774401
1176104101840208231041
1200855816098645220865
1207599251259279518641
1238544222063483186721
1248587759801260821601
1277427237480846014041
1308682942361756530801
1339794061284094234561
1480089297545973880921
1485120170016586762561
1501742297265760952641
1562498145817585154641
1568218853410774675201
1630974124131061320001
1632439794921719632129
1683750861632570618161
1726962271440071710465
1733183252378417165761
1737505853914264711201
1747020611331157155841
1812607270463931830785
1873462724606499022081
1920284174311647570721
1926770191660531546561
1971311200148538753121
2077751762980983835201
2087757612312646024801
2094093671321465405281
2115387437555661806161
2149005821124522175201
2179998965409319885321
2216668214247964237531
2221508315281978195201
2347453271005969800961
2402240960993757393601
2449133223321188748961
2475959068298705552641
2532613621380422160001
2579685173966152768321
2738820522494209973401
2770310309449354862401
2781887120983037023489
2913394933191260770561
3098166460966835958001
3159785262647191046401
3241549182937693076401
3260812796529596375761
3293842029417189407521
3382789639163891390281
3431414770845349881601
3530550978660198049921
3537702178147015880401
3564358505460196266241
3620597474561525559361
3636681756282257337601
3686945885574426659521
3814077703857751222201
3868356310335971198641
4033297949174279478001
4084623506252639306881
4200441886860632324353
4804416867091736764801
4836761081979595821361
4842742531445293004641
4865633071347225355201
5151875324385261677185
5221972249944678313345
5308397723642737101841
5353089666265030671649
5767771454388737660161
5795599556469905544961
5829054451075575159553
5885566362928885469761
6100528215277352183041
6113965935457607146921
6152692457573702570881
6290211113151727006081
6406401786904038039121
7082439105705151557601
7327761192506557834417
7682992111212431215105
7861693148502664504321
7988682587383130068801
8106912944323574119201
8218276737892989934321
8274318561289705478401
8653501470675595060801
9016058243009971868401
9111500751551061402001
9241972102111668796801
9287551037379339960481
9339615637657854683905
9345593450810133828865
10086620503437648108289
10151644336473496278241
10520318421875293395841
10559559542662133482753
10715551615941275400193
10917202243353082510681
11031030215279861522401
11034591588565469777665
11775678998967491857921
11885252854828207155841
12238473282796475308441
12338598305947839883777
12558882475706877354241
12621625602309580469761
12740702176107768915361
12865876633287636033601
12923540620809654064321
12986685002491576964281
13294038706698685985281
13314867374920237830145
13428237756141158726161
13796064998293840867585
15081662576588231020321
15272267708326729826881
15334651869572017002241
15661888438538098381681
15678249294164421333601
15924154917302665482241
16046451680239428239521
16621068058057630310401
16818464320792864571521
17106783605873567212321
17681155002856153337761
17712471040889824136449
18492859090295431546321
18506841371231777111521
18561379805795566982593
18798144526413753026401
19580457669088650929281
20043479984918866549921
20297430068670142652881
20430456447370312922041
21109630123428977208961
21711119358956170401721
21720570357316791764161
22551095564437859939521
22558064945087231389441
23219092618781333412601
24016093650484835518081
24655808021323072946689
24672708973840201666561
24802159680213717763585
25160644657942711994161
25164128549421618787801
25923554640427946443201
26921905693497692927281
28471118143087794795265
28883435160162497922001
30061654570173247116481
30331629726615599603761
30617174836306373040001
31291204246565315698801
31904694664001625811969
33239387085608552186521
33436002477492572235265
35169806859520441508401
35632227366113460667201
35671784220933782173561
36287001348696273859201
37093910918417042936401
37905500627323538936833
38083268426517172172161
38181489303822358752721
38454613712320001708161
39037153759816106230561
39454561146511275076801
40436501880764937994201
40691733518795162450401
43729089206700992315761
43823890898943351606145
44626379817307006081441
45104365815501837438721
46954827048502842799681
49814862794206136328241
50597765968919859874801
50841068074128349726465
51826906018027011594241
57411917523118591392961
58143210904062748245601
59183753513463125870401
60280923015806779931905
60317288293475129550481
60528936125291371524865
61299128807853434668801
66702091985345606716081
67721028691861862717401
68793685791957014321665
69992178375211152480001
70461881160555385574641
72206020013343669855361
72990675300108207171601
73102831875723003832801
77856088743123857092081
81494984634968949881761
82087680187776924698401
87429407195181205440001
89734269311836181497081
90568351694968796417701
92896387760077430699521
96615295068306821297401
99516961337984406236161
99845119475037858024001
101254834972001639053441
102294543747668061484801
103541883151018836862801
104353755294247867611361
105424468307990978287681
106302342626174428382881
106537698188163666630361
107644956224798734479361
108460243184508491963905
111259824581264646898081
112584939389653459135681
123665610656420824761001
126754793818067445670081
127377645776803015236721
127721444527364710452901
134552062781154700093441
135471396677727105644545
136562315789747907682561
137330856198359784382465
143717010366831152177521
143914594444011974124361
144753936264219915521281
146066189708109004116641
147162429074096995996801
147402365296440533841361
155531160117942151100545
162518800970599449480721
163132691725405761339457
170914835523306367584001
173541756750545944357633
173960876138483431942561
178977789553719692844001
185238404397573054138001
187756467402242675623681
190220184312773922384001
194983644293067332070145
195347199126928448227501
198221308229754511769341
198341933203430676974161
200124698816973437095681
202237290796762748088577
206397830457400763781601
208189423687804446750721
208264553779258044673921
210604392657761206057201
212063079954652040419201
212239930067198692618177
216790663333582854077185
217552408661633662496881
218683988278395245600401
229735881420070446731521
230771065102109769027337
236894906500652729310521
237370588357373936347681
238174730746694141122801
239395679396659096542001
243921643511412648084521
245875326030473161896721
245911141048980348437761
246125278332856609951489
247268703059185730348161
248742336378966171243265
250050672516337092037153
253650235103671126818241
256005312853816546500481
259576405723623642958081
266878994411330497682641
268671557518538581638001
269760377825682535721161
279414487989008410389121
303737843957884441736401
304969701086452934532001
313308373949400028584001
318418563980630544021361
318632703510547704746161
319289036574674864313001
321782940627849013032001
324891769540829989575529
328405457218486611842161
328915366675855791116545
331382378626712969271073
332277178336756019506945
344940619824031367707201
362305634010011558348161
367584932151198255860353
391001313032801076541321
393649781226354265210561
398516693366080308096001
405947692321385374859581
406721162769639832238041
412387506707132267103745
414270068613117070246201
426724725158928895071745
427285820227164189073921
436172470530903098934481
436383814947480898686721
438745728440227413522241
443341148700164671107649
447467450086619886756961
448525641005255508419089
455789668689499714020865
457869922231504921261201
471449587102740998745841
479163993813112223607889
484209524804721783669505
484301156298010905047041
485874284560081899798961
486817708960931857711201
487434437335252345601041
489108663738001647061009
490138050438335432105729
494085744509226408633601
494979001754616182329345
499376106546826548543001
501669888507750856524457
501713735041976505963265
504889838153073199543201
510771678659888011364689
513589102571018137781329
515990728099929473155081
520093279830368457263681
523707948037466320000321
524203298388558792217681
532848367522636671921169
534964176566126311092481
542334615954739867607041
545121169561282588511761
547945303998353479502929
548293069737205945505809
548635478176934722621601
553985195651700328514641
553987358699537030637601
555211285200930206136601
560887289906934646794601
570428757902479775243281
574930299780003062749201
575720496348792449774929
579682341476820170542609
581777449503339692044801
583811929122282177037057
587113340103826900366465
592888544251113926673089
593403736640279123773969
599937199081280839110697
601057234918003704864409
610662001929763644740689
612173973520012596471521
620868675544333048428049
625211948341275624510481
630849106094916166926337
636301630504520530355737
636812264852506203761665
641121770053994501394961
641747035700609803633681
645525636756695687968081
651849211143460129407697
654658459905917803023889
658010415274902053979649
660023321153223098791249
665796912350319697032721
667177900008175588040209
672694476633943496965009
675343469392044265841761
685354221529310718322561
685482079629640902895441
688945050459507658982929
695743601250013416215569
696010936511926196796601
700195004324709587738641
704633311200773695023361
706025058947359356648529
710551052100510717539521
713605643304538147076761
717336510636667942777681
718478992439213581255681
726271480069691820009985
727628874063902619800377
727816605566893824602881
731500759393998855911761
731538230934356598838609
732130132051065091894801
734538579248060588421337
746656840730131194919249
748509544623836504175361
755377195154008627965601
757724012200899951972337
759839079983527339717969
764517463420943158178617
771037211215246108472641
777037104617644080648901
788645286910695645438481
790959449336379004382401
795284260264586868089689
798838043357313435482449
800687928381358845817729
803295875889548975606329
805009916898738933251689
807589954483144977360385
808470035971277502892369
810923288123580196450801
818611193292268633597801
819594848551247266869505
820792702465358746430089
825657629229978326490241
828448315965161135084881
839588153914938284758441
850671330536014806173401
856774670635086245095681
859746675556833452813449
860645855431404687621649
861041150672126359483729
861688955220005108473201
863776138189879683451801
864559553824053452116441
864596775923242942052689
866591971118630225887681
872741077064084456682001
873278531429834123143801
873957225031410689407801
874473852449352299344201
883189541931469007769073
886219917733892484027409
894457323339154279705873
906595090640532236694169
911194928704935692314561
911833948080460480090321
911924313899211623757529
913702736157389620207921
916860671523843058577449
922091156944487322416209
924332699128250283622489
924703753378205504365201
933230245000637413315201
933443802114495692515849
939279109449787293090889
941470739179063475991841
947291814874775769214609
966511320040853145392209
969338937023579782590481
970396091596499834544769
976932352250435932076881
978838396087702232824561
979320671928178934785201
981419012040752098746001
985828291749397522506889
1001153722395639662025049
1008170149666990687269121
1025148677982364574757889
1025590018617389537550001
1027708315489677332372401
1027849162376804425335289
1028988875991874896863209
1032654050138725222610449
1040939895668341734077521
1041546134846293373064529
1045823574690130280166481
1048680142524625466466001
1048987399738088948562361
1053784999049611689916849
1057719610492059224328529
1067302609462621687867489
1071173727460217925180001
1076186076886833354603001
1078242546967269278918401
1079939636158650023217169
1092227115493434412622929
1094454624802024384069249
1095097118836336507518409
1116962883164382247582849
1123143581556806984123041
1141710934716165204635689
1142767785585917070261001
1144439967707676849331201
1145688666505957079768809
1155141501214490140921921
1156337733065936862763801
1159719574333767221829529
1161865488606372529924969
1162592398791910644829441
1171757343714122103985489
1179335759805944287013377
1180999732751896450755961
1188259066674510195095569
1189554025838993074621969
1200512535112683645043969
1203620683808585624943001
1208266717103243769806209
1210462430597120243263321
1210691720571272948693329
1212630480682988070178081
1215249854471679102365521
1217048377482988407735769
1225523529594281404141801
1232669512525059394671121
1236170201755776935006089
1243050814032077600427001
1243097789041454700371041
1246248893436555144532969
1246685813935973444174401
1249197685204934320872529
1253968366824275501040721
1254907848844513721816401
1263832098626168960071681
1263948835523434967992849
1264574212943922236721961
1270423605278445842615161
1270908365503052232886609
1273927881219286364731729
1275516978500776618693969
1278975013446082388695201
1291739580656456598393481
1292771338592378390526289
1293100497486343601415361
1308336065170201917711889
1311577491043248085298809
1313775027746101935636481
1319423364548862582273361
1329183437601359274571081
1340096259296100791793001
1341222630464170221060889
1346532376170539252079001
1350328747337170634231929
1370435162631984034629121
1380055669377884409962881
1391237615112400483724089
1391787604286376180258817
1394624463664626905644561
1394871392215165523178001
1399681730037843496359361
1404896633355462546670489
1405122037480751121330481
1405181873493975069174289
1409736358124752183772689
1417928003684747555362129
1427335171187884432452001
1444219609947121376474449
1450409899727473976085841
1451598271878867863395969
1457460482475003249564289
1462524424379699439201769
1467318847422214295647489
1474673935181578088736001
1475662193457171572572201
1487520496798697532924289
1501856236733812481410561
1525469125132422481168081
1527696760465319749396921
1528415342088730861730329
1533387352497148815212521
1535641418425118138256601
1549571341374163000845001
1575946412287221712015081
1580903734805217138884761
1589031322895482657128001
1589545042024591913595265
1593573908739112949842201
1616033550631854493440001
1617372341329288439005849
1646250491373085172067049
1650608678213462479182001
1656880386752341426949209
1657622929498771447908865
1659574792229476213244089
1701768330644263557617449
1704025827644629583759689
1769578772688415809117361
1839836126551725523355905
1886266739503871388589753
1900858514789277208458721
1917432235141591316935201
1926343035731962899265537
1940276798661304512995041
1945912075447586460568705
2027744049841860345256801
2050715070878346124635601
2092304715860767856729401
2126337130965371941351153
2160299422215636651984385
2191194983107485736228801
2202357415456464376968001
2257495769196625665705985
2273989216965797193477121
2370100598875733194243585
2385220767492600035824321
2491088929195220513225281
2501865688141622663481601
2506138573623749924682421
2557571732228739376088065
2609911340639217963948601
2623843990983787867980001
2626990160045782507685281
2795070834511285423393441
2801400324098848820006401
2802789185505208618229281
2859754161591293603532481
2934359717938252542021889
2944965759805155536722945
2963868881440383778377601
2967171883564013634713761
3107102239983052532390401
3109939214812054349903641
3163236624331562154369601
3274331459326141826755585
3317497430842334700576001
3325667311925142443634817
3361028449644277217793793
3371851126593157895011585
3414508312751767671172993
3499183989208713912329665
3506340246663944650440961
3520813415582970004352401
3543611698699428640596481
3549348642182663024714521
3570598677975033612579841
3585796860567664309145041
3659983943053460812574401
3733564513367793704577121
3736596621903250476219841
3904237864699415277235201
3951176643626801720842369
3964177453740429775610881
3971520218931687702643201
4321096055168359034848201
4330795315715303638436353
4353790990845697074384481
4356988781275738133769601
4527549912750755871665665
4553937593414775456694273
4701595380769893854997505
4759390475311543651496449
4791609559898874049127113
4827192561706084080102145
5279884247805417294327361
5307934826934024648572161
5329570992427037309071105
5385864476349420526753921
5688543345067530787182337
5739563788589559830014801
5770948983131808803083681
5941267973524649118265201
6035710361098849122838441
6165041533858891502557201
6177670264817919385520641
6393517452164786799267721
6544624244402969815460581
6550617431454248491387777
6708297620457788631756481
6721512415127966738709505
6790914492297900886013401
7088031326872843050436993
7169879472598761923335321
7386599829435019099824529
7495709392721257065388801
7631787207367641994109281
7677065526576103402826761
7693905722127453895603681
7831818223101001246098241
7872794542835381713708801
7988162799760552512762121
8272513276803488507157001
8510288857445016322480801
8555945256539196614078401
8623199071243956907965601
8824532960404048865240161
8861027530633067098955521
8886222223453580597948161
8944881979072197503036161
9045490875588706662675001
9081912888381248201139841
9178008100302915007102081
9237882152131321644313345
9306061258440701400085441
9542190371630269563504001
9729936473900537105535745
9862322952564059845400065
10190107951614370412851681
10319530272984222961547521
10607396194300611146966785
10992691159215990428574721
11164662387790558749587521
11190028660189303716227521
11413440760846918755490201
11468416931403899726939905
11678199300059308239104641
11820241730443216862695681
11832509576482594115719681
12970548815484436936983001
13107744703930941895551361
13182794467315749776553985
13484073840073858767935521
13818541859235624576328705
13925521190926466829892801
14165067796842995187523201
14307856726586510364166801
14372578312856541188054785
14580163050605813269445761
15260182487779161687108481
15404235356746178564808817
15489285551930004347054593
15897754401914745841923121
16064730106778463049969921
16141898328556467512373481
16146621786507190797162961
16937181118825253942987521
17155034486172427165380865
17417356975839988501165441
17631613456146910096430401
17993265281018899677259777
18427783535445233927217601
18452694334009085236461601
19693756105027484424952321
20237639889976400721226321
20435450582245333462775641
20514964391100995937345841
20649208828313821566150145
20829580140463467499745281
21039878615158204337355121
21087162852604242272487001
21568336989208076291906305
21827313743370705348469921
21875125777170624584766001
21876458422967893241406001
21877815509656800523653601
22494454381946264526974881
22575002400924016695233401
23426617716357899971268881
23955204080982953015800201
24328774225903000674431521
25405554423127834101922561
26405719505335020319426945
26737055541600972973106689
26852650778036548051503841
26932966087642570225690561
27236673634831575514274221
28070713950628276730928385
28210940917269768511951105
28854048728147554590981121
28911517205601517961814145
28964560564179132332396545
30381577510780292628686401
30401999242343004371484817
30483854663037257617722049
30634217576254037448387361
32079811387682792791723681
32293109698100066796845761
32924045635902335397484513
33376723601970480520426849
33378581157389810752468801
34282873065670702315854481
34290650830977632823686641
36041274551448695848500721
36067083559611438846351841
37328787733221300377585665
40084939241926799441724721
40197284424888950848547521
41719142949791640867992881
41862306033760831039933513
43169633784095761136678401
43717549551924546043889113
44188931892985387138738801
44435590104449427278976001
48359241854524226163329569
48908294679295841904740233
48916803577042632003276673
49159647389780284844254681
49395989899105616968821649
49397376839626993602958129
49925738429647810545610081
50025209162511733090446001
50625543543772741501811281
50927277264610808332905985
52128188901328169145164545
52709850675119534693634433
52934334879787971439116673
53273093648119923805044481
53466875247690366187350241
53929091779806790830286081
54184299112484206804164097
57171719829299589071292673
58773728373987623930519041
60135946563389483742278401
60385725703175845411514881
60722233256072411058696193
60849192789919725838262785
61152825547397706055476481
62745770597718000166262785
63295894146846237834681001
65174679299687828304598201
66593048739647475197691001
66865009654419509329784065
67024720928989180731523969
67465186262813052465696001
67919254307667293073832801
71884193354537838770135809
72503796115423487334433537
73150494019311002445486721
73203872902963689421726801
75542510001171947343673033
75568356340547062360404961
76708143862599042927741601
77110579445679788532066073
79118682687128145958329601
79745551899474895044206401
83834011454103628175614465
84217111419718370711130001
85600274749733906395653601
86239653729290782686249985
87679320764577380085340801
88081920641217075233727601
88105955337992539364910001
88724785497785787149299585
99176936899096373461441921
99388882908086799318258001
101151714361450798542825217
104166719971632969683281201
110434598976500725573125361
111916562500061387916588001
113131091553893452174705921
113460707220329671868429569
115192061285113545496418881
115345757735063667751203361
126889484153726849212909441
128042688832809908795003521
128378239008094227700220401
128542388191790078709100801
129653759891187992066261761
129680445273321744393501241
130169653505250940129182481
138065387572042926972157441
138278592960048531909505441
139525788072005940206214145
140807851119812518966915561
144599306659299995531777281
147660114999152712577737601
147906164008067366405420281
148563056699727199892675713
149367517279122900081210769
151245402157537861898197801
152116111382289504787310401
153793038867805547057815141
155006328706358913371337553
160855856929595966094531961
163914215800381453948262401
165176774011099776389506561
168477919231479456296617921
173215016595907568003119105
174618408609024587724511801
177340796050706141977068553
181029687661863127891044865
185633652063159185980006081
193947321889153918798062337
201896033708848393448271361
202191570627340802970417121
203188905842649374059927201
213195441428122358533921921
218894439932086506144480001
221961970011344269674633121
223861841746248168046863001
225363435441643701029686321
230913263455646211338185729
236139344215903771741792801
239781328056670513630726081
241766164861328540334686401
245965107126107518672965121
248806980857293244854110721
252879122725382369062748161
263091295375127181162774001
265061305621814687546400001
276992632632111213178730881
292802426179376183131141921
297276100317020908841380561
302883405556031394822894601
311812647244492046250018961
311878533129933346622002945
322704868762803582022413601
323633054850276379932828721
328724499177128189912931001
349597969629489099904178305
353760240330367740045800065
357269273397039655139733505
367560869194451739564838081
375201282393723156923592433
375937051582029136476066049
393748821410695575414024961
396467878762372864858210801
398044895250195238196541601
401904316129708775144551105
405793495684922716306543105
415854490518390768139266049
417488339106120740687881921
422181639780382455671129041
443980591140219813183043801
448180269519939677576210881
477104227555591264500797185
498664465381640199357878401
553588010742801576548811421
563361143009186305564907491
569711035591345213681554433
581834555413585506728388001
595343515480379627708339713
627910609471669189870904449
629762747772655934261354881
652019269710665255346743041
680603110426865082373862401
681184402624407678352171201
690755668018180765950272401
708136332774112713280017601
716050076729896438413364801
722493794004302385325886977
723358803031077277285417729
740720997978303456934928641
756443854314648566940472705
764497088265928519081117441
770001530789489354396256385
778586052473875660605948721
786881871113533733820592801
790881619936447905432215041
829562705627876547322469761
846011685644023332799532161
873534058222897945021575169
878917514340726702598003777
879351599750757679483217281
889219696786774252513512193
957767091415640694036180865
963040204676797024053169153
976501903893966420568498321
977689116765544929043882753
978259388880478055966294401
1085000199333987608343189505
1130416641428205750123463201
1159251409068753691782630001
1196456573833571641103460865
1240600797487229128248049921
1262973247146393607266317569
1280889363533358051304231681
1482366950295091503296987341
1482626023599076801903769473
1616579925810211591736351041
1707691372796390293965723841
1711705811429610499318361281
1775415284301692903116883329
1843034812980776252212999681
1857370322682261652180275361
1891068935538081964820400001
1918036412146159972626425761
2038799005383509596180154881
2074873953148835683563919201
2112917216920371597698537761
2183978089788656663114565121
2230011079475982689879475841
2265764575364321667837569281
2320580050371911135683862785
2363545134481561724984487121
2408714708473766285657245441
2425274032061622919334056705
2471286805943260092995365201
2482892380942127173370977921
2496234745058850843788996641
2515474240362771574387417417
2532721336038701841323404801
2533030970075934808014016561
2533667715025559856610519969
2595617661197938848355237249
2600379786871047276865744129
2620093448317763200536551953
2627211508407791928206199001
2640881207106857297213370769
2672575180527451042593687673
2724855550254547071000272929
2727566202397695186291123361
2779879530412565589065863681
2938612519837239151891924801
2988818942218691909119196545
3098692870466983498893320641
3345166297006444862552240641
3378678025122773453502334081
3496514798804343541419059521
3513198686233664959760639089
3514048815208130687202228865
3566047334255204133129979633
3606285246439889508902322241
3612351216782652527385861121
3642153548209632133324209361
3838193362098534244920725521
3840682944885177028866098641
3916831693482157248153243841
3933152570973214459363852801
3936996691582209791706522881
4001380188531962924934875521
4066188916779081634596154129
4466053888196515792401472321
4498415065814655069851645089
4509283897535882234864226481
4516895259824736675774751249
4648550857051729731139549441
4683601283053452044637389185
4814746520331878210326720321
4898281218431973942927857329
4917941643329688898234238881
4977757955010178066124001649
5028876783233917194426093361
5070787523761001824383436801
5234039860222197382880992681
5318114112254150830765045009
5476642276814898207187849345
5610970348891834473499467841
5626011043459054480902428089
5694265658139615582820855201
5755056245373596740695411769
5790237732819366616490927617
5938779751797906770976374401
5954215459526742607624108081
6003005609873563618343127553
6005383188126599605122877249
6039071609250020858382222001
6045451981666736117782682161
6098505150634333105070223361
6164365068023749953973399729
6272570631157329019481707501
6298661615126968370547405649
6348303274826529013303618561
6354666684823527293522494609
6795464442314469800689055701
6975773625861906084238086145
7196626651757887741293540001
7205897568820021922321024401
7380266051802127912957922401
7397884379186433598230688897
7619506975850126220709728049
7952306282871659448150060289
8104416555557134030623240529
8204884516238653538337369601
8437115330626691492625742561
8535043314159687742221786241
8582776426222088541939186481
8608177178546837395158990721
8957313059019123228440439001
9127936815284048165913029329
9366583684672388862903234241
9373624917651994090087785601
9624401049440500343177882689
9696605021590227778016297137
9749375855435113285620997729
9775725276841841709950157601
9837847229001418599679964401
9976950750946297412970731617
9997998038215889000560915249
10316720385711741898905141937
10368709457690953312609468321
10415418008137417602647363089
10687113908798136132082158001
10994189057674384238867393281
11037347710359379782928140961
11628290124441979330566444001
11799589976859937105427882113
11841529413453217483749883201
11945203400093008115434049281
12237781836397189478377819681
12775459196866005265641050881
13003025457081352840947288721
13150663299324668763020503297
13244753585408507292386647441
13626330538694802824286723889
13887272120785942295943254401
14221385997509633837536131841
14567661262854884375135413921
15986085212936938672209205441
16538478847863527975851390081
16622969957767222768669204801
16869414007786602428556647041
17110679524022028960027436033
19499398939230346763796843073
19784787687028254308627582731
22882913491817518614661586401
23278118816467203882983145217
23483804954569102061396570401
25051629888289330667276336641
26513691619650709030641770401
26703560416927607344076561281
26973241857866628465188334337
28177074451535677444273603681
28427573020593735663858046081
31759880365366170922387066753
31831740454726719258651484201
31902494959178666548727742721
32558774041411326961625252881
33451228887663606696159714001
33931137848596699921180137217
34441548392947005747063461953
34606248103335982601717592481
34837565330036661498643502593
37165171776361930180217334529
38290575415996132453246563073
38878114493902036171511758465
40275968018772548296979700481
40385185899066732908631097729
40967904296588192071884116641
42753541639425635365258527361
44789386965749288469219924865
50221170622272105784979930161
50945674592745041402763122689
51363976394093094578319152401
51648595087445880545565603361
51727134679658685023282956801
57285348308132545128423255361
59236708075814532085865840161
60978668441986661474311837201
63225841807897445642711634001
65431329829734122631399191401
67173498441502055469509726161
78121790335629768283827667201
79844337591439018240991750401
86682374982920233154261131201
93444703192161369254119018561
103352870358203582143245323521
107088629456383062021230538241
117039569902493509743971950081
119482086246982350994379692801
137470742285419836546248016001
137943370037440625204719025281
157662407467988018707333292281
183014972913016171616952837601
193757498911901209682321305921
273270284289645084858708689761
299488091080168509643519646401
343274627066071827834091786753
444261722014860065288429577121
464837463598161803241796704001
498502969906629775997649333889
502757866546640770630112971201
526174579534109951870697146113
535791902780060111595411654913
584335461630997834329066636961
626270876586783858340707003649
657580428726601614779246478001
685885629744407325506210348881
692600906888096950082440563841
807573869207902070352444579841
896102657781287924881007619841
978477161787575353429390872001
1034713997829825150936820454641
1386907106404332168201877329601
1807692585577510670719457616001
1831343987008819965307503089521
1846879595808912112513815681121
1978117453979591564202613696801
2128247892634690526230753382161
2836138792403014518778590042721
3107733762651547951280588367601
3164753509327340617236266808001
3240912074049289387201075614721
4247789518880280265137517903681
4871710684080654105750138777601
5505702247696344017805924008641
5543500071267280197997121975041
5937561307896442246414271224801
7020817186958615520965068698817
7078071427546118135756147136001
7914748830248883642983163446401
11350642738468263707848958460721
11813577617623643552538382661281
16288546873733471029944724121521
18736199136021836752465315291201
19154210199879585742907163454441
20091032644431506761965425234401
20126119178244919815759978311041
21302371512974194634310008508001
22547311668060087929198748897601
26340895384329145397567713560001
27806254789789506323565095614561
32445222135807702365730714406321
35707550087575250957017667293993
36638262390479209378084579490641
48367304688815554912505449197481
52539367091105951724361365778177
53152716507454558454204634246721
56938159787861979924801967123777
58494128878063152307997784576001
63104372267117310368668548322561
63288165160911878836997383990081
69558122277399807951157824517801
71134374845157279431570433379801
83698877749468194357741264376801
122012776409602500868876412065921
124009409798227979829408768162121
131693343242306820133692944577601
167964970945169295957547858788001
208434012760815026841160595307001
376596669603193924656841277087881
426296073275610234480122416398721
645083839731249703664591781505801
874325027391410383592210860178881
968629998200518719982121329497601
1132263613745665738314460328736001
1210163016983495816905500410159041
1791815242329304596773993550168001
1870398751845993339024423461705401
1911174723454219462416644414667721
2121965510475964339518825152642401
2250283548172459390771868651945521
2330824331120261422728185768168641
2353991439432058779860606545402321
4479083027312458654662850102101121
5362653969375624079011657504898561
8273829213200361331111255141831201
11942189103977691459481982130428161
13717160483241063826665434009783521
16786203815244603449747960256934657
17580060397839270229441699145853601
28270270753796015281265974501747201
31968169553013261622281734394888001
33502537167329655751221701756496001
36850474701794719992491764074032401
38829291194999010988671645039759361
42797425700891949256827176302038529
72339287709740565814520328906660001
120528734487251820526840583583921601
127324027275177639512113822064630881
145778657070796319243743029825940321
155937949803273197162135141343751201
193486982983256068307477541513432001
247672220222155540180804976697800401
257984402299147174415060678836095001
285376652661054168826146269944977601
302529308738335702652611375196461057
401291072743544405548622675408139121
430610917518528531338516744784821521
482674371220477263890889526497341041
552280940778118259013793075414356841
1058472726047489043442295616611106001
1162649141565500366139332839175938801
1293734040635985288123041700163424641
1982158939287977027659315284320807041
2978237729474648506168481742963305761
5908877794844613488209296964369392001
7196714474256638596121422435050375361
10828097485662138828143574632339924641
26373011133184572256486144772413921201
79661737437260156621731402609508858161
80927976092738837231497419792007473601
121391144030321962777679623633331461441
1186895641804326317891406569808963727621
19191994961700303284450462888012084165761
20270335488192929116600235105493676460401
445521509917555921199508496695210890467201
59645197003191364531256991637586719206438001
65591785009884175741447375963368151352383921
