67937617
69039169
71184865
72242401
74835565
75480301
77265361
77334181
77863265
79972985
80023021
80342065
80839849
81552251
82422313
82485481
83693413
83710849
84022597
88554061
89266049
92975681
93885441
94809205
98304745
99685789
100656953
102925901
106954691
107418781
112067281
114017441
117706121
119226801
120455257
124738799
125216461
125418745
127358881
128602585
128878121
129560705
131727245
133716865
135317377
136790941
137908369
141094981
141621493
143991409
145115257
145217201
147183065
150146893
150615361
158050379
160442841
164450945
165388301
165845491
166228609
170925305
172383569
174127861
174536585
180726209
186542369
189802145
191248301
192100441
202569445
208131001
214997329
215504801
216406729
217569521
217680541
218116229
220572001
222256385
226201141
227713249
234481501
235744237
237487621
237879265
239507281
240310745
241915211
242916841
243641485
244051009
248834881
262443649
263119591
263456599
264690985
264781639
266432941
268266901
269965501
273832481
279442765
281597861
288917245
291222757
291442801
293784193
294129121
294661885
294726081
295938365
296119261
301851745
302202641
308867185
310581601
311811577
311870089
325346489
345231665
354571321
359278361
359474401
361203569
371675657
378087905
381207385
383439421
385354165
388958401
390284929
395546801
404437951
410361601
418065361
420187573
427010641
431458489
431869801
443061361
448209581
463410721
464240929
464664145
466550569
468689201
472778551
474653761
486314571
491029001
491144545
491954113
493938521
495709201
498228961
504513841
510133393
530218585
530713261
533757601
536205041
543482317
543724369
547674205
553193533
555182641
555441041
567089809
578730439
578933641
579724249
586048849
593043361
594005581
597846865
604558865
606919379
608832901
612321249
617553289
620628805
624604985
626604769
640228161
648984649
659590945
662344981
665573649
672054461
676457761
683923501
688222249
689698261
700923301
701406161
706017441
720594721
724112245
728625185
731670801
734012161
736473201
740455049
742069199
744039341
746412493
747847969
750291361
760596385
760617541
765520897
770546881
782300033
804210329
811247977
825427045
826128721
833047477
857767105
869574889
870344761
882517681
883470601
896607361
912666785
913275649
914547041
916443529
921597641
929273241
939106169
943429565
956427277
970340449
970596913
975309785
975483521
980931601
984660781
988138801
995748901
1000077121
1005945249
1006216289
1010542429
1048427161
1051053081
1051855399
1059753409
1064896001
1067386209
1084354921
1087720001
1091143009
1093255021
1119385345
1119638665
1121718065
1139502385
1145636561
1158012505
1164206329
1166142081
1168809265
1170201301
1171461061
1176529591
1180728977
1180893505
1191914281
1196325649
1204804745
1209203281
1224955041
1225069273
1242225361
1253969249
1269154789
1298226385
1300306841
1308331585
1321856801
1328561599
1331679649
1345454461
1351523221
1356913741
1392155857
1401800413
1409465651
1426137569
1434636919
1453745633
1460107621
1478503585
1485789161
1487294161
1507514569
1518996529
1532974609
1534213849
1537995745
1539645409
1550944851
1562007889
1568576449
1580782145
1582347361
1600715665
1601132105
1603208699
1643293729
1645770841
1653979249
1676771711
1687770541
1688105341
1690374881
1700494489
1701976969
1703636929
1713865985
1715562499
1718011945
1725723649
1748194501
1751973145
1755653885
1759478905
1777404161
1791208861
1799584165
1807176449
1824925369
1833788929
1840979845
1856645141
1866034801
1878984185
1903128305
1913102101
1918163523
1922574785
1961875201
1976100049
1984410289
2020658245
2092731901
2101054841
2109501745
2125190053
2131064321
2166108049
2193398599
2215786441
2230676097
2232976481
2243108449
2249879281
2265615001
2285797501
2290905505
2309440769
2311664641
2327823169
2331355249
2332638305
2336693633
2337690689
2352049943
2370012185
2379065849
2396161801
2398488181
2400062389
2416116781
2432468017
2445465065
2450925751
2467668547
2482856465
2489187421
2499128801
2500793569
2509262839
2540503009
2562265763
2581181161
2595868561
2597662849
2619231889
2628652999
2687717101
2692951381
2698572661
2704100921
2733773377
2785497121
2793762737
2801784961
2834722001
2843704649
2845810045
2849153761
2856441601
2864911809
2869220221
2888084321
2905045681
2915474185
2926197469
2932658821
2957919605
2966839721
3003391105
3008228609
3023334301
3044064081
3045451501
3073789621
3086023681
3090615681
3105668105
3118758049
3122124265
3157316449
3176742673
3184379209
3192614321
3255283681
3294994211
3303255241
3308398561
3326900101
3333934681
3336192161
3363190349
3370482921
3376922401
3404021153
3416031697
3418916241
3447995629
3451217601
3456316513
3468905209
3489285829
3498312241
3524461793
3528274009
3540592049
3553623085
3554891185
3594102681
3610838881
3630736591
3655685501
3659247201
3664754701
3678491341
3682553057
3695808689
3734229961
3734979985
3745769665
3787722433
3832628449
3866604301
3867972121
3888896073
3927170401
3944243401
3979276561
4005252901
4005614593
4044712321
4049464429
4087974241
4098831841
4101465901
4154078521
4166428289
4170900481
4174546201
4206075721
4223166529
4225290301
4234225801
4240983097
4289564929
4326141121
4327454209
4355015869
4359923009
4371378481
4375811881
4399103969
4404146501
4438703501
4442130385
4453672969
4454428537
4473327169
4484224801
4525437841
4532194765
4537517601
4562362657
4625469289
4646229601
4670629249
4679612377
4737684601
4799679301
4821328621
4825709785
4842754657
4873038985
4896795673
4923905329
5004591241
5051841281
5063067901
5074507549
5076570421
5083485121
5110542481
5112998401
5116519409
5117144221
5119537501
5139226705
5155785181
5211991681
5234686561
5326284041
5337416041
5360566121
5396626621
5409234181
5470732541
5490179785
5495718689
5512126409
5549616001
5566868749
5574443005
5578859001
5639830001
5663174219
5687897669
5733097201
5744978513
5751684289
5762670369
5766200441
5785706321
5823562801
5861955485
5868291505
5885853441
5903187121
5905316641
5911648289
5918649841
6081114689
6135522121
6149717497
6208921489
6243897001
6261981265
6285192401
6297618449
6324613945
6342559741
6346547201
6363304289
6407592841
6506143645
6521018881
6540882881
6580113821
6587413249
6599480581
6625738865
6632885393
6635218679
6680508121
6692485405
6696194701
6748059561
6761403881
6800523467
6816216421
6827045401
6862880161
6905808469
6913944505
6914460169
6924691969
7030221785
7046125201
7105368451
7120752481
7182831041
7209429305
7226411861
7313391161
7341599429
7353769501
7373510899
7448915585
7465541579
7578847501
7594979041
7614319021
7616852929
7647816745
7687127161
7719762049
7751350529
7759170497
7780619041
7789505601
7793414945
7809035081
7810209121
7811588161
7823546081
7828395901
7863905089
7865833921
7868241121
7885929745
7896122677
7897416605
7929839481
7968087205
7987898881
8004426529
8017696345
8031754381
8129655481
8189353761
8265279401
8273922553
8305349201
8315376301
8580837721
8605750609
8617008541
8627184161
8651688001
8663503381
8722885249
8730808865
8764650181
8777388047
8808527377
8831654481
8837351249
8842134385
8864149141
8881584445
8884394441
8980113601
8982397801
8990378769
9087557401
9127791121
9175347609
9222027553
9264958561
9266065459
9278786089
9316822801
9322788065
9350168241
9369362341
9403896061
9456410041
9458539321
9487681939
9502310971
9543693545
9555786241
9566609581
9600768123
9672832929
9685188253
9698205985
9710456001
9714217371
9775301185
9810258305
9814433021
9820016009
9842642641
9866282723
9926144845
9944819281
9964391581
9984181921
9984293101
9994516181
10011640561
10032010885
10079584801
10132990141
10178942101
10210755841
10272103921
10310520961
10329951061
10334613101
10359314241
10359663301
10372105549
10382919931
10387828529
10488074045
10600344305
10653529937
10658240321
10705177729
10716730441
10717606901
10761561889
10802824759
10865928601
10866975085
10936205281
10959905881
10980310081
10992533201
11058893313
11065490945
11109057205
11193164821
11198384821
11215255745
11271709009
11272515801
11304894497
11319224281
11369796145
11370015761
11395495761
11408130721
11433264211
11449818541
11484231681
11488775201
11518218361
11592716941
11594837233
11607779569
11610429119
11657655649
11700320281
11709466649
11746164977
11764226305
11764704601
11809757609
11858587201
11899989505
11949445621
11950935361
11968056269
11982019001
11995308949
12007218817
12040976001
12084517633
12211820785
12233470165
12306618577
12328347851
12332492717
12415072385
12450505549
12556459201
12568180801
12570089701
12605784841
12628719181
12633351809
12650229241
12653797969
12689042057
12761340241
12812741389
12940918849
12976998785
12989270845
12992877521
13005944601
13065923581
13117470001
65936779921
74530780129
129574226881
919539429481
1103056797745
3186699502141
9217565443801
11142077086561
11170526013361
11204777871001
11468385216001
11969117721665
12061927302481
12120715346041
12142303059601
12291314360641
12304652746849
12324709822321
12590008271569
12598891905601
12656635318657
12848861387881
12964370775841
13382264800081
13435691959801
13515956991601
13570607113441
13602932172721
13780917391681
14113043300161
14288241405313
14599580828401
14611475623921
15305689240129
15378252976801
15380582664601
15652606800001
15787840407361
15813310183441
15872913928081
15922831721329
16220224843201
16351909918561
16386685488601
16403772105001
16420002505921
17338472785921
17412665846401
17634724602481
17685823933801
17840765641441
17857632479401
18389555767297
18506213048401
18512897135041
19297987311241
19299493854001
19521330846001
19808738326945
19811935720801
19933839116401
20105370112465
20120782583161
21808291072681
21847408241401
22088657457217
22165513340641
23020287136561
23329196405857
23452137882721
23632277062681
23769050712121
23853889671481
23881155603481
25011079054201
25724331251641
25860043253521
26055202893121
26067702528001
27293961542401
27410711574961
27688649380561
28027293325921
28768464463681
29371069566721
29798341239745
30202177047001
30725455804561
31032053658361
31502285771761
31829882638177
32098671582481
32217500334241
32683847133601
32781060906121
32874141026161
33118893805201
33624193204801
34020511606201
34029773535745
34270624519561
35194741918561
35952485914801
36009840174001
36950685654961
37295252029441
37368384793201
37502709796441
38466170699041
38472309894481
38638427124001
40389995536801
40629140879041
40776644875681
40784126506201
41393884979161
41728756830481
41832139746601
42182415064801
42258948534001
44777810604241
44942939986801
46421174470441
46431413600881
46642947375745
46793905391377
48006378036001
48309498678001
49420190603521
49651221605041
49978805497921
50011193146081
50359744829041
50468776648921
53337412393441
53874762299713
53951951646721
53965374047641
54473930244721
54603590680801
55908287263081
56819737661401
57434080321801
58361854752001
58587483614401
58602875069761
59840305632001
60844659303961
61031225505601
63128104954993
63283658392801
64852169933041
64875753746881
64883035278001
66320883064801
66556811317921
66911429754001
67131298773001
67234411891801
67537757810161
68248201200121
69109809967297
69751371382561
69986687002321
72882394872001
72886252618873
73176590216161
73888845411001
75469064406121
75698753245201
76771569002689
77675390271073
78844174355521
78912316402561
79315399381681
81574124503201
81634466655001
82288011058561
84077359052401
84721438408321
85563888157441
86026140002881
86485325076865
86575400049601
87640109756641
89973224865601
94427669903281
97027048260241
97605063900241
97672362412681
98014729007041
99454388538001
99545263108081
99808496954881
100644903251641
101958552755281
102159494814721
102208825263601
102432284677801
102550990481521
103846697079841
105872802084721
108977251085641
109338933632257
110893480704721
111465712472401
119234739670201
123153386000401
123602063639041
124334094651481
124339730201281
125328762475201
126436127504401
126844169951521
126893810568961
128175448373281
130622739729601
130930307875081
131719213807441
134309087669401
134344336034833
135870122394721
137801971735681
139157866710721
139649940417121
141148873512361
141247058583841
142003105811281
145334297571601
149470300104049
149813986307041
150185372146201
158670263862601
161213203838401
161235467837521
162570463396801
164652486099361
166995676210441
167521677049441
169159227899761
170879849473201
173514534480001
176449127163121
176491231488001
178008432645121
179659496150401
180644630720401
181082224699201
186025005573121
186728907670561
188019354957841
189360734850001
193693672109521
194842791534601
196667237731681
197566108561921
198372144828481
203097496890961
205325698231297
207454842696961
211786283928241
212766790039441
215488971782401
217099349359201
218181963288961
220227973241761
220288370791681
222377836778641
225606892691041
228170933948881
232105408484041
234379100088001
235575469274401
236213154375121
239729546286721
241998077631601
243059969859841
245056462741441
246196890635521
252384478641001
252573683620609
252618324220801
253856445288481
257291827017121
257400770332321
262096689129121
263338860812041
269690740110001
279816462084601
282904600462561
292167449443801
293002283325001
294811436588761
300825195951841
302617124276545
302864318821681
310609721588881
310869956117161
311604991261201
312055136271361
325387642943881
326170416615121
327104870415121
329484958206481
337536444618241
339972565579921
340059688389121
345124715588401
345960399788641
352871329257601
363837132172081
369326045538241
370167327054001
373199796416161
375728269923721
378502620457921
383649092633521
383658442663321
387456617288521
388940526390241
390445690041121
391974615297721
392288334027121
397554808413841
406297827582241
424169846642521
425256855534721
431033731377601
431058619474561
434562933851761
438199036300081
441514799205601
456268090244401
458610722304001
461059646389201
473803367360401
478260986479585
483002571992401
505557149630401
506443254799105
507364650419089
511302068215489
515256376238641
520665886233361
527885957080801
534123072191521
534436889602321
537455148809041
545776167510481
552857219933761
560334106784161
560983321563001
572192525787961
572331926822161
577346314431601
587080973334961
592743932645761
610007049990721
612073875029401
614701246698001
621660231046801
623692279300321
625596444284641
657826163794801
665863130271361
670176791450881
679164077380321
680027585471641
680772785179201
711848941511401
739550619931201
746706398044321
751651402960081
754534120387201
763234810584841
784244251081369
808415781219841
814925908135681
815481531737041
816978071367361
818398245347761
828226120229641
833284791567361
852205032768961
859687543404361
877975031545921
879673288057345
880693208204041
916949123777401
936028095696001
951947135524441
976123148793121
979271517696913
982466859599281
985502441730961
1001016967064401
1008133928741161
1036697312885521
1037365425943561
1060083803445745
1074081020272201
1085353729910401
1085502563632201
1092400077215161
1094138560482001
1102364033914081
1116247969887601
1131900274952161
1170623077858081
1199775774939841
1263640397943001
1276559319870913
1279901333001457
1296845541261601
1297342087408081
1310814015197401
1331250154924201
1337350538580001
1362075480655681
1384253949481201
1416472597746361
1433898133831801
1440780444712441
1464256543473361
1469976606381361
1490269849074721
1518819294969601
1544170121668801
1545020754520321
1574812246831201
1582124185873441
1632230765188801
1640683128882961
1641100819943761
1642451913740881
1651849958263681
1662532026001561
1671743736517681
1685595421316521
1695192885472801
1771912364843521
1790310299326081
1798861052490481
1819684278705601
1851124062184801
1893422269279801
1948205106973441
1982841821779441
2021237337546721
2035871882210881
2036319542799299
2049243395490721
2059601320003921
2075444450584561
2124713823265441
2132346073208401
2150696025293761
2177418485909041
2223389462140561
2230874483604481
2247283953736921
2248098187448641
2253676395252241
2264631271597801
2315552273925121
2348998463622601
2358961778436001
2398770392342401
2421039891276721
2452208817207601
2475855913577761
2491143132164401
2502295815742801
2503823440204801
2509896086088721
2587339334937601
2655302285963041
2700928404811561
2738379177966601
2741373370102081
2759168903352841
2804684774579521
2849689349849233
2881442626694401
2882299961136961
2899931804506801
2930992502285401
2999351503628929
3099112792440841
3113744197490641
3123291780375481
3187348155237961
3228852171949201
3259739048520241
3285736284057481
3308668657228801
3330891372054961
3337162191630001
3462409812408481
3512013522300001
3515559382274401
3517750539069481
3721660099082641
3732042941528881
3735852774972121
3753615968657281
3762167647641481
3777058428149161
3977099452314241
4029806328394561
4102538687237761
4120395012525121
4131865327250881
4156895265024481
4439854440713161
4456012019605201
4466915571737521
4479515561152801
4544466335396065
4551403577770801
4704279050160481
4766189371710481
4784277957983041
4797212003323201
4891342203914881
4956936673204321
5056515036495721
5119873826434081
5278648329813601
5377310315694241
5505902018423521
5601707289495361
5736299534051401
5992292958814801
6006909233393761
6161015026992001
6197469476885281
6243376324320001
6286267573858441
6300861899177161
6364588607063401
6383108275374601
6413643073444321
6464000312749441
6539461651846201
6698011488122305
6871839273552001
6939055630694881
7086483983142001
7286852904758161
7344639247672441
7357888327417201
7625901255648481
7660251783934849
8078811932675281
8137018960593601
8503947210045001
8625438603921601
8940505172781001
9039635305938721
9263771099311681
9347647335264721
9350011000844281
9450547550410681
9470483904722401
9500181897379681
10049134957964641
10128584426381401
10411273823795041
10533067731264001
10544187459193201
10562685913946881
10617240235772521
10645272428550481
10868512522714561
11292927181112401
11336506816324801
11367839073549601
11448598994490001
11639702382718081
11904579183335041
12144278451028801
12357966614898001
12376363265443801
12469085569084801
12617755620676921
12620051230596481
12655953105470137
13196704577952001
13271815471722721
13591215258818401
13699111249387081
13788884386807201
13957315454863441
14090926483589761
14229132702504721
14342253452493121
14559715940318641
15068886584274601
15495776646742561
15574966657881841
15732549921118801
15835211599581361
16431629490206281
16493818754905201
16741972592064721
16782188176600561
16812361061472241
16843949062452721
16937200071571681
17311748453886601
17860081443876001
18666205610502241
18983230930256041
19074357227919241
19196187825661561
20285412518898241
20452018908094081
20582769450129601
20834115697641961
20910487489946881
23272608102570001
23600524543948441
23683749215472001
23696247697275601
24360590982346081
24475330667165401
25099519145710681
25582547649905401
26003686699998001
26290146982727881
26524952411194945
26752646499179041
26858920831814401
26875812864051361
27322474995426241
27587775673700161
27693745893879121
28247245012793521
28291620926321281
28453921864855201
29308252825756561
29780562483422641
30035001923216641
31884427965715921
32281728936143401
33394757047868833
33594612310799521
33828619460313601
34091047389787921
34509355037550001
34639736900131441
35097305417287681
35483625415295281
36554412693461761
36771135786650161
37599055962695641
37631181232267561
37874541605563201
38108639865961441
38325266946653401
39804082964045569
39935957391724681
40815506063750881
41185612430381161
41408946153301441
43310895302491201
43632962637751201
43740596595595201
45190898547081001
47466495272011201
47497998676086721
48903246559876801
48958910771814121
49103382644974561
49265307984297601
49339412844019201
52615838204515201
53087566303482481
53371431052718401
54178693912145881
55296813528455401
55311525602733841
55453499856722089
55504353223681561
56305293452034481
56780535321715801
58097987277817201
58583513868849001
58865116741279801
59024888543245681
60206250004806241
62197074859146481
62362002483950401
65536211561915953
67684690917300601
68840465737612801
69803085088394281
70301547954916201
74642016942385201
75019914045963601
82450387239982561
82875709526951881
84401606219671441
84706748084405161
86526945173766241
87469938148032001
87613548196611361
89854931913513481
91697820747244921
91780962022125601
92319238740566881
92716857930333601
95047963457533801
96427317060169921
101985401825190001
103130042489560801
103337002463141161
103653861695470801
104888372300899201
107577292378340401
109566643704773641
110023926028501321
110278711532771041
110571001459574401
111002959364799601
115861298970421201
119205618554016001
120101602392818641
126579891600011521
132828721269078241
134843462411282353
135148828823738401
136090149938069041
136554542494456801
140225306332305601
142920169257650401
143242558644391921
144285886386243001
154467267465231001
158582383838376961
163585005762879361
167069391439833961
170529515745934321
173894669243147161
177497600270928001
181671071654281441
183953429962601761
202570978464675073
210608296540032601
211420950235954801
214081130185754041
214108997814398401
217548443240120161
217884640721711041
219162421089746401
220198815721440361
220873271394641761
224653562750303401
225913256401372849
227619902465886001
245553976769582401
248360966964591841
258470981037624961
274170632455258561
274731649986900961
280570505541532921
282018586145377201
286133717947280281
286748809581961441
294678143391248401
310241112637379617
310561605544741321
313446252616383601
313970889941294041
317270994186833401
330075306153079201
338372140962875041
349382509410249001
355435256410521001
359481292586354881
366620702338219921
375012275024615761
377952187344618601
400129718729946481
403269425528905441
407613588407456761
422322147841640761
422689850660666161
425759930067241441
429473513822476201
431961452579750401
433210080808471681
434951580520630801
442988059247395201
448309915068132721
450163259962867441
457327464209569801
496671010320777601
528347414822579281
533259544495491073
564232477299153601
585137734788267361
590869711321850521
596504355794620561
608266302932312641
608325878911412161
613970045490562201
617787342571172761
627119773441814401
634618045267365601
648632695910162041
666573778486786801
666728778768524641
674334137058195601
682868456920046881
688871454802437985
690154270209223201
730811802140128801
762450452615789281
822843618751497001
863367501720402001
864822578954100481
873646374960596161
910049429835853681
919766947368901201
962362730143941841
1021496044929794785
1034562553527307201
1075817778613060561
1093347173446395121
1113469029051703201
1184557928027178601
1194724452276857521
1249762781424834601
1252193154114669481
1312598699194303081
1325413368161178121
1340035633647679321
1374531143005823041
1439471454587480161
1453297994503682041
1487943765684127081
1555072940953858201
1580569804378018441
1589687490328824601
1692649079148429361
1694135251765742401
1715336764025928121
1878827058938498761
1881679022758374841
2030427277681144321
2123110883594046241
2220227577882387361
2282670464075258881
2425431866927155801
2489285100015303841
2533292522227409041
2565166451753424961
2593820150875578241
2610405918235876321
2615198238803717281
2661714667180936081
2679120963818131393
2683745745233525281
2708323488432860761
2896227544478307001
2993855823078348481
3068301459886922161
3141544297331468161
3316021781581807201
3545516241516078721
3612638214614708641
3614857195389970321
3622518311978952001
3852103268988861601
3919129821338919265
4159998124992196201
4244570454895279201
4321108242935080801
4336151103026594281
4409975078692488361
4977526118134033801
5080261019759688841
5105505122991279721
5782410128029621801
5815250841770525401
6015327547169026801
6070727576387279521
6236138956274743321
7024354752250300921
7065824523233588281
7291851435149054401
7380059502588256441
7991555067882036001
8397177148950556681
8425354145373704881
8536267806255619921
9629441974366839361
9690819747913676401
10331075460826573201
10785898802764892521
10932155675282419201
11516496653635867201
12025580312567548441
12060223403907682081
12182613510733071001
12949345083998784961
13076757348410078401
14661907558352326441
15497349191610582241
15847680553697129761
16529411083843433161
17004334394455747417
17272281340864641601
19134394247293080841
20089750744285868521
21483646117458771961
21803408952554487721
22066403427648312481
22669742262077139241
23258667192199444321
23556158801424457561
23875089923805172921
25053624266809110841
27642265790935332601
28853412414466228801
29063566071529574761
31062745353955315201
34676200427176630801
35478092595433051201
35523225665129787481
36039376002163758337
38357585862372617401
38530025232818445481
42021379357294036801
42333755765909229721
45775838742031918081
45882716339131523041
48095564375852494201
48204313853829379681
50569258177798468801
51786505134566258761
53333025368004985681
56509823835014223961
66277460543456988001
84117145535574687361
84923004287552076361
125827844847746434321
133674941138275674721
148557017464572780001
161004446442890937601
165036469069759499521
184517049378495998401
193644528439579701121
217479211216486338241
253584449506071416041
255855349439228475721
277419241277481119041
296064366061036925521
313571113174960229401
363744719579718605521
400853298745205152561
469093842959828339881
650157759359643575041
696984063512104355401
752672522509786242001
920298996741931868161
1027593856375198494481
1074789466876939965481
1178904642470765107201
1201301812262516643361
1237942880386634532601
1469436578388356233321
1788186062466961466761
2356792503678490874041
2518823191535460560521
2702236108787368342201
3627006874727408806201
7507540265613493623841
8936419531074932524321
10872455718441802374121
17948002517989923986641
18152975728570274445001
18530458192985412791881
20679274869474717062281
22913979687204043842361
51041542885250374663921
129331084130249485603393
138525233001852364473601
216460097135107703796241
368265043987452883265401
12551230474180076205031681
357037385273694766383906241
18483577691230455350971536001
231678841158154019306626277329
21357196311114781306900187783041
376572360920679260744347317693506401
