3 2
4 2
5 3
6 3
7 11
8 7
9 5
10 7
11 5
12 43
13 1093
14 1453
15 71
16 13
17 67
18 661
19 155191
20 103
21 2617
22 3461
23 420929
24 1319
25 1839833
26 129917
27 1531
28 1316537
29 91387
30 40841
31 30631
32 49506559
33 1176509
34 262069
35 14497151
36 7489
37 1860564731
38 1053007
39 4557398710937
40 3312483451
41 8999
42 258950371
43 1697072775521
44 17863420339717
45 24767
46 48390673
47 10589406577
48 2822525442367
49 2412406273
50 3576173089
51 1269363980791
52 249254441
53 27427
54 123319370708219269
55 4376428499997403
56 80235899
57 15841449049
58 71172230603
59 3173346563957
60 7131073802839439
61 222410736913740906779
62 2333985154130175480329
63 2787476560790036499301
64 159215226947802299
65 87442714482329
66 4511716152893
67 10792915535264919442601
68 86682314305121
69 1865093976023662394319641
70 258244106117
71 147529603310253144529
72 2764711
73 69741262173379
74 2043140023
75 31869831623007431
76 13011119552387850847
77 11819843185757094841
78 254307378154275483732157
79 6545132694347588858291
80 6400640053
81 88984037214219148133395024633
82 3146378914765806737
83 1396910261838605009
84 1712068342455983
85 1399069294158692093495562841
86 1317804082987601929
87 40181792393973807066758565379
88 1896236059827391
89 7147307127969559
90 24865699191894879872407037
91 39519579391623449
92 1251988542757
93 104252843356884997871
94 1548000150326387809649417
95 1868139107453
96 19154099197
97 84459099247632213824509
98 1346478977167
99 16335417817257429598594349663
100 12927766498802829743
101 5553875345226521
102 16061551447721526419
103 3226052347830801553722101
104 761500937539196607282896796539
105 59095320428741
106 153226674558989983254071
107 321794918800178862777550190207
108 684185138798642881
109 615551956667142316837867
110 4987366964029
111 54209453898561526486746154444359367
112 92332904887518866769666342123146761
113 214125571464757451098667
114 96505031116068578881408827347189
115 25198453647001981
116 17461865839923388434563
117 158257091956636807
118 2240619101211187106170034151134869
119 166697166970080276521
120 1103516068213586633710126284247
121 240913734017415765319998827561687752943
122 41754926875635271879024234883738312161248643
123 1133100631303717752047
124 139036811308874642294356962022083750312716413
125 22176508743858180355979
126 124522942042690268713723
127 7525047512196043
128 847381162652567
129 83071048270943608284156598847
130 661220812760329
131 3155952367797503274894754507
132 3150066938228787799946602952774501050091
133 768624534839369667139151
134 1473722079115634702581051733333
135 13049038776950431930654773113
136 19702811245988417987184130218781906394693
137 1051765532226523804905399338344284113429
138 3880775929061057909615482241365285333352597
139 34737528215893859230004117450022308941
140 14995725571370646615685498009081
141 2443545845864006886437524692856401361
142 59424621397127028278627623
143 111094309775793710079033151750745571318646049
144 18385811491654829
145 2125674455866616348248628161510086149377
146 204415343765613564406347449
147 5269636656494952909888486073837
148 622008118330664128514365772484140342449013
149 62350646983269190054008342477983550371776777534040741
150 65778174182577375381951178394504671
151 45580795467583554341425080979
152 2541086795431386024882738667
153 30778685552922930505388727460253714031585746887
154 244285877612665757328691343919033765695200080771073
155 4114025877622252095914030435471
156 606865912490824595430011817866144820885449742019
157 548210247725483817425177789
158 66028822197821531
159 16258749486432016569354640781352416737
160 31625175356670619466179469460204553727
161 1764479881590325153
162 1973787574922458765212639209273
163 182700634480508955319
164 167234293014769576814522986636856731043326436570107
165 41532238740366133859371521317832494699
166 463988098116581756137127443
167 2683688792741388902318310269918255880846902120359
168 1278578739571915240517861495926378557404474587524167555767
169 5982411573467117496149774870283176808219319
170 13255314905429430940463752734322864021
171 92653647683673980760796191050094695235278904491898443
172 4808393678813910805560541631692237
173 18164823176279214158371297390121516122108030649
174 142404841190339282375720241972046443401
175 1769791078805747404824355117
176 10087916980647158447225788245419327
177 4673264456105143295230310373157
178 620482245456765224794546626246828672321232888789886215166129
179 1853159806695785094327161210779850888067015243860367353848306506899
180 47404638705648729549584467
181 130599869243661773828056425413215746618024119
182 735676530404916505712241318851507155380233859485173551811
183 404748183804051022271988411340316654221
184 374825409709541950328234372780791
185 20599971230622503419367761
186 755093951835293632988459331562319525669777834348146589479169
187 49625647984094279741258066574227932647536949319
188 3511087445235926935463763222549025273493166682367
189 434938405535229728826205984657081873580648768157720211
190 11867718744402158571253906836189209
191 11520156135409936149128675220159526191523489369127831
192 15040748233577500541033938933031000357236795763827
193 5645657639149190505683622839509
194 51427423098494782168633489987029537598648979
195 972585249061216488572931585824605617625804003139105520646471
196 327275901093311023807832477720737049279441659430423663
197 70095221105685589479296154032980117720741369780483
198 89752053598808118393376952052178142861
199 1244834647747942118377585026862062924187922000145701
200 12443309711282676389283194291580211
201 394637827122166458910357
202 122931399157439852809588300169743812508404110783503666960517
203 76198112590637808994183711564213987997
204 55756448279917939086933643370843428088692045899322921
205 24128454111269145149140339819
206 10824549551194218931908177342937064090600540008397
207 950782972521715476632233111917798269899
208 8280251593730929
209 239411557096148789463422227501518006533346917
210 5513815615675929830229995017898754907687630531219798162384488618883199999
211 3683904495278670535486006276065417479088756121569410701834575479914519
212 65599401714363302389621837243
213 108727988566452159124522272506352069829713244674068343874383403143110089673777
214 4442912845201471407869331745870172139852115592898058654823
215 78489212940000512322230901980047618807747839319130300298517378677037937
216 269628573888166474001044940139363152597907824391528597526266455030779416247
217 393962990588811030185263798709995663697802750451391
218 5832671570575368624503380006212640161265183
219 1113779047810438042938332581327
220 1545040000556532050619517371558394249666476907096202197939
221 14633406512037732394160812231884679854008697642964458816727879
222 2582706349470546808192889176507361483832854963147946188710705631
223 113499051095407165337104124717987
224 1191208190742562028490866948523732489270520562251093495530705732775335662351841211
225 6537399037896055949839714479854072692708243756253
226 41741895212298657215108680175677547293
227 101511495011496005721762804151207991768333453912084588423005855903739949878658593813
228 82499258507245972566532235500248732832619946487558506231196101397500496822479211
229 180162893570004029074117257407475328680282601
230 1364038026074972241048156626153411633418069389442179
231 256848905092550904459872563009546511361331554075813557170641254756439759667037
232 18239621847797664569037959599
233 73309524650930115314541924587625062780099343193
234 889581364021093219948745809116004138321915227556229767335238426954737440756033660057
235 144906017449330423016679634453799188560252797
236 3254985151147444592911542638251
237 737985676571896540991894158530972233
238 24021991815284535334866442492515357680995487730629
239 135866138233144385403914895812585002189465428729975366575224957673604177260316604367413
240 10275197481503888688514341350989109363282012431081
241 11772267516060348467054453821473317743989554985620058391
242 212854501556644533763864100317613986670367186996906426392838129687109799
243 455061217991196433731391773161342210567914785283166263303
244 70690638537765444711755652470258366656418419021556319193
245 38918505507796673576047798852881023271639463012195262618811900477053
246 104679243941770441449783670276872772287254313830377583526112788089901832739
247 130944768438775505358538284201989692729745876988487593885550744933120860668083065367529
248 1106339449699570178423566836041185336712322660876637014869064125179476045615557236649
249 1527687850326164550089460170012571061
250 14030928852614030570307369955019146555154205219458310281047
251 3868545824953814155873444046168842902904111939540528073780665845339113
252 6837623433520669151783349862403224597481
253 152990888169178187880739632302935898964152229203476962109576766513212252796668590135759307
254 24526708128018290807766114355824902809469177399695135511203310828716310698402357
255 1241490363419906066501063063100739434443167802325092224493504108992391
256 192087759944918239251471617508743996830986701079123521415585426059425809971969
257 3219036771366459460457957623533428342322191
258 1906739173378017375532295686125189735186427970020746499590197335869089795635979633714064119
259 245366984774993405489428711538073686110799918802703490671222329573450208155977
