687979968481
1928376089641
2638625591701
3148470889201
3152088903601
14682521533681
19656816822721
37333372057201
47003559452641
80643055074121
129235662445121
140940741166849
196945133626801
336301807660741
345186571310209
439931062854361
490464498901105
531259716925081
707472049888801
735691828435201
778963619135521
788801817683881
893955162830521
1464274069272001
1471747878740161
1862516593643329
2251648591728481
2376806217888961
2808632950020001
3908308008236941
3992680920034801
3998431921240513
4549999090112785
5329243598526001
5581318384852561
6145475885369185
6332450529384001
9995022259504129
10729552375301761
10769912398365121
10953688549970881
11911715977543201
12029189683896001
12258684546108001
12615158890857601
13326785007243841
14931067080308401
15622083493349761
15816893696377201
16260992547071041
16434121880131201
16656277671467281
17547304683636001
17810391647784385
18820001752857361
22808640896135281
30384908424299521
32071906900478017
33974062308537121
34032752544117601
38330076095619841
39299187626487361
44869911782517361
45424152875415601
48677063910615361
51435622182672001
53409282700344481
54853966343767501
56045408251341601
56610156623186881
57508547937850801
60379181562878641
61138024563142801
68134265628726529
70995261636883585
72183996549100801
72248916218620801
72345439183530241
75652358241309697
76781871989484481
80340549146938081
81076978181247841
85151795402600641
86191203920976001
88088961894912001
88485184052697601
90335384364441601
90466573458159361
90779735296748161
95969937692336401
98188667699648401
101249002475772481
104385668674739761
106811185631927041
110142636908589649
110856212238946081
114346331280789301
114650425180710721
119418144851049121
124828288260235561
128266966724562721
131093663032382401
136233505267866721
145125936971265601
151596754993363681
156406212992156401
158588227501582321
164662522689798001
174722817218990041
180788020231995001
182211306957953281
183853775554007329
201276069006182401
207651266811357601
221149015164979201
235780619519435761
249584579564443201
249999316330982401
258874196100780961
258946488146666881
269920823889334465
274954593421400761
275344641372003841
276935460835771585
279011664940061377
283210399510481521
289154202033503521
291622870502409601
300658645697477761
303037586003275201
325270033760544769
331489217130543361
341114208796408321
356709785079651121
363855423904741441
364059505086209101
380775595507169941
416980988188128001
420321750004316161
444038083206651361
457284661176011761
469473638427082801
498545166957667201
527356277873520481
537449420311453441
542356865770558609
562617381362009401
575499982354689601
576471316708029601
609650581938965281
615386667839539681
622574818361924401
627103832138305831
646432224738627601
672280602142968001
674260672884645601
693680726745296641
703412756782058401
756458140375461889
770111549647743745
781530227761374001
798842169157063681
801270614945465281
805426100084692801
813102313897764001
819157564509354001
819626126314201921
869801012048142721
875815255956300661
888570511666931521
890372273134307041
900748863869944321
905669264186473501
908953689898563121
947461550556767401
958555157365486801
963021029851520641
976613603850057601
983531613058364161
984401033716900801
989155816246604161
1011501091429920001
1017517211068881601
1026255650799622321
1033604985898094401
1036769203360332001
1042346889258554881
1093193515248952321
1093519112902939801
1106455392399717361
1121119920911628001
1122448216624922881
1139304903112026001
1141808177650795201
1192136267574357841
1210978121354928961
1220633861676489793
1244579274842626801
1254204501496380001
1273120170117888457
1279607559056798401
1282442793525290881
1308289197217392001
1309513581297673921
1359100946698382161
1374942049610834881
1403552667045816001
1420937810883212161
1430468854957739521
1550005547142175201
1552319778127255201
1559278141013960641
1562711706629680321
1685398433738342401
1688344185336185521
1738804146792562081
1743002339593132801
1772522773434264601
1777998645730488061
1792775614625424001
1800033622666362721
1812914422133724001
1813417969547845441
1814354679759967801
1855222474388976001
1918964626598592001
1941757242796491121
1962924610364477761
1965645625719291121
1966139059985150401
1970225654498556841
1995026989001191201
2010753451507889089
2048944869979257601
2054179823680782721
2057664714926803201
2057705520674598145
2107194946549056001
2141232281700351841
2160377514303734881
2163726653422534201
2167224171184272817
2215449039600225001
2235008590138070209
2279671430560718041
2285921556494641801
2301270240328028641
2327249099389737601
2338961715160551937
2349749465679009745
2394134581140906241
2423521450061157601
2446228370853904897
2519250591183955201
2612753865337453201
2639603271731454001
2655869699224942201
2693977747267912561
2712288701294948161
2796365759934589921
2799601431914504449
2865553957108866241
2877584095370227321
2969162438083966081
3083519613279268801
3108655116696225601
3117629166586129441
3118913299313491681
3122215718356098001
3185145005315454721
3347088339572737201
3374778253644008641
3381352355495188801
3404544561593511841
3411522721425124801
3419327524919907601
3485472520548395521
3507946577849088001
3530905798220190721
3559154826264760801
3576941869073620321
3586675951390320361
3620935954051704001
3643797612426635665
3684323117267488801
3778903247358919681
3817841499342397801
3819928705272120001
3821584951575190801
3840412066993729921
3849406319420256001
3853151074463328001
3933012153801931201
3945086544976121161
3949834284504108001
3979774779272087041
3998610414785720161
4027473297855564481
4096526139221115601
4142886538188729241
4205113519326403321
4208410342581165601
4245945254333319601
4262766701604420241
4304650501201564801
4324712870876606209
4384141366944144961
4385760141438865729
4431366336842484481
4513263503598259201
4564042295765073121
4570473870142076161
4630970674850274001
4754877104754806401
4766620094958657601
5018501023177481281
5024803501326139201
5036840139070091521
5111079093984069361
5210818791139777201
5222992103561937601
5316217442679477601
5432966142913108801
5481222788398140001
5569341504773175361
5586942150612345601
5621423607655783201
5630405461565438401
5650965703844307001
5651117053475050081
5680035589661516161
5714201486955059281
5780327502597928561
5813347258841696641
5869846069056668161
5880927798594455041
5950825052453845201
5986089581951882881
6118024274767566001
6169862108151264601
6241408898049864001
6259910135166848161
6279075462118258801
6310708747743939841
6328515778329175201
6335186561011602001
6372308170931663521
6439821175708351201
6477149797885872001
6513738790664318401
6515843649795345601
6536726324757788545
6569220567711324601
6693061458919842721
6785928842753088001
6901174622059361281
6960231721958296321
7046529385069465201
7052766566576734081
7130109847992912001
7146152572135222801
7174638884957483521
7199853760775402497
7243340289759493921
7260744892481524081
7272089439459848641
7442933624796229561
7609526911172664001
7873923112636257601
8093097038986827841
8157159497048032801
8231856919992454321
8444107235305138321
8573875680750906241
8605736094003523201
8738305859918915281
8740378170068751361
8750968660420560001
8905813612519322521
9021381004117792801
9210516127413588001
9395886171443785201
9461224603229031361
9614907287605712401
9621658679161155121
9641631640141478881
9677563142508510481
9712432474967896129
9735744905917430401
9740850681625113601
9743150408958046081
9928525048414068601
9949412257481144449
9991739265332151601
10103897834550828001
10172652722260514641
10353094731384728401
10569957256003049857
10661487886173625201
10693260875279782801
10701532220213721601
10710532460158217281
11377238418260542801
11599278198547515841
11616129190070764921
11621551819253644801
11675510870110542001
11682396272924025601
11783673976969833121
11867969734013574721
11876389597287564481
11876767828241384641
11929882059993744001
12131942157296913601
12254899768718530561
12578019098554990081
12912364321399052641
13201895410713933001
13267703680960720321
13395732514326325801
13730839395888807361
13789992880053936001
13975981048139166001
14034685834745072641
14386673511318376801
14621908655402451649
14666471748992794501
14668162909789662001
14710271511065850721
14770291020047128801
14786095882762648081
14786423307435225601
14856368165379417601
14933712460092330241
15009232236813289441
15352019907735798001
15381377074693319041
15518849053014641881
15534737524248742801
15841473741329876641
16304484913360455169
16578207993090597841
16641330617412103681
16860172580198445961
16969448662638318001
17008931222990532001
17069294087739653761
17263161721784274913
17398729163826410401
17400240591645154321
17418264287630875201
17421611397407998201
17560890767313522721
17615300510352061441
17650764465745210801
17907650644750888141
18196236305213366401
18215382574312774201
18409176473355108001
