3
11
83
131
227
563
1283
1523
1571
1811
1931
3947
4091
4547
5987
6563
6971
7187
8291
9011
9371
10427
10667
10883
11003
11027
11867
12611
13043
14243
16187
17483
18731
18947
21107
24923
27011
29531
32531
33827
38891
48611
49307
55667
56171
56891
61283
62003
65027
69491
75731
83891
84731
85523
86531
88211
94331
98411
100811
101603
108707
117443
117731
140891
149771
154571
177467
193883
281867
304331
382331
631931
644411
700571
725531
943571
943931
998843
1061771
1165691
1195907
1217963
1249691
1521491
1735211
1812827
2422643
2802011
3592571
3942923
3964811
4073123
4683611
5134091
5578043
6331691
6728963
7085003
9148331
10517411
12344411
15203963
15327443
16410323
17007323
19095971
19559363
19677971
19881803
20153963
20516843
20854523
21512363
23042891
23099603
24508643
24712691
62015747
75948107
