3
11
83
107
131
227
251
563
587
971
1187
1283
1451
1523
1571
1811
1931
2411
3251
3947
4091
4547
4787
5003
5987
6011
6563
6971
7187
7451
7523
8291
8747
8963
9011
9371
9467
9803
10163
10427
10667
10691
10883
11003
11027
11171
11867
12347
12611
13043
13451
13691
14051
14243
14867
15803
15971
16187
16763
16811
17387
17483
18731
18947
20411
20627
21107
22571
23291
23627
24083
24251
24923
26171
26891
27011
27851
29411
29531
30467
30491
32003
32051
32531
33827
35747
38891
39107
39251
39827
40427
41051
41771
42443
43427
44027
48131
48611
48947
49307
50363
50651
53171
53891
54563
55667
56171
56891
58211
61283
62003
64283
65027
65123
65651
66107
66491
69491
72251
74891
75731
77747
77867
79187
81611
83891
84731
85523
85931
86531
88211
91331
94331
95507
96731
98411
98867
99251
100811
101603
103091
104003
106907
108707
111467
111611
111731
117443
117731
124067
125003
129587
129971
131771
132851
132971
133811
138731
140891
141971
142811
143651
148691
149771
150131
151091
151883
154571
155027
159491
164051
171251
174851
175403
177467
179051
182123
185051
193451
193883
197147
197243
198251
199811
203531
206051
207491
210347
212651
219683
228611
230123
232091
236891
239843
241811
244043
244691
244787
252611
257627
260483
261587
265451
265571
265787
266051
275147
278651
281363
281627
281867
282011
284003
285227
296651
297251
304331
306827
308051
309251
314723
315251
317411
319211
323507
324131
327491
333491
335411
337691
339107
340211
340283
351347
351731
352931
356171
358907
364691
370067
373091
382331
384611
385571
387371
394643
402131
414971
419051
423251
424091
424451
428411
437771
441443
444971
448067
450971
451691
452027
455003
461051
491651
498923
508331
527411
541547
547643
549323
561251
562091
562763
564227
568091
582371
584411
586571
590267
598931
604931
605051
605411
611411
611531
618587
620603
631931
632123
644411
646643
652451
654803
662483
668531
671603
680987
686843
700571
703331
721163
725531
730091
736091
740483
741491
743363
748211
775091
799307
818171
819251
821771
825491
833171
833363
846851
851891
852011
856547
869291
880907
885251
887291
899891
919571
922211
929483
939923
941267
943571
943931
972131
976211
978611
998843
1008923
1015571
1017011
1020011
1036787
1038251
1040891
1050011
1057643
1061771
1066067
1076051
1080851
1089611
1102523
1121651
1127051
1129187
1141571
1147571
1165691
1175123
1177571
1180931
1187051
1189403
1194443
1195907
1203971
1209347
1216547
1217963
1218131
1237043
1241267
1249691
1259051
1265051
1267307
1287323
1290083
1291883
1292387
1307651
1314563
1317131
1317683
1323611
1339931
1362731
1372451
1375043
1378691
1387427
1407251
1417931
1446251
1457363
1458371
1469291
1480883
1493771
1497851
1506851
1511243
1511723
1521491
1559651
1565891
1580483
1611851
1613483
1615403
1635563
1638563
1652291
1653251
1658291
1663763
1681931
1692683
1699331
1707851
1710923
1714403
1724651
1730171
1735211
1753883
1766123
1812611
1812827
1827731
1829027
1843643
1851491
1854851
1875683
1882667
1884083
1888571
1893971
1925531
1936643
1939523
1943651
1954691
1965203
1968467
1970531
1981691
1984331
1985771
2002523
2028443
2030627
2035667
2041811
2044331
2058851
2072123
2097083
2117411
2123483
2139923
2150651
2159363
2165771
2175851
2182451
2202611
2209331
2213147
2220731
2237531
2253323
2255411
2265323
2281211
2308931
2323331
2342771
2358227
2364851
2399171
2406947
2407211
2419331
2422643
2429627
2433251
2459123
2464307
2465843
2474603
2502251
2503211
2511107
2511827
2529827
2541923
2572211
2591027
2612243
2629091
2648363
2659043
2670131
2696363
2715683
2717291
2724251
2767763
2782163
2802011
2815091
2819987
2827043
2829923
2851571
2861051
2871467
2898923
2900411
2910731
2933963
2937083
2941811
2979731
2980163
2986547
3009443
3040691
3040811
3081203
3092891
3098531
3104483
3106163
3107891
3195947
3199811
3206843
3217763
3240851
3245003
3248891
3316067
3363491
3365987
3432203
3445451
3466811
3489203
3490451
3505763
3511331
3542723
3551627
3565043
3575843
3580163
3591851
3592571
3600683
3601043
3609611
3612923
3638651
3639851
3640643
3641171
3642251
3646883
3658091
3679163
3692531
3706163
3730283
3739763
3741707
3743651
3750323
3763043
3768587
3769331
3787811
3805547
3821171
3827843
3853211
3856451
3876491
3884843
3924731
3940451
3942923
3951131
3962627
3964811
3984347
3993107
3996107
4006931
4011923
4015811
4026083
4073123
4076483
4078043
4082171
4136123
4140827
4158611
4184603
4191227
4222811
4223963
4255187
4272971
4297523
4302371
4316171
4323251
4326131
4345283
4364771
4383923
4387283
4388843
4434251
4437011
4441883
4456547
4499003
4514051
4518491
4540883
4548683
4579283
4581947
4586003
4603043
4682243
4683611
4689731
4690811
4694003
4701563
4712531
4715531
4721411
4750787
4769291
4813451
4814651
4828163
4832123
4846091
4874411
4875203
4875251
4881491
4924043
4944923
4948883
4964483
5005523
5027123
5034851
5036723
5049347
5071211
5076803
5096171
5108003
5132531
5134091
5145851
5152403
5171843
5177771
5186603
5190443
5190707
5204603
5215451
5228123
5233091
5239547
5268083
5279003
5285243
5312963
5413643
5441963
5483771
5503811
5569163
5571323
5578043
5590931
5599043
5600963
5601083
5663123
5706131
5707811
5717963
5732171
5739971
5751107
5759003
5771411
5774051
5797643
5799323
5807507
5811731
5831363
5846627
5847851
5849651
5866451
5918051
5952083
5970227
5971451
5989811
6016523
6022547
6022883
6038051
6049763
6056651
6104051
6134651
6152123
6158291
6160163
6164771
6195251
6227891
6232067
6239603
6293363
6301523
6305171
6327491
6331691
6339083
6346811
6374051
6390971
6395171
6400403
6428627
6457163
6522371
6528371
6533651
6606731
6623411
6623531
6629963
6630011
6640163
6662003
6694091
6708851
6725123
6728963
6735011
6746771
6751307
6753611
6756131
6761123
6776051
6799811
6806411
6851963
6885251
6911603
6925811
6930563
6931451
6939011
6978011
6984323
6988931
7001507
7019483
7023251
7039283
7050707
7051931
7081787
7085003
7110707
7117931
7120523
7143443
7194611
7214771
7224443
7230611
7255763
7298483
7314971
7318931
7354163
7387643
7452923
7456283
7493363
7606283
7608131
7643411
7667531
7697771
7710251
7710323
7751363
7751771
7775843
7790051
7794467
7796003
7810211
7823051
7827971
7832963
7848251
7850603
7865651
7949891
7985123
8024603
8025371
8079803
8086811
8160851
8244827
8269211
8299763
8311811
8326763
8344163
8354483
8357123
8369003
8377331
8380283
8474651
8511683
8555171
8556203
8566907
8578883
8581043
8605811
8620691
8633363
8635883
8652731
8692283
8695571
8706011
8765243
8787971
8806331
8817563
8834291
8879723
8906123
8975531
9019523
9026531
9053531
9061523
9090611
9093251
9118163
9118763
9124043
9148331
9219923
9236483
9287651
9299483
9309491
9405443
9414563
9486563
9497771
9512003
9523091
9526043
9532331
9536963
9544523
9557291
9566891
9567443
9603731
9623147
9634883
9731243
9747203
9773003
9805403
9815843
9861947
9924683
9984131
10001963
10024283
10030283
10074203
10108691
10158803
10207763
10224371
10294331
10352603
10357043
10357643
10362971
10393403
10397483
10403243
10410251
10465451
10498931
10517411
10548443
10550963
10572251
10584803
10596563
10601243
10642811
10661171
10667843
10732091
10740083
10795691
10819643
10820651
10832411
10849283
10862051
10885163
10886531
10937723
10943363
10952891
11023403
11027363
11037491
11056091
11078051
11084531
11100611
11141003
11174963
11177843
11261891
11274611
11312723
11375963
11381963
11395283
11459891
11478683
11485451
11491043
11509571
11513003
11517371
11520371
11568731
11579291
11588411
11603171
11611283
11645891
11685923
11702843
11714531
11771363
11897723
11949251
12004403
12016163
12033971
12039491
12045611
12085211
12199907
12249011
12253523
12275651
12280883
12285011
12333491
12334403
12336683
12344411
12400643
12408923
12473003
12483707
12507203
12566003
12574643
12651323
12676571
12754163
12792251
12796403
12816131
12901331
12904691
12909251
12927371
12951011
12979931
13006163
13032611
13080923
13085651
13120883
13130891
13156763
13162571
13166123
13183931
13186403
13192163
13251923
13257731
13302083
13341227
13353611
13422131
13477907
13492811
13515851
13614011
13637843
13660931
13669211
13779803
13806083
13828091
13857083
13889531
13956443
14022563
14071451
14089931
14138723
14151443
14180003
14198123
14208683
14212307
14237603
14289491
14298443
14320211
14416811
14462243
14479043
14511083
14567171
14568563
14568803
14571611
14637443
14646011
14651723
14654411
14778251
14784443
14816603
14826731
14843723
14902883
14912411
14913203
14979491
14999771
15015971
15076883
15130211
15133211
15183683
15187331
15191531
15194603
15203963
15248243
15269291
15289427
15308411
15323531
15327443
15391403
15408083
15420107
15448283
15450203
15450371
15464531
15495731
15622403
15657371
15661907
15666731
15667283
15765467
15804683
15821483
15910451
15937331
15949211
15983411
16122923
16144043
16147163
16153283
16182611
16189403
16218803
16374803
16376891
16381691
16398491
16409363
16410323
16442963
16465811
16485587
16511843
16514291
16568771
16596971
16706003
16736123
16743491
16753043
16810043
16860083
16869563
16880891
16884851
16890011
16932683
16949123
17007323
17015003
17027411
17044043
17092883
17097251
17098331
17116763
17122691
17124323
17155451
17222363
17240603
17278883
17283683
17294363
17323283
17326523
17329163
17333363
17371163
17372723
17375651
17389811
17412203
17434283
17458451
17459171
17483771
17504723
17517443
17519771
17530691
17732531
17748491
17798051
17864051
17947883
18010211
18099563
18112763
18187451
18194291
18220283
18248603
18305891
18321323
18432563
18448931
18507011
18513371
18672131
18673211
18744443
18754643
18830243
18835451
18844307
18852971
18857243
18867923
18888803
18963851
18967211
18982091
19063211
19077131
19078883
19081571
19086923
19095971
19166723
19180523
19202363
19214771
19238123
19242731
19338611
19347011
19365803
19369811
19370963
19401923
19460723
19472051
19493723
19517651
19552763
19559363
19657523
19677971
19697771
19726163
19749923
19791203
19799411
19863443
19881803
19899731
19909691
19937363
19946483
19955843
19969163
20012963
20087723
20142131
20144963
20148131
20153963
20169371
20224811
20292683
20309771
20332211
20379251
20407523
20419283
20423891
20480723
20493443
20501771
20516843
20549891
20576603
20582963
20629331
20662931
20699123
20749931
20809403
20820323
20854523
20874947
20877443
20893451
20911931
20930411
20936171
21115091
21150491
21158003
21176291
21241043
21249443
21389363
21434723
21483731
21485291
21488483
21491531
21506483
21512363
21519803
21538547
21564443
21573131
21578651
21590627
21615851
21637403
21658691
21676643
21751403
21769211
21799091
21805571
21846443
21862691
21865091
21918131
21935531
21949211
21962531
21976091
22044083
22099403
22116803
22149923
22160123
22175771
22217291
22349843
22504907
22534643
22545851
22562003
22586171
22636331
22694051
22699451
22708403
22729163
22747931
22752251
22762163
22765643
22766411
22833347
22879691
22914491
22936163
23030411
23042891
23084483
23099603
23100563
23126507
23163731
23165291
23174843
23179643
23183603
23221091
23227571
23249651
23260331
23291243
23304803
23318963
23336003
23356043
23360483
23386403
23415083
23470883
23473763
23484731
23568803
23577923
23625083
23645603
23653163
23671211
23674331
23683211
23693963
23723243
23744363
23800643
23842691
23882291
23887691
23987891
24025451
24069611
24072947
24109523
24133643
24162731
24233051
24248531
24254003
24466523
24504083
24508643
24622331
24626891
24695843
24712691
24763811
24779243
24813683
24831371
24898043
24948251
24963923
25075811
25084811
25091411
25124171
25124747
25181027
25203803
25265411
25284971
25290323
25426811
25433963
25476323
25578923
25633403
25759883
25762571
25783643
25787291
25888691
25901003
25919651
26019971
26083691
26098091
26109731
26139011
26170931
26178563
26194403
26235491
26293523
26321291
26326691
26351243
26364491
26516387
26521667
26567291
26606243
26767211
26787491
26854043
26932883
26962451
26970731
26973971
26999891
27029603
27069443
27080771
27118163
27162371
27197411
27327683
27356411
27378731
27398531
27529211
27735971
27843371
27868283
27943571
27949211
28062011
28096043
28175723
28339211
28459451
28529531
28949891
28968491
29245211
29245691
29396651
29429843
29453771
29471171
29480051
29523251
29609003
29622731
29645123
29668811
29816531
29818907
29927291
29989811
30095531
30113123
30181211
30182291
30202643
30289691
30328091
30341483
30456947
30459491
30465011
30586691
30754811
30932411
31030067
31032371
31038011
31107851
31118387
31118531
31119083
31119731
31189211
31343891
31374227
31531163
31567091
31613291
31674683
31676531
31684931
31692371
31777451
31788371
31895531
31939883
31960211
31967891
32246771
32431691
32495171
32529611
32730011
32780003
32797091
32802251
32817923
32889971
32939147
32982011
33039683
33154091
33215723
33274547
33290651
33350363
33368051
33477491
33541331
33723587
33894611
33901691
33934331
34125563
34220171
34247531
34279331
34359971
34372187
34396331
34443803
34455011
34485371
34527971
34596803
34632131
34636571
34797803
34852331
35131331
35165531
35214371
35318411
35495051
35750651
35901011
36023027
36143123
36196163
36204923
36241091
36251723
36317291
36349931
36527651
36566171
36656531
36673331
36697691
36711491
36720347
36821651
36842651
36866507
37023131
37082411
37211051
37254923
37355411
37358171
37582211
37583411
37686851
37706771
37857971
37983731
37996811
38141507
38157971
38159651
38279723
38346131
38346851
38397011
38480291
38490611
38791811
38835011
38848163
38854331
38884067
38927411
39024611
39195011
39236531
39282491
39307211
39323051
39369731
39650651
39683291
39702731
39730091
39882971
39900611
39986291
40035131
40153811
40206371
40250291
40259987
40371491
40552691
40586963
40608011
40819403
41011283
41067491
41321531
41343851
41358971
41534771
41609291
41685803
41937923
42143987
42243683
42617651
42862451
42905651
43218443
43301051
43950947
44186651
44226683
44233451
44271611
44596451
44926067
44993651
45255251
45697523
46265603
46307483
46405523
46439651
47479451
47502251
47530331
47834771
47870651
48028787
48167627
48352523
48493667
48662147
48797867
49208507
49365707
49715147
50222651
50613083
50625563
50765651
51050603
51308843
51381227
51564683
51803051
51874787
51912251
51950051
52175051
52558211
52829507
53036051
53412851
53447027
53757107
53769587
53850323
53861747
54463163
54739283
54756083
54791987
54814787
55013051
55296827
55792883
55854731
55887971
56411651
56717987
56930051
57032771
57851483
57873251
58462667
59088251
59094851
59125763
59419523
59630507
60185243
60322211
60386483
60710843
60980531
62015747
62354267
62518283
63412571
63505643
63882851
64228763
64659251
64765451
64775651
64965851
65004851
65060747
65539451
65835851
65913251
66350051
66641363
66686651
67614587
67637651
67965587
68115347
68282891
68770067
69098147
69287651
69433451
69727643
70549883
70797851
70901507
71308547
71676203
71718323
72309467
72424763
72909611
73071203
73403747
73566107
73823963
73967987
74488187
74637923
74639891
75182651
75948107
76065107
76172051
76637123
76701587
76739963
76953683
77385851
77429867
77832563
77932523
77947403
78120563
78383051
80520851
80525051
80547851
80660963
80687603
81258851
81436427
81749747
82142651
82305107
82374683
82696667
82863587
83095403
83435483
83796851
85244651
85539683
85546163
85551107
85733987
85776851
85923683
86807891
87783251
88112987
88281443
88511651
88769123
89075507
89278403
89670803
90655163
91205651
92486123
92786987
92974523
93028547
93214643
93850643
94166651
94220387
94429187
94642187
94888523
94971683
95343107
95383451
95483363
96333323
96693923
97165667
97404323
97445651
97785923
97816451
98037923
98304467
98434571
98557451
98614283
98725667
99861347
99914747
100093163
100751051
100994051
101027603
101431643
102191987
102300851
102356627
102656243
102676523
103311443
103676171
104040851
104732603
104808107
105017603
105122603
105956891
106061723
106120451
106342211
107210387
107242643
107499731
107540051
107716451
108086843
108192683
108448883
108487451
108833051
108860987
109461587
110095163
110199227
112766651
113010851
113096387
114589283
115538651
115712651
115760651
116234051
116327363
116670083
117813251
118421651
119118851
119738051
120569651
120926747
121725587
121763963
122510603
123061451
123066851
123346187
124391963
124504907
124723451
125628491
128285051
128545883
130019843
130146851
132242651
133070723
133100651
133834643
134382587
134628203
134758763
135170051
135706547
137348747
139925651
141048851
142325171
142347083
143504723
144229451
145881851
147881891
149729051
151192451
151335851
151805747
152151851
152701763
153095651
155482451
156297851
156300083
156575051
156683651
156860051
157147451
157396451
157950851
158037851
158725451
159714491
159936683
161248643
161873051
162205643
163573283
163684523
164057051
164745683
165517907
165851051
166593467
169384451
169463627
170056451
170937827
171683651
171837851
172976051
173843651
174201851
174546971
174723251
175406531
175727051
176406851
177161723
177648851
177776051
177856451
181871171
182945747
183314051
184139387
184751363
185879747
186478451
186959651
187378883
187827251
188058251
190292651
191702123
191784851
191870051
192512051
194278451
196590851
196705451
198884051
199340651
199368803
199463051
199668251
199981451
201206651
202243451
202253483
203503067
204521651
204594827
204888107
205069763
206302451
211137923
211973123
212776331
213764627
215237171
216820547
218478563
220820507
222110363
222278291
222870251
228417947
229434011
232379243
232887923
238733843
239298251
240720707
242752403
243574523
251822507
252684683
257358251
258493331
261478403
263030627
273254963
273667763
282119891
290135171
291669251
294272291
294776723
296519843
297359603
299751083
303414131
303601091
305081531
308203163
309758363
310264667
310571627
312109331
316193411
317007731
317374283
324787451
325497443
326102531
331443251
332006603
334021091
340584107
341468291
349047323
351628811
370662371
372878483
376401731
379835843
384670211
391535171
394414451
396229283
403494131
410537531
413042891
413454803
426795371
437103923
437402291
438112091
442788251
443699987
446041571
453157283
466847411
474191771
477654971
479776211
493059851
495627563
498371771
498499691
504560963
505355723
508942331
510993731
512304131
518057411
521144651
521223251
524463683
524970371
529706867
531219251
532206611
532533251
550938467
601256171
603393251
610082051
610993211
616643891
622318451
630235427
630344651
657169763
658773971
662815211
674421491
685861091
703047251
711382163
762104363
780297923
816536507
843555851
878283251
881145011
918213371
921578531
946488251
1003068251
1024749371
1096482851
1098773651
1157687051
1213723187
1358692163
1443943811
1453739051
1474471091
1478172131
1483215611
1486535651
1568159051
1657187507
1722057923
1745792051
1767102971
2004362051
2054126147
2331150083
2371489091
2395817651
2450560451
2468991851
2501432051
2687817731
2711222051
2896369187
2916752051
3038458307
3529659851
3529734107
3701312603
3882726251
4139067371
4140995171
4162517867
4206465251
4225787411
4336059851
4346260427
4357828403
4397573051
4615952291
5052934787
5274459011
5335674371
5699078867
5792578091
5855994251
6024639011
6105028211
6261982451
6489094691
6903800411
7523555651
7698056627
7967175971
8101795811
8292729563
9217612451
9935903267
9971350307
10464162971
10678421651
11488735691
12132398051
12368898251
12505724051
14928949283
15479442323
16679988131
16980296651
17111464451
18193916243
20223800651
20755338491
21095543411
22425646043
22710147851
24123611627
25298584211
26770498187
28334111867
29765393051
30498803051
32647515707
37242591851
39425218571
39949588451
41182302131
41672906147
45822855011
50716492451
51648903203
53408544131
57173798051
61382686931
62557442891
63426770651
74363755211
79644109691
89912319683
90764959763
91957528451
99284367131
106049949851
106348228451
125189955251
163637414651
171668722187
182087037971
189481828667
202873540091
204382294811
213338517851
221215492307
224484768227
228442280051
260522775011
270195819947
314637121451
379041215171
420515300291
487241744723
521126943251
561775986851
564805877411
679662740963
684119164691
685291596971
850245252371
898556246051
990084480251
1041118909907
1110969505211
1356373646051
1380518986163
1408339033427
1424605579091
1432746506651
1508196541427
2209819334123
2223758471267
2315986206467
2325262170251
2401058528987
2924780928611
3307047446051
3836803379243
4430754931643
5001378558731
6505791307571
7748585690003
7858183217531
8229476271851
8243770235651
9188437833251
10777343551907
10800588485651
11155457291123
11218709261051
11366623122011
15621109884251
16635163121987
18051729012851
24123884141051
28110246823091
30885471402251
49116680813171
51647474865851
56110594719947
65386355435651
70475472330251
154565789847587
207322389449171
224040671979011
293487766869467
375002793641387
398283803129651
567090204148451
644098192818251
899669780295851
1133306623680851
1392269357682251
1832209825213067
43612538529702251
