3
11
83
107
131
227
251
563
587
971
1187
1283
1451
1523
1571
1811
1931
2411
3251
3947
4091
4547
4787
5003
6011
6563
6971
7451
7523
8747
8963
9371
9467
9803
10163
10427
10667
10691
11003
11171
11867
12347
13451
13523
13691
14867
15803
15971
16187
16763
17027
17387
17483
17891
18731
19403
20411
22571
22907
24923
25667
26891
27851
29411
29867
30491
32771
35051
35747
38891
42083
46451
48131
50651
52667
53171
57203
57347
58211
59723
63611
66587
67307
75011
78203
84347
85931
89891
93851
95507
105251
122363
124067
125243
126923
130547
164051
198827
201203
203627
212651
227267
231923
284003
294947
315083
321947
335411
365147
390851
891323
998843
1072763
1095443
1407251
2663051
4342067
5141051
5495363
6668171
8026451
8298443
8341451
9772811
17747747
53243243
159721547
198000227
