3
11
83
131
227
563
1283
1523
1571
1811
1931
3947
4091
4547
6563
6971
9371
10427
10667
11003
11867
16187
17483
18731
22907
23627
24923
27803
28643
29867
32771
38891
43427
47963
67307
75011
77747
83243
98867
108203
126923
130547
150611
164387
177323
203627
217643
224363
231923
250403
320627
339107
403787
519683
873707
998843
1202627
1676891
1713683
1772987
2222723
2669267
3170747
3738587
3876347
4007723
5388107
5494187
5673947
5917883
6579227
6774683
6774827
7844027
7847363
14132747
44297147
67828907
159721547
198000227
487268627
13292879391203
146221673303243
412079261127323
