3
11
83
131
227
563
1283
1523
1571
1811
1931
3947
4091
6971
9371
10427
10667
11003
11867
16187
17483
18731
22907
24923
29531
29867
40763
56171
67307
73883
75011
93371
98411
100811
121403
123323
129443
130547
140891
193883
203627
227531
231923
281867
290531
331691
346091
380291
381443
382331
382763
426011
451667
479027
483611
523571
629411
754067
781283
825131
893147
937571
943571
955091
998843
1187507
1258403
1471091
1506371
1558307
1626467
1634531
1721891
1878491
2344187
2422643
2511011
2654291
2742563
3272531
3303731
3589571
3699203
3914987
4448723
4587131
4868483
4890731
5611763
5613107
5696123
5986931
6208067
6406787
6570731
7674467
8262491
8708627
8997971
9693947
9877331
9947867
9990803
10075547
10506011
10517411
10683011
10767971
11011523
11095571
11691011
13829603
15538907
15619907
16846763
17182283
17262131
17485691
18123467
18798323
19235603
22002683
22289483
23368091
23376107
24508643
24607883
24765131
26344667
26992811
27013907
28978571
29154971
30969347
31096067
32604563
35616803
37516307
37650731
38059691
38558963
38669531
38801171
39293291
41893067
42155363
43466411
44327531
44591123
45154427
54249131
54934907
61707803
63232187
65003747
65981387
66792827
66922547
69498491
70913243
71622347
73025411
73240187
76321307
77755523
77841371
80074091
82440923
88566827
92758091
96109547
96704723
105485123
113991107
114383147
115081931
116057171
148717211
148740107
150226691
164069483
167448731
171994091
193406267
196606667
197808827
232093091
236389163
237515123
256914731
264246971
270992363
285624947
308015627
313320443
326188427
327194411
345130211
360960203
364823843
371436827
385214891
390825203
394890971
404940227
428950091
429078443
463876643
474242411
484603283
491994131
495507611
522753923
546983147
557429627
558425003
565454507
570882443
576280667
609485267
631128371
649880843
661816811
703873211
714324827
741751931
756873347
765368867
778177307
789198827
806352683
857011187
886337843
918828371
1030202291
1050149531
1127170211
1163961203
1186355243
1263408491
1270878683
1340255363
1362337283
1370534027
1399844291
1541105723
1593385691
1611297203
1645589531
1703833283
1721824691
1724712971
1775105867
1846079267
1873852907
1973443331
2010968507
2015185883
2046666467
2110912691
2144122067
2223821387
2225527643
2263810163
2287732331
2429349347
2485695467
2542165331
2625036683
2659482347
2731527011
2818543187
2836182683
2854921187
2923072403
2984911907
3021561443
3192758771
3286816931
3370085267
3409307003
3530910371
3647548211
4003185947
4204382243
4319607827
4342381427
4560193571
4633779443
4816571843
5311272587
5821265291
5952827891
6339550523
6386158931
6613787171
6717991811
7203369683
7257539963
7310830691
7645507187
7729640267
7935294443
8656695563
8918202803
8945148827
9203913011
9404044691
9996166067
10029298691
10336072883
10373746667
10620978323
10632974483
11855833043
11884439363
12586462643
12633680531
12785868083
13286318891
14238426011
15202782131
15284035667
16189764491
16678411427
16979645171
17140475747
17819860307
18469508483
18823202771
18976971731
19161648131
19306701923
19425790523
20595077843
20701020371
20795871731
20836824467
22803116027
22915699571
27705065747
28472596907
29165443331
31922649587
32604985811
32679333707
33057129587
35296832003
35941300427
36241538387
36833831843
37476564971
38932848371
39321258707
39926437283
44888002547
46401288827
47979087683
49443683987
49629052307
52169784131
53353546931
53581725347
53881644683
54324322643
57797939363
58992163907
62410518491
66672006707
67835634107
75852343643
78222693947
89176070147
91307689787
92350357571
93828985403
96352193747
99402680243
102426396707
103785947267
103986940763
119730857747
132634924043
134215048307
141023893811
146570902691
148725189227
159662601731
164686734491
170728892267
172853984291
180621329891
192845194547
194735819387
197925103067
200995389443
204923274323
215839038827
220375939307
220626950483
221928548267
224708571491
225972957971
227067771083
236474275883
251337255707
270517024643
271718963291
280362264131
289797684203
305043468827
346191342683
359930132267
360281244971
437640063563
467555768987
503229680267
512037029171
523983912611
525235267787
545619533843
560855487323
607528789691
615366421283
627947967611
631188019307
656294605691
724819660547
733375718987
815840499011
820166784491
826406568371
829819901147
841790391131
915164991347
937626874043
947299726427
974950936571
1020729312371
1047920932067
1110079255163
1126631573003
1145187536027
1174285572683
1185654797291
1258844800331
1308485922347
1411250284091
1461252896267
1511431672523
1743236806331
1776427265003
1834536819107
1955198356691
2036449696691
2151885953507
2190535171691
2215004019707
2303142670667
2330455781387
2442405947771
2528793067547
2564547944171
2672819011883
2834673894491
2861867459387
2967221933147
3037373427611
3225207848411
3320022831971
3391668025283
3437128436411
3456062472323
3519178380563
3589476474083
4030503105947
4030503292787
4222854086483
4276809779531
4360871340011
4645507712267
5427474886091
5447330405291
5703203614091
5749860810011
5777306257403
6012652129787
6071854536131
6085045317227
6573707794091
7042730527667
7326974822243
7342057669307
7576619718947
7873842532331
8504873681891
8652628998491
8788054421747
11020351395371
11318479609667
11819193322331
12359857534931
12732440892203
13592184928187
13896371166467
13939068939611
14581899905747
15156448829507
15402875137187
15584378641211
16064285107331
16895375991371
17405586947531
17712147159923
20302836764531
20610024958427
20699009463467
22010841746291
22327243038083
23399093683811
24304178376923
24338226929747
25720028584403
27837681982043
28531970689331
28630121911691
29566314553907
30432631154771
30452492496467
30683891739731
31428520439843
31747546092107
33871057001627
37198931486243
37504777349027
38309961666611
39045697069091
39396719392403
42037514139011
44285420283491
44642639972963
44886247895747
56323934901083
59354821289003
68625024358547
73443390600803
76913885415371
77290940097083
83918566007363
88542463533971
93750078651491
94063462816091
99218275447331
100197327748163
107402447500211
107881597820387
108041180653811
109005828503171
113225519965403
114249287011043
127140585830411
136907117556491
141156442938587
141773490060971
161276349226691
165155959000211
184559679167891
214252233131603
249468251049443
266896576388243
271296603640067
283293777397307
292970391955427
300605574152531
335105421136331
348645407400491
354951607937387
356778597254771
399335217934883
409556879528411
417996648515291
444219343391723
471711100107971
488082337628771
491291835484547
495602673975947
502576971233171
523584399027227
568863267220643
707823868581587
762708837523163
814510910269307
1268851845929027
1516829624898563
1535914992596771
1579633161341531
1693813280303891
1695016530574331
1752777556852403
1758427005994427
2787599234201627
3347409452757467
3554002661323883
3927867065473811
3957392603214203
3968614045927211
4016516858831531
5222445257096723
5640900392712083
8735858579770331
9154872918638411
9438422573689331
11433132413663771
12527236270732523
15646890764984891
15677678458962491
16716792023931443
17765614263677531
17872944162988907
22135840064777003
25551558359400443
26292710678911067
27777003740340203
28840026468256331
30006284752496531
42841708714756643
51862908199508867
62536416526313267
74297511625051307
98748963051041867
102514778967847091
174070487063089931
189518344861178603
198288917512778531
230619646969964867
269952860209273931
305693721922868003
407171431668892307
619980384081563987
768125023220277491
891402979206760547
1379404541930926811
1805259838673914907
4195944777364508867
5651252357880581363
5974722280070329043
