3
11
83
131
227
563
1571
1811
1931
5987
6563
6971
9011
11027
11867
12611
21107
27011
29363
29867
32771
40763
43691
49307
56171
65027
73883
74531
84467
84731
95531
108707
117731
123323
129083
140891
154571
203627
207371
281867
382331
426011
472331
479027
700571
878411
893147
927083
937571
943931
1051763
1558307
2001611
2107811
2188811
2215931
2321147
2532107
2859707
3112331
3653291
3684683
3781643
4429211
5028323
5696123
7972043
11044667
11701211
11882747
12004211
14165483
14472803
16502747
17182283
17476931
19852067
24324563
24712691
27467003
28360931
31703171
32604563
35744243
38878571
39020603
39207611
56876483
58272491
60184931
61623131
73025411
95704571
96040283
98879171
99262211
102668411
109014491
117294347
140877923
155023571
160231091
175303883
193719371
197808827
199934411
206401187
207191603
221147867
224657267
229769003
230414771
232769291
246697211
273728867
277009331
279299291
332357891
339011147
358447667
483737411
488478443
488545427
493155731
523743611
525816227
536547731
560274131
563331731
572590211
600568547
619549331
697539611
738603443
746221331
766570811
863874563
871552883
888470483
1000056011
1030874891
1041109571
1110154163
1280799803
1320609947
1414391603
1503919283
1565549003
1679135411
1700012003
1733795291
1909733843
1939033091
2074011323
2076451187
2198932763
2279478611
2351883587
2910281411
2981018171
4457009003
4920357011
5208110291
5649304307
6147963203
6547130123
6970098371
7837971347
7871700227
8459194043
8967039563
9022770563
9063862211
9463553123
9743912483
9993374411
10702331771
11352160067
12196921907
12758753291
12965994731
13129483811
13279518587
13973417411
14430765467
14741656211
15621557891
15794101091
15830254571
16779421811
17437286963
17777939891
18124342331
20269903163
20365733747
21077852771
21078284891
22910195171
24206680427
24577858211
26928388307
28595693531
31734513731
31948360211
34107636371
34534891571
36607143971
39482020211
41968384643
44765691491
47347560707
52520475611
55066340291
55763564267
56950514483
62296914971
66328016627
67996734131
75024722891
85270371707
86415202667
95454822011
96992349563
100306149467
100737780131
101227955531
101295288131
102924093611
106444285691
114379714931
122503814267
129684061163
154266511811
154530929867
158940022763
160931445611
166950234131
174484154891
211655260571
212753755427
215793262571
224619892643
233705755931
234952233683
242791447667
249985476443
256928347931
270417820187
279513363611
287096496707
287191120883
311771010611
344221236347
359122004411
416567788907
428926664291
449544783683
463448404667
464081746883
471178491923
490260745523
521527558691
529757939003
588410753243
618679095971
658274910971
677732986523
695462841131
764684560811
862153967387
889299479147
900531918131
1123372714907
1129590678971
1192499087027
1302774208763
1318983667691
1343258453291
1425305821811
1470452675771
1484539387691
1517400240131
1518009146363
1540329957011
1610308986131
1690764535931
1717485238067
1738446728387
1962809469011
2199763940531
2245581518987
2260181857331
2270693974091
2395079528531
2434921711931
2686302099947
2760707809523
2935619966891
3197451214283
3355617971603
3800530345691
4338490311131
5525952902363
5713252246931
6049845743171
6066370259267
6661906483091
6829046696387
8024695289291
9100356490811
10123632252803
10441584800411
10938285458627
14435546710331
14443146673211
15219848437691
16232148955571
20621738304131
21301247441891
25905477332723
26146479221267
26374181037923
26789518183403
27517900734923
30598892368571
33918964644683
36310562899187
36391739216891
36602350606931
38217290549387
44446780038371
54331181041763
56417029153547
67383350550491
67640899020491
76668239029331
92706487167011
94988909058707
125330423229443
147669773423267
157954926729731
160954059332531
195146971125347
200676893908691
201293849156171
221934253914491
229483674172811
247029334269491
248784369015731
253704255524411
256596036219563
265332511380803
332573710990307
334438443467363
357035038950323
379217675762771
426322152507971
433636753224611
439807205016947
495438793025411
499838097812171
513654340096211
521854828554611
537168604754291
547234359956987
635102871604067
724392931685411
835972337880011
874590684685043
881170992772331
997467269647811
1106689351393163
1337051182456211
1408657844594531
1629363941429531
2138793077961731
2271217184434571
2378760350015531
2455729914512867
3026173196609723
3152729599709843
3271855433081171
3331387470704411
3932850191376467
3946915173120323
4326616597297307
7771792446583547
8173613630820083
8280884493304931
8290175182946411
8924901111861971
10659910968969323
14690340942006083
14965733033977091
20136729752465267
23740546680628571
27239580905276963
37082898916645811
38274341196037091
48026510126693411
67630285299427043
69581400762379691
108450961837268411
114979351466368091
144882794089833491
160017016611213731
189007959762147971
225489591346930763
1125260847044875811
1274209043121564491
1430649203998211987
2038650166066587971
6462133778790004307
6894344894799963467
8149475779331833571
