10443466433
10639055701
10925381521
11988405001
12652153849
15354152893
15647158801
15921819649
16233984521
17273805121
17524080001
18317698561
19314991081
19503902573
19783811521
20730557431
23888420401
24241465249
24476981761
25408626601
33128222401
34663305601
42211417249
43346044169
51578296201
52294273921
53605450081
71850004381
87612391021
346224434401
990853768607
54392957498881
900772097527283
1579291570584001
4463259969168001
8451160078376401
44538195232087393
259948767800947681
425239490824774081
18931513300766534161
19176804875966157001
19424601827727592523
19593930373434714949
19828795796716233601
20167204463275566241
20558386107560546173
20794050913534754311
20833130752900375001
20959665441261845761
21351287692146186721
21508580852131788923
21633580942269304321
21699624111803857801
22273372294572798631
22530978539635075721
22600673894305432801
22628417241730861441
22699378524346801201
22817472358711185541
22850337284957246401
22861126025172168301
22861555564457393281
22981354686024605641
23140457551011348241
23301584352816084001
23370318336938162749
23636120049586953721
23895334885040077201
23917382258729718001
24263527342491650881
24335625721109885027
24500387509404731653
24503322375977582593
24596324169037498027
24597287496429500971
24628279841536152601
24720919217293030201
24750966735894870001
24771229620764320081
24853003134945804001
24972204067972901741
24972504197865981121
24984763176982704481
25268166475672567393
25406056270507235329
25511669428939464961
25653558832054167961
25920425940696813961
26144213725987974541
26565779126389567681
26660478755645511001
26783431618563533761
27249561334412833201
27279102227127997861
27528196582759387321
27657512445062253601
27762914927868990481
27889621288956982801
28119136750979534027
28232393309929660321
28359811930650104521
28405567271388545281
28616065037626397101
28708475943538944001
28851234334050695981
29339997866801518681
29378903303469662209
29623888985807781001
29850359544136897021
30013737946938905041
30255461915012006401
30782129702424718801
30905739137451290113
31117135259811585601
31192086829838070007
31308118957249369201
31322420199045338113
31340929688673558913
31865686677338950801
32219084197214434081
32586819690408001201
32664793820161557601
32825530980394449551
32965084601758607761
33052228397793781177
33261328223189791687
33392061376763950801
33511809419632681201
33695774013605642177
33918616923147337501
35299860123567780001
35332584217455098449
35398247482998831817
35826692014602352249
36100245984234969601
36162266842957557961
36449893627140924001
36956180138129804161
37002196526683500001
37030235184154225441
37033089025602672001
37078433574223284601
37104646592243000161
37117699334458570081
37141243047397833961
37242873842113066051
37415980497713828641
37483515741504349441
37693832662457737921
37757197594694672641
37775598757329869281
37787020185299651641
37804467465853957441
37837416568656492481
37889042999117674561
37917039762347351761
37950892981372062721
37985659831405194481
37999728207003447361
38079907804223951401
38093359324880743561
38135230726824601441
38245152212429168161
38297264877148347001
38326116592244194561
38346392005042780801
38347244713697535001
38382640639266561793
38435140094515879681
38541064959204204097
38580905170424443681
38642591214666129601
38689673887309536001
38714245386736046401
38725174154284255441
38818523133417350881
39038701843053158401
39267345477642947281
39286667013029726401
39310709655468988801
39618029478911541841
39652281939052812961
39764387325228981031
39873049037672751601
39881711589100986529
40089579607551600001
40127727140958159361
40290977768952792001
40372875750378116401
40403688649180932241
40512869824371210001
40526741203872226297
40568984885082608641
40597263747840342241
40760437866634590721
40765948513880256001
40794005347381036801
40881234888978858001
40896572492394581761
41020582907663389801
41040270328594661281
41041058260126279681
41156172231211882279
41307664702515573601
41312485032949955329
41480704659493161217
41558406115040115841
41586339471997682881
41601470457364070401
41621154288096398401
41649410738681655001
41772359098099808641
41784650651664318721
41805736249719884641
41838964842292611841
41889246345983818081
41906242538128207009
41928358975482311641
41949116029404623521
42097066040546526241
42262272908272434601
42441139309912270201
42503815180888024321
42554708934354838621
42725491417248423841
42888796088839896961
43005994599270584881
43013908278808315201
43036797007039403401
43253350603538292001
43578232811007753601
43607409837490324801
43670626603448894281
43813596238335609841
43821224762471170561
43867364308418070001
43920872791725908161
44091213933111168001
44145408612239595361
44196515581035232801
44242357122905760001
44274809163484838401
44304276117958164001
44352790698282897601
44399304821955195313
44486753204503930321
44489183258849054881
44509315563386783929
44527175102794806241
44579432652376800001
44742081984345974881
44941258582258388041
45022066629844550401
45124462195549228801
45131229732247986601
45175435803264890881
45188567560369355041
45211738799754828001
45235605915051310081
45252434474621396881
45275580565185870901
45352021414423709701
45373575822450094801
45481694654227053601
45517447961666943109
45522695188235239921
45552622750109418241
45562031306023410361
45698663546085155761
45700764099824594881
45717257647219549537
45734677754667213313
45757744859492079121
45801964001092020481
45810366067042346881
45973582288507792801
46028235152111940001
46072117388644624801
46195395868282478401
46405919648684297521
46511946261871140961
46860226646144863801
47120504071102360201
47406591588566085121
47508020565803186401
47553807238021244161
47626407575524922761
47746523362551546961
47770496672961242041
47862532520670288961
47863608144636049921
47882195539225767721
47999742669651757321
48125076688346739841
48224632795564357441
48295408898717177149
48467285845797169441
48473934246455677441
48577935009281166721
48624095964374642251
48709289610382390529
48866626150729551361
48983675911391108161
49080312894185330689
49143327404555704321
49166470899726226201
49178847212472978001
49210391707922652481
49243103730902575801
49288806717887011969
49295357288151191713
49301317328231799289
49371254083322287201
49428301044608631001
49430421449805155761
49513882165015968001
49589457654088438057
49615943270566559041
49808406510613104481
50098589561974494241
50112331857169084801
50117930532011218801
50231828730518179201
50244161130607691521
50279012841562848001
50374024567001308801
50425416105406428241
50781137114607906241
51092295010630986421
51113722115430308881
51239981186045568001
51388154495190351721
51398516041376288401
51426002152759426921
51440956699476128401
51576691014902347561
51615030659602973473
51627513899736421921
51772299681076128001
51779509572928500001
51819564529718566489
51849251082325850401
51865062344405910601
51995524173944979601
52004319696522805921
52071278876475251401
52175987653111833601
52199022337871588929
52281615139560289729
52290250963730115841
52335960579258019201
52375384859240803249
52383638689584526801
52552022759998283521
52579931332503657601
52885776393907843681
53125400752325881201
53263679475527539201
53592361124821034881
53780709066838430041
53953311564297304921
54121184788783140001
54313904990569526461
54317339137470074401
54412668462304070101
54773531083463189761
54861064566412579201
54896197357169882401
54958893213818848321
54986060620370194561
55025932518712600201
55058054898469896001
55060175169623769601
55060573839706008001
55102131166389552701
55110077953573769281
55138082789892364417
55219600929421117729
55281308228893863401
55334154047469232321
55403436378713223781
55471006981012518001
55475351551788181441
55495196849711735161
55556120454988612321
55612012250244177001
55754131795095686401
55868330498326592401
55881554979771281881
56135537033719638949
56136882017532314881
56334010973768425927
56437173719058841633
56564080873687342801
56622921413834004769
56640817797940933201
56654753863773786841
56849245959744349201
56910366917607539701
56911872149328371701
56976265714385036161
56986130934381596401
57084250003135568641
57178200240123046561
57233995512842015473
57363544109542638241
57512404440463150081
57542731721708127523
57570791711650876801
57749963546320819201
57910615165034599969
57917719642821643441
57999565189576866241
58149589556183811841
58231409698469861281
59129421192358574401
59221953081955480321
59417665753544100001
59580436165709418961
59611787320284339841
59741199885330119521
59884287764582746081
60028349911385414401
60289243733142616321
60388801779792574441
60414754237628203009
60538247536232743681
60668538685019129593
60669072128989003681
60749569962751534201
60812722636331326081
60917740267290480001
61002261163316914561
61152698071521630001
61158323367002695681
61215120853417944001
61223228925240810121
61284147820653038401
61405115559084050329
61442111811177934201
61536787788163030201
61602674247981377281
61793345917657176481
61801823624187665593
61987809135320893441
62028396873232836481
62037801267372483841
62076970481350144321
62123463730381892609
62499309200712820801
62519482099499705281
62697124466307083521
62708932981667595169
62780857110296114401
62814418606383937921
62912723606791651753
62958264259140308521
63207295802057534401
63496260479427481441
63547988749615120321
63698535894345206401
63798333185166884641
63859455249082859521
63910678493946312001
63948146261025470401
64038514826243718001
64094672117718264961
64165922065768383841
64289247611691021697
64339054579581143041
64433549317388738761
64440494659626141601
64447554336963069889
64754474233653701641
65318530118241733283
65332461993006865351
65426069742000261841
65662571943797304367
65677764254346759241
65716948942532349001
65872751966435526841
65945937761679648961
66062661712113669121
66075623835983503561
66149553768208135681
66182636814232992481
66198728401250181661
66248294083610104201
66266695187471116801
66445308697510334593
66466618175295439201
66506355256506935041
66513358146350908801
66530999957716715401
66621763500443383681
66712968640201131361
67032352024994714401
67055498800058815201
67102843418085304369
67144360560202270801
67190816729644278841
67275443089008181801
67422556326021721441
67539997216774976401
67761711373835846641
67796665617901409281
67991090556276311761
68106451703238063361
68405872923727194241
68453310561918967441
68591863270056855961
68622433253613470281
68651420405926105441
69022298746605536641
69106958031803761187
69269050563028272001
69333775101631614001
69470119516954907521
69603744910870843201
69722924861667278881
69744660371486704801
69859802681565120001
69875138239469307361
70155923891554547929
70282753312441531681
70297368154876558081
70310260880678871361
70458477385181302561
70535211681633652801
70536384578651685121
70715428715813955841
70749328250825847001
70861413062025129601
71030723935147284001
71172198699795804241
71253805272249312467
71295851884405241521
71347837413854453761
71349408836145566281
71376698437422129001
71400864301291929601
71463556402897478401
71472647888991516259
71827109234599062961
71970929803216825921
71993351983377686401
71996686268177724481
72131043933804256001
72271624119871740121
72344651542278717601
72353576279112947281
72747171885878020081
73187720431202901889
73372766748296160601
73522174943682796321
73830784214193730201
73847872562044204801
73912469201144521921
74195065502922672001
74330184923516722201
74463631080580267681
74697785934478265521
74811867258291609601
74843044612448474881
75078518057207302681
75622033447161037201
75652831502512914241
75706869278799672289
76594837485404839501
76840490059741235521
76861706846592720961
76994194390743777841
77065632671001369121
77068537779020634001
77170077205277058001
77307816385833153121
77628999581886139201
77666065805189651329
77882425567931226241
78065049728606256289
78146558236988100001
78389557348339469233
78403678364915758801
78484464174204654721
78504410513103949441
78590199485743459201
78806516963089242601
79006929941010677761
79064571602925216001
79311382635779635321
79451843851292718961
79474775931986400001
79592022803961984961
79594225946452190401
79595274509670699361
79810841423825348761
79919336597415408001
80155879316984643481
80428182653393746921
80435229351432190201
80438463068543804953
80554772352798263521
80572907172787948801
80741841331047296401
81063335795060397241
81183922349782560001
81188529988047229441
81246331558943588353
81598863279717477121
81633656717438014801
81707415793683561001
81748347957229507201
81754117160565306241
81824164043325527809
81835636762763170561
81992025068981360761
82088022142299317761
82141496498387905921
82658393149574350081
82719996065668735201
82768441347894531601
83152714240645020217
83183934851720781121
83210588935695194401
83426670814264807129
83488820209366395601
83609139919277241361
83853683409246624721
83916508237606519201
84077115365932350481
84087033660285717601
84128878187037317401
84137346374902400161
84169319209414246081
84213142590540163201
84336722945993125441
84371949071228311921
84411484697463850081
84430631849293794241
84773375690349931201
84980244779145930241
85321735633619649361
85365118054912101841
85376390731358594473
85481737486818029281
85518443332763350417
85999134419389416961
86055353276557842241
86055766443774380161
86148760838556782521
86558287777824981889
86597078941470580141
86710395080156168161
86735881606058276257
86797839359134501921
86799848804436075751
86865725683546951681
86995036076636507401
87164532105262874401
87250615230948099841
87265318706977050001
87329375625929843251
87375756115190992681
87384969204456733921
87399436228712259961
87442705275629527441
87521612981577935161
87832671273576936001
87888710407395905281
88076249964816263281
88140133210210956001
88145043276372528601
88304690514397397041
88316979714702694801
88334141213164464001
88414663525365580201
88418404966265795521
88473532477743848161
88656008974966321201
88800384381852697201
88843314234812133589
89015389156811854501
89527038187010038777
89538565730481519961
90110861718041411521
90239222507428857601
90335900215299191041
90453350194265242801
90544095168793746481
90555055117876225801
90768529794384540001
91304827196153245921
91518374943165643201
91589946962471856001
91592471725603747201
91623981237940740601
91832664817312372801
92054551933202664961
92207150784539710921
92272732020979108201
92376971064916477873
92978211228601690081
93075169577709388609
93116050720761005281
93262385787536465281
93456938400587169409
93737956292473991401
93759241999983348601
93878141826985198201
93952114519302063361
94057047709104460289
94166193243218507731
94270915911615938881
94302221984146915201
94402126094919703201
94838302190625114241
95451343455993053761
95482165066853406337
95607671772251068561
95646260466199923481
95710108583506408993
95948041537328400001
95995547675632080001
96073958418099543001
96429409176489442201
96537800090050890751
97186927022661722401
97330161496172774401
97472898347039001361
98197436117986492561
98341838812542059281
98428182554399611201
98475021668722906201
98478446492324510041
98554693612205199601
98794559708971378561
99037597497129504001
99059549148038445121
99107215211651160961
99109443950243838721
99363257627921674771
99370865589627947041
99736259821150242601
99736796596780778401
100043256254580250921
100216083327226162561
100238907168857721601
100605704052948948001
100623987608056753681
101136390975940340161
101154874807520791489
101197295680012435201
101238391044613837561
101320263705444781201
101449663577669982961
101458668002588828401
101460449778704694721
102149118329334350401
102234857621515613161
102899947467698599681
102939478587703296001
102945741112734912001
103265464393876107601
103385318191292063809
103584664013077782181
103623336345189474001
103634629650194448961
103847612159455759981
103987098532954166401
104320433265558531841
104575412376670024081
104792705271476228161
104875930879112486017
104900987849554016641
104980545544207872001
105094281965356577521
105125868186132467521
105323940251085309601
105329466090184608001
105564857699396618881
105662774931523239169
105888782512509534721
106113910477447382401
106326479396563466041
106476017452838862193
106483638143001902401
106534662125308401601
106666793313965199361
106905698209502211601
107585729535651301117
107629985215780547521
107836990973307192241
107955303985862604001
108058705272162167041
108239481578835521641
108722695183747686721
108756556824744005761
108871320027068565121
108983938612914892801
109160158010875426801
109177994261743718401
109272861662603284801
109529265715602052321
109801916075359189441
109848822551814921121
109961765528196284161
109970419062294054461
110222205469001077321
110615859428245945201
110920660377019516801
111090511973942946817
111402875402342042401
111453084990142207201
111589187766019198201
111611968172947426981
111626489523979458001
111718568285470011601
111753358427918879281
111877841819276750881
111907784925573210001
111924216379147481233
112071242187623471761
112389061295577689281
112519188989058246121
112665635885927251009
113806226467165478401
114623208400020426721
114852444352321354561
114954247557712281601
115526975695680403009
116296326164310431761
116418003407109459001
116707678978582540801
116998497332098761601
117219753034705560961
117536139459084668401
117622749045899291041
118487717109858179989
119064828253894099501
119379268551604274641
119632675094801114401
119867782592992591081
120207085631283530881
120480757050781587601
120525586129432970641
120551879357158737601
120687607702046985601
120846044087481132001
120853075833090989569
120886582666527604081
121091779372642434721
121175918870409789121
121319411147489116801
121327531943743932481
121490826557396100481
121580430116828344201
121654910817493907041
121779317371446637057
121871967500043978001
122004458709132384001
122035072689136673041
122041758600058824001
122138365356170163001
122409509181255562897
123902992799899286401
124450813180736499601
124540122846002734081
124602801507476218081
124662530550707311681
124688429042260824721
124856871819228045001
125005364111826718027
125391127972833387001
126197484298207005601
126336008657234358361
126382358179114480801
126435121243015024441
126489165889841311621
126626718158637526441
127114452343943866801
127704577273670678401
127868461139839968001
128464345558326098161
128701258996292677801
128701509016243726081
130391325345662932321
130591616834664311041
130793690208798623161
130876791960484155601
131332075772790375001
131342610767346493201
131363431177229858881
131545606460264650081
131620523385608772481
132281052062569895521
132326054696828966401
132455340098278560001
132456860873746678081
132537949051793511241
132673566665428042321
132875015365562678209
132913966500376026337
133262105951802580057
133401770142021002161
133717116586443848641
133797451846077676801
134030969093360089297
134405964126862318801
134436752580005895601
134553372117712954561
134870358396637765441
135348970717757716921
135451791925709414401
136182653019391994401
136563655054746051001
136957418614245797569
137032737251182431121
137363442157870034401
137606883140828275201
137775352387561257601
137930045430847007521
137964413682449624161
138228786214524514081
138231666187179878881
138346610910434964001
138755844887391123841
139489379761994035201
140194451445280243201
140311371169175338177
140648139501959050081
141781498828761551761
141864220477351088641
142141839593375731201
142278554973396769201
142407951965462687041
143351299871909030441
143875311822392908801
144048527079252026113
144235565117787381841
144303884373931460641
144465849999803178001
144772852795049052001
144775917163879562401
144970952623790932801
145287358535096215201
145299318760240911001
145581164054949905281
146166996962851768513
146812117122209700001
146856904557644310121
147044535628099298881
147515608228141950721
147845167382396925841
148233655645341740641
148273581474806240881
148790906424439411441
149482216926610965601
149493943827383850001
149942001087492092641
150056028274363200001
150111986062451976001
150731071013033058241
150935680913425012021
152238715009582975201
152553801172351864321
152967726483329570401
153056225780902918657
153459386503194340801
153481548764806516801
153529965145553592121
154600185879324300961
154845836011810932301
155176345883807152633
155345729395628217601
155357456903895597121
155818808865118843201
156213738568422306721
156483537850826918401
156891118704581516641
157336728835226787001
157472230410572257441
157888763437418299441
158324080539339288001
158459686762408990801
158634570020454511201
158677875877621212001
158929601894637219361
159536885021874074017
160050735219987279361
160442900700288766561
160933609666618685569
160970211488594299681
161798041370795338081
162152795348053165849
162581913642179959201
162993699751912038241
163337514658154187121
163398541829165207041
163437202965334225201
163482913777547520001
164386139047788533401
165322097061686033041
165823292773121029201
165988985598347839201
166278313510999338529
166666587530101596001
167517326783548051201
167602749060933426241
168110612898116853889
168514182932457922561
168602658837436101601
168888986370892473841
169046290814577523283
169125317022516966721
169618316788072020961
170586315896381814241
170915102729042273281
171796613203367422201
172227249558351269281
172957617961410078721
173322069898354843201
173902087368002380141
174543072596810400001
174686830618841452801
175328125494954727681
175433773739008680001
176021198853828547883
176504402097202888801
176509106323683632641
176667195416695552801
176776235503023103921
177069451049582789881
177153653899763188841
177376399147559757601
177473692417997352961
177615950321357856001
177780180128910804817
178181875006812156481
178455780075804697201
178725928214172366721
179009826140718885313
179755789307250562561
180943121694307494601
181340819964480084481
181501507201209088321
182086060519082966401
182210336909302033921
183463967540207669041
184164733242500572801
184924503783507593953
184988389335523759441
185998144499734195441
186057827581976894881
187057234693844000641
187220614798187042689
187334231772021351841
187601916833008320889
187652578609597046401
187819698585188313601
187940678962875798961
188230953626171426881
188287561331032690801
188518611197058791041
188537660994300710401
188825582091255593747
190647246227509700641
190998085793376012841
193005887296421485441
193010121145324173601
193081904184244719673
194670484142015610721
195292181224725589201
195398406248587805521
195459184212437859841
195926418140191200001
196208895562094903041
196796164717346213161
196865230832900141401
197041616998002504001
197210659674031149889
197646285098846813401
197725514382559016281
197731281799118538241
197842539721969296001
198004517274923926561
198057308385262233601
199027587136568804641
199349486596439922601
199533970179939608641
199934536117719936961
200228028804316307521
200695198357171222561
200865504285400188961
201529798613247454561
201969675878284389601
203312586421763723521
204618001641134054401
204670538102040257521
204701219277271516801
204865975724057020801
205368460041347169841
206128813419610171201
206505843187353969601
207442097644446562561
208709607984909218881
208751007607629379201
209350323170006266081
210161799617985835201
210827748778661720161
211167284550288836401
214174254376560271921
214485686203293738001
215039040577748513281
215564691297976912081
215670184182596183041
216246510257561552473
216667018300726987921
217175353173354758401
218224385400432064681
218270437610409459001
219625685093248413121
220203842841787708081
220318981920271692121
221017067861389567741
223013994288657772201
223526842163851897441
223790738696128203601
224260728508230112081
225464337126812185921
225500989258149749761
225574763440400287201
225578714517982837441
225685268028001152001
227115577709960284801
227404370320253629441
227428335515793304801
228290763073419264961
228355020642623841121
228833276604249609601
228982091711602166281
229266780364229369761
229358832581600928361
229511937388751640001
229589098145510147281
229870726106314698001
229943394280003504801
230077983959718884641
230694567092681852161
231278113425751229377
231771848773149336961
232255785884517715321
232922905513201179361
233926391386486780801
234193800868980926401
235272320249527400401
235551659847569049601
236198264288718765601
236842869093876039457
237212854524341672941
238021628548088202481
238100748667751352601
238343251753166392801
239293009083079092961
240669642874444073473
241902946475074362241
241929451751066125201
242298557562092332321
242846530913304510193
242918900127608289121
243086933900272381921
243311225383878719761
243949117952335561921
244294298837658830881
244446364221529399201
245015265564793776961
245202453102887300161
245303250618414643201
245546981478046890001
245880926285314866001
245930669432910000001
245946450410138268001
246503568020579825041
246629954613009116161
246869313132486317041
247254117835895155441
247471006074286186081
247592725670976058801
247922152504766106121
248123328796907246593
248465798074458478081
248555819966854320001
248749022769874408321
249974283537781608961
251512455114367343401
251602858405103443993
252308251788292007281
252645412894818390721
252770106193689818161
253356324862216533121
253765434992694563401
253962193606536744001
254137496590495824769
254551265408094782401
254732665455274166161
255325786983054345601
255433161484221832801
255757288870232360641
255785041380531690721
255873655759342380481
256814782741939389661
257300706594018447361
257576823249919201729
257658712554752089201
257726805968268228901
257953943170284422401
258324600891095544961
258422297642687181889
258695719515840553201
259610076611378902081
259747477765971577201
260019412828842645889
260055851067438199201
260224079183971042801
260427805259117050801
260585234390889140041
261266544521283248641
261368533099671833579
261506116807140129121
261542681101308290881
262829463230586712321
262957337023179335041
263253220711020148663
263853514873882802881
264522705387596903521
265176089337359332441
266925504818358115201
266953835540154712321
267250526520051874801
267333591670346678401
269175510008986710817
269355860550244903681
270086641518276692929
270907690513813237081
270945730995779548801
271064814165329225761
271324429402632484321
271746893543608828801
271779956818857133921
271925106874182720001
273133745175674510401
273370402266721341121
273976898412980889001
276108088016681208289
276448460091458901121
276887337490108743553
277149292106780066401
277421895478370995969
278420975025256929601
278680979819534920057
280073062988036887801
280229003832132149761
280511886680761463641
281363121935783496001
281595969499564661761
282980156582130606721
282980460928583813041
283162796717232096001
283417845636198816707
283994942157584148817
284829628451511717001
284945443972457748481
285473049796792339201
285583643167108896721
285641100602817495841
285915856971471483241
288441075299953495921
288538147451779999201
288788364620355373201
290313202466483052193
290365298369281502641
291329034552433496161
291461344658515233361
294468799044461487601
294860269178235734401
295645659074044979041
295700487283809943201
296055724266226784161
296135786999400304321
296755305905892113281
297441716759880592201
297596533375663533001
298272252887059651201
298410297012890836201
299365641221125992241
299552140235620005889
301463755288540222561
303532960066927133401
303608105366535889921
304337888718789492001
305072403133507223761
306132804445539261961
306679784890076514001
308359949591000960641
308517714832743884161
308531457159759600001
308925079239150775441
308955336774365546497
310171107949853431681
311076273824922916801
311560391688162392161
311660578652642794513
312524114729868877681
314203038272827905601
314628576118829625313
315306000800361005401
315851896193032393921
316100562146315331841
316313948764378852561
316987236274130175601
318420791427671735041
318861521591910454081
319038259585150092961
319442956063598949121
321010461900760096081
321125801414489037121
322170943979843464801
322704313662119437441
323322795184202959751
323908635127623439321
324485692655077020961
324849778270214432401
324855310763289408481
325287725909026890241
325325643908307966841
325403200349649676801
325419975972861386401
325758143263740465601
325922571582809982481
326148561534655936441
326201485680495739357
326625317899996752001
328549747201916358961
328933541491991529409
329543248453621290001
330708873276066612601
331051669996740175921
332468290145846722561
332810206488844643521
334733616063800016769
335848648739208837121
336077860794975664531
336646493194182932881
337456557439120627201
337750741457968963801
338239916348250318481
338397703793383943521
339239721986994213001
339886762065318504961
340199427277346776081
340354692753334023241
340882972410155313601
341576787122436902401
341670490411598015329
341750475838390832641
342434365178327944201
342671775198256350001
344090074990437226081
345854984342968449001
345892066286214016801
345913030956610452721
346058487630852024001
346381731756512150401
347915094320373753601
349231157765594027281
349297850738450472769
349510749571626762241
350160886013721912361
351902575452746212441
351925768355234567257
352313471771997714001
352485709110155073601
354557012625987655681
354861345499251088681
355841497619836184881
356079074814208025281
356258044552987536961
356802029445313972081
357158663879190082561
357387985126635372001
357508175890613922721
359395193020918446001
359497784584142287201
361236059981649316801
361387293703416232561
362179686162447953281
364817728682121884401
364854750587917647121
365117834072998692001
366129320599337576401
367013283746647618081
369230665034884986001
370830181671697053601
371044428233140015201
371210904976843008001
371529203181741712801
373735894840133585761
373762623457458768961
374590484998546703041
375756972333136007041
375944172996744930241
376368432639040396801
376389897417828645121
376636061396939366401
377187078117010521601
378098454812292908821
380605649615808538561
381009501973399203841
382528865242688841601
382686994198016809801
383169250679186308609
383185896914946510001
383765364316765620001
386548489199819583001
386735152448709150241
386851822099751736001
387067529851123779841
388705514258534718961
389135982870373939201
389936645188334035201
390388725086021988481
392337718824909831121
393593513596270970401
394064029271525986801
394611715778032312561
394982732475568923841
395976974106901682881
397530086255271775441
399234995086488126721
401646295604755998721
402874710131892936001
403229640871119580561
403426746114419744641
403707763729920609961
404477800268612042881
407651613836436259201
407866468366144731241
408362362083235215361
408394084632693894001
411014943347366508481
412173320029748867521
412180582776357813601
412430274893557388161
413909312895042531841
414107382898955813761
414256453341883808239
414275092822996534081
415945452040033032001
417476971011988253521
417553226253171822241
418072087885132886521
418490958818602971841
418894740409537798561
419695033858325672401
422407160386035806521
422445757573617194881
424271931010857810721
424281957857073382177
424415276613490932001
425589705164862564481
427670791824830031721
428217850029005759521
431668223692063525441
431893448861585356801
432266674731873579313
432993362653310326561
433319606178657073921
433405812118345022881
433802845573252369441
434870059361327684641
434928038985353200321
436115148257884949281
438985726239980761921
439852217729547186433
439853071711669224841
441244503206720478721
441675660978884041921
446587540413220483201
448695497169864362881
449883875061746737921
451909601831373138433
452942555081159713501
454187381846696023681
454214874278426205001
454742912923255595521
455019973700232568321
457399900874813941801
458398740126991910401
461750390489966276161
462948060965054631121
463568159263256281081
463672654080610501801
465180308195661646547
465559456013968428001
465583462611306023041
465584156033983560001
465862235634957282241
466914150046096020241
467436189042898236001
467998834147008194161
468586961297783935489
469068600482376990481
469678279942665892801
469846428597472736881
471295579853994582961
472184436497209394113
473485784641918028641
473904393515784870409
474664336196031828001
474999308702240636161
476902186276648768609
476994878139673281961
480942090413432613001
481093405276502961601
481614794244129854881
483926295391922563489
484380326968968209473
487053241484835664801
487670534128201473001
490213572352117059601
493298951365521255601
494399634683451203521
495266160769023399841
495608697538117954561
498281171483463326641
498337508701812124801
499621932568748720641
502114142861750606401
502274625904189908001
503782218940366900801
506554599642185278801
507054134608404067873
507734745206771011201
508299562187150580001
509367051096075066241
509784502399505161921
511124304210330777121
511273624673874308401
511969802775297048001
512452703293078799161
513457196184272168641
514584621443523597121
515553352983424842241
516149721078945273503
516485635824053203141
518692494663006162241
522644730837154833601
522811387587188464129
525977741022647506561
528070573597695811201
528370942185445882321
533762196444841573441
533933929681430953321
534254915970035285761
534503963214647118001
534950688203253324001
535217301728652074401
536674678625047548601
536979702131352345601
537952059258140482201
538038581487109560001
540016977475845999361
542591286857435864161
542593933619220662401
544167680963943100681
544668638277489422381
545646723671786581441
546433986522487694401
550637428211724319201
552074718192055632001
553859636189086080001
554011977977862642001
554012699629175680321
555337144254446618401
555724465958563656481
557716700562199960321
560936034992461564801
562568617841264496001
562766241944196658369
564785461821289456441
566077885735737735361
568109715314067584641
569176902256341012481
572094912197300208121
572648908578911226721
575095507480607807233
576064290392870819041
576552002438144880001
577588039617131618401
580401327545648640001
584574443896649580001
584591599018918532161
585752404065270127201
586091711154074621761
586378980168655624201
586422793260211410721
586973416864037575681
590237645304421416349
591236216882463385297
595094498398768872001
599018215372976740321
599299318587389688577
599920305619344664681
600011767363000749121
601696751688538892569
602451037444690639921
603135803384941050001
604131721423816294801
605262684999115379521
605917937654341167241
606741732388233449281
614608341180204884761
615230135295139203841
617373942999942504347
618878125361466364969
618939309886387288681
620202395056971488329
621699279738476123521
622298852059188510361
623567277450960684841
624451353197306634001
624975158373498979201
626106224416503776401
626834777761404117361
627163236130392184609
627477321735682165441
627479153497520726401
630523230416946696961
631245290911143035401
631410978205241055361
633320692565347631881
634106674224419097241
635121444394560483361
637865901198001869121
638712502402319795521
640804788334119153361
642032758697841627481
642440094431956546753
642650580696400518241
645476076782623195201
645479622980772010201
647840760073267609801
650749210345680608161
651412775073889382401
651699709431929867521
652454179289059795201
652719634714123320961
653841395190628127281
654111896524233372289
654608592590844247201
655551208310334811201
655901023132337629921
655994631058200822961
656065690175342791009
656206036005748213441
656261538564965627521
656947954436457987073
658081622703049776001
662329474213154904001
664382908219463670217
665608876751590293601
673046627668093491121
673348712540051033641
674308748709847515601
674658896828169240961
675850966265683916401
676478827584527869441
677364395999565062881
677695250754287675281
680228241055695378721
680959631941231551841
682167565685359353601
682951207801129676641
684837613842559658209
687136745105576686801
689642992796620262401
690564357166508736913
691529398052401204129
691586683829233137217
692252525392394776321
695209026035924531041
697688463919235685121
699483647271068341921
701095444594255347841
701200808259663852001
703359225974360229121
704494589580594509761
705996013299495148801
706729130025263523361
709645801989170596201
712414740645242928721
713415733636049566201
717806430444221953561
718101257116839944401
718294501265076800401
719964825715202036257
720651418295487436801
722252785117255392001
724577615890840071361
725319495999165624481
725528221581767713201
727677640925115652801
728630419862953209601
729747062076369020401
730293504158437041241
731009278045624919041
734438311096295014057
734625279615671304841
736754862780622445761
737012163784289320201
737879643887125164121
738483001542605899189
740040977204508917281
740476026384159407161
741278549465315838001
742613108591360080801
742855731020108447281
744660995814598590001
745971987467890453201
747107007967458880561
748653256906237488961
748795224234305001601
749092110664306147201
751782956115132738721
753612354619239265921
754396990833824604001
756287193148546752001
756539954209377671761
756771431233151061001
757945153385813366401
760481137919618535601
760968510061180976281
765721994902761573601
765787622231453841601
767888077792923118081
768286717959898426801
770141017489964716441
771656852136971275201
773476927222005639361
773811262199876947201
783641840437054861921
784155283205098464001
786323983043320001281
788411494720126188913
789109040424215546281
790250441897437733521
790870031738469397441
791311630423324731841
791712526167754369921
792696670586798947201
794207233561678009921
794989982303673105601
803583920188569366001
808734860384297708161
810140600214701934949
811580835638661580801
814461513091358146561
814724306125931502001
814983879563798904961
816765266947113310751
819328714389769446721
819569776799084235121
821168420915359994401
823025518754599446001
826887009098261084401
831862409103306781201
832293851998595938561
833090272938595056001
833238986040357079681
833360657669515793089
839729698245835961761
840399452679828384001
840725496175451796001
841075383718069592401
848420611522367238601
858980222119632533761
864338506100473234321
865374225923342150401
871670380453017900481
874374973269025808449
875062234555817978881
875071100722065374401
878994197939050566913
879681566495338690861
881323227434615784001
886569664798017053281
887100127637401251001
887293252288783477801
889874712845325157441
891683061762188111041
893406513918629012761
895579385515697243089
896412956859668178001
898766531852620523401
901515077981523532801
906984785183589370369
911309488208503372801
913147162218976063681
913424484755253283201
923630333180557017601
925642476205787846521
927015396728585178169
935374856092017236281
937684690881798625921
937943048212898176513
940212606446969961601
941917858969354122241
944190289561607289361
946675390197864569761
947590716639322319761
953518876565867254369
954623918386886858881
958264587872563184641
959681997279806053387
961450187429679753361
961693281794361916801
963309190278845329921
972066354934621485001
974110003210239823201
975338751184803018001
976460779709383530241
976832581681617474241
982729259292137632129
983173052674250111521
985490122576294520641
990073014268489129441
990728325949568063551
996088728695604901057
996658612809717289321
1000988872267062571201
1001197285973211826801
1003793224347363605401
1008968313796965164833
1013890576285311641281
1016594649768505333681
1022206712361484497121
1026900472062826116001
1029949660598050102681
1034773687969694585281
1038377411898047020801
1039454591254868194561
1041311093305239262801
1041916123583812900081
1046077198401239746561
1047728697440392749601
1048581263882611602001
1050344899207529839201
1051063605944019158401
1054756600190480896369
1055050236510777936001
1060318708150918910401
1068067737905186592001
1068364938813939574081
1069345433808003934081
1071801152585029923841
1072158630956841914641
1072336354142835902401
1082710662696364704001
1084594726183665070081
1087929359249459923681
1089372832092275129281
1092165988390442528977
1092437006839489019521
1096509067582701447001
1096924747067896320001
1108783216124056567441
1111052567901986312401
1112386057731962345641
1116037864740671935201
1116828376628787950401
1119555590437591189921
1122143034778021650241
1125313584883120142641
1132335310290274818001
1135722051357142344481
1140538040735115093121
1142046870793332610177
1146013867932003483841
1147255749304795791361
1147341415084380085681
1161772340517860883841
1162347200506946879281
1164235089667242085921
1164810347653579556161
1164984274683566623441
1172680655906562729697
1193049983340001459081
1196607167892671209201
1200460179002843238481
1205059322325086441641
1207086361621153768801
1210134722771093696641
1214406556786768587841
1215214043072894439877
1218636742418472368881
1222351016706556034761
1223175552127806090241
1225344330304426423081
1226465201542214647441
1230141910170972950401
1232361548917698576961
1237142858080814334721
1239920907162707198161
1242541666313318969401
1242924138416936601361
1258184524976208119161
1259251538599924809409
1259671169117378888641
1260642713656493325313
1262359945808220905281
1262843551012417799041
1271957938401024277201
1273026575707769839321
1274507198750233919521
1276354062941387431681
1287802356797945479681
1290085752241620747841
1299700272188452332241
1310741055788469804001
1321951763191813244401
1324113732378695743201
1324964558360851800001
1326688081938280934209
1327491343909504206721
1328942244170037470401
1353641389705990183681
1357445976361679862001
1357654658306155957441
1359311665957822200961
1361705715865959474961
1363167421751748621601
1365571550625605342209
1367775818737958324521
1368992769310624711681
1371633251478799372561
1373722909891388862961
1374916606695469031041
1378663296964621814719
1382463896081342907169
1390584245301901977601
1391563631116956970369
1392759390114672220561
1393569250186778945281
1400329922976711343681
1402225719972429401281
1408823162886486668161
1414471105668941721241
1417429963748756960641
1419784861947976370881
1428136374191742629569
1429945679715114003751
1444918167882317419201
1445853487184601264001
1446575353074793487701
1451450781563816880001
1462938601716880278121
1463624478484747212481
1464591338308588492801
1466033498839366541281
1468217600517374839441
1475198628140447519329
1482157720630079419081
1486325949212099237761
1489622373700041178753
1498285591148562190129
1499132987149375686001
1502026151954503079521
1504634614569998553601
1505717537785441202881
1510128727567208955361
1514253029704481868481
1516279562813500531201
1518906953847131765281
1523085791009228379361
1528677138913913862721
1529082092105593159681
1537428523897196663041
1538896281852787406641
1543374224950172403601
1545795966151234800001
1546609706213770090201
1552405808638365246721
1555110500325987306241
1559201450012898894721
1559471105129006744401
1563743176316854948801
1575248249839322772001
1581826200573238221601
1581887177776761610609
1588388774911246252801
1591475892934694805361
1594601626084842967201
1597524763828494634561
1606663394363426673601
1608067335480760091521
1614068560781568223201
1624319695701691531201
1627312905663383928961
1640791634795959504321
1644164412223771028161
1644454913807941361281
1646234286838899318289
1646751395324577548161
1647278814941714848321
1679119954523116269121
1683172689014363500801
1691362351163301696001
1691745611025223701361
1693157988131364463201
1696338445068916941601
1704434539967438045761
1705402639725214207681
1711860561373122240193
1712040589940275396801
1712199197288406879361
1718926605446442952801
1727294341776687381601
1735120002061129995361
1735501156001620394113
1739353717254970189801
1744352362918105950241
1745167062018408256801
1745667511161605645041
1747125748120240041121
1753211022091663276801
1754358084530181130001
1768170934407782805601
1774245716656950274921
1775070360931782533761
1784722602367668211921
1786318890109251402241
1788721447076985556801
1790970351137792637121
1796673245685034730401
1798061410867408394401
1798632705106065628801
1805439222745296894001
1817038637546246717401
1822330613911401719401
1823946931112880974401
1825814103764954516641
1831682188423776648961
1833054271792158693601
1833350151038476224001
1840150954347455426689
1847707509400878172321
1853490689514716701681
1854846080723208556801
1872374576605716264481
1883709317040046138369
1905023467024383847681
1910542265618437664641
1924168700389368888001
1928535335111904590161
1930904431206889740001
1932717220293928430881
1939464047326083220801
1949145699810997416961
1952396930728180218241
1956901765799970208801
1962708413635206071893
1973708956130522025601
1976980757254389532801
1982870837282445229081
2009373580609733031121
2012489528999096793601
2018346286116459285001
2021025466675623870001
2025589690829958120001
2029643607259376996161
2033374239096837003361
2035179188168492113201
2036335166301837965761
2040709405552355739601
2054217435260512708801
2065721334343893979201
2070113900048834479201
2073948102866447964001
2085066327497929591201
2088027387879037516801
2088885038981899109401
2088897531676999760641
2093235991469289612793
2095617242726029028161
2096378353106234081281
2101124371500557534881
2109202170839484864001
2114277611050643040001
2119074762227811811921
2123695618256377270561
2124516415550961468961
2128735040809757007601
2137457522549812406401
2145645636680008525921
2152285880735473135801
2172696398809081711201
2172976991135387379361
2175999421990468430401
2178745240839580195441
2187367179711936139009
2193941092750721788321
2204471145605483260801
2210461541917250579281
2210463755001450522001
2219985865868760071281
2243376736710032064961
2248250313734685912961
2249804897569383260833
2254002679702038827521
2260529074292529936001
2265627416818901259601
2268862957390701772801
2282089141187753440321
2300643009660214492417
2301862852485219452521
2312473595115549587041
2316508824673021144321
2323939876396155351361
2324193792339177645121
2324448457072450349761
2337404797096419382561
2342932749813700674001
2344224443917580370721
2350549473835312932841
2358213836586240291121
2359925472423760045201
2360038402966728376801
2369276246243705974561
2372645502563407444801
2376276866458771167361
2377293758330561526241
2379473870944360335601
2384563817231455680001
2384752531536872703361
2398493584759032397729
2400888352045298170801
2403477889739792785921
2410093114309332144001
2420853790782937648321
2425923530934756333121
2427418380023373207241
2443859503118133251761
2467073244346862025601
2470763917997958533761
2471903843257162203121
2472523844089468932001
2475052896493370655001
2477495808867065360401
2488541794012367931601
2498777874621726223681
2520582349442783359681
2530501759872791346601
2535868788147474428161
2550811906281733979761
2555748546211689292801
2574737444238948398593
2577555985543247489761
2582290770326220782401
2593235239843105611601
2610583253972628168961
2620933243041554249761
2629928351062724785921
2641364287592110740001
2644484929974557097121
2657047654942771023361
2680748798374711183681
2699202772485850776001
2710189259044629840001
2714169914670013354201
2715967654584370322401
2721098138466940958881
2722657746282059083681
2724568413367037690881
2743923148658377620481
2752041067892893163521
2782268517895895887561
2794573628835779184241
2800387773347506557697
2802938186574073187641
2804398971768951031201
2809403544516527054881
2814029761396603705201
2814844599486699050881
2820447424612799625601
2824144013666927817601
2850403406005153908001
2851729956628434909217
2852262209511408486241
2859543964364341557601
2862464467721825167489
2885918830297583572801
2892502043511982970881
2894565532835807500321
2905743226375314171001
2910167987826784413961
2913984004644207586081
2920768734222451344961
2923096536451278351361
2923652662537324687201
2924343312181388760961
2926054853377813523521
2936315466852026152321
2940079081999860405361
2950517170723608670801
2956628617653058110001
2966754939043130983441
2968285867683217835041
2980825410674353233601
2983589530254466660801
2986684002495522306001
3000098876567581357633
3009422884108811224321
3026172078289351524961
3030021971323340731921
3032970537709219359169
3034395034859918503201
3073270698787878360001
3089699177377967956801
3094324514240914342081
3124095796146362446081
3140500754614019892481
3144954219366713906881
3147064386189642385921
3163417781135341976401
3175527994554145950721
3182055231770664258241
3182259910205022731281
3187603691001103384081
3198912339119646718801
3210124278401829558001
3211090905446138437633
3213673635218513302081
3251684426550639824161
3257581441693663732033
3276502877738066175361
3285616617968595220801
3289820810646185262721
3300412441344517103617
3318435803146649834881
3323518515418973491201
3333441418357697678761
3335987518717841280721
3354223555817654683201
3358409116816353922417
3367600956738783244801
3390733121480619096961
3402737888785393939201
3404286126629294896081
3410492249243565682561
3418086631959588569041
3468706107170106864601
3471191698678687141201
3478293459798931898209
3499422222100268444401
3536969167238921406001
3593824634558284500961
3610211521211326614241
3645401623498916316001
3649902656994802189801
3655548636130542684961
3665841991300629146161
3671385578555004465121
3682844852504402692801
3688980396430619791201
3693693248377137371521
3708165470581510785001
3728351775324232309681
3730494510435012926761
3751739786280178925569
3778237635779535667201
3796195162198792550401
3812310991320536997601
3821516413190859539521
3831741535453608018241
3833443944634541339521
3844625943882537727201
3857592136839394314241
3857964655919639164201
3879694221804005585401
3892803278234405600521
3906958116508229746081
3908722834455650890561
3911086594201525720801
3935760310897979297761
3943679562100328747761
3943822888309446651601
3945878747435561832001
3977455578700147102441
3988658741663127137761
4011826892938051173841
4033644354424575485281
4041464565939512009761
4047195135427350725521
4066661714592131701201
4066892116243582713001
4069297926374734198081
4077287260604572331521
4089134743836899263561
4092280722269626660201
4111447844673013365361
4116903467558963898601
4120487905500020124001
4139380240125552515521
4140238961259213534721
4152978188476328977921
4213119158865375897601
4223166863816472778081
4228323061347405377281
4231371280974966203041
4255554449118373881841
4290646029889601088001
4295821687020887083201
4300233935225082445441
4305419048771775095041
4308306594380846951401
4310668100376386985601
4315602662277896883601
4318338211731500503681
4320487641125867920801
4336722255752651437121
4359156063661939155001
4397599062593196768001
4415982176446704115561
4419334414862920234081
4423088153315243466721
4427522181003021539041
4427656107218873165953
4431771688372076049121
4438042090261007437441
4446497028079105045201
4483353019891922064001
4504858206452450067901
4514876542995019344001
4515944338329416280289
4523152707107892396001
4548404338879057162801
4556439540652511060641
4564534376071353047041
4566404057594769653761
4573906189291337406481
4590101368619229899521
4612589197772455536001
4632326425851309135721
4633440975031908424321
4640057628870381212881
4648498047708980253601
4657025331469522728001
4660334813521934086321
4667420385506749788721
4668834922500575214961
4672479916085982327937
4714411714605291101761
4743030930552605496961
4756369011703850328481
4772016936049439665681
4778794393260408499681
4779223745950970015041
4815057432910144119841
4844756842892771943601
4862795480852796494281
4868373052487954264401
4886004844771454163061
4891832695847725009201
4908670382120603031361
4942489023905923435681
4957525651700026179361
4977724611928969380481
4981403532677538186001
4991301168032461284001
5007148914465666682561
5007554020941617901601
5031735927987838086001
5072679343913911745401
5115092706007751732401
5130311868830381970241
5136435511990589402881
5151736498491826974721
5163721340696989712641
5174487831803636625841
5176287336952553421601
5184630032295753262081
5187671828222478150529
5196138988710693325321
5197160299637049258241
5255252076397386134161
5293237723984512271201
5320619861136722881201
5322030097252409956801
5329643371179374126881
5368402996916313931201
5380854668267517575137
5396348840258375128081
5397896716829881770241
5414988277518096978721
5433854120979964273441
5452226226883778569921
5468382205831780050817
5474998307537636748001
5502478549841140633921
5504456894920707608641
5512587631736232348001
5517455757825710437201
5523578863905196523521
5553935565534077027041
5598200678786096752801
5609167913011327600321
5618749299856989125761
5644807452784299207481
5649067478552771439601
5663413461555150405721
5708143178774497316281
5717731819460031737521
5746158960043848968161
5746705281582363080641
5764275350017456285441
5768486674700452523521
5777132796230122620721
5787580261576978972801
5799296963000347672321
5828644696399773633001
5861738967708093563521
5887061518491489945601
5896687622113356926131
5933794526932607244001
5949365185988286690601
5968809011099634055201
6027536551195358559361
6059862885302590124881
6089737724441632698361
6117655737382383456001
6133889194860513073681
6159391201276124994001
6185959125049703109601
6186218166598960788481
6196332921933671916001
6220737232152574002481
6221848923507911456881
6235805072641443023341
6246951043564857535201
6268739140196712728641
6344968330943811333001
6409136627160242865121
6445011055422827043001
6467766375048537968641
6493165257057025694977
6505388134244830575361
6560309718387825815521
6577141029474607435801
6592647222251350416001
6640053522401365506721
6662688710929421040001
6698040942124341964801
6698320544894814601921
6705376132327770744001
6720364937781199362241
6726216384387636948001
6742678318051177700353
6753394429948730602081
6756039297291333840841
6765888042560790319681
6767481908519731412641
6768660536060343429601
6785026041991755465601
6796270259591865683401
6848384724134550208081
6867526005641592965521
6882799475125135383361
6904311431708534659201
6914738673211729689601
6957064053728296726681
6958149874461820927201
7020172232539905012001
7057203043531184853121
7071348291211889879041
7073006051188304365381
7099778106208558940401
7139885150938437513001
7186690734134750712721
7251356137943112088321
7252316837440711846801
7283395613083891260961
7365819442505541675841
7366463654142201090481
7373508286530531680641
7379844657028702185601
7399026483787483545601
7425715467343774801537
7433514961709151681601
7437936103045758404641
7460159422495211889841
7460246426284909329409
7539011900957835979201
7548281307849777707521
7556447468873101457161
7565751038288170400401
7574422792370367225601
7638808063506476365081
7672881935215253502601
7675731328032717059881
7708763490991527555361
7730260743367313289961
7759856364962717176561
7783268895775839754081
7801117990597537832521
7858639462947898030561
7867878974356592362081
7874318997628678840321
7894879977729537404641
7897101419590262094601
7899846159637111357441
7974492555237759516673
8004386585829383124481
8006420285283901899601
8032660098868659744001
8037035329554434725201
8074294776800796424609
8117266396714200156001
8140008205523664865081
8215831387697948395921
8231035150206791810497
8261596454317904839681
8271986794911871799041
8284635135170943504121
8317050763873287129121
8347164523139653235641
8357322840871502776321
8360387232642413202961
8438573383360569015841
8474731423961930336353
8480758654777264228801
8489841631695568416241
8507460839158886330881
8622938909760890520961
8624754207835576211521
8641289991199584177601
8687678576860332929881
8744803292920821799681
8767684523686385543401
8785406856710967663601
8820671561626764798001
8834748819451582940641
8859894548516514325441
8884580321587594337281
8885431068982106284801
8949558745142734266001
8971908470783715038401
9014796249271582635361
9047806709021190910801
9078814775100352778497
9104798356030006560001
9121892274893587635601
9236510674615028619361
9236963248035598134721
9260785771352682865201
9320573186087138918713
9344011124693585115361
9364824386836237623361
9375181532775497779201
9387003923946722304001
9490029406448569399873
9526264225965939130561
9546087471577752847753
9549962708198714015761
9646400784492293503681
9656322723672189858721
9656524602695022867361
9665131623063572300041
9675760696787100867841
9680170743983796331969
9750375110199048272641
9762807612513397115521
9848973631501465627321
9850207403676744830881
9915265667741224301281
9992333609040343432321
10004547681307018170241
10202096911713018600961
10272851042154533446993
10286063222262955024129
10331072548283970054001
10357749459692671196161
10465617074095558821601
10514507706398180347201
10530334561939681626721
10619331604991711910001
10641013509230374725001
10648977959913894615169
10652229331429903731361
10654634157206997368881
10683270637640163002161
10750024433309029823809
10819071208918711065601
10925954826591181028401
10931260753485441425281
10931806156874076487441
11112212899929162550537
11150462824391010355201
11154911701300046479801
11174897755246633787521
11276830665246239828281
11352396481445328662641
11405354546055987242881
11413300248630760317553
11423761664542921612801
11441534765740296739201
11487984223654466501401
11636842840211582340481
11669188440826222419961
11718955340142486115681
11738874421176836807161
11746944557080363635841
11772743335736387854081
11884584917074992000001
11924722622746490850721
11929223435478967620001
12025337521984960203361
12053149875780047255233
12059577637580733099841
12067839828720832741201
12194938774950761269441
12388222592712988887601
12416670521446910011201
12440913489878562667441
12577425379526080584001
12622344882656070070081
12787182346898737205569
12790454172914133408001
12833986552294324188241
12869767629206245924321
12888746649921805351921
12889843228041975570961
12972462560604886545361
13053528795836140938721
13093798782088851842401
13107755252301712073857
13165375085309947389121
13230793899760728367121
13375443595551534151201
13394343839315603407489
13429120576694754204001
13432594474825293892609
13437488641694820329089
13457094638285839907521
13509784655789669339401
13526069574272483464321
13666327441475684433841
13767651742548536673121
13831920887430888941761
14071422995625830400001
14146181997932578527361
14159717130495796896961
14189846777963248165201
14194541544612847729921
14261205485083993974721
14349381458300052595201
14411031068890224429121
14440688540818668502921
14462868836577379455001
14521380912416775463921
14542984134992238840001
14739902839453381636201
14757936804381773656081
14776439328354565556641
14794321420076227031521
14881657581930620721241
14888330216125783937521
14899903313014935806977
14919966158857051944961
15060654032925248455681
15077585110506423519169
15080971817851892457121
15160305424746223010809
15226339414159859543713
15247655102756709528001
15331895451037844296801
15360118393280901601681
15464416927438943513281
15494569074721596094201
15636953023982700328801
15660198269749316142001
15705656311351873770721
15839034238031955624001
16058837904699827727361
16155189120795675501601
16168094214809897634121
16218691988142621368161
16510534032240951035761
16512337021355159174401
16530084147113527183201
17021298271581306069841
17026877059425910659841
17039834695720677435841
17070493322038832121601
17072199280503257235841
17126894971574238221281
17132020923586314495121
17164509178195932270121
17169534781789350760801
17211361672381978627681
17265430392401160963841
17300724471300036948721
17413497638935146756001
17483333556202264548001
17498683889928702347041
17652473655781734383041
17692655837651833084201
17828537544482602734721
18004438116332164224001
18072704692046622129121
18123872530464652543201
18249251157357141230401
18253634190893468066881
18273378245434526642401
18370180535809248457921
18568800101771341086001
18588557336343998482081
18649998666091745379281
18705025672039051994881
18723812939807426196481
18746575728854038722721
18761735849800205371201
18771774594480795009961
19002976351049216190601
19170046163397316011553
19172240536498252035841
19279914132452172645601
19473639451925298388561
19545427494894018926209
19971837195418865877121
20009442522444641186761
20114359895926593774721
20125678693601636915761
20155989289111565228641
20161035341692893568801
20226849632165456814241
20249241507607001598721
20343528544910818785121
20390076916871500339201
20870216369363287882801
20880027461243861670241
21065501946175544329561
21065745539360333539201
21215800469115835884001
21278609720407094048281
21313846039211660460961
21329283460170188099521
21357810150672614327857
21524549671453796934121
21704306052786923739601
21788834082449401154881
21840563290662286230241
21982252864970367201601
22024185396137921558521
22201783781860626316801
22411515634552138023217
22507735286414109513601
22589298751698963975601
22665734696610048027601
22706496398674632468601
22722785897249224987201
22811299514922305862721
22860785053387022388481
22863697019572065005161
22877589911394825180001
23234030056051973292961
23304936284308510191361
23443582853013386530897
23489574444691289101441
23507290529829749620801
23630222554647269040001
23824053557717781886561
23936994548168647165921
23957777034950353852321
24199243591703493503521
24202670991821042731921
24239795519121008657041
24365580967997915095297
24569341753244058388801
24723531406621930636801
24791078432876249729089
24866863706508524382529
24929985355235698446721
24975187411690844254081
25124788634510823559201
25336102165623973785601
25336156682337774117121
25585798852788041992321
25739713720125740886121
25846253221664123729209
26196569347819507610401
26388978136745341212481
26405668705972562949601
26416169020211480296921
26466437197128657738241
26689639420689804210961
26697649141759331865601
26764737096745145916001
26825892846013373736961
26999192579409790924801
27187687211393659668481
27193300255402505683201
27308030401669054141441
27318343552366698871201
27675270954186309081601
27686649679601102601841
27715942851394320978841
27781958151937800014401
27786271932630823812481
27868380722447918679361
27874431207738406519201
27941369143176469466641
27961592437885178973601
28060196680534986807841
28387828997434219047841
28397051976032109543601
28562754136588097942881
28779299467188064441921
29506601477640519439201
29573005175729670777121
29673491493945607146721
29816490660836752388881
29837691044531733736801
29849770660196651446801
29939541161333266691713
30232794713739127994881
30402488151236087167681
30526185663092489207041
30535823463009239116801
30554697888315504509761
30618036663822105170401
30775817621095163190001
30778377398735686524001
31085053122623314127041
31090678952170572324241
31288330177180380237121
31408229762347563216001
31547917379894155119361
31897855394827972308001
32287391997259704921001
32348726647016282339041
32371367119500719681281
32590462149267713056801
32669569306258237227601
32740757173332814525921
33141803509450190404873
33314608371185166004561
33450428443093456819681
33457357702774067942881
33564809478149282986561
33768003346002163964881
33949419237868496918401
33987534985463880749041
34177112965998325512001
34252934922797997107521
34289233191414385344001
34352396464109378163601
34680991525114472559001
34693738039869777731521
34696934264190008217601
34889942360805373097569
35037908570528175145681
35110550011132543910401
35267938455971870931169
35393664152472028930801
35444892490077194119777
35519101778442811495201
35737266846396780007201
36057080499456266697313
36079940977557127358401
36206665169305293267361
36210026632144563122401
36326241431605659794401
36327525641720600878081
36369090703261969914241
36626185728209664034561
36913435193724619561921
37176501265469687661121
37327550956809707212081
37772445080225305032001
37969214361756529642561
38127868530846816728161
38502322695595692717841
38604106400230995976801
38652180610753270046881
39066220418707668644641
39104806589853929460901
39186637964010772366561
39651760028644707013201
39663691958921061588481
39807664388335566450001
40069962179584125235201
40372226848284245560801
40485737077396269785281
40594513681353725112961
40618969766842621492801
40738337529560580294001
40949231208661909818721
41139823284948327786001
41197328660424676065481
41409539979229415975521
42138484437002681347201
42174627151993996907521
42203230525123081416001
42267027809782354521601
42501492732192533743201
42502742213247921180721
42761939595018142625281
42768121299878404851121
43202357898171405487681
43249796223731712648001
43305797133703547634241
43380893279258353130401
43589131492309703596801
43833082863444229721521
43835780846958320339281
44022943155094073538481
44580661454912133825793
44602088045801805439201
44771075832966865784641
44773942139706826490401
44822406727910177654401
45194215817830454807041
45435394091357790369121
45520751409650991028801
46295008213278873232801
46686244918124343036961
46744682724648608875561
46799551730403806833561
47178358016557947739561
48130220202938932132801
49626483025476434915881
49660636920224450256361
49746819454819939267201
49765638923906027623201
49843239771289218600961
50115080932186533389281
50177594008077119312401
50276143328950159891201
50454664133716776592801
51826342537324839281953
51894270870671515178881
51904661944393211304961
52032163714519779273601
52172535583825690987801
52289408109518851017601
52741241925921214200361
53274516577555045975201
54262155672172107807841
54595478944441548633601
54675904333585510281601
54709066140353023951441
54715393789312647513601
54833271515092875695617
55027584575050162109761
55525811739149268810721
55700866465777846748161
56355100230370854528001
56511793327635792115201
56696764664646421812001
56720128603073676865321
56807750674165820947201
56937102372653794194961
57114316588409702395201
57114857774423482548481
57309821654687197767361
57547635300167039858881
57613746526049498606641
57861193614157038631681
58130807683816529690689
58783216383336627151201
59101433178260169584161
60359727477308494435201
60478142996147159233441
60580542471055345461889
60653876074524009834481
60725928195365400676801
60858046674485479016641
60966479489754262072321
61165752924505346732161
62045968023112609324801
62063430827503427400961
62356062705956795606401
63150339189734408165401
63297041934068293352401
63392658870900914491201
63422379456203483511121
63587296949924776689361
63590952490155938453761
64982103001068366086401
65363073310938570163921
65453150658799045400833
65483466327788097294721
65606642767235756157841
65928321455784872011201
65942936160346169784001
66030509882671297334281
66273473758353324355201
66343055434362208735201
66416381639332976592001
66717814881627903562801
66757366428453464500801
67041348579579616329361
68024385724372854015961
68111695625071163857921
68905348555617745221961
69733887329794357357201
70552240281119715742009
70710678118654752438961
70943332786713354240001
71248080457757819135521
71378387699973013671481
71543535305084932541761
71798541420035992747681
72873547138239645688801
72993415211942241099241
73013233884925288416001
73526421364059523860001
73691507064294694557361
73832555562793300571761
74941023349041402839521
75208856711160653406001
75264467925076588675441
75389091127934826832129
75424058857990787424481
75892530203427826990081
76976843268839034549601
77563554147803410243201
78448397765845418118001
78543513657503080100641
79061019616528818523201
79196460224505708350113
79224521542231053218401
79884026349365528730001
80116293694944278162161
80232508664581589741881
80405782313793711285601
81074769457425222124801
81584097997284607858561
82289745529893838621441
82324937287362636538561
82377713301283001427841
82596942547290762484321
82791888013315982131201
84736051960090157928001
84781179186233589377641
85044469056322634646481
85050180492103092142801
85215502716163857691081
85242961472989838007673
85696560114878233778401
85725348099081655730401
85782274213574065188601
85934422792853791329601
86249638671126135138361
86649601652503399036801
86950491340985212651201
86970450780600053953441
87091952970859915788361
87702569701939751652001
87793506262207025642881
87901048053113488393201
87996350599617412967041
89123513606086068957961
89158205012883797208601
89406690433655090791681
89901403096762194638401
90068851565738598643201
90478069672418263452961
91195843452293093915521
91392762381213899430001
91507379484687582672001
91767080969862623891281
91838982176336056435201
92248476655267190832001
92745990314219275247521
92953652894927444017441
93827617945195204163521
94007244976328826878401
94927499072192604169441
95287047555727800015121
96017773696599639981601
96725281314353426935201
96917983318071126010801
97516302862005818084113
98367124009085957163601
98547946078680612045001
99061518627084129338881
99786526713325483637761
100507766587234002141601
100584147829082696352001
101334529626169162552321
101691253702662805880641
102724511780763553559761
103602423786552357240001
103670099355999600403561
104254380540092252927521
104503851916713739215361
104781270103826770482001
105753200854538514211201
105756171829014427257601
105785717380949627821801
106080563225467626808321
107675667070475139382321
108210224111789588107201
108829595513081612131201
108915212274470302010113
109153791199931732580481
109189197670769767101601
109225127515518181429921
109236972663146793991681
109244959702883840448001
109245644992978070493841
109765557302401720198081
110253359441179173376081
111825531988505114000761
111875205855216437568001
112699248637138313230081
112783546149009842359681
112997765530820126436481
113637707647897072420441
114369041999930810039641
114917378809499919668401
116036311750281606942721
116479561851400296286081
117672078720801355858801
117730829889509336791201
118105736951328947533441
119024531043529165603201
119211844394964306031201
120572097547116003536161
120688745159599961198401
120851449997688028003969
122258262392867137812481
122442195022700262235681
122671999082505181570561
123502434855372733803553
124591213570972843160929
124653929541452181314641
124854557903707596492529
125369809551577271671201
125525928583095809549761
125668027464910242159121
127127137470419564971921
127148261688392362629121
127306513888414193361601
127646386602169706991721
127801117545411875292001
129821399098459876684801
130242728899245412346401
130420486405203157245601
130481262681648464952001
131636430631079885871361
132112470222873392472001
132122448562644576691201
133825953024497529180001
133897170103254402370681
135165442847929031805121
135412397613193346730001
135909388357111804298401
137229266743263279496801
137834942736960570493729
138849561414496502720641
140362053693143109273601
141165920567938118334481
142513230459569658575041
142550704893013880193361
143115645826387157061601
143944672347722941200001
144463519910568598502401
146890495156520774141281
151256457162452373338881
153598739778019772409601
153617902138570052090881
155685618199035112386241
156042532389063529447921
156445112369166056856001
158043383698495820749057
161146275817366632232441
161478612219416146210081
162869338560193086791041
163027082811751426342801
163120704885328430213569
165398840404399336553281
165731281254849192154273
166014052877504467389601
166423349708014614082561
166572933020678679868801
166805855628695986021201
167325435540592587835921
169080857688356866267201
171491806813601093291137
174887088553217866240801
177818851118892293452801
177973003763230379258521
178277226719757333112801
179943803451527143896001
183408904427399519393257
183751272977669166863521
184191791075523452210641
187566374242675261348561
188672714422931380182913
189419365779332553900001
190304706910888155448801
190979749182111695496001
191709528378231873198001
191834147354672446066801
192856662080197202789641
194320415457028180320001
195675771463433158174201
198220164530842674082801
199296237998300103936001
201744340763190913245601
202382644738928781598201
202697280594628631199361
203085932392014879564001
205025346676649474211601
205346274068960318791201
205888338494317357986241
205942658211378355975681
207163704635131814488801
208466368183691789598001
210528948508440945818401
212608177396872073790401
213844684841758145276641
215288100346877230147201
217198736337880522791721
217350930558928142337481
219829600387075101386401
220430340751202957707201
223221036125681299578601
224642156591445195496321
228773359913383798894081
230862302872952743360201
233435705077242512478721
235751434035825592130401
235913846332029698052361
238496749737180896849161
238630468153922238240001
240289854277504344440401
242436426204485283926401
247581466610604449344561
248945716456717013307001
250232191302709453985281
250475126209622715325681
251921254778484905829601
252263036246160526846561
254312104184905763438641
254660640019899406339201
255958334714269263942721
256545587774919893063041
256668121313448464279521
257155802682513229731601
259616535551209465046881
260306070258165890011201
263481147858934258587361
264079046348911967712001
264661907448061326137761
268520078407758405631201
268650117864745912053361
271100206667944794729601
271186917717742563813121
278793531487434743226721
279293235652421842360321
280153938970297514596321
281569961842551349632001
283624433646921747547201
284581315248734439734401
286809112406012916404161
287198113814970640193521
287227376606361644058241
301388864307844475342881
304921289361985043748001
307057333576693527828001
309419639355619473987601
311693087669719391354881
321148530175010118147841
321829588353758044510081
323068966514885537825761
323467917860743261034881
325311655672217446243201
330708921000235779960001
331324468748871813629569
331674394796960595714721
334066725256375639332001
336679455115295008627681
336918365013949320700801
339247470467290419753601
344304857435879447215921
351278990992263476177281
351944711244810944250481
354152196852711115985281
357799401097729071969601
357936180314444737405121
359013533175800531953681
362162798228948179046401
364088743292987516056681
365589675473558926148641
368844318931162653705001
373392308059606981992001
379899352100251077514561
383431126208086399963321
388921711310524835339401
390737010004434683241121
395320056648013212408001
398525895302798465112961
398639657549357796600001
399129443871508951574401
403769003749431594120001
403946003544870433449601
414520479575890257616201
416565409845974046266881
420034917140687563041601
422056827696156306463681
425627664109127488146601
429850763431551751989961
434882476597000944700369
440421113502669729830401
441087832949677991416081
445571876659915583266753
446510205255750107673601
449346135997574912622241
451493980533569727129601
457401361219655571126721
460299091671167509908577
464565281583001211383681
468125684566316174765641
470936979956083325544001
473886837530022280807801
475343867906068365464401
476369910848671728336001
482459595645261183102721
494949759168162810859201
498423647399892475494241
501610723076589052603321
506407053104552646921601
508663213960336155504001
513383092923582692521201
513437867975006764347601
515572675349698926036001
521678788522588043365201
523527415624901196056161
524994366353224069367521
528883562601345388226401
529757362371806677762081
536648384665458756792817
538421569360255179279361
538584060983851114621201
544622974141935841244401
549222807700885467502081
549266389426353908151361
557864620915375763501401
558615776850067900867201
558884976179836153982401
565751396838313679374081
568044245519284988042401
571013727885656248515841
580997223505395234993001
595891886721903610394401
601241137284357895933441
605294051359165104830401
618651328254492014118001
618770156973460419312001
622298889432664643813041
631120612678619343453601
639907521828524048201761
641507846026020113616001
642095618078306376174961
649603592345905823080561
650790310790594968418881
651360333030562091109601
652428510614361683455681
658080977132929836931201
660188935737755952225601
667187363194364896624441
677293092695625467402881
679063322387610035064001
680422986056586949162561
684728465086488490652161
687110685264507969150001
693551100364288324804801
696507778828680349798081
697008736256844865667041
703268525155090525134841
704866578152132706775921
707589441052910263440001
710416154876437737525601
714597109020620934282721
723507323931598516390081
728054496446309900125441
735818808954556588554721
736777840463947228383361
738840855049043078152081
740599795377774400672801
742056269524530156365761
751135608846482810731201
763318272910261817931841
764069209678385753733361
778145696599264767547201
784530677944685945967121
791093076641809130142721
794863663775172622837081
799857213966440809716601
808107428844865678417921
816124880715432761614681
816178232785078004184001
818451906401135898501121
825192314542992919838401
828411692751827642809441
846826136822669909648401
847186465663876764027601
847316076851775553596001
856124478225420291901441
868634673594964605264601
870815961157344113253889
872757534155916233534401
876877098438244271116321
898031658557601134658001
900810227481205175408737
903321976378340954888881
923532023463714913207681
924763519453827165362881
933130101223270258334209
935189365952163832639201
938319449116660861824001
939736630576029164341321
945399016605466257258241
949952402078552431384321
952640650603227854378881
953331347084815019631601
955201976637113585900521
966260660776336069003441
969211074883799929536001
969893578731378736431361
974744541513080684960041
980982023357670022395001
988727902097751674250001
994284546481693841996161
1006431840895455416574001
1012510549339497138359521
1027117749892072242125881
1034916761424957599099521
1036993478680268412645889
1037746901253336518996641
1038648801401856481322641
1045346246774600656485601
1050675070406809999110961
1055097292005755883480961
1057809233129801885710561
1063994717756543634498529
1074721791107629618984801
1081286411876511159238921
1082658352781581033904161
1083766996966839834408481
1087708182262079032166401
1098723011223244619941921
1102939072523552891032561
1128596858263355973811201
1133580927105243088685641
1134721111725435519008641
1147091637834038464315201
1178313001541778986537473
1180837025714279138325121
1189577310863696958407401
1203877744543169460438337
1210378443967945706227201
1219921934009956425563041
1225049795537699125938241
1236560270603310807860161
1242291881927949303641761
1244205362273924731557889
1248124189032256420684801
1257983828861028568508161
1273776131010907359108001
1277796272111639041297537
1281460373284409987497921
1292104743400544511930553
1292808633751360494236161
1292983794949351954176001
1300502608889915920300561
1306668055191262719795841
1318079036098131055499521
1338764762509548089040001
1342660289774006721487201
1343308096239393015325441
1353236883700066640790481
1364481275154638125564801
1366163646011757489322801
1372582459494136007792641
1379119732131505350168001
1381019861093762222061121
1387219116344503495500721
1419011476443369540264961
1424618613991466969201281
1451375695053010815192001
1484135528927788741152961
1492347835163192291524561
1516380625724770130401441
1521089549434457492659201
1521251798300509220436961
1524084953670402372335521
1531088970231864975618521
1535616074162529197989921
1551606028650731833444801
1557468524574153612146881
1580652218250300208860001
1586448717709469712159601
1599462875521398328455169
1609891754032886606842561
1612828879646083649978401
1623188888340593222376001
1629232119882736278804721
1638714534895002396328561
1642242980296663634897281
1645755217129655799773761
1668295676051246759929777
1685840803825877187622561
1688347438484436109699201
1688836698385246154787841
1703199729521632089698497
1734787038286316333491201
1764286384080221920346401
1772792402266753801970401
1775328510228822929646001
1812228505579806940783081
1826131561014627440343001
1831126616982441114119281
1842866730876055185856801
1861453188300868768035361
1863058577581312638246721
1871771001020980313432641
1880837462838497323436641
1881317837741914228473361
1884992821181522071740001
1896533829905100402744001
1898699905662147306432001
1902654512767045470850561
1907888629152750318648001
1909069400789015105574361
1912499218983344331513601
1920909355667503268760001
1933451849253621655374001
2002558722025729300804801
2036529234267703937475841
2055551248510489108992001
2063552171334341417503201
2074666166864691461078401
2082239155940406355065601
2101005347335115647567681
2109994551303286265785441
2135400583557970827705601
2140645052767075860196801
2225649120651486182572921
2291664399085331409748393
2302279263446040691868161
2339208580446509355923041
2362153019628847490781121
2363605679202784331034721
2366414327846472072969601
2373643558631564413286401
2396933036128583064918961
2403480398192694687278161
2413704747897299694826801
2421612304649168123438401
2453186736631178272126081
2479354813404626794329601
2503059530182882093920001
2506164369029637719994361
2528395882189013113414201
2548771550439649830984961
2551482559849494216729601
2553930687156890269194721
2554251910888203791223841
2556077899039864630956001
2566875072435112887479641
2570795489557379510672401
2577034566985958043849721
2591072937574905650731201
2595179082894330017445361
2598000234133589920542601
2603236294254146499109561
2616517954706600118888001
2654623340042509214346241
2669875678677626253189601
2675712953597856223902481
2765783304623520570018169
2805802935016805520883633
2862027003411393815324161
2926790620208144515077121
2956452220270328981785921
2958173670373557762769921
2959288591728255002244001
3027000784064573003466241
3028370461595275469589841
3070861290504339704668801
3111449195506315454199361
3117023017954173011312641
3161576828360878391439361
3222285296147691545933281
3224842435819449619937281
3277311705203002073425729
3288995626662310782893761
3305911361409178457857921
3361236884999876629246081
3361954825043446891014001
3385812502073339362752001
3414018997088834683227841
3415556837035294244789761
3429686693527794192598561
3434462862840196561497601
3437244886756454477877601
3468714087316473584316001
3478043905261015947768001
3484505795389134587951041
3522920853108163584542401
3586370191477898015222641
3617716691616834259272961
3621446451096283730239201
3633881629746277571114881
3636220251784913696312641
3676364121965032082448001
3724755560289916761465361
3813770316332010248786881
3871866629265975436452721
3873272639474240333377201
3903574798490790558957121
3945901936195546404997921
3981250212130248902339041
4014615991090921834141441
4054446374400271139834881
4059313147699030472348161
4087201237375391452570681
4123082550435176457612001
4140555521976422763540481
4171593471270222820331521
4204951095709322140311361
4224223088228958937750321
4309370115218729056440001
4317762174592043457453601
4379568504785109673237201
4392798111665037210545641
4432278277929926847548161
4435367007917206579680001
4438138077421863399385921
4445928166321966778566561
4463990380409072272848001
4500921333451602347769601
4511073853622749145961601
4542558905828348543403721
4599843444996185459621521
4652124647956056876334753
4723479055377396128226721
4792335279995154436110721
4971213328931449108992001
4998616369319384727252481
5024060156943008574624001
5029904794248431766187201
5199425328041895888084001
5267946994763252183290369
5268685313614501762200001
5299971672159572811975937
5307000208377720342492601
5307591647007323364370681
5329234715750150322763801
5335545084036872679208081
5350955471686357263537913
5429881809303683744507041
5442951395370328622415361
5494393098196666392516481
5520479043765520383595201
5535152045333038920967561
5617567442323190123375761
5625363631117729701318913
5665367474092868089282561
5677011910644133997242369
5695851787711907257900801
5719741153560739745107201
5730507903988580765708881
5754195961908161782127401
5775801032872611866200321
5824460886308406539250481
5876799101578892997917569
5939199789211482463393921
5943889420365794488164001
5950571591727423642643201
5988427807936787465498401
5996811140808573812126401
6097235399612199177678001
6333242839006692078271801
6585328588850442986310001
6598164358253618345260801
6823133726917226496457681
6850890593246170355769361
6870898551208406837591041
6872551752991265335061761
6947321809255696568033281
6953538611120964577545601
6970836522149963640115201
7189774578273159602404417
7251952760657563192093441
7297643940816366906825601
7391453162218631459654401
7424720340867888012551521
7436376731516973412898881
7504217278736527712143873
7561438294530453238908001
7644118688859027284115361
7684633948825522803280321
7720115384306990042864641
7786567440157335910045057
7842046685986634555280001
7872749935392959707000321
7911330418015973848962721
7945717862041031824123681
8039386998640170375209281
8059922138498685530695201
8080627848727524563491201
8096984138841046562475361
8109249832468470064850353
8112480542420964695924401
8305259958548617312765441
8391799962608565179451601
8409337542327637262400481
8530572483566443884038401
8574643426253943995449921
8656972131670774530716161
8696468980228255499013121
8858385234558589049974081
8889866253143951070975841
8893647698832963029210017
9246735024371035372918801
9288841163391906773630401
9341135477352705071845801
9613512875010589767347329
9630698927960148233343121
9646338183348165136964281
9681682400895928371429601
9685889517898261659443401
9835978466247500693473201
9972934902613229008187881
9993132844145465025821041
10099338401487188288289121
10129167983940777402583681
10151997428379136669416001
10284070731525808178411521
10296427813090613873140001
10340807159113247719685161
10690176748030215821112001
10704326272461580937431681
10713579444759460073245057
10732979311444670981274001
10746067746866213730864001
10797638130090748040832001
10956026161190273087920321
11051446747760160509214721
11051776475339884354200001
11078546573039974843416001
11146989838066911362540161
11208613448565212929130881
11237547311036480893314241
11308033549539123868558081
11335151290355423264736001
11520130186108107543722401
11629444317980977135065601
11806474009680570949848001
11887492849006195242687601
11918179708366036915689601
12134388873032597497996801
12164204355106057328844001
12215928573319458400030801
12255787383421462688974321
12351464727301711194220801
12557587244009229929848321
12623550376041634975934041
12652290353596792244673601
12693641816072316606280561
12829880300611597466664961
12845995189843779254319841
12908982320158317075060841
12939704864793756819609841
12941624636062334998500961
13237054978806519123985201
13460803732446728793857569
13555901328428411732295361
13755743041599289571677201
14027483945312431338512161
14046440698715444158058641
14311701834601146371424001
14396692145707958346662401
14595800768848598222296801
14614519097492996793861961
15099651515115623689601761
15147602450672009908490209
15201776784437429918760001
15614724753838875872556721
15883809102009917579150641
15990534901102612443004801
16120671389134712856469441
16201099745013837457634401
16414437154623870823433281
16603156115545040247843841
16765845215160561887182201
16904651260268502156494881
16947329761600439482697473
17047217350761810979213441
17082786800351296872892801
17083712362462183698765121
17212361634113478467192401
17326206521885102141860561
17328448416707774004632401
17737864454813952813739201
17794715544317524504986001
17950618949773265609273281
18044235427072674554035201
18061962438089984112470017
18605746800225679126668481
18660482288429060062065601
18732967851653165567847601
18733515600814246146891601
18807390934088430220155361
18890244524505273382723681
19014329781474540458326081
19137049205729270549299201
19148402616918537237811201
19354119812457294155155201
19745861339745761258868721
19749854048019992050946401
19762539862094619110512993
19912390256557165699537921
19936517358021277743215641
19974321731730320554686241
20379974899957499578055041
20738249046368688648719809
20756379904259551485922801
20822825725354392885351361
20842860662901534359541601
20942237018324634568685641
21346749895267745513239921
21356995458377324663517601
21476221526238757797259441
21907532461243848141875041
22026015598589105437837441
22102071527522685362751361
22277676199434629793166801
22387191562656358679604001
22652393607393256239200641
22745755070642991651116161
22982187829005930714634369
23064229291396175516874241
23267190047004167721089473
23522890567507916933376001
23986040625880997882922001
24013937462307642869947201
24072402986057430549642241
24351113601081932917494241
24519365532901824188289841
24709415693879229676896961
25349135343016215734549281
25353098103281018198768641
25742435185772943903720001
26266857021073226333954161
26479879324759434473827201
26548618476802478136242401
26570580202409445027391201
26584172574815906814110401
26820334393772049123285601
26905974036135743781348481
27205167158017738534577521
27307340569025965293476401
27409916931505771287370201
27454000791945395571019201
27467682004236577003084801
27612862768986780492144001
27688765507651550603059201
27825091549349301441561601
27915566206890106281600001
27962578028692390786698241
28114171304289336290949121
28464997597006264878989161
28514149650618963079116961
28611565672838214691825201
29703402144914694087104641
29748782173330149037814161
30296710633163940303912001
30332904786844185882175681
30505605084567330789012481
30561860143890019855310401
31935890300406442988198401
31945187186297457167652481
32079771891912662982471601
32422404883452015349370881
32534152846974416163193201
32868404083208879071188121
32945359585450267437926401
33148997769075714342000001
33294734903285921315670841
33772993423217370802085761
33836165056480642434928801
34014527988472706759461441
34157375131556883781844641
34530070211008680581856001
34539128978217462933180001
34591747487937312604604401
35329640532949206309965761
35887132758904839075464641
35926197357517124094022321
35934235987485305003244481
36429483682761760643895361
36795629167260545511578881
36828182624059472347246609
36953837519825607665050801
37188262594642133888165953
37333256914310916692909161
37878195315171766046505001
38135917925878792153443121
38852976204938471347699201
39127475070152196113232001
40233427029755035887276481
40527521608689745987331521
41116237592884881839879041
41830041600251014053081601
42725216012886815181913441
42732687407041614775027201
43459114754158805345616001
43615252289753646171939361
43713010776868642304605441
43731165497734691805588481
43828337574226953022635361
43953664216218806975725801
43993061574917669783830801
44371618608643699356146593
45303800695528888690766161
45423171967902350651568001
45637121441303522169093601
45672892725620888010549001
45678414939392113863230401
47282991850066570334069761
48206502689914331788650241
48745053124498145665324801
48786280930405769433056641
48880153338472178732943361
49479645987100387885869001
50189240312101423865156161
50350994991766189773037441
50464678721272341490359361
50888935897837036475776561
50961607782649448337936001
52577707657742611753844161
52613538072331553709134401
52916453459758241138663641
54106763111148599716465441
54414032892342180539882401
54621168224444659541088001
57287196938046164067040609
57494075709817284417452161
58655466923745348328744801
58748236928503348583024641
58989615102919402911346681
60167035778885958287102401
61351295472149205669914881
62449681803216970743835201
62605152364396553014030201
62637262475633733116219761
62776642259309972903078401
63747519233638370700132001
65093364293994156278160001
66960224398167234978896641
68301650398944751013530801
69456890032471022528854081
71015064262493746487664601
71341416006236041288392001
71584687150849652950991521
71833240623076655700954601
71958324806625293170646401
72388484346148845220600801
72416687035009221337023361
72492735726550595646918001
72733344195289548876438241
72746999352008387499139201
73208898419959229056741921
73361207262218919639187201
73796819836550917536880561
73850982329335422864844801
73948716975626718134970241
75525274256765313721910401
75824875436361784342444801
77560120549732509091529281
78110381762807953407192961
79555408147008352277521921
79648939048795448014428481
81032543980086523468089601
81693440000301786743278081
83709305975939578060059361
84171882873037998326004001
84339567039682451371200481
84428131684478177875200001
84483741279273201650917441
84514126147569372648683521
85280279206958986200130081
85338715296066332691558241
85391515705889631936408481
87145638902743331969593921
89356018844438182779909121
89532604876580754287021281
92695695984399570526759681
92871898481112452808458689
99534191161733675663883841
100532123270538906179681281
102379347451615031879586121
103643556519625873417414441
107129227620661586126438401
107654120295207606194912641
108088024587807057991092001
109169368781335072128636481
109252952834240421201219841
110095104632221166217458401
110664194837590190409958801
111218971335488434483623601
111876908600260532262940561
114155501850255978138690721
116095905794856107517562369
117039953574577894356840961
117095065326210504853227601
121581858681435389270983489
123522971359416911206600321
123715437959788496291741041
126168776367585362724175201
128377868062148703221961601
129122760425896072629763201
129178696768457448381931201
129531100110994516414707361
131667409748965916001792001
131902553438261508606423721
132052397998885009086672001
132572751629798290872322801
133201637629681437601804801
133349499873188106616794841
136430566084299856856739841
139865538514147077137688001
145125814223127928136506561
147840009645977876122128001
148636955544877288914052321
150510870815370845852318401
151138802620258164902615041
151861113061314871579223041
152849835837681431052209761
153190634638957639742264401
154438392688631830757151361
156913034587028309862614161
156963628264741750422996481
161987088312820880988840001
163940090559741297959492161
164072591213581999457530561
166424814964522431704376001
166653894548273735597068801
167859697083089338046966401
168989598032734924771972801
170946307033681685500078561
175287716591875340921487361
175836098237951323493622001
176655079527103869549830281
183567654703291086162622801
189497518709994689547880801
198291405856895725104269281
198388699726064302524313441
199462349078440946586315361
200000016519281693724794401
201601325764488688509744001
202930224762879483255479521
203417884965023900611776001
204056479078198175081954881
205619612327721275379264001
209713996470360122678871361
212808687324932685947685121
218250648084247684356187801
221521284513087804858513601
228237696729335918626364161
229649224016260523685137761
230331335970811720867709761
231661959339502270482288841
233815590297189256890451681
238750681355890533952064641
239078592252774273894935041
240030090066875290091227441
246526907998302078364103041
246847895438039216327492641
247812320091731997449652481
254382100238580369762672001
258094730567743670029635361
258804389741749228284914161
269777223875979918825027841
277348877989568242778417041
277764972894804081984585121
280318964748259946459506921
280713170399116922146405441
287644974594117991761980161
288524776054801215080415601
304749375127624167815973601
312347697917027717599452001
312614094015860734433437921
313455978096710403529491841
313992246927514426165221601
314597354567554597830737041
316793505171561232801891969
318963649113722782929735361
319548239297059796258167297
320216149969085308376021761
338069270211204604488818401
345348075906942865679643841
345524906182643802296529121
349357012586458032105855361
352873656532121904311779441
354400444403415021514331521
354506490262124330909352001
361648263411737732440155601
364409932890397812083740801
369046984659356797905484801
372267818471848745900469313
372531608209018753592232001
376896529309029322095876673
383422214559567241892594881
390956079313534721070193201
393422447621865543061506481
400635900576749109981945601
401662104928753134234343681
403015302113661074549600281
407043808513354146916555201
421538217138024516513498241
447883620878458129757628601
454766818891029910007062321
459260778987360843336648001
467808690276022509442032481
472957534654692827362669201
481906366558755380495447041
498236615902940254689888001
502257159049200196915173601
527359509603977510185850881
567346085603418791659651201
577617950171125704021199201
608321582961405581483739721
609638127957879292917789841
614572894034882973910560961
691615777921881002286707521
704830144259803272586166017
743309989255707141016748161
768590699457991596848091361
790432145001860179757178241
826617427822815586529112001
996934957984230500022757201
1005430819368810685144140001
1015566309988755440625174529
1028055635735677885757947681
1128344166789171481943136001
1140883698387066651640022401
1205651670994901574440964001
1233628217523125739270708481
1366515289767387226619192041
1418392494461280539498492161
1495481983579667474276751361
1527988088685832218495254401
1835598775335184962502101001
1866026448179678462640103681
1872525541860104879033067601
1932492200397194987286638761
2259537912701875857561417601
2559211356551776117784084521
4809518032265632823809714561
5136275578245408626816186401
5673596490077526831329530561
6377784792739607411175787777
8173452403455203394915678721
8763283497526019761292985601
10151392849373333732606910721
10265095986146245406700988561
11765242808564868639618434641
11918582045243052420266902801
13830482772052388077442688001
16587596249149590378065804401
20166666718025361148276006801
20614700500658922361834428481
21051007250423720892823388161
21888395785924750720134937441
24428846432000959597301925889
27159198645609178298890477921
31378801953047785752917867761
41057984541540875397684259681
42023547361543974640538036617
75631912255535778422068699681
102124295513620762735657846081
150627459991274596325472946561
204446223297814247426712379681
257211512693265739894507123201
314443413304261833778149952801
339383673907666469550136251361
514179133191224530060827969601
861906984714152213281673733121
1961099408674784696377758985441
1966398758722698051128641576201
2334704792037290489598992743681
2737852802186253455711497976641
6499804427667852752754500455441
8672677245395024511542361194881
15244117802331089824021473777601
124103495329722996610572519314401
1916810525091980954022434327492281
