3
11
83
107
131
227
251
563
587
971
1187
1283
1451
1523
1571
1811
1931
2411
3251
3947
4091
4547
4787
5003
5987
6011
6563
6971
7187
7451
7523
8291
8747
8963
9011
9371
9467
9803
10163
10427
10667
10691
10883
11003
11027
11171
11867
12227
12347
12491
12611
13043
13451
13523
13691
14051
14243
14867
15683
15803
15971
16187
16763
16811
17027
17387
17483
17891
18731
18947
19403
20411
20627
21107
21563
22283
22571
22787
22907
23291
23627
24083
24251
24923
25667
26171
26891
27011
27107
27803
27851
28163
28643
29363
29411
29531
29867
30203
30323
30467
30491
31091
31547
32003
32051
32507
32531
32771
33203
33827
34667
35051
35747
36131
36683
38891
39107
39251
39827
40427
40763
40787
40883
41051
41243
41771
42083
42443
42467
43427
43691
44027
46451
47051
47963
48131
48563
48611
48947
49307
49331
50147
50363
50651
52667
53003
53171
53891
54323
54347
54563
55547
55667
56171
56891
57203
57347
57587
58043
58211
59723
61283
62003
63611
64283
64811
65027
65123
65651
65867
66107
66491
66587
67307
69491
69827
70067
70451
71147
72251
73091
73883
74027
74507
74531
74771
74891
75011
75731
76403
77003
77747
77867
78203
79187
81563
81611
82763
83243
83891
84347
84731
85523
85931
86531
86627
87443
88211
89891
91283
91331
92627
93371
93851
94331
94547
95027
95507
95531
96443
96731
97523
98411
98867
99251
99707
100547
100811
100907
101483
101603
103091
103787
104003
105251
105683
106907
108203
108707
111347
111467
111491
111611
111731
112067
113171
114827
117203
117443
117731
118907
121403
121547
121571
121883
122363
122891
123203
124067
125003
125243
125963
126923
128603
129443
129587
129971
130547
131771
132851
132971
133811
134291
138731
140627
140891
141587
141731
141971
142811
143651
144323
146843
147011
148691
148763
149771
150131
150323
150611
151091
151667
151883
154523
154571
155027
155627
156491
158867
159491
160163
161411
162011
162563
162683
162731
164051
164387
164771
165707
169283
169307
171251
172643
172883
174851
175403
175691
177323
177467
178187
179051
179603
180371
181667
182123
182387
183971
185051
185363
185723
186227
189251
192323
193451
193883
197123
197147
197243
198251
198827
199811
200171
201107
201203
201683
201731
201827
203531
203627
204587
206051
206411
206483
207491
210347
211403
211643
212651
215507
217643
218531
219683
222107
224363
226691
226907
227147
227267
227531
228587
228611
228923
230123
231107
231443
231563
231923
232091
232187
232307
232451
236723
236891
237011
237563
239843
241811
241883
242171
243707
243851
244043
244691
244787
245171
246923
246971
248867
249563
250403
250787
251291
252611
252971
253427
257627
259451
259907
260483
260747
261587
262187
264371
265451
265571
265787
266027
266051
266891
268211
272411
275147
277163
277331
277787
278651
280811
281363
281627
281867
282011
284003
284723
285227
288851
290531
292427
294347
294803
294947
296651
297251
303011
304331
305771
306827
308051
309083
309251
310571
312107
313883
314723
315011
315083
315251
315467
317123
317267
317411
318203
318467
319211
319547
320627
321947
323507
324131
324251
324491
326867
327491
327707
331307
331883
333491
333563
334043
334403
335411
335747
336587
337691
338267
339107
340211
340283
340811
342347
342467
344483
346091
349403
349787
351347
351731
351971
352043
352931
356171
357563
357587
358907
362291
363563
364691
365147
367163
368651
370067
371027
373091
375371
376547
378083
379451
379931
380291
381467
382331
383891
384611
385571
386363
387371
387587
389723
390851
391331
394187
394643
397427
401771
402131
403043
403787
405011
405731
408347
409163
411347
411443
414131
414203
414971
416243
418043
418667
419051
423251
424091
424451
425147
426011
427067
428411
432491
433187
437771
441443
441587
443867
444971
447011
448067
449987
450707
450971
451667
451691
452027
454907
455003
458531
458747
459443
460451
461051
461411
463523
464603
467507
468011
469787
472331
473723
473987
478571
481067
481787
483251
486203
490643
491483
491651
493643
494147
497867
498923
501827
503003
503123
505091
505763
507803
508331
510803
516563
517571
519683
520427
520691
521051
522827
522947
526763
527411
528107
532811
534371
534707
534827
537611
540587
541547
545723
547643
548291
548771
549323
549707
552107
553811
558491
558611
559667
560123
560243
561251
562043
562091
562763
564227
564923
565427
568091
568787
568907
569267
572651
572963
579707
579947
582371
582851
584411
585587
586571
590267
590363
591443
592451
593507
594563
596507
596987
598427
598931
599387
601043
603203
603731
604547
604883
604931
605051
605411
606323
607331
611411
611531
613763
616643
617147
617363
618131
618587
620171
620531
620603
622067
625763
625811
627227
631931
632123
632747
638147
638171
641843
644411
646403
646643
647531
648731
652283
652451
652931
654803
657323
661931
662483
663371
664067
666203
668531
668747
671603
672227
672803
674123
675611
680291
680531
680987
682307
683843
684731
686843
686963
687131
691451
692771
693851
695771
700571
702011
702803
703331
703643
709547
721163
725531
728723
730091
734771
736091
737747
739331
740483
741491
741827
743363
748211
751643
754067
754283
755171
763523
765851
768107
770867
771011
773387
773987
774107
775091
777251
777731
780323
780587
781163
781283
782147
783803
785363
787811
790331
791411
795947
798923
799307
803987
809891
814211
817163
818171
819251
820427
820907
821747
821771
822611
823283
823787
824123
824651
825491
825611
828371
833171
833363
837203
837923
842627
843443
845003
846851
848363
851891
852011
854747
856547
858563
858707
864107
866051
866123
867947
869291
871763
873707
879227
880907
882587
882851
885251
887291
887651
888683
891323
895211
897251
899051
899387
899891
904931
906107
907331
907667
911147
912251
914843
915683
915851
917843
918131
918971
919571
920147
922211
925523
926867
928163
929483
929843
930011
935003
939923
941267
941747
943571
943931
947027
956003
957731
960467
961067
965843
969443
971051
972131
974411
976211
978611
978947
984563
984587
986411
990371
991931
994163
994691
995651
998843
999563
1004027
1006163
1006883
1007243
1008563
1008611
1008923
1010627
1010771
1015571
1015907
1017323
1018811
1022123
1022963
1025891
1036787
1037963
1038251
1042211
1042571
1044851
1045307
1050011
1050851
1051571
1053491
1054667
1056563
1057643
1059923
1060427
1061651
1061771
1061867
1062563
1065851
1066067
1071683
1072763
1076051
1078691
1078787
1080851
1085867
1093427
1095443
1101467
1102523
1104683
1107467
1110587
1111043
1113083
1113587
1116107
1121651
1124027
1127051
1129187
1129571
1131083
1132787
1139771
1140803
1142363
1143347
1144667
1163843
1164323
1165691
1175123
1179467
1185827
1187051
1187507
1189403
1193267
1194251
1194443
1194731
1195907
1196123
1202627
1209347
1209707
1210163
1210523
1210883
1211051
1211531
1216547
1217963
1218131
1231787
1233371
1233923
1234547
1236491
1237043
1241267
1242611
1242827
1248011
1249691
1250507
1254203
1259051
1265051
1267307
1271603
1277147
1279427
1282187
1285547
1287323
1290083
1291883
1292387
1302107
1304603
1314563
1316507
1317683
1320731
1324403
1326251
1336187
1339187
1344947
1352123
1357883
1358891
1365347
1366427
1375043
1375547
1379387
1385507
1387427
1393187
1394027
1398347
1407251
1407851
1418867
1421027
1426427
1428851
1432427
1433123
1436867
1438763
1446251
1452491
1456451
1457363
1457483
1460267
1464467
1466603
1468403
1469291
1471091
1480883
1496987
1497851
1500491
1504067
1504187
1505003
1506851
1510163
1511243
1511723
1514963
1520483
1521491
1525067
1526747
1536083
1546547
1549883
1550051
1550243
1553507
1555187
1556771
1558307
1561163
1563707
1573667
1580483
1588043
1592051
1608227
1608371
1611851
1613483
1614491
1615403
1622987
1627763
1633187
1635563
1636571
1636787
1638347
1638563
1658243
1663763
1676891
1678883
1679267
1688411
1692683
1699043
1703267
1704251
1707851
1710923
1713683
1714403
1715867
1724651
1730171
1732883
1735211
1738043
1753883
1755851
1766123
1767203
1772987
1773587
1777691
1779347
1784603
1785227
1803251
1806251
1806683
1809323
1811291
1812827
1814651
1815347
1817987
1819667
1829027
1831451
1839347
1843643
1844867
1847051
1847243
1852091
1856003
1856747
1862123
1875683
1877363
1878827
1880843
1882667
1884083
1884923
1889747
1890227
1893587
1895507
1896563
1904891
1908923
1913867
1914443
1922891
1936643
1939187
1939307
1939523
1940123
1942547
1942763
1945883
1947923
1960067
1964987
1965203
1968467
1970363
1970531
1981691
1984331
1985771
1987883
1996427
2001611
2002523
2003363
2005667
2008883
2017403
2017931
2021651
2022971
2028443
2030627
2035667
2037251
2041811
2042123
2042483
2044331
2046827
2047163
2051123
2072123
2085971
2090603
2097083
2107811
2109707
2111507
2112347
2113043
2115083
2115227
2117051
2123123
2123483
2125451
2127947
2130347
2135027
2137547
2139107
2139563
2139923
2146307
2147843
2149283
2150651
2159363
2163851
2170307
2171003
2172323
2172851
2173643
2175851
2175947
2183507
2191523
2192963
2195723
2199683
2202611
2203211
2205587
2208083
2210387
2212571
2213147
2213243
2215163
2215931
2222723
2238947
2239883
2240963
2241851
2247923
2251451
2253323
2255987
2260163
2265323
2267723
2271443
2273267
2273963
2278643
2281211
2288123
2299667
2302451
2303867
2304251
2308931
2312027
2312603
2316323
2334947
2342771
2347883
2356763
2357507
2358227
2360987
2363171
2364851
2368523
2374643
2375771
2378627
2381147
2382251
2387843
2397947
2402651
2406947
2407211
2413043
2413427
2422451
2422643
2429627
2433251
2434787
2442563
2444411
2445371
2445827
2452427
2459123
2459363
2464307
2465843
2466323
2471531
2474603
2476283
2502251
2503211
2504147
2510171
2511107
2511827
2514467
2515907
2518067
2518163
2529827
2536907
2541923
2545883
2554067
2555027
2559827
2562251
2571851
2577563
2579051
2589971
2591027
2595107
2605931
2612003
2612243
2614307
2616347
2631347
2631851
2632067
2638403
2640707
2648363
2648963
2652443
2653907
2659043
2663051
2668907
2669267
2681507
2692043
2696363
2699507
2699867
2700107
2703683
2712443
2713427
2715683
2722067
2723627
2724251
2726891
2737523
2738651
2739587
2739707
2740187
2742563
2744243
2744747
2756723
2765123
2767571
2767763
2770667
2782163
2793227
2795027
2795267
2795963
2802011
2819051
2819987
2820131
2824307
2827043
2829923
2830067
2833283
2851643
2852387
2854043
2861051
2863283
2871467
2877443
2879363
2882267
2883851
2887763
2898923
2901707
2905403
2906483
2908043
2910731
2915027
2917427
2919251
2925443
2928203
2933963
2937083
2944763
2946467
2948483
2962931
2973563
2974187
2979731
2980163
2986547
2990123
3009443
3009683
3017291
3019883
3024947
3035051
3039467
3040043
3043451
3043787
3052187
3052691
3059843
3068027
3070787
3074627
3081203
3081851
3088931
3089147
3090491
3092171
3093611
3094523
3099347
3103547
3103691
3104483
3106163
3126323
3127451
3128843
3129803
3135731
3155963
3159203
3161003
3170747
3179147
3183611
3190403
3191627
3195947
3206843
3207587
3209363
3214787
3215963
3217763
3220907
3224267
3227363
3227723
3227747
3237947
3240467
3242843
3244667
3245003
3246323
3257603
3258107
3259667
3265643
3268787
3272651
3272747
3275507
3276803
3277643
3280811
3287027
3291083
3295451
3312731
3316067
3318083
3330323
3333923
3336227
3339587
3348083
3349211
3353243
3356147
3362363
3363443
3363491
3365987
3384587
3387323
3387443
3391331
3393371
3404747
3407147
3410963
3414707
3418067
3431123
3432203
3433307
3445451
3448283
3460307
3460643
3466811
3474347
3487427
3489203
3490451
3492131
3492323
3503147
3505763
3511307
3515483
3516803
3533147
3536843
3539267
3542387
3542723
3542963
3547403
3551627
3554963
3555947
3557483
3560507
3563531
3565043
3566363
3568403
3568883
3569411
3575843
3580163
3581507
3591851
3592571
3594323
3596147
3597227
3600683
3601043
3605027
3605843
3607211
3608867
3612923
3624683
3627587
3637043
3638507
3638651
3640643
3642251
3646883
3647291
3648707
3648923
3650051
3660563
3668747
3669803
3672827
3675107
3679163
3694787
3703643
3706163
3710627
3712043
3712091
3720947
3723227
3724307
3730283
3737387
3738587
3739427
3739763
3741707
3743651
3748883
3750323
3750347
3753683
3755051
3763043
3766787
3768587
3778427
3787811
3797603
3798107
3804083
3805091
3805547
3811427
3817523
3822947
3827843
3835691
3837467
3842603
3852683
3854723
3854843
3860147
3860867
3865283
3876347
3876491
3877043
3882563
3884843
3889763
3891971
3902243
3909803
3913667
3924083
3932483
3936827
3939227
3940451
3940523
3942923
3952163
3956651
3961907
3962627
3962843
3964811
3970643
3971651
3974483
3984347
3993107
3995843
3996107
4005347
4007723
4011923
4019627
4026083
4026227
4029227
4036091
4038803
4048307
4055147
4059131
4073123
4076483
4078043
4079963
4092707
4093883
4094243
4103291
4107347
4124651
4127723
4136123
4136723
4140827
4141283
4144067
4150043
4154363
4159403
4159451
4162667
4178051
4182947
4183043
4184603
4188011
4191227
4200227
4200587
4205507
4213043
4222811
4223027
4223963
4225931
4228787
4230923
4231427
4236707
4245827
4253267
4253867
4255187
4256003
4258883
4272971
4279763
4297523
4310651
4311323
4316867
4319243
4332851
4342067
4344227
4345283
4359347
4361003
4373987
4374323
4376243
4379483
4383923
4387283
4388387
4388843
4400027
4401107
4417307
4419851
4420667
4422827
4433147
4434251
4441883
4449923
4450283
4453187
4456547
4459163
4479731
4482323
4490867
4490987
4498283
4499003
4499171
4500491
4504883
4518491
4524827
4528787
4539923
4540883
4544411
4548683
4550867
4561883
4570403
4574987
4575203
4575563
4579283
4581947
4584971
4585283
4586003
4591523
4602107
4603043
4604507
4610843
4614563
4627523
4628483
4631843
4644251
4646123
4649651
4652723
4661291
4670651
4677083
4682243
4683611
4683851
4690811
4691123
4694003
4697387
4700723
4701563
4716707
4725923
4736723
4750787
4771307
4776323
4779443
4781507
4785371
4787771
4792451
4793963
4813451
4814651
4828163
4828403
4829723
4829843
4832123
4843211
4865051
4868483
4874411
4875203
4884563
4889891
4895603
4898123
4907867
4909643
4922867
4924043
4926227
4927787
4939787
4944923
4948883
4956947
4960283
4964483
4965083
4974227
4983323
4994387
4994603
5005523
5014547
5016707
5019227
5021363
5027123
5029163
5034851
5036723
5047187
5049347
5069243
5076587
5076803
5090507
5095187
5096171
5096867
5098763
5108003
5108267
5109971
5115203
5126123
5130443
5132747
5134091
5136947
5137403
5139683
5141051
5145851
5147603
5150723
5152403
5171843
5179547
5186603
5190443
5190707
5192267
5200787
5204411
5204603
5205227
5208923
5212091
5219003
5222963
5225027
5226227
5228123
5233043
5239547
5249771
5260187
5260643
5268083
5274707
5279003
5285243
5293787
5294771
5298443
5298467
5306003
5312963
5313251
5315483
5329187
5330483
5335307
5341811
5343803
5345147
5345843
5345987
5348363
5350883
5351603
5354243
5359451
5360987
5363147
5366003
5372267
5374427
5376443
5379611
5384003
5386307
5387171
5388107
5388491
5397947
5407187
5409323
5413643
5428427
5432507
5441963
5458067
5458331
5470163
5472683
5475227
5478731
5479547
5480723
5483771
5489867
5494187
5495363
5495747
5496923
5497643
5504363
5508563
5508947
5518043
5529803
5531507
5533043
5534483
5536403
5546867
5559227
5569163
5571323
5573147
5574131
5576171
5578043
5581547
5590763
5595467
5599043
5600963
5601083
5608403
5611763
5615411
5617187
5631707
5639507
5642531
5652203
5663123
5669387
5673587
5673947
5679131
5689403
5699987
5700347
5702843
5703323
5705867
5717963
5728883
5739971
5742467
5744603
5744867
5746283
5748563
5751107
5759003
5763467
5771411
5773067
5774411
5781443
5794787
5797643
5799323
5801051
5804483
5807507
5831363
5832587
5833187
5836547
5846627
5847851
5857763
5869427
5874251
5895347
5901251
5917883
5921891
5925083
5928683
5941043
5946323
5947043
5952083
5964083
5968043
5970227
5976563
5991563
5992307
6002387
6016523
6022547
6022883
6035147
6038051
6040451
6049763
6051803
6056651
6062291
6062747
6098363
6102323
6106403
6109067
6113963
6124667
6125243
6126467
6137387
6138467
6144707
6145523
6148547
6152123
6155987
6160163
6160403
6161147
6173051
6193571
6195251
6196643
6199547
6213563
6214283
6224627
6227891
6230507
6232067
6239603
6246371
6259283
6260483
6262643
6277787
6280763
6293291
6293363
6297587
6301523
6302603
6330923
6331691
6339083
6349787
6378563
6383123
6383843
6390971
6400403
6412643
6423227
6428627
6457163
6466067
6487667
6496067
6506387
6511787
6515627
6519587
6519803
6537563
6540323
6545027
6549923
6555083
6557963
6558467
6573443
6575147
6577091
6579227
6582803
6585347
6606731
6608507
6616763
6629963
6640163
6651251
6654563
6655667
6662003
6666203
6668171
6672683
6685667
6697667
6701867
6703451
6703883
6708347
6720683
6721427
6725123
6728963
6732827
6733187
6742763
6743987
6745643
6751307
6753611
6757067
6761123
6767051
6767963
6773147
6774683
6774827
6777707
6788603
6789947
6795227
6833291
6845723
6851963
6860171
6860747
6862403
6864251
6873683
6883403
6885251
6889931
6904067
6910403
6911603
6930563
6956123
6965963
6969563
6978011
6982763
6984323
6988931
6989387
6990227
7001507
7011947
7016147
7017083
7019483
7033067
7038947
7039283
7050707
7052723
7054067
7073867
7081787
7082963
7085003
7090163
7097723
7098947
7103843
7110707
7118627
7118963
7120523
7121267
7135883
7141907
7143443
7157483
7160003
7174787
7186667
7200923
7204403
7223747
7224443
7247267
7255763
7255883
7265243
7277147
7283723
7289603
7298483
7300043
7301507
7314971
7322531
7325723
7327451
7328843
7335683
7345043
7354163
7357403
7381547
7387643
7388027
7390283
7394483
7403987
7408307
7426451
7431563
7434683
7437371
7438931
7452923
7456283
7479467
7491923
7492547
7493363
7499483
7504643
7530827
7534883
7542923
7545827
7552067
7552187
7554203
7555211
7568987
7572347
7577723
7595411
7606283
7615187
7623851
7624307
7626083
7633163
7637363
7642403
7657907
7659563
7660883
7674587
7676507
7691507
7708307
7708907
7710251
7710323
7726547
7727507
7732427
7748267
7751363
7751771
7754987
7755563
7759187
7761851
7763843
7764707
7775843
7779491
7780043
7788083
7791467
7794443
7794467
7796003
7806803
7832963
7844027
7847363
7848227
7848251
7849043
7850603
7850891
7851563
7854227
7857107
7865267
7870547
7871243
7874507
7880627
7887323
7887707
7889051
7894907
7896587
7897907
7911347
7913603
7914227
7924403
7926323
7951523
7953707
7962947
7977923
7984787
7985123
7992011
8012723
8015627
8016563
8020043
8020763
8024603
8025371
8026451
8053043
8054771
8056883
8075003
8079803
8090603
8108963
8116643
8120051
8124563
8139707
8160851
8163251
8167403
8174963
8186363
8187827
8188163
8199251
8217827
8238563
8242667
8244827
8250107
8257043
8272763
8276627
8278307
8298443
8299763
8305307
8310803
8316131
8326163
8326763
8332403
8336771
8341451
8344163
8354483
8357123
8359763
8369003
8380283
8382083
8382323
8395043
8415467
8442923
8444027
8468123
8484251
8507267
8511683
8513147
8529707
8555171
8556203
8566907
8578883
8581043
8592443
8594123
8595347
8605403
8608907
8622707
8625467
8628923
8633363
8635667
8635883
8652731
8657387
8688203
8692283
8696123
8706947
8725643
8729243
8765243
8766827
8768987
8804987
8806331
8815307
8817563
8822987
8839907
8879723
8892347
8899307
8901227
8906123
8918843
8934467
8937323
8946251
8986163
9019523
9053531
9054443
9061523
9065363
9084107
9093251
9093803
9102323
9112091
9118163
9118763
9123707
9124043
9143987
9148331
9150083
9150467
9171467
9192347
9201923
9217667
9219923
9236483
9264491
9276923
9287123
9295043
9299483
9300587
9300827
9309491
9391883
9403811
9405443
9414563
9426323
9435467
9462227
9479627
9486563
9496043
9512003
9526043
9536963
9542867
9544523
9554507
9560483
9567443
9567683
9621947
9623123
9623147
9624683
9634883
9642251
9651347
9656027
9678203
9693947
9701603
9731243
9746483
9747203
9765851
9767291
9772811
9773003
9774467
9787931
9798563
9805403
9815843
9828851
9840731
9845387
9861947
9885803
9899963
9909563
9918611
9924683
9955571
9958283
9984131
9986507
10001963
10005011
10022627
10024283
10030283
10051451
10074203
10075547
10108691
10116203
10158803
10184123
10185683
10203443
10207763
10210283
10211723
10229603
10254323
10266227
10268723
10289891
10303523
10340483
10343051
10352603
10357043
10357643
10364867
10367243
10393403
10397483
10403243
10410251
10433411
10435907
10446251
10462643
10463723
10498931
10499243
10512347
10517411
10537907
10539323
10548443
10550963
10568003
10572251
10573547
10582787
10584803
10596563
10601243
10629251
10634963
10637603
10658987
10664747
10666763
10667843
10705403
10718627
10732571
10733123
10740083
10750547
10773251
10810523
10819643
10820651
10833707
10848683
10849283
10885163
10887827
10909643
10910771
10918043
10932827
10937723
10943363
10952891
10975667
10982963
10994003
10995323
11006243
11023403
11027363
11035667
11051171
11084363
11115227
11127443
11128427
11134787
11141003
11174963
11177843
11182427
11231483
11232083
11274083
11312723
11375963
11379707
11381963
11384531
11395283
11420891
11478683
11481227
11485451
11491043
11493323
11508683
11513003
11543123
11550587
11563163
11564843
11565347
11581763
11611283
11629043
11650403
11653067
11662307
11685923
11702267
11702843
11771363
11777027
11778227
11791691
11811587
11827931
11828771
11829611
11833667
11868827
11884283
11886923
11896763
11897723
11922347
11924147
11949251
11960867
11996123
12004403
12016163
12033971
12065003
12090131
12165443
12178163
12179051
12199907
12253523
12280883
12282947
12297611
12321011
12332147
12334403
12336683
12344411
12355067
12400643
12403691
12408923
12417467
12449147
12473003
12474251
12483707
12490043
12504923
12507203
12541163
12561323
12566003
12574643
12595403
12600923
12621923
12637763
12644483
12651323
12658643
12666803
12676571
12749147
12754163
12787763
12792251
12796403
12816131
12834491
12839867
12874427
12895283
12901331
12920483
12930707
12950627
12951251
12988043
13006163
13013027
13023251
13034051
13048643
13080923
13085603
13099523
13120883
13156763
13166123
13169771
13172651
13183931
13186403
13192163
13198667
13207067
13251923
13262003
13275203
13302083
13304843
13318787
13319843
13341227
13348187
13359323
13362467
13380707
13410491
13420643
13473011
13477907
13480043
13542323
13576331
13600667
13637843
13669067
13684571
13779803
13806083
13820603
13828091
13829603
13853003
13857083
13878923
13884587
13890467
13926251
13932323
13956443
13959467
13984787
14001707
14007923
14008307
14017667
14022563
14068403
14081003
14131043
14132747
14134931
14138723
14151443
14180003
14198123
14208683
14212307
14237603
14258963
14281907
14292227
14298443
14324483
14334347
14337707
14442251
14444867
14460827
14462243
14473643
14479043
14487827
14509043
14511083
14511923
14515883
14564027
14568563
14568803
14577203
14612603
14629283
14631011
14637443
14645003
14646011
14651723
14686907
14721347
14745371
14784443
14816603
14826731
14843723
14848643
14868083
14898971
14901443
14902883
14902907
14913203
14920547
14943947
14987051
15002531
15054563
15076883
15115523
15125051
15140507
15157643
15180083
15183683
15194603
15203963
15205907
15222227
15248243
15261683
15289427
15327443
15386507
15391403
15400643
15408083
15420107
15421667
15448283
15450203
15450371
15516323
15520787
15532403
15563123
15622403
15625067
15626267
15646403
15661907
15667283
15675083
15692723
15746387
15765467
15786371
15791123
15795323
15804683
15821483
15899747
15983267
15987563
16036547
16122923
16144043
16147163
16151123
16153283
16189403
16214267
16215923
16218803
16232123
16313603
16374803
16379291
16403363
16409363
16410323
16433387
16435187
16442963
16455563
16485587
16511843
16516667
16600931
16622843
16630883
16647707
16699307
16706003
16722467
16736123
16743491
16753043
16757843
16791323
16810043
16834187
16860083
16869563
16888451
16890011
16932683
16943651
16949123
16971107
17007323
17009507
17015003
17029787
17044043
17071163
17092883
17098331
17116763
17124323
17137403
17155451
17187587
17216747
17222363
17225603
17240603
17276387
17278883
17283683
17294363
17323283
17326523
17329163
17333363
17369267
17371163
17372723
17378531
17412203
17434283
17436467
17458451
17504723
17507027
17517443
17519771
17601203
17695187
17709467
17719547
17726243
17743403
17745851
17747267
17747747
17748491
17760683
17820563
17830427
17869283
17871083
17877491
17878643
17924651
17947883
17983643
18020243
18029147
18031163
18062651
18092387
18099563
18101723
18112763
18121787
18187451
18194291
18208643
18218027
18220283
18248603
18281843
18285083
18315251
18316307
18321323
18371723
18393203
18395963
18432563
18496307
18562091
18564683
18586907
18609443
18611987
18659891
18666563
18666707
18696947
18744443
18754643
18798323
18830243
18844307
18850523
18852971
18857243
18867923
18888803
18906443
18977027
18978251
19065251
19076963
19078883
19086923
19095971
19100267
19116107
19165451
19166723
19180523
19202363
19203803
19238123
19269683
19311683
19347011
19350251
19365803
19370963
19401923
19404251
19458827
19460723
19493723
19502003
19523627
19533827
19552763
19556963
19559363
19629227
19655123
19657523
19677971
19712123
19726163
19735043
19749923
19759907
19774691
19787723
19791203
19821107
19835603
19863443
19881803
19898387
19932971
19937363
19946483
19955843
19961507
19969163
20087723
20089283
20091587
20112251
20116067
20144963
20153963
20169371
20187467
20272787
20292683
20318003
20324483
20336843
20338523
20407523
20419283
20441747
20499131
20514323
20516843
20544851
20576603
20657027
20699123
20784707
20809403
20854523
20874947
20877443
20995307
20996891
20998163
21145451
21158003
21162203
21180947
21185771
21192371
21280307
21334763
21348731
21383723
21389363
21434723
21440843
21488483
21506483
21512363
21519803
21530123
21538547
21543923
21564443
21573803
21585107
21590627
21637403
21658691
21676643
21702491
21751403
21768323
21827651
21846443
21976763
22044083
22099403
22112627
22135907
22149923
22230851
22284107
22349843
22504907
22510667
22527467
22534643
22632587
22652243
22699451
22708403
22733171
22752251
22759907
22766411
22827587
22833347
22849763
22879691
22907411
22914491
22922147
22936163
22972931
22976411
22998203
23030411
23042891
23099603
23126507
23174843
23179643
23183603
23272043
23291243
23336003
23360483
23386403
23415083
23423987
23470883
23473763
23528987
23539907
23568803
23625083
23645603
23653163
23668451
23723243
23879123
23915867
23920067
23947691
23996123
24035027
24044723
24072947
24119363
24133643
24233051
24254003
24310667
24446267
24508643
24542411
24661691
24695843
24712691
24722387
24800291
24827291
24898043
24912347
24948251
24963923
24998291
25064147
25124747
25175771
25181027
25183163
25203803
25290323
25426187
25463051
25476323
25482707
25633403
25679483
25718291
25783643
25796987
25799723
25901003
25919651
25959443
26018747
26057363
26072051
26072723
26172803
26194403
26234963
26430683
26470331
26491427
26500451
26516387
26521667
26525363
26532923
26533187
26606243
26661683
26854043
26858243
26962451
26988251
27029603
27094283
27100643
27112307
27118163
27228347
27327683
27661883
27705683
27738251
27813323
27868283
28082003
28096043
28175723
28268267
28290371
28384787
28473227
28524107
28620827
28865843
28925747
28938683
28982267
29055443
29058251
29115347
29332187
29429843
29480387
29609003
29634251
29645123
29763563
29809547
29818907
29954987
30018203
30113123
30202643
30341483
30376043
30404603
30456947
30512051
30530483
30633227
30637163
30712163
30996587
31030067
31086827
31118387
31119083
31128323
31189211
31311587
31374227
31430027
31531163
31537043
31615163
31674683
31745387
31777451
31813427
31844027
31939883
32008451
32025803
32059283
32102627
32120843
32305067
32346467
32780003
32817923
32889251
32923307
32939147
33039683
33068027
33100811
33132083
33138563
33214403
33215723
33247547
33350363
33630083
33704963
33723587
33742931
34122323
34125563
34238987
34308251
34372187
34397603
34443803
34518203
34596803
34725227
34797803
34844507
34923347
34962227
34964723
35017883
35120483
35138627
35147867
35259947
35270531
35293043
35420963
35616107
35646323
36023027
36082307
36143123
36196163
36204923
36206483
36222707
36251723
36525971
36720347
36789227
36842651
36866507
36988451
37017467
37254923
37441787
37516307
37651451
37773227
37836683
37975523
38141507
38279723
38426651
38470547
38505827
38709443
38710787
38848163
38884067
39020603
39038003
39075251
39087803
39200747
39232883
39272483
39353627
39360947
39395123
39642467
39657203
39666251
39814451
39956363
40063427
40121531
40259987
40459187
40586963
40656851
40748627
40819403
40896851
41011283
41055251
41449571
41562707
41628347
41685803
41755907
41824667
41894387
41897363
41908523
41937923
42080723
42143987
42243683
42519563
42603347
42617651
42702323
43050347
43218443
43331627
43415147
43449083
43496507
43682363
43696043
43783403
43950947
44226683
44299643
44418323
44464187
44501867
44639843
44702243
44761643
44911883
44926067
44993651
45134963
45255251
45402923
45508451
45697523
45706883
45906083
45925667
46159523
46265603
46304891
46307483
46382723
46405523
46503467
46592003
46684643
46814723
46824467
47100227
47181131
47436251
47502251
47658131
47709923
47892347
48028787
48089003
48103667
48167627
48177923
48189707
48242771
48316187
48352523
48414083
48425123
48493667
48662147
48708923
48797867
48974147
49187507
49208507
49283027
49365707
49448027
49523891
49550003
49683947
49715147
49730651
49762883
49787027
49889363
49943843
50045987
50315747
50396147
50461067
50613083
50625563
50719283
50728523
50819843
51050603
51281387
51295787
51308843
51342323
51349283
51360011
51381227
51564683
51826211
51874787
51912251
51921923
51969851
52032347
52036211
52243211
52318283
52330211
52542803
52550243
52558211
52647227
52705043
52829507
53013923
53026187
53027603
53039003
53045387
53079443
53128403
53243243
53358203
53404787
53447027
53448947
53552267
53571251
53635427
53656523
53679083
53757107
53769587
53805707
53850323
53861747
54027923
54052067
54207731
54328427
54391523
54463163
54475643
54532427
54633203
54739283
54753323
54756083
54791987
54814787
54828707
54860963
54923003
54949067
55065587
55215467
55232531
55296827
55316267
55508147
55715267
55721651
55792883
55875851
55986971
56301251
56363507
56653931
56684843
56717987
56973803
57334307
57516707
57570467
57851483
57895427
57932411
57942803
57963803
58202483
58272491
58462667
58623107
58881227
59033147
59125763
59189651
59240507
59415227
59419523
59630507
59645051
59743043
60184931
60185243
60386483
60504947
60710843
60844187
60898163
60980531
61311227
61376363
61410467
61420043
61649747
61721603
61770827
61877987
62015747
62354267
62357147
62372483
62405507
62518283
62634563
62688827
62865323
62903147
62935883
63078563
63098027
63189683
63189803
63412667
63499307
63505643
63574811
63584483
63617843
63635387
63840923
64099907
64228763
64235147
64413467
64707683
64753307
64859363
64931387
64950107
65060747
65436083
65511707
65514467
65831243
66337883
66368147
66423683
66566867
66641363
67133267
67331291
67341347
67614587
67650923
67965587
68115347
68258867
68466347
68482763
68493851
68527331
68542787
68770067
69098147
69394163
69521603
69565667
69570827
69586691
69639467
69727643
70222283
70248803
70311203
70549883
70783883
70901507
70943003
71308547
71406947
71611307
71611451
71676203
71709707
71718323
71849027
71985707
72158243
72163451
72309467
72424763
72825251
72909611
73071203
73081403
73170347
73273643
73403747
73507571
73555907
73566107
73597187
73609451
73654187
73662803
73729163
73823963
73860827
73967987
74192051
74488187
74593403
74637923
74652203
74954483
75080123
75172403
75433451
75632363
75782843
75948107
76065107
76070627
76214123
76253867
76266251
76317251
76448123
76637123
76701587
76739963
76953683
77085347
77300387
77429867
77832563
77836643
77932523
77947403
78099347
78120563
78307067
78436307
78502763
78554027
78555803
78620387
78827867
80017523
80111387
80369651
80652347
80660963
80687603
80984363
81078203
81249563
81422147
81436427
81749747
81798323
82046387
82234883
82305107
82374683
82696667
82863587
83095403
83101787
83435483
83449523
83650643
84048443
84242267
84343643
84833843
85301003
85425707
85459427
85489043
85489907
85539683
85546163
85551107
85733987
85923683
86371931
86598587
86642027
87158483
87588203
87618467
87676427
88112987
88281443
88346723
88647947
88667003
88769123
88778171
89075507
89216987
89278403
89332043
89423891
89430563
89670803
89699147
89878907
90199643
90402227
90481451
90507107
90655163
90700067
91044683
91158227
91242707
91370003
91585331
91704563
91749083
92128523
92486123
92675987
92786987
92974523
93028547
93214643
93300227
93483683
93530363
93850643
94109003
94166651
94220387
94429187
94537691
94541747
94575851
94642187
94888523
94971683
95031467
95313467
95343107
95483363
95576483
95938883
96050267
96097523
96150947
96257123
96333323
96425123
96435107
96462923
96674003
96693923
96710123
96937091
97052867
97165667
97271123
97404323
97445651
97785923
97793387
98037923
98063243
98128187
98304467
98461043
98614283
98658107
98725667
98882723
98987507
99158723
99199643
99861347
99914747
100016531
100076723
100093163
100135067
100230371
100840403
100860203
101027603
101356667
101431643
102191987
102356627
102483323
102513707
102592643
102656243
102676523
103157123
103311443
103592387
103798907
103835987
104732603
104808107
105017603
105122603
105188747
105201227
105584723
105798083
106061723
106625483
106654523
107210387
107242643
107728883
108079883
108086843
108192683
108448883
108860987
108942707
109142483
109461587
109492067
109771163
109899851
110095163
110199227
111800243
111871163
113096387
113210723
114425243
114589283
114921827
115120067
115246067
115864283
116132363
116327363
116355923
116579363
116582363
116670083
117539267
119204483
119699747
119961827
120377987
120854267
120926747
120938243
121145243
121763963
121952483
122301947
122510603
122866043
122867387
122989187
123096203
123110963
123322187
123346187
123409907
123652043
123870683
124315187
124381403
124391963
124504907
125085083
125100587
126387011
126627707
126828323
127211003
127763387
127908827
128406203
128545883
128576051
128601227
128801483
128923283
129028547
129063227
129441227
129560363
129684323
131117627
131338547
131528483
131654723
131821307
133020683
133070723
133400987
133834643
134315243
134382587
134628203
134685323
134758763
135544427
135554603
137005571
137045963
137348747
138145307
138841163
139201883
139550963
139663787
139703507
140138267
140739227
141874091
142056347
142347083
143057987
143192843
143481803
143504723
145271843
145273067
145986923
146680763
146952563
147358763
148451483
148865363
148872443
150373523
151341083
151764947
152156843
152662667
155654747
156065027
156300083
156545003
156721067
157580723
157597523
158725451
159717707
159721547
159936683
161248643
162058643
162205643
162472403
163310123
163573283
163684523
163872827
164745683
165196763
165978203
166502363
166593467
167971187
169463627
170535467
170937827
171283571
172808243
172924307
173057147
173748563
173883587
174254363
174723251
176518187
176724827
177024971
177161723
180250163
180757763
181502507
182013443
184139387
184751363
185259731
186711227
187378883
188176907
188256947
188376107
188986643
190387427
190626467
191162507
191702123
192633923
193219667
194058827
195234203
196101947
196562123
197947907
198000227
198470747
198498827
200143547
200189147
200429627
200627363
201183803
201608987
202253483
203503067
204271883
204594827
204703883
204888107
205025363
205672403
205692923
207835907
208774043
209148851
209644427
210704267
211973123
212076827
212587547
212693483
213340067
213764627
216820547
217565963
218478563
218802707
219795083
220820507
222110363
222238547
222278291
223276811
223404227
224156267
224278427
225595787
227962403
228417947
229065443
232379243
232887923
233263067
233737067
233956403
235234163
235288787
235917107
236855867
237515123
239001923
240720707
241149443
243574523
244154987
249114563
249119243
250439867
251307083
251822507
252684683
253343243
255376547
260258987
261278027
261478403
262477907
263030627
264941723
265450667
267270083
273947243
277430507
279756227
286804163
287513267
288463787
292260707
294530123
294776723
295670027
297232667
297359603
297750683
299032043
299152907
299751083
300881627
302354387
305743811
306570203
307425971
308203163
308241707
308736083
309758363
310255403
310264667
310571627
310604747
310804427
315109043
317374283
320887451
325497443
328044107
332006603
332533043
338450867
338569643
338745707
340584107
344887667
348440171
349047323
358290587
364736843
365178707
365258963
366174563
366262643
367851707
368737571
369611027
371869427
372692627
372878483
373174427
373576403
374029163
378041243
378878723
380949707
386481923
393833051
393855587
395478443
396229283
397506203
403476947
404681507
405727067
413380043
413454803
417817067
418725467
419372027
420068483
424073627
424287827
426795371
432120203
434102267
434144603
434180171
436655963
444321971
444975827
448182107
457805003
473212907
473222507
477937067
478461587
480635483
481523387
481617443
483321731
485479763
492798347
494190227
495627563
504735587
505355723
510102347
511052363
518164883
519471707
521223251
522061523
533127923
534065627
534337451
535913003
536272883
540410723
541484387
544454363
545342027
546709523
549940907
550513451
554899931
556896107
558185291
560368283
565097147
566673923
573389483
577237643
579605387
582498803
587098763
587208467
595874627
596080547
606303563
612536363
618611363
622019243
641925563
644575643
657169763
661936427
664073027
665960123
674751587
677481587
682440827
683056427
683921363
688173947
697192187
714324827
730842587
731708843
746940707
762104363
780297923
780982523
783437003
787098563
834510323
835927067
860698067
865271987
892905947
901183883
921873707
925107347
931271723
933962147
934116083
937391963
938432267
940795067
940921043
946801403
947129147
947892203
966845387
969881387
977075483
1001500091
1012568003
1018678187
1041909227
1042661387
1053679283
1063579043
1069179803
1073508347
1073844587
1074096323
1074494483
1096896803
1097111867
1109540123
1113908267
1125272843
1165646243
1172555243
1180984403
1181860187
1190670203
1193396003
1196090387
1202878067
1213723187
1216798883
1226948027
1251612227
1254662867
1256062667
1294871507
1297383443
1321025243
1373060747
1402127723
1408299083
1427816483
1440697067
1458826283
1479933803
1495744043
1511668667
1514016683
1539810131
1548130043
1562428643
1568159051
1630812587
1726895771
1732081643
1733273027
1746579323
1750445003
1753301843
1774904387
1808282507
1810181603
1837374131
1848838547
1857828587
1863164603
1865716451
1869339827
1883063627
1890342827
1900817603
1900903427
1911455243
1934067683
1945123787
1963361987
1983946787
2021062427
2078937131
2123056427
2218362947
2253412307
2287066403
2304240683
2367582467
2370576683
2408292203
2415284387
2422663427
2424814643
2460961403
2464909523
2498690963
2538056267
2542003643
2585418827
2614348547
2691371723
2761989491
2767920803
2834091251
2837686667
2860072763
2904459563
2907192731
2958686723
2972669867
2983503323
3026847203
3027788147
3038458307
3056876363
3067944443
3154352723
3165833747
3204266771
3346381763
3371006627
3474968867
3495531203
3497747171
3529734107
3550604243
3557158883
3615248867
3625614347
3701312603
3703188107
3711823763
3730903307
3784341707
3846322451
3869548427
3941954123
3945564083
3986287787
4103402747
4151415923
4160265947
4162517867
4206465251
4318696763
4346260427
4363870307
4374145907
4394066627
4407494747
4437571883
4438246427
4484274731
4494807347
4576243187
4629453443
4635126803
4653946667
4731133763
4766599163
4792765787
4820016563
4877627603
4878318947
4894805387
4895107787
5026039643
5052934787
5054568227
5063399963
5090860763
5192051363
5270467403
5287711043
5327364083
5327761547
5463106403
5560240403
5611472963
5697910523
5699078867
5759649563
5921958563
5929939451
6167857667
6221920427
6276533723
6327477251
6448080803
6471596003
6519138947
6582316451
6946386851
7130596547
7503276251
7540003547
7604113883
7729640267
8236364651
8600268323
8612893643
8695360307
9534344003
9607327883
9814803683
9935903267
9943143083
9971350307
10021136507
11084204123
11488735691
11837912363
12427640411
13833273683
14079860507
15479442323
16141024547
16163375843
16263711323
16444723787
16649529251
16984858307
17181241307
17966858123
18064817867
18193916243
19407792011
19458309947
20489238923
21947948963
22425646043
22852726283
23341259003
23582371427
25418407643
26368933931
26770498187
28334111867
29890381163
30329964851
32939639003
34871023163
36026041043
43035837683
43872020147
44388221723
44597952083
46107829907
57148357523
71039643827
72470001323
78374365451
79715457827
81104478971
81992740883
85026042947
87912155627
89912319683
90764959763
95758486763
95815522547
109244263523
111073242587
120323635667
121783767467
125860941443
127523691803
128319528803
154199772803
176056484267
193435994747
195746000603
224484768227
226652184107
230695702043
249466104683
305241543947
324579617723
375901717547
383783453987
401012787683
434651995307
451303799363
522929069963
550684525283
626280474587
639913281083
679294289363
679662740963
805420338083
866981421347
901920149723
959291106707
1041118909907
1050486033923
1162486673963
1308528612683
1493293215083
1508196541427
1765733907563
1966125013883
2171240594123
2209819334123
2272057324067
2346348697307
2401058528987
3661271038907
3693222931547
3915639932483
4009122869723
4165500884603
4514009790443
4964341793003
6071419557923
6320202828323
6354226532747
6565743417683
7472237183003
7918146116267
8967687161123
9738264174323
9923603180963
9959251126523
10340217483203
11155457291123
14677197440387
22571496024923
23204671432067
24973832237987
25630236837923
25704019119707
30544417055627
31198517124323
31599519147227
40693125304523
56110594719947
62773810127867
66711467164187
84583260938147
101088846636707
105801589427603
121759096182107
135268132674923
141156442938587
144375881646947
150842612096147
202298675949683
282841671209627
338038575831347
348830059246283
375002793641387
411246391908323
547320289935443
597184171441307
864455370786587
1019228960955323
1980478101623867
1986762676665227
3315161303303747
3828321999705587
5272711559507243
5941434304871603
8149784705118803
10640450951510987
15403186915244363
17250701556642707
20062739448254267
31122911995061123
34075264321496243
40901689704128483
47787810638631563
50581225967567987
92721810411827123
159770470875808547
297073459613666867
345765702392029523
349464652729547123
608750059794626507
690096650095378067
1383365502568201547
3271649597763288587
59158254627017835827
