1 399
2 399
3 935
4 399
5 935
6 2015
7 935
8 399
9 399
10 4991
11 51359
12 2015
13 8855
14 1584599
15 9486399
16 20705
17 5719
18 18095
19 2915
20 935
21 399
22 46079
23 162687
24 2015
25 22847
26 46079
27 16719263
28 8855
29 12719
30 7055
31 935
32 80189
33 189099039
34 104663
35 20705
36 482143
37 196559
38 60059
39 30073928079
40 90287
41 8855
42 31535
43 162687
44 174550287
45 3441239
46 399
47 13971671
48 155819
49 29315
50 67199
51 390335
52 2015
53 57872555
54 4991
55 208643423
56 196559
57 120581
58 676799
59 90393029
60 162687
61 78402815
62 935
63 73535
64 565861139
65 117215
66 676799
67 487842879
68 51359
69 20705
70 81719
71 760655
72 588455
73 4991
74 6587452767
75 653939
76 2048255
77 776567
78 8164079
79 709019
80 18095
81 9486399
82 6023039
83 3441239
84 6539819
85 63503
86 8855
87 102310415
88 2276351
89 3332999
90 2915
91 653939
92 663679
93 525720239
94 301040639
95 256226219
96 7710848622399
97 3704399
98 7366463
99 5719
100 3354695
101 8699459
102 189099039
103 776567
104 20682759239
105 142842419
106 51359
107 81719
108 11218119879
109 18095
110 196377335
111 150042815
112 427717367
113 22847
114 1811687
115 10138799
116 8046928343
117 265895
118 388079
119 956213495
120 34709759
121 31535
122 192373631
123 2581319
124 1584599
125 162687
126 147455
127 8855
128 11682059
129 81719
130 10749148577
131 399
132 229390847
133 2015
134 2276351
135 261429119
136 1256759
137 7055
138 487842879
139 880319
140 873919799
141 162687
142 10054799
143 14658349
144 81719
145 966239
146 16719263
147 5455799
148 29315
149 37348274919
150 65094623
151 49412285
152 1719119
153 6994259
154 26456759
155 4131709859199
156 5058719
157 505863371
158 218735
159 1901735
160 532100807679
161 966779
162 10260809
163 194327
164 14970499
165 761039
166 20705
167 11682059
168 50168447
169 760655
170 18095
171 31276151
172 2316562079
173 43383167
174 29315
175 265895
176 4992691535
177 377049487359
178 96078393179
179 60059
180 12719
181 185551739
182 8421335
183 65094623
184 129477095
185 973559
186 25149695
187 5778659039
188 1019982346239
189 2915
190 2416679
191 116628479
192 85595399
193 31535
194 6304359999
195 11141999
196 434886605
197 50561279
198 22575839
199 1645919099
200 1100831039
201 49124459
202 1017359
203 2276351
204 798215
