1 1
2 3
3 6
4 12
5 24
6 48
7 72
8 120
9 168
10 240
11 360
12 720
13 1440
14 2160
15 2520
16 4320
17 5040
18 7560
19 10080
20 15120
21 20160
22 27720
23 30240
24 55440
25 75600
26 83160
27 110880
28 151200
29 166320
30 332640
31 665280
32 831600
33 1330560
34 1441440
35 1663200
36 2162160
37 2882880
38 3326400
39 4324320
40 6486480
41 8648640
42 10810800
43 12972960
44 17297280
45 21621600
46 25945920
47 32432400
48 36756720
49 41081040
50 43243200
51 54774720
52 64864800
53 73513440
54 82162080
55 122522400
56 129729600
57 164324160
58 183783600
59 205405200
60 245044800
61 259459200
62 273873600
63 328648320
64 367567200
65 410810400
66 616215600
67 735134400
68 821620800
