1 1
2 23
3 19
4 263
5 823
6 678901
7 50993
8 1279
9 211
10 150866941
11 353594393
12 757819
13 9012345678901
14 213408443
15 11904282563
16 435503
17 21339439879
18 7403356241
19 13212859242013
20 27961
21 205126079
22 5201061865265117273
23 54843374833199
24 1384232185401581113277
25 12792129877
26 76830810757
27 18774442942488937811137
28 13941103369
29 18632339673341
30 150866941
31 445544531
32 1796721650678374173538940027
33 32422903741034547838777
34 2901319918773797
35 811296114465259
36 643004109439300410943930041094393
37 7877168720251867166699617211
38 20149493266240798466456457438176303
39 2788271377346704912175081
40 5964848081
41 1424415039563189
42 2344555147588816982299
43 4897005442568501
44 30804088826822503091
45 12493293501861295567
46 137148753054456093541
47 5075442878719927209329
48 27728502491194301
49 129522750552059572952867747220488652697
50 78875943472201
51 173476671525983657088155521877
52 16200681890587062717490291794863880496574441
53 8082446525168373680298387129578087
54 98030508179085545630482082284697068039444692229
55 86230697939129
56 61590490933353423800590809099854789526564613607
57 10373084334263225906917298149
58 209868288585634309757735295094484572742447
59 106651607223238879090725276417989231
60 39526741
61 161877689092592502150094175437913849
62 9449916336329233471673226978164273
63 47857324860226462162279031017
64 1819458013968869560388482324333
65 324631244929858247451731737243649
66 194439157485661999387896968440333550684708096955183069765223
67 129268005732125337523015632486137036039
68 5859822001719980891189824162624580339
69 62889950635401392030884668174625031
70 265212793249617641
71 28451712384656830943714651285751947360746796251
72 75881164231477325886506070730600982145189353840600874218451316504361
73 140850839933804537051844281704175288481203280013
74 11759589133777834824879740635358533
75 42719487968929468993041601589848121663023456699839297998578492519
76 1872605626960899390222279113521
77 9824794737001710006721046150217275218067858671045767721312495049
78 306380814407064929071042632961200229187356993
79 714442426187219115838499713157539
80 19721061166646717498359681
81 21696021207601055344738310431
82 2345678901234567890123456789012345678901234567890123456789012345678901234567890123
83 316792202303649925956064060505060467302170494133679100012568975247595113237143
84 606181840704128913090626319294403863173822344046655979996663200968297476894949
85 206083791969521955992400214815846690578160783882925766861
86 9698589065255573192239843033509698589065255573192239843033509698589065255573192239843
87 679635845687678728930777759278986789992031
88 2698696558326727417590239587564988340778631
89 1719987546519088826778879879373124562095537832663149942340999507127722551154287
90 4185502830133110721
91 81627603951335989807169022838804894061878367029
92 76641889974806408737519308133340304943738331713180441
93 701646530900848874946656906793986377435543
94 216280748445811864082883683816126636599730283382725953299732366848730777445605495921
95 47392651103289261752718270906745600738369453678751311792503451
96 3159723639257152004269513
97 1451527594803264588434140280058735659582095726583834999475105515630616067155008997119
98 44828601729736058585802965852679792808627429
99 5098192064678562552171729492497644592003008117
100 1680588011350901
101 203292499560829780372557442757089610398145711149105724532642336473476272361041989
102 325983809311672280731495491632944658319170304206855911
103 1621775260921590424943213527642780385817780296872909396033
104 172633851004712690069874184252536842971
105 85243016366228260409613317661346193273873
106 8773929833268218444328155462841341
107 13900589573142898787995052954699258605184790788724257
108 42743854401853780383828083303444835150434094591138589014953508014694617373698740695454535873363
109 388666352263091332322068216955731859163410892496303
110 1300635692678058358830121
111 221970448172559426871326532114993809693993481040771396203084561645801963150900043
112 913097118418443919168259734216983165846936913946519544431340142419442657
113 908151501965569469973788497058755591449171908677183824439
114 2759622236746550458968772692955700798707334785753086419751779230210472040668106027596222367465504589687726929557
115 1190044629818340326746498339431337244080719548513684029147
116 80272496857946644490112353163264418070918922456102971546842797473
117 1143690083215416577257143781564104366023918405344917747101257443671384392572703730763221382160471189576930051281
118 16386532178883390645837703512357611012640205812806464895963
119 2345678901234567890123456789012345678901234567890123456789012345678901234567890123456789012345678901234567890123456789
120 100009999999899989999000000010001
121 3823945085955540291081061067962845458931188089298605876349
122 67948329110934799238766036690957224321331431751440947558441573607988897293
123 833919838362301712388418395910577821266681522507524222538377
124 6266793598472499217258758650879303988912544863175772063383248019526854565201384393
125 72329705145181877793548455513863870972060868707493383943940290699851413261129552028320424751929231913430447
126 1434816619460100567306024884237313736459
127 71543556882943651251874164887129085305735898691358710617311
128 9684331203959242708962812982603674262385884735113213500573
129 9487384746803259482422478817280014678638393950531
130 8396862596258693901610602298557167100076327481
131 83582527521785968137565931623745304786773895481555446087681190346367929239544155411614022690928832806023
