1 1
2 2
3 6
4 8
5 8
6 24
7 16
8 4
9 8
10 72
11 96
12 256
13 32
14 64
15 1728
16 64
17 12
18 384
19 48
20 2048
21 3456
22 128
23 512
24 2304
25 256
26 384
27 2048
28 9216
29 128
30 69120
31 384
32 2048
33 184320
34 2304
35 81920
36 2048
37 128
38 256
39 9216
40 1024
41 64
42 138240
43 384
44 16384
45 32768
46 3072
47 2560
48 131072
49 64
50 4194304
51 196608
52 98304
53 512
54 589824
55 294912
56 49152
57 409600
58 64
59 768
60 9437184
61 256
62 1024
63 262144
64 8192
65 196608
66 442368
67 192
68 131072
69 10616832
70 1327104
71 768
72 8388608
73 16
74 12288
75 3145728
76 65536
77 2359296
78 21233664
79 320
80 4194304
81 6144
82 384
83 6144
84 1811939328
85 98304
86 512
87 9437184
88 32768
89 96
90 32614907904
91 1966080
92 65536
93 12582912
94 6144
95 37748736
96 67108864
97 384
98 524288
99 12582912
100 21743271936
101 128
102 113246208
103 8192
104 8192
105 24352464568320
106 3072
107 6144
108 805306368
109 64
110 56623104
111 8388608
112 2097152
113 512
114 56623104
115 47185920
116 65536
117 1048576
118 16384
119 491520
120 1358954496
