1 1
2 4
3 16
4 64
5 243
6 729
7 2187
8 8192
9 32768
10 131072
11 524288
12 1594323
13 4782969
14 16777216
15 67108864
16 268435456
17 1073741824
18 3486784401
19 10460353203
20 34359738368
21 137438953472
22 549755813888
23 2199023255552
24 7625597484987
25 22876792454961
26 70368744177664
27 281474976710656
28 1125899906842624
29 4503599627370496
30 16677181699666569
31 50031545098999707
32 150094635296999121
33 576460752303423488
34 2305843009213693952
35 9223372036854775808
36 36472996377170786403
37 109418989131512359209
38 328256967394537077627
39 1180591620717411303424
40 4722366482869645213696
41 18889465931478580854784
42 75557863725914323419136
43 239299329230617529590083
44 717897987691852588770249
45 2417851639229258349412352
46 9671406556917033397649408
47 38685626227668133590597632
48 154742504910672534362390528
49 523347633027360537213511521
50 1570042899082081611640534563
51 4951760157141521099596496896
52 19807040628566084398385987584
53 79228162514264337593543950336
54 316912650057057350374175801344
55 1144561273430837494885949696427
56 3433683820292512484657849089281
57 10301051460877537453973547267843
58 40564819207303340847894502572032
59 162259276829213363391578010288128
60 649037107316853453566312041152512
61 2503155504993241601315571986085849
62 7509466514979724803946715958257547
63 22528399544939174411840147874772641
64 83076749736557242056487941267521536
65 332306998946228968225951765070086144
66 1329227995784915872903807060280344576
67 5316911983139663491615228241121378304
68 16423203268260658146231467800709255289
69 49269609804781974438694403402127765867
70 170141183460469231731687303715884105728
71 680564733841876926926749214863536422912
72 2722258935367507707706996859454145691648
73 10889035741470030830827987437816582766592
74 35917545547686059365808220080151141317043
75 107752636643058178097424660240453423951129
76 348449143727040986586495598010130648530944
77 1393796574908163946345982392040522594123776
78 5575186299632655785383929568162090376495104
79 22300745198530623141535718272648361505980416
80 78551672112789411833022577315290546060373041
81 235655016338368235499067731945871638181119123
82 713623846352979940529142984724747568191373312
83 2854495385411919762116571938898990272765493248
84 11417981541647679048466287755595961091061972992
85 45671926166590716193865151022383844364247891968
86 171792506910670443678820376588540424234035840667
87 515377520732011331036461129765621272702107522001
88 1546132562196033993109383389296863818106322566003
89 5846006549323611672814739330865132078623730171904
90 23384026197294446691258957323460528314494920687616
91 93536104789177786765035829293842113257979682750464
92 374144419156711147060143317175368453031918731001856
93 1127130637840908780976740490797413723399509150616187
94 3381391913522726342930221472392241170198527451848561
95 11972621413014756705924586149611790497021399392059392
96 47890485652059026823698344598447161988085597568237568
97 191561942608236107294793378393788647952342390272950272
98 766247770432944429179173513575154591809369561091801088
99 2465034704958067503996131453373943813074726512397600969
100 7395104114874202511988394360121831439224179537192802907
